514	22703	3.95486	2																	
681	21299	4.91656	6	36408	0.05301	24650	0.03657			564	0.12574									
562	40353	4.56643	0																	
982	35390	4.22825	0																	
657	27803	4.29657	0																	
615	37049	4.44188	0	37290	0.03262	37876	0.00227			142	0.00822									
340	25040	4.83383	2	21492	0.03191	23834	0.01135	24347	0.00583	594	0.04826	541	0.02692	741	0.02606					
401	36875	3.54800	4	24039	0.00178															
230	34918	4.82763	0																	
969	24797	4.56022	6																	
247	35743	4.36602	0																	
618	35489	4.09323	5																	
567	33495	4.95806	0							514	0.00547									
493	40525	4.23944	0																	
461	39557	4.51079	0																	
589	43920	4.02246	0																	
472	32975	3.72690	0																	
570	34525	4.05224	0																	
248	27437	4.74982	0																	
168	24730	5.00000	0																	
893	24802	4.74643	0																	
893	27433	4.60722	0																	
590	31462	5.00000	2																	
484	38298	3.46527	0																	
648	38733	2.62277	0																	
10	38908	3.67407	2																	
397	25329	3.55128	4																	
904	40610	4.15821	0																	
558	20361	4.26593	3																	
32	25701	4.50580	0																	
210	24436	4.30419	0																	
371	25105	2.85611	2																	
558	26042	4.26869	0	25622	0.02608					401	0.05597									
570	33262	4.17375	0																	
572	36957	4.78656	0																	
839	40216	5.00000	6																	
111	32111	3.97206	0																	
170	43341	4.64973	0																	
64	42239	4.70147	0																	
248	27438	4.72115	0																	
477	36408	2.98794	2																	
48	30626	5.00000	0																	
227	40447	4.30060	2	25262	0.05682	25369	0.00994	22620	0.00938	761	0.05074	471	0.03140							
575	24591	4.26373	0																	
105	37276	4.00855	0																	
388	38838	4.17433	0																	
848	23346	4.50679	0																	
983	21035	4.00435	3																	
218	21504	4.57293	0																	
500	33220	4.47842	0																	
181	35384	4.91400	0																	
514	35875	4.49744	4							759	0.04313									
274	35144	4.59522	0																	
745	39123	3.61830	5																	
58	24240	5.00000	3																	
86	21127	4.41529	2	22707	0.02866					429	0.06250									
13	25903	4.81790	4																	
811	40313	4.19813	0																	
702	42292	4.70395	0																	
340	23987	3.57209	0																	
891	39631	4.47227	0																	
259	42014	4.33420	0																	
982	33206	3.54213	4																	
469	21309	3.45523	0																	
230	33540	4.84200	0																	
281	40230	4.88329	0																	
317	23852	3.92508	1	28274	0.03069					132	0.16000									
622	33540	4.42545	0																	
283	35584	4.52928	0																	
965	32985	4.42826	0																	
444	35746	3.71250	5																	
535	22641	4.25337	0																	
566	35678	5.00000	3																	
105	21289	4.62036	0																	
181	28691	4.91943	0																	
181	33470	5.00000	4																	
983	35225	4.46578	0																	
283	21855	4.85815	6	28817	0.00520	24646	0.00412			340	0.03316									
806	34724	4.94040	0																	
98	27419	4.74326	0																	
449	30018	4.44093	0																	
976	31515	3.64457	0																	
75	34366	5.00000	0																	
470	24359	2.92346	0																	
292	40586	4.55828	1	25259	0.02653	37043	0.01208	25031	0.00657	443	0.12528	860	0.05608							
334	32520	3.39259	0	21275	0.05561					238	0.02260									
945	35563	4.58191	0																	
92	37049	5.00000	0	36875	0.14880	37297	0.03792	37290	0.03262	566	0.02043	142	0.01920	871	0.00954					
20	24624	4.56056	4																	
221	32501	4.24710	0																	
677	41551	5.00000	0																	
411	35775	3.32209	1																	
501	28918	4.74429	0																	
141	35524	3.91907	1																	
538	31024	4.13018	0																	
479	34577	4.86765	0																	
874	26174	4.77028	5																	
135	23328	5.00000	6	23327	0.01693					340	0.03513									
281	32871	3.68403	0																	
848	28727	4.58370	0																	
546	34948	4.75049	0																	
282	26667	4.82118	0																	
484	33925	3.69108	6																	
77	31913	4.28365	0																	
777	24305	3.31255	0																	
186	42722	4.66789	0																	
218	30987	4.54626	0																	
788	27765	4.96743	0																	
689	27467	3.35463	0																	
340	25508	4.61729	0																	
942	23263	4.80254	0																	
247	37241	4.35223	0																	
527	37071	2.94804	1																	
70	41857	4.85418	0																	
913	22440	3.92759	2																	
303	34551	3.91315	0							94	0.17834									
676	41635	3.97693	0																	
106	39857	3.65237	3																	
148	28050	4.93078	0																	
939	40258	3.86583	0																	
609	20241	5.00000	2																	
613	28502	4.76734	0																	
302	27837	4.29702	0																	
866	34369	4.18206	5																	
683	30484	3.41984	0																	
560	25308	4.21962	5																	
624	41234	5.00000	0	28817	0.00832					283	0.08707									
774	38447	4.38744	0	38989	0.02142					893	0.09692									
424	21272	4.58487	3																	
408	37876	4.56443	0	37664	0.15810	39038	0.02616	41897	0.00985	960	0.03671	642	0.02993	107	0.01087					
283	28614	4.51848	0																	
492	23396	5.00000	4	23338	0.01911					397	0.24837									
569	24036	4.80561	0																	
244	22703	3.88719	2																	
392	31025	5.00000	0																	
352	31479	4.10200	5																	
351	29691	4.85475	0																	
153	42447	3.91766	0																	
107	37664	3.73662	1	37876	0.15810					642	0.03358	408	0.01087							
385	27983	4.26625	0																	
438	35932	4.59483	0																	
471	39839	3.85699	0																	
610	34838	3.83802	0																	
711	36478	4.60307	3																	
904	39156	3.95458	0																	
848	37490	4.63056	0																	
481	41829	4.47366	0																	
675	41756	4.32434	0																	
779	28166	4.51583	0																	
514	43238	4.19849	0																	
678	36850	5.00000	1																	
566	39038	3.87441	1							960	0.01469									
403	33638	4.08859	2																	
101	43079	3.88489	0																	
571	24276	4.94833	0																	
876	38759	4.50833	0																	
21	36501	2.69203	0																	
987	20176	4.26627	0																	
803	23916	5.00000	6																	
696	23989	5.00000	0																	
644	43418	4.62690	0																	
779	26115	4.51949	0																	
540	35589	4.75638	0																	
484	38467	2.04230	0																	
856	32322	4.46677	0																	
104	20549	4.41967	0																	
661	31886	4.89408	0																	
891	38926	4.50163	1																	
329	22581	3.76827	4																	
205	32612	4.83791	0																	
514	21192	4.24982	0																	
548	25427	4.53996	0	25426	0.03905					82	0.29983	81	0.03363							
860	43179	4.44138	0																	
355	26636	4.70272	3																	
335	34667	4.50383	0																	
445	21287	2.68682	0																	
505	20257	4.58098	0																	
848	30626	4.55206	0																	
756	42938	4.66608	0																	
29	30653	4.43837	6																	
514	40296	3.62858	6																	
36	41491	4.35878	0																	
327	30559	4.93126	0																	
444	25373	4.45204	0																	
53	38471	4.75958	0																	
741	20139	4.76076	0																	
787	27060	4.51217	0																	
649	32116	3.75771	4																	
553	33638	4.72117	2																	
468	35610	5.00000	5																	
347	24673	4.53814	0																	
648	39344	3.78002	0																	
407	40643	4.09487	2																	
966	25916	4.89205	0																	
197	22192	4.82282	0																	
340	23583	4.59077	0																	
861	28701	4.42665	0																	
653	39516	4.30479	3																	
195	30925	4.58441	2	31987	0.06742					19	0.15797									
892	23765	4.08261	3																	
376	26645	4.56072	4																	
680	26075	3.93262	0																	
866	34296	4.19387	0																	
50	32468	4.65683	0																	
396	42527	4.39947	2																	
978	28060	4.86110	0																	
900	33719	4.94255	0																	
362	26165	4.45623	0																	
291	35371	4.20504	0																	
317	26345	4.77620	0																	
81	25421	3.83716	0	25487	0.15377	25426	0.10254	25427	0.03319	82	0.05744									
845	39706	5.00000	0																	
338	26983	4.72991	0																	
488	38534	3.98087	0																	
107	34557	4.43166	2																	
120	24252	4.70167	2	36479	0.10314					758	0.11814									
514	33006	4.10029	3	41915	0.02193					230	0.01604									
882	38362	3.94919	0																	
728	36902	4.32179	0																	
3	30818	5.00000	3																	
479	40666	4.84979	0																	
546	32379	4.26765	0																	
374	41174	3.62489	0																	
213	23638	5.00000	6																	
388	38948	4.27915	0																	
322	40284	4.38355	0																	
634	33638	4.54451	2																	
13	24493	5.00000	3	21071	0.02920	21033	0.02781			81	0.05030									
821	41440	4.65281	0																	
490	40634	4.07113	0																	
856	23715	4.47824	0																	
76	23809	4.68049	0																	
824	31474	3.97943	0																	
58	23093	5.00000	3																	
891	38862	4.74265	1	38246	0.05639	39130	0.02614	39437	0.01374	466	0.14395	853	0.08595							
866	20993	4.19578	5																	
645	28026	4.19644	3																	
340	20802	4.59447	0																	
386	32946	4.07458	0																	
618	33414	3.89161	0																	
853	37666	5.00000	5	37489	0.02373					530	0.09325									
81	24542	4.58474	0																	
779	24702	4.57439	0																	
471	43699	4.63621	0																	
29	33409	4.22230	0																	
99	33015	3.83264	0																	
162	36962	4.18415	0																	
8	36500	4.49845	0																	
26	36181	4.74384	0																	
152	24075	4.19114	6																	
554	41297	4.02562	3																	
349	32187	4.80772	1																	
540	36202	4.77140	0																	
594	22188	4.57474	0																	
186	40366	5.00000	5																	
44	31025	5.00000	0	32220	0.01691					19	0.11919									
779	23565	4.55250	0																	
673	34192	5.00000	2	30975	0.00567					491	0.01330									
105	29685	4.86857	3	24656	0.07429					137	0.02459	591	0.01684	55	0.00744					
763	34551	3.19581	0																	
741	26900	4.71071	0																	
960	37664	5.00000	1	37876	0.15810	39038	0.02697			408	0.03671	642	0.01935							
169	42865	4.97571	5																	
488	25331	4.54791	3	32210	0.03379					694	0.04697									
81	25093	4.89016	0	30537	0.03487	24914	0.02324	21071	0.01161	330	0.07322	13	0.05030							
350	43247	4.92484	0																	
248	27053	3.82242	0	20975	0.11376															
589	28694	4.06781	0																	
279	34675	4.71974	2																	
501	25454	4.86126	0																	
509	22887	4.57016	0																	
828	21901	4.45767	0																	
773	23393	4.85456	0																	
68	29711	4.94386	0																	
412	26077	4.68005	0																	
123	41397	4.71063	0																	
710	26135	4.54574	0																	
955	28448	5.00000	3																	
544	21245	4.24456	1																	
180	27786	4.14977	0																	
73	40895	4.76755	0																	
431	25254	4.37901	0																	
514	39228	4.17855	0																	
13	24460	5.00000	0																	
259	41879	4.43985	0																	
648	35880	3.80903	0																	
867	30862	3.16323	4																	
275	25038	4.80335	0																	
893	25040	4.88279	2																	
514	42115	4.05938	2	41097	0.03721					951	0.04178									
465	26067	4.66617	4																	
24	41390	4.81102	0																	
485	36332	4.78282	0	36875	0.02797					142	0.00270									
779	20009	4.76838	6																	
842	31887	4.34948	0																	
659	33709	3.87431	0																	
74	37297	3.66023	5																	
854	26074	4.80662	0																	
654	38004	4.61339	0																	
227	24925	4.07332	0																	
303	39597	3.62370	0																	
424	21492	4.71805	2	40525	0.01499	37758	0.00728			652	0.00501	703	0.00208							
466	38025	4.19601	0																	
470	25258	3.51169	0																	
882	24501	3.92179	0																	
574	43231	4.05905	1	21265	0.12937					112	0.16149									
501	43599	4.72767	0																	
532	22705	4.96691	5																	
555	22018	3.57666	0																	
644	21241	5.00000	4	27543	0.01177					105	0.05075									
340	25791	4.63115	0	25278	0.04782	31854	0.02368	32433	0.02024	570	0.06973	468	0.01883							
441	23864	4.41625	0																	
38	35489	4.64581	5																	
730	21816	4.71419	0																	
180	28690	4.19338	0																	
77	39835	4.38513	0																	
620	26705	5.00000	0																	
710	34512	4.91275	4																	
334	30672	3.16375	1	32385	0.03014	22620	0.00785			513	0.02154	382	0.01711	853	0.00714					
514	41683	4.16896	0																	
655	32308	4.83942	4																	
162	20070	4.21574	0																	
14	26924	4.78918	0																	
181	31131	4.73561	0																	
693	37177	4.49271	3																	
397	23286	3.92664	0																	
26	34943	4.64646	0																	
526	30987	4.90829	0																	
460	22083	4.79502	0																	
891	36421	4.85442	2																	
811	39708	4.27960	0																	
601	26860	4.36416	0																	
39	41343	5.00000	0																	
575	25127	4.27475	0																	
252	24695	5.00000	0																	
400	39427	4.22321	1																	
194	21492	4.11419	2							340	0.05686									
412	20063	5.00000	4																	
741	27293	5.00000	4																	
162	23959	3.97936	2																	
813	22418	4.74785	0																	
35	30708	4.05778	5																	
28	37880	4.21903	2																	
55	37138	4.60964	3																	
406	24712	4.37290	0																	
570	24610	4.10324	0																	
340	23243	4.54652	1	22452	0.00523					13	0.00529									
491	25259	4.39560	1	38098	0.02680	37043	0.01927	40745	0.01637	292	0.07094	889	0.03592							
55	38840	2.69871	0																	
107	35775	3.81399	1	41345	0.01575					367	0.01349									
907	27507	4.83078	0																	
508	23826	4.65547	0																	
335	33681	4.54246	0																	
14	33502	5.00000	0	23358	0.02899					76	0.06891									
440	28227	5.00000	0	24272	0.00449					386	0.03216									
94	21275	5.00000	0							424	0.00680									
347	41921	4.55999	0																	
938	40675	4.30014	0																	
522	22323	5.00000	5	22421	0.14144	22356	0.14035	26544	0.08977	240	0.33616									
546	37449	4.70935	0																	
147	41390	5.00000	0																	
422	21443	4.14167	0																	
153	38651	3.54430	1							822	0.29606									
731	26094	4.12552	0																	
763	26075	2.71820	0																	
180	28523	4.27740	0																	
549	27276	4.65522	0																	
340	25653	4.93820	5																	
349	26288	4.07390	5																	
227	24472	4.90972	1							676	0.03938									
501	25427	5.00000	0																	
950	39099	4.90025	0																	
785	29877	4.15406	0																	
780	39336	4.86037	0																	
575	25779	4.37735	0																	
455	35276	4.76611	0																	
540	34444	4.80250	0																	
514	39652	4.07616	0																	
760	24491	4.63795	0																	
340	23254	4.66449	0																	
511	36875	3.67632	4																	
26	31075	4.69869	0																	
796	29965	4.67577	0																	
514	43924	4.11280	0																	
213	28782	4.51851	5																	
953	23692	4.80824	1																	
594	24147	4.87604	6	23367	0.00937	25308	0.00348	38406	0.00343	340	0.04826	181	0.00596							
590	32220	4.69868	2																	
280	26996	4.79097	0																	
505	27116	4.57898	0																	
414	24985	3.85318	0	25068	0.03603	21098	0.01223	21492	0.00175											
389	36101	4.02261	0																	
966	26449	5.00000	2																	
601	42300	4.24682	0																	
813	37851	4.73753	0																	
656	33917	4.75833	5																	
866	33154	3.71356	3																	
93	29773	4.36642	0																	
833	32546	4.15907	0																	
350	34587	4.80028	0																	
618	37073	3.92993	1							471	0.02842									
732	33787	3.33513	3							882	0.11683									
825	34587	4.52957	0																	
303	33608	3.79881	1																	
373	37554	4.71000	0																	
69	20295	4.24078	0																	
340	22592	3.84195	0	21624	0.03196	22452	0.02068													
471	36495	4.21582	6																	
779	23789	4.57939	0																	
763	23364	3.72788	0																	
505	21354	4.53802	0																	
514	38198	4.06562	4							648	0.00668									
825	21092	4.47816	3																	
385	35952	3.69528	4																	
660	33855	3.79532	0																	
213	22095	5.00000	1																	
519	32897	4.41357	4																	
891	38612	4.41123	0																	
662	41803	4.51906	0																	
696	23269	4.93605	0																	
174	25924	4.24814	0																	
363	38249	3.72635	0																	
896	32897	4.31064	4																	
81	25308	4.92210	5	20322	0.11476	28782	0.04317	23900	0.01030	440	0.02569	340	0.01875	594	0.00236					
777	24843	3.77825	0																	
19	30445	4.43628	0																	
973	43881	4.50207	0																	
576	25427	4.67425	0																	
252	33220	5.00000	0																	
784	34551	3.87244	0	26076	0.03168					544	0.07443									
610	33057	3.72087	0																	
351	23021	4.93386	0																	
470	26854	4.37738	0																	
153	32385	4.08853	4																	
241	25522	4.10204	5																	
86	21128	4.38457	0																	
141	26331	4.06886	0																	
319	25798	4.20168	0																	
567	27752	3.95972	0																	
407	35271	4.24753	0																	
81	22616	4.59735	0																	
848	24624	4.31520	4	22620	0.01031					137	0.00524									
851	31987	3.56347	5																	
983	25848	4.46631	0																	
792	22623	4.46134	0																	
610	32993	3.71164	0																	
227	23420	4.02728	0	24650	0.01699					410	0.03542									
944	28669	4.64875	0																	
569	23208	5.00000	0																	
293	33642	4.05182	0																	
840	36939	3.99842	3																	
428	38315	4.93031	0	41460	0.03804	36662	0.02167			303	0.09076									
383	26314	4.70427	0																	
904	39424	4.15097	0																	
374	38109	2.68571	0																	
176	42477	4.27126	4	39535	0.03660	40447	0.03070													
380	41886	4.52045	0																	
741	23891	4.72796	0																	
634	33055	4.80296	4	33608	0.58223					134	0.40252									
834	29757	4.30757	0																	
604	37561	4.83724	0																	
492	23443	5.00000	1	23292	0.37077					937	0.23980									
401	36290	4.51981	0																	
918	39903	4.01618	0																	
705	30672	3.29331	1	24078	0.09782					382	0.10935	228	0.01241							
81	34107	5.00000	4	25487	0.04948	25426	0.03279			548	0.03363									
524	40264	4.76413	0																	
617	39200	4.99582	0	39578	0.05536					981	0.07273									
860	25063	4.87541	1	24004	0.03313	25031	0.00655			375	0.01280	14	0.00937							
26	40850	4.73229	0																	
826	21998	4.62881	0																	
266	23458	4.97814	0	23799	0.11445					369	0.09944	860	0.03076							
512	33738	4.10296	0	37187	0.03275					89	0.04077									
151	41328	4.72492	0																	
224	24720	5.00000	4																	
13	24915	4.98508	2																	
366	26635	4.94799	2																	
491	25063	4.33936	1	27887	0.08966	24570	0.05087	25031	0.00655	375	0.06774	14	0.06108							
522	24446	4.62145	0																	
874	22786	4.68800	0																	
141	29332	3.99625	0																	
69	30260	3.99743	5																	
362	21533	4.79407	4																	
479	41613	4.91592	0																	
779	26607	4.52345	0																	
688	25664	5.00000	5																	
811	33634	4.29632	0																	
334	34562	4.18347	0																	
848	22545	4.62847	0																	
55	30147	4.89437	3	39516	0.12163	22620	0.00596			153	0.04763	853	0.01996							
813	21511	4.98720	2	25331	0.05831					361	0.01055									
479	30251	4.86272	0																	
181	21075	4.89544	0																	
287	40626	4.02196	0																	
401	25643	4.34853	0	25622	0.04361					582	0.03929									
410	35801	3.82575	0																	
309	21500	4.24575	3	21491	0.02435					832	0.04654									
986	24761	4.21656	3																	
875	39422	4.41914	0																	
463	38070	4.69701	0																	
340	23954	4.57926	0																	
889	42136	4.14547	0																	
790	22269	4.67897	0																	
462	23184	4.07758	5																	
892	35879	3.93942	0																	
213	25411	4.72279	0																	
505	31817	4.55223	0																	
573	31828	4.36265	2																	
381	22533	4.47651	0	24650	0.01482	24272	0.00775			848	0.09157	410	0.01114							
633	34877	3.33167	0																	
578	35438	4.01425	1																	
168	27187	4.66319	0																	
779	20333	4.59188	4																	
229	22376	5.00000	5																	
571	24655	4.90683	1							340	0.01112									
132	33501	4.33576	0																	
689	41953	3.95106	0																	
353	32968	3.55557	0																	
115	25231	3.67019	0																	
761	42019	4.58266	0																	
434	20320	4.50363	0																	
772	24365	4.92296	5	30612	0.01412					227	0.03081									
485	41242	4.50659	0																	
332	38899	4.68342	0																	
8	29607	4.51008	1																	
424	43669	4.37648	0																	
109	26078	4.82690	0																	
522	24443	4.53046	0																	
559	23902	4.71292	0																	
340	25507	4.64507	0																	
296	24484	5.00000	1																	
514	33078	4.08242	3																	
80	25626	4.19818	4																	
496	24878	5.00000	5																	
229	22451	4.81175	0																	
184	41583	4.33513	0																	
194	26912	3.95484	0																	
83	26128	4.91867	4																	
567	30939	3.71366	4																	
221	22640	4.24516	0																	
246	28236	4.37937	0																	
538	26377	3.86324	5																	
567	22439	3.32207	6																	
889	40913	4.19257	0																	
855	28799	5.00000	1																	
168	26382	5.00000	1																	
817	28266	5.00000	3	29761	0.04403					441	0.07821									
195	32905	4.90035	0																	
287	37524	4.45710	0																	
425	28266	5.00000	3																	
504	38498	3.97483	0																	
813	25709	4.60441	0																	
390	27795	4.83330	0																	
114	29963	5.00000	2																	
424	39104	4.51999	0																	
485	36076	4.56027	0							514	0.00352									
347	40401	4.63443	0																	
533	24530	3.73352	0																	
511	22438	3.91642	0	34762	0.11609															
432	29007	4.70220	0																	
168	24147	4.96860	6	21697	0.00604					340	0.03923									
758	35461	4.31442	0																	
13	25081	4.63889	0																	
864	38646	2.94195	1																	
477	36735	2.31214	0																	
431	20268	4.40671	0																	
0	32672	4.95033	0																	
17	40084	4.86893	0																	
414	40513	5.00000	0	27285	0.00717	21098	0.00483			340	0.03172									
474	21534	5.00000	2																	
514	26539	4.35973	0																	
97	22439	3.74087	6																	
802	39395	4.33916	0																	
119	40861	4.42776	0																	
490	40761	3.29291	4							485	0.00940									
279	35692	3.59279	6																	
678	22543	4.48915	0	22544	0.00593					283	0.03224									
17	36875	3.86837	4																	
534	22421	5.00000	2	27460	0.07840					240	0.24242	522	0.08058							
122	25104	5.00000	4																	
351	23020	3.99499	0																	
231	30833	4.69889	0	25031	0.06078					129	0.05295	860	0.02641	491	0.00847					
334	22615	4.20416	4	22620	0.01920					137	0.00699									
848	22374	4.68717	1																	
415	25369	4.61632	2																	
749	28501	4.53727	0																	
778	32182	4.31282	0																	
454	32857	4.64871	0																	
779	35907	4.48810	0																	
140	38960	3.40577	0							388	0.15421									
672	23519	4.20600	0																	
13	21098	4.84455	6	22452	0.02041	25089	0.01131			594	0.07357	414	0.04472	340	0.00529					
491	37290	3.60128	0	33786	0.01266	40745	0.00341			92	0.01500	615	0.01284							
621	21735	4.40379	6																	
983	39200	4.45752	0																	
50	37183	4.62741	0																	
860	41247	4.57582	0																	
808	21099	5.00000	0																	
741	26810	4.83727	0																	
681	24680	5.00000	0	24650	0.01878					381	0.01556									
263	31759	4.53825	1																	
610	33242	3.64647	0																	
841	25999	4.47133	0																	
274	33093	4.56592	0																	
569	20537	4.83334	3																	
968	35952	3.93257	4																	
882	25403	4.14012	0																	
103	22356	4.91944	2																	
286	23210	4.29518	2																	
495	28722	3.56021	0																	
585	34647	3.89321	0																	
833	34190	4.89349	0																	
227	32455	4.03009	0																	
113	33488	4.95176	0																	
544	25791	4.37178	0																	
522	26547	4.63320	0																	
628	37065	4.53650	1							982	0.04362									
514	43105	4.14513	1																	
441	31663	4.70360	0																	
121	21091	5.00000	0																	
978	26046	4.85379	0																	
433	25917	4.53857	0																	
407	37469	4.33470	1																	
232	34440	4.50919	0																	
820	35866	4.46699	6																	
162	26382	4.43997	1																	
648	32341	3.82011	0																	
337	23239	5.00000	3																	
811	37046	4.31654	0																	
643	34568	4.53849	0																	
724	37758	2.74791	5																	
67	22412	4.25258	1																	
811	22524	4.17671	0																	
340	24645	4.56276	0																	
335	21919	4.28466	0																	
689	21874	3.80735	0																	
598	34707	4.38556	3																	
696	24644	4.75199	3	21956	0.08708					48	0.10811									
381	24290	4.19577	0	24272	0.06417					848	0.09157									
19	24729	5.00000	2	24650	0.01010					227	0.02013									
651	27045	4.38226	0																	
363	41976	3.77112	0																	
283	41389	4.52250	0																	
410	22476	3.90101	0	23335	0.00742	22533	0.00721			848	0.03033	676	0.02441							
193	32501	4.14297	0																	
967	24252	4.57606	2	24361	0.01220					758	0.07246									
779	29748	4.68710	0																	
648	40868	3.82948	0																	
601	30076	4.35240	0																	
608	29504	4.76020	0																	
249	38098	4.27603	1	37642	0.00189					491	0.05180									
14	26754	4.67446	0																	
982	36286	4.23718	0																	
836	31472	4.14516	0																	
540	34759	4.83378	0																	
340	23907	4.65493	0																	
466	38270	4.13038	0																	
406	29887	4.29592	0																	
688	28036	4.50040	0																	
246	24894	4.62365	6																	
743	42255	3.76525	3																	
669	31663	4.11546	0																	
215	24012	4.40739	3	24071	0.06147					342	0.04509	695	0.04090	38	0.00418					
690	38368	5.00000	1	35695	0.04337					79	0.12557									
111	27740	4.05526	0																	
392	31766	5.00000	4																	
213	30819	4.67715	0																	
407	32091	4.01487	0																	
713	30379	3.68455	0																	
969	33241	3.84256	1																	
104	37582	4.45804	0																	
58	24388	5.00000	6																	
763	34266	3.57786	0	37880	0.03370					3	0.01132	424	0.00884							
278	24110	4.31045	0																	
117	37266	3.66313	5	24039	0.02112	41075	0.01026			160	0.01873									
575	26274	4.40278	4																	
848	21287	3.56427	0																	
264	30245	4.24657	0																	
505	20594	4.63850	0																	
380	42487	3.99134	0																	
524	39118	4.82133	0																	
904	38509	4.13827	0																	
668	39672	4.56441	0																	
570	23271	4.23103	4																	
484	38223	3.26242	0							38	0.13968									
227	26274	4.29339	4																	
884	22332	5.00000	3																	
50	38971	4.67850	0																	
638	42748	4.99349	0																	
418	37776	4.92706	1																	
397	36636	3.56502	0																	
278	21098	4.66652	6							594	0.02710									
91	23945	3.11911	0																	
168	27011	4.83747	0																	
618	32520	3.51672	0																	
21	37065	3.87545	1																	
14	33048	4.13161	0																	
124	34621	4.72108	0																	
577	41408	3.95703	0																	
340	20597	4.92192	0	20609	0.04323					514	0.00393									
227	22562	3.71612	1																	
501	25040	4.98640	2							594	0.05632									
745	38315	4.84366	0																	
142	37565	3.33437	4	38084	0.09294	37297	0.05169	36887	0.03525	446	0.01681									
325	35912	4.50092	0																	
377	23522	4.46258	0																	
641	29925	4.55630	0																	
676	26233	2.94410	0																	
20	22620	5.00000	5	24323	0.02693	24410	0.01659	23769	0.00432	55	0.04572	334	0.03740	471	0.03285					
68	32126	4.51656	3	34627	0.05330															
819	22139	4.07701	0																	
162	33880	4.24621	0																	
441	24414	5.00000	0																	
81	24492	4.68747	0																	
329	24641	4.01777	2																	
514	32315	4.14475	0																	
863	21272	4.56902	3							812	0.31783									
8	23955	4.73446	4	29186	0.01325					983	0.10251									
583	42524	4.27113	0																	
795	29851	4.07374	0																	
303	23491	4.31918	0																	
319	29439	4.10772	0																	
181	28788	4.81165	0																	
334	24085	4.12393	0																	
289	25331	4.56263	3																	
890	36068	4.13384	0																	
378	36381	4.74416	0																	
811	36616	4.55600	4	21441	0.16013					422	0.06621									
873	36906	3.80085	0																	
569	23871	5.00000	3	20055	0.03092	23231	0.01163			882	0.06464									
995	38098	4.35339	1	40745	0.02103	40525	0.00328			981	0.03212	292	0.00964	491	0.00843					
811	34343	4.21660	0																	
383	31044	4.63496	0																	
659	24391	3.78417	5																	
761	37394	4.58289	0																	
911	33237	4.47039	0																	
624	33077	4.63689	2																	
237	35129	4.65810	0																	
367	43031	3.36389	0																	
340	23246	4.62617	0																	
523	23407	3.67844	0																	
328	37663	4.13479	0																	
899	41348	3.42497	2	41493	0.00939															
858	37758	4.01161	5																	
833	32210	4.99313	5																	
758	21910	4.10027	0																	
282	22331	4.81038	0																	
72	34422	5.00000	2																	
849	40963	5.00000	2																	
335	32425	4.40624	0																	
879	31026	4.75079	2	28126	0.02227	30925	0.00493			19	0.16617	882	0.08421							
310	23674	4.84963	0																	
514	39311	4.31120	5	36967	0.01015					594	0.00647									
26	22199	4.78965	0																	
486	24878	4.98652	5																	
519	20757	4.47309	6																	
811	36336	4.25665	0																	
514	34965	4.22363	0																	
81	25903	4.77664	4	25040	0.02336	25039	0.01756			429	0.01484									
700	42612	4.20198	0																	
571	22164	5.00000	2																	
38	38169	4.49322	5																	
681	22584	5.00000	2																	
918	20595	4.45111	4																	
86	40727	4.31413	0																	
599	30987	4.84997	0																	
753	34127	4.77745	0																	
283	37452	4.55214	0																	
568	23086	3.90112	0																	
601	40551	4.27910	0																	
144	24749	5.00000	0																	
643	36490	3.74644	0																	
279	35913	4.92558	0																	
911	40366	4.77808	5																	
933	37877	2.92189	0																	
430	25331	4.74041	3																	
654	38578	5.00000	0																	
478	41115	4.25323	0																	
102	37099	4.48790	0																	
397	24312	3.98064	0																	
133	26843	4.54318	0																	
485	23543	4.56308	0																	
252	23852	4.26705	1																	
53	40387	4.10563	0																	
618	37065	4.43418	1							982	0.13443									
746	36665	4.87943	0																	
81	27752	4.58709	0																	
874	22787	4.66670	0																	
893	31643	4.68781	0																	
997	28788	4.51993	0																	
340	23241	4.75666	0																	
813	39694	4.70376	0																	
688	20352	4.72518	0																	
443	28080	4.67349	0																	
570	35531	4.11168	0																	
424	40682	4.24592	0	40525	0.00780					142	0.00750									
223	26653	4.35742	0																	
505	23266	4.35814	0	31066	0.01546					283	0.03551									
424	31663	4.75485	0	24137	0.01510	24071	0.00295			710	0.01596									
407	38892	4.15380	0																	
599	42828	4.89321	0																	
679	20988	4.52245	0																	
470	23955	5.00000	4																	
641	23300	4.43265	5																	
148	21192	4.85967	0																	
322	28887	4.44046	0																	
438	34813	3.47681	0																	
13	25618	4.60792	0																	
490	40682	4.03535	0	41096	0.08641					169	0.05857	142	0.02361							
387	29910	3.44669	0																	
443	34542	4.53937	1																	
890	30672	3.59309	1																	
713	22264	2.59236	0																	
377	25840	4.43694	0																	
910	20454	4.62332	0																	
241	38055	4.61498	0																	
598	35906	3.60999	1	34702	0.03071					643	0.10473									
598	34101	4.55773	4																	
982	34897	3.34449	0																	
136	40640	4.83241	0																	
604	33122	4.67652	0																	
569	20355	4.71910	0																	
70	43658	5.00000	3																	
546	36919	4.74646	0																	
407	40401	4.08058	0							514	0.02309									
352	23215	5.00000	0																	
792	25941	4.61685	0																	
138	38268	4.89699	6																	
825	34570	4.58882	0																	
397	21123	4.03546	0																	
385	23378	4.09578	0																	
277	37878	4.89723	0																	
412	34137	4.46473	0																	
59	36528	3.57096	2																	
514	43088	2.98546	0																	
966	34885	5.00000	0																	
575	23336	4.13968	0																	
662	40590	4.52241	0																	
142	40306	3.64751	1							889	0.03491									
83	31460	4.51916	3																	
218	23769	4.79651	0	23900	0.01132	24656	0.00971			165	0.04309	55	0.02631							
101	23832	3.93735	0																	
4	22734	4.55340	0																	
237	40626	4.15404	0	41075	0.00393															
331	22726	5.00000	2																	
805	26555	4.10994	0																	
570	25883	4.19240	0																	
294	34687	4.01549	0																	
575	24302	4.34800	0																	
354	40480	4.84503	0																	
340	24272	5.00000	5	21624	0.02709	25308	0.01431	24592	0.00853	848	0.07349	175	0.02262	440	0.00417					
460	27704	4.82395	0																	
504	30973	3.48973	5																	
603	24007	4.90663	0																	
330	26563	4.37766	0																	
646	28848	5.00000	0																	
403	28874	4.27130	1																	
372	29019	4.37207	0																	
741	24510	4.84380	0																	
340	34010	4.60211	0																	
292	32024	4.36727	1	25031	0.05138	23993	0.04627			231	0.08267									
955	36398	2.80045	0																	
9	31629	4.56410	0																	
120	28874	5.00000	1	36479	0.01301					758	0.11814									
588	32588	4.08678	2																	
246	26340	4.33940	0																	
340	20948	4.59662	0																	
639	43102	4.63446	0																	
569	39896	4.76891	0																	
860	37071	4.63926	1	41345	0.00309					107	0.01813									
36	30455	4.42559	0																	
772	24438	5.00000	4																	
388	43125	4.20204	1																	
73	35695	3.62551	5																	
379	33920	4.48216	0																	
286	23212	4.21816	0																	
26	31591	4.74409	0																	
848	23105	4.26941	4	22476	0.03889	23840	0.03177			676	0.01618	761	0.01437							
901	30981	3.01510	0																	
8	23505	4.50656	0																	
568	30672	3.25655	1																	
160	21531	4.26383	1	29970	0.08937					254	0.07552	227	0.01626							
181	24620	4.95402	0																	
793	30732	3.60641	0																	
340	25663	4.99824	0	25637	0.02032	24592	0.00889	20275	0.00858	848	0.07349									
39	21099	5.00000	0																	
377	30993	4.52006	0																	
371	38046	3.20364	6																	
949	30939	3.76440	4																	
70	39874	4.66431	0																	
848	33474	4.23231	5																	
386	28826	3.99506	0																	
87	39337	5.00000	1	20011	0.00943	39595	0.00699			811	0.10697									
556	26637	3.51003	1																	
570	21566	3.76448	4																	
424	32701	4.38198	0																	
569	23011	4.82181	0																	
763	35627	3.66077	0																	
338	21951	4.73357	0																	
81	27096	4.58369	0																	
618	37474	3.26184	6																	
17	38735	5.00000	3																	
994	37489	4.06186	1																	
145	27464	4.86226	3																	
168	21841	4.62164	0																	
578	35026	4.08248	0																	
554	43806	4.20368	0																	
986	22729	4.28402	1																	
763	21491	2.72146	3																	
86	34102	4.16672	0																	
746	35157	4.83984	1																	
424	35875	4.66141	4																	
570	25812	4.19413	6	25879	0.03316					340	0.06973									
987	38429	4.26761	0																	
655	39516	4.12940	3																	
505	20936	4.60634	0																	
505	20717	4.66062	0																	
514	42090	4.12653	0																	
465	23173	4.84505	3	21538	0.02516	20368	0.01397	20374	0.00871	569	0.26677									
648	40256	3.20449	0																	
698	43398	5.00000	3																	
48	23470	4.99121	0																	
29	23605	4.29236	0																	
866	24674	3.57418	0																	
435	23198	4.78124	0																	
813	35594	4.28086	6																	
332	42154	4.65866	0																	
719	41045	4.10540	3	38316	0.00494					514	0.03120									
994	37930	4.07675	0																	
480	40305	4.75678	0																	
866	27433	4.29428	0																	
443	36777	4.61778	0																	
195	32674	5.00000	4																	
741	26450	4.72997	0																	
735	25638	4.87278	4																	
53	23451	4.00100	0																	
146	25065	4.47320	1	39203	0.08160	25269	0.07213			86	0.12590									
410	24367	3.84976	5	23448	0.03329	23335	0.02216	24650	0.00235	227	0.03542									
881	29741	4.12724	0																	
995	34760	5.00000	0																	
758	23852	4.33267	1	25040	0.00539					181	0.00848									
612	22297	4.93174	0																	
863	28026	4.66824	3	24525	0.05046	22440	0.01502			221	0.08593	567	0.04976							
508	30281	4.30180	2																	
631	36987	3.29808	0																	
523	38832	2.94124	6																	
569	26047	4.82374	0																	
407	37898	2.71631	0																	
13	25824	4.96145	0																	
503	38341	5.00000	4	36480	0.03487					397	0.21525									
340	24404	4.63269	0																	
963	23624	5.00000	1	23769	0.01403					55	0.01036									
66	29624	4.75341	0																	
813	23232	4.83373	6	25331	0.03992	24147	0.00520			340	0.01915	366	0.00454							
570	43800	4.17831	0																	
488	31727	3.72920	1																	
568	28939	4.38071	3																	
340	21567	4.65252	0																	
678	22619	4.91932	0																	
227	37297	3.69690	5							142	0.02227	160	0.01626	446	0.01580					
0	33783	4.76844	0																	
415	43870	4.55882	0																	
105	22669	5.00000	3																	
408	37049	4.47089	0	38233	0.03426	37266	0.02314			990	0.08918	142	0.03463							
504	36735	2.60269	0																	
514	41542	4.12832	0																	
568	29684	3.26723	2																	
55	35438	4.38261	1	24656	0.01515					891	0.01866									
523	24883	3.56591	0																	
283	37453	4.56081	0																	
746	26205	5.00000	5																	
332	42098	5.00000	6																	
32	32564	4.65033	4	25700	0.28006	25703	0.19724	25698	0.15118	518	0.88657									
904	31069	4.26522	0																	
510	29234	4.84104	0																	
26	35754	4.66246	0																	
26	34750	4.64709	0																	
461	36383	4.81991	0																	
883	37840	4.09616	6																	
951	43604	4.47165	0																	
835	34987	4.44984	0																	
749	20023	4.99065	5																	
403	23852	3.16890	1																	
882	36290	3.98777	0																	
608	37634	4.80959	0																	
107	30364	4.29945	0																	
848	28238	4.96144	0	24589	0.01015					330	0.01060									
92	34911	3.81902	0																	
676	41214	3.89936	0																	
264	28132	4.02970	0																	
689	37983	3.89231	0																	
644	31100	4.74581	0																	
514	40097	4.24054	0																	
321	28915	4.59344	0																	
388	29887	4.25702	0																	
610	34555	3.68638	0																	
181	22642	5.00000	5																	
381	24579	4.32192	4	24559	0.09207	35697	0.01326			29	0.05312	469	0.01428	682	0.01091					
570	43498	4.12483	0																	
570	23555	4.10768	0																	
171	31724	4.90162	0																	
26	34476	4.64521	0																	
315	34678	4.54798	0																	
343	30939	4.33796	4																	
14	24395	4.91625	4																	
6	37838	4.05724	0																	
564	42874	4.50794	0																	
972	39631	4.74361	0																	
405	35965	4.31738	3																	
793	26767	3.64491	0																	
230	22705	5.00000	5																	
441	29745	4.49510	0																	
399	25118	4.82956	0																	
835	22731	4.41564	0																	
842	37873	4.37929	6																	
340	25866	4.56335	0																	
78	22780	4.13012	0																	
882	27154	3.93165	0																	
130	28298	4.38757	6																	
322	21393	4.55188	0																	
889	31903	4.30558	0																	
989	28173	4.44337	0																	
845	42065	5.00000	0																	
400	36967	4.85000	0																	
335	34579	4.22969	3	31003	0.01183					746	0.04042	891	0.01368							
479	29828	4.93365	0																	
801	24688	4.52821	1																	
113	21925	4.95270	0																	
13	30537	4.47870	3	25093	0.03487	21071	0.01560	21033	0.01062	81	0.05030									
463	34501	4.94675	0																	
163	26311	4.05230	5																	
569	37261	4.89545	4																	
934	37308	4.08964	0																	
633	22439	4.18454	6																	
388	36624	4.47895	3																	
293	34557	5.00000	2																	
983	24288	4.38953	0																	
514	38918	4.08552	0																	
393	38812	3.50935	2																	
181	26910	4.78485	0																	
514	22635	4.18603	0																	
594	41045	4.35342	3	25040	0.01002					514	0.00647									
424	37474	3.60170	6	24137	0.04026	34910	0.03568	24071	0.00969	38	0.01722									
624	24353	4.67765	0																	
972	39429	1.35483	0																	
864	36930	3.77555	5	38908	0.01371					471	0.00705									
916	24624	4.30280	4																	
173	31708	4.50814	0																	
385	27544	4.11603	6																	
983	21198	4.38824	0																	
998	24254	5.00000	3	24761	0.04334					49	0.03534									
180	28634	4.16678	0																	
514	38654	4.09429	3																	
171	24012	4.87399	3	24137	0.10509	24071	0.06147			695	0.04364	11	0.04244	38	0.01685					
355	21242	4.40003	0																	
272	41258	4.65520	0																	
431	30877	4.38533	0																	
340	25316	4.68372	0																	
120	28807	5.00000	3																	
22	23246	4.74280	0																	
393	42172	3.44797	3																	
202	31029	4.24637	0																	
737	23566	5.00000	0																	
899	38845	4.11903	0																	
349	33477	4.40768	2																	
743	40386	4.50038	3																	
610	31024	3.75556	0																	
595	43863	4.59282	0																	
491	31903	4.22959	0																	
618	35442	4.06427	0																	
244	42305	4.31140	0																	
56	43127	5.00000	0																	
397	23292	3.92756	1	23348	0.23782					492	0.24837	937	0.22947							
356	34456	3.63622	1																	
965	23223	4.74866	4																	
594	22445	4.82469	4																	
429	21492	4.86977	2	25040	0.03191	21127	0.01205			977	0.05261	412	0.01801	594	0.00551					
467	27069	4.77231	0																	
676	23481	3.37371	0	24484	0.02500	23335	0.00507			410	0.02441									
13	23417	4.53092	0																	
792	23448	4.62725	1	24650	0.00760					410	0.02835									
923	28511	4.67116	0	35139	0.01905					330	0.06279									
410	23370	3.86543	1	23335	0.05184	23448	0.01998			669	0.03171	676	0.02441							
435	29509	4.93465	0																	
961	41845	3.43974	4																	
322	22305	4.32091	0																	
703	25040	4.81890	2	21492	0.03191					412	0.00434	594	0.00147							
307	37178	4.87635	5	36875	0.00503					160	0.02429									
89	38430	4.70995	0																	
733	24030	4.38727	0	24047	0.02907															
642	37266	4.00869	5	36939	0.04506	37664	0.00890	37876	0.00223	364	0.06706	408	0.02993	160	0.00891					
849	23722	5.00000	4																	
986	28939	4.03191	3																	
952	39204	4.84879	3																	
400	37293	4.47721	0																	
340	20063	5.00000	4																	
75	36587	4.99605	0																	
403	24239	4.39140	0																	
407	37755	4.11915	0																	
397	20912	3.99814	0																	
988	30225	4.76232	0																	
343	25331	4.42827	3	25240	0.05439					827	0.10624	602	0.06107	248	0.04123					
885	24245	5.00000	6																	
773	41973	4.83374	0																	
585	37996	3.56659	0																	
388	29753	4.38802	4	24045	0.06710					944	0.17592									
813	25040	4.83144	2	24361	0.01331	32084	0.00432	25331	0.00163	181	0.03227	758	0.02221	741	0.02133					
567	24749	4.41467	0							254	0.13857									
818	22151	3.30355	5																	
691	23404	3.91829	0																	
684	24664	4.55603	0																	
283	42553	4.63636	0																	
118	33069	4.66110	0																	
650	25978	4.19656	5							638	0.23684									
426	36144	4.98647	0																	
501	25310	5.00000	1																	
516	43020	4.84716	0																	
264	36674	4.07320	0																	
618	36067	3.95734	0																	
514	38105	4.00928	3	32210	0.01943	36086	0.01210	24071	0.00845											
645	36967	4.37612	0																	
538	25661	4.30047	0																	
283	24746	4.61340	0																	
581	32748	4.58924	5																	
33	33764	4.22484	0																	
957	25358	3.79053	2																	
168	38262	4.73057	0																	
619	37620	4.01490	0																	
283	22581	4.53181	4																	
764	39798	4.91452	0																	
541	35088	3.70422	0																	
678	28616	4.84927	4																	
944	26514	4.61357	0																	
1	36875	3.80885	4																	
567	23852	3.52698	1							103	0.02694									
95	37457	4.43883	0																	
114	31469	4.63699	1																	
695	23769	4.00766	0																	
913	38654	3.79630	3																	
514	38540	4.09790	0																	
222	25009	4.61322	0																	
978	36490	4.12986	0	26041	0.31972															
221	28602	4.32376	0																	
491	30281	4.43156	2	38098	0.05355	40745	0.01136			569	0.00595									
934	36766	3.54709	1																	
958	31663	5.00000	0																	
390	27510	4.76130	0																	
283	40463	4.61151	0																	
824	22607	4.25038	5																	
545	23259	4.41335	3																	
0	23511	5.00000	0																	
81	21529	4.65556	0																	
800	42179	4.46438	0																	
832	21098	5.00000	6	21221	0.00386					414	0.04101	741	0.03347	340	0.01214					
478	34076	4.33957	0																	
340	30475	4.63312	0																	
465	25038	4.59923	0																	
542	31472	3.18798	0																	
952	24137	4.46260	5																	
152	32177	3.75643	4																	
150	25082	4.87604	5	25084	0.24363					636	1.00000									
724	39501	3.37572	0																	
604	37663	4.10458	0																	
511	35553	4.44472	5	36275	0.10719					344	0.03649									
764	24620	5.00000	0																	
391	26114	5.00000	0																	
670	29040	4.45063	0																	
946	24060	4.86967	0																	
741	21376	4.70946	0																	
569	26061	4.84266	0																	
576	32410	4.41118	0																	
171	23769	4.89627	0	23900	0.01132					165	0.02813									
290	41342	4.86089	0																	
774	38332	4.02516	0																	
25	39965	5.00000	0																	
14	23845	4.81965	0																	
848	24630	4.56771	0																	
676	21247	3.60336	0																	
392	24377	4.68686	3																	
55	27438	4.34429	0																	
885	38457	4.13266	0																	
466	39543	4.03553	0																	
107	20019	4.68433	2							533	0.02683	566	0.00979							
968	41846	4.44330	0																	
117	23096	3.90883	4	29963	0.00665															
82	32933	4.42412	0																	
81	25466	4.61184	0																	
882	37646	3.98425	0																	
79	33622	4.45244	0																	
340	28837	4.54993	0																	
205	31459	5.00000	3																	
235	34839	5.00000	5																	
514	23130	4.10232	0																	
273	41177	4.17051	0																	
168	24873	4.97719	6																	
860	33935	4.98613	2																	
414	35551	4.94457	3																	
407	42572	4.03302	0	42439	0.01303					514	0.02309									
892	30462	4.04014	0																	
81	24563	4.65130	0																	
482	39869	4.81813	0																	
569	21548	4.84443	0																	
686	20892	4.94689	4																	
521	37388	4.59803	0																	
813	35021	3.62356	0																	
350	43189	4.91906	0																	
251	24821	3.79628	0																	
856	24488	4.30848	0																	
214	37758	4.40262	5																	
547	28820	4.56345	0																	
292	41086	4.27068	1	38098	0.00958					408	0.01555									
863	21049	4.51077	0																	
84	26043	5.00000	3	27887	0.00844	26042	0.00544			424	0.02636	491	0.02347	401	0.00354					
321	20137	4.54064	0																	
981	31025	4.98540	0	38098	0.01712					292	0.03198	6	0.03005							
292	22004	4.72845	2	37043	0.01136	32677	0.00456	38098	0.00392	491	0.07094	436	0.04819							
874	22207	4.63240	0																	
569	23018	4.77014	0																	
264	34762	3.97964	1																	
713	36275	1.84073	1																	
509	33774	5.00000	2																	
537	27543	5.00000	0																	
539	20807	4.76236	0																	
396	41285	4.40973	4							514	0.00316									
424	24012	5.00000	3	24137	0.10509	24071	0.06147	34910	0.03837	342	0.01882	695	0.01760	38	0.01722					
133	23137	4.57932	0																	
59	35031	4.15467	0																	
309	21505	5.00000	3																	
206	39136	4.59158	0																	
2	37187	4.35749	4	37707	0.03919					89	0.21053									
54	37290	1.63508	0							92	0.01830									
860	23845	4.50139	0																	
502	36375	4.75148	0																	
514	43717	4.13686	0																	
811	21099	4.51964	0																	
805	21522	3.48000	5	21275	0.00303					424	0.00743									
835	33249	4.24097	0																	
848	21400	4.44495	0																	
496	36657	5.00000	6																	
868	37457	4.23454	0																	
459	38735	3.82887	3																	
772	24484	4.54376	1	30612	0.00397															
570	25281	4.11159	0																	
848	26230	4.51992	0																	
377	35393	4.69670	0																	
882	21563	4.00880	0																	
929	22536	4.61069	4																	
774	39384	3.32833	5																	
359	37766	4.95368	0																	
947	39529	4.36128	4																	
168	21045	4.79470	0	21061	0.01661					514	0.01588									
634	28016	4.83230	0																	
19	31462	4.93941	2	30925	0.06860					879	0.16617	882	0.01794							
331	39269	4.34387	0																	
769	25226	4.99949	0																	
811	36337	4.19037	0																	
349	31758	4.64945	5																	
846	36155	4.83694	0																	
295	29924	4.65843	0																	
941	24518	4.92257	0																	
95	37514	4.38795	2																	
504	25616	3.86106	1																	
340	24797	5.00000	6																	
570	25360	3.59431	1																	
809	32459	4.24672	0																	
551	36259	4.18798	6																	
6	37529	4.06913	0																	
700	39968	4.14280	0																	
882	39816	3.92900	0																	
407	37027	3.96797	0																	
433	32182	4.57536	0																	
530	36906	3.24894	0																	
676	26645	4.24929	4																	
56	40816	5.00000	1																	
939	40948	3.82615	0																	
414	31031	4.54018	0																	
541	23680	4.49613	0																	
13	23184	4.38802	5																	
942	23246	4.77395	0																	
703	25039	5.00000	2																	
756	37689	5.00000	0																	
286	26042	4.58403	0																	
658	40417	4.46045	0																	
549	21829	4.61104	0																	
20	24085	4.70321	0																	
653	42477	4.59409	4																	
11	21273	3.65145	0																	
932	37266	4.78472	5	37049	0.02314					160	0.02567									
451	29368	4.42727	0																	
414	24986	4.63150	0																	
505	31039	4.57599	0																	
33	29972	4.30149	0																	
739	23451	4.23231	0																	
848	40921	4.23222	1	23840	0.01437					761	0.01437									
741	31702	4.75706	0																	
385	24300	4.10820	0																	
195	32339	4.70973	0																	
550	40572	4.51089	1																	
783	41988	5.00000	0																	
6	32983	3.81570	4																	
308	40204	4.93542	0																	
505	32244	4.62905	0																	
254	32076	4.60406	0																	
873	22571	4.22319	0																	
344	34877	2.94732	0																	
569	20364	4.80580	0																	
241	37276	3.73142	0																	
319	39370	4.25220	0																	
218	22649	5.00000	5																	
606	30616	4.83787	0																	
587	26067	4.73645	4																	
951	34615	4.49754	2																	
108	22769	4.32093	0																	
42	41045	4.07962	3							514	0.03575									
873	25183	4.44054	4																	
448	32845	4.17217	0																	
424	38457	3.33580	0																	
620	40102	4.35610	0																	
525	37543	4.02215	0																	
26	34591	4.67662	0																	
222	23993	4.80147	1																	
93	24533	4.28024	0																	
318	26695	4.98707	1																	
566	37882	4.38638	2	23902	0.16304					804	0.10798									
569	32025	5.00000	0																	
105	24650	4.83742	4	22533	0.01482	26645	0.01431			792	0.06706	410	0.05029							
227	32116	3.55115	4	24650	0.02904					681	0.00561									
598	34911	2.84485	0																	
567	24065	4.04124	0	22440	0.07431					863	0.04976	514	0.00547							
362	24380	4.44685	5																	
159	24698	5.00000	0																	
340	24593	4.58609	0	24592	0.10526	26076	0.07778	24589	0.07733	848	0.07349									
409	26269	4.78740	0																	
105	28023	4.76241	5																	
703	25423	4.74114	0																	
28	37066	4.81464	0																	
514	41158	4.10897	0																	
980	37204	4.17796	0																	
478	24427	4.51608	2																	
992	31459	3.82635	3																	
484	21099	3.80766	0																	
391	21441	5.00000	0																	
348	23368	5.00000	5																	
817	26645	5.00000	4																	
448	21825	4.11974	0																	
408	38812	5.00000	2																	
672	41354	4.26918	0																	
255	37826	5.00000	0																	
848	37148	4.48224	0																	
14	22190	4.91506	1																	
740	37970	3.38439	0																	
246	22960	4.30243	0																	
82	24130	4.72987	5																	
340	28464	4.64734	0																	
620	36950	4.45223	0																	
162	23396	4.36063	4																	
569	20356	5.00000	2																	
763	34627	3.14734	0							940	0.05806									
972	39567	4.45795	0																	
514	33306	4.13806	0																	
10	24620	3.67272	0																	
917	30372	4.76308	0																	
157	33854	4.55461	0																	
441	24050	4.54756	5							424	0.01464									
694	37706	5.00000	0							514	0.00404									
469	24048	3.53455	5	25369	0.01315	24047	0.00827	25262	0.00524	227	0.06679									
296	22584	5.00000	2																	
402	26656	4.06583	6																	
908	34107	4.95499	4																	
933	29684	3.49268	2																	
424	42132	4.12117	6	42760	0.07416					607	0.03274									
501	24019	5.00000	0																	
604	39489	4.66238	0																	
26	36494	4.65175	0																	
567	32793	4.02754	0																	
956	21558	4.74059	1																	
72	35482	4.94662	0																	
523	23321	3.71525	0																	
334	34897	3.18866	0																	
882	39599	3.74540	0							292	0.05103									
421	32001	4.54651	0																	
880	26992	4.19540	0																	
159	24675	5.00000	0																	
647	23554	4.80471	0																	
963	39664	4.97914	0																	
480	24275	4.82094	0																	
970	39072	4.73291	0																	
230	28476	4.74360	0																	
31	25411	3.94039	0																	
13	23284	4.67486	0																	
26	34588	4.72229	0																	
666	24294	4.98989	0																	
846	33715	4.56970	1	21429	0.12582					394	0.17943	424	0.01618							
340	23692	4.55922	1																	
393	38345	3.37169	0																	
407	24651	4.57612	0							514	0.02309									
661	30475	4.82569	0																	
334	20916	3.77839	5	25291	0.04941	22722	0.01121	22727	0.01013	538	0.06177	628	0.00207							
741	33636	4.79218	0																	
437	23902	4.95162	0																	
783	42972	4.98004	4																	
677	40267	4.87727	0																	
93	29812	4.54715	0																	
44	27151	4.52769	3																	
881	35147	4.12640	0																	
628	34266	4.51903	0							424	0.00436									
738	38957	4.83063	0																	
604	40097	4.81514	0																	
535	23249	4.27139	0																	
859	22015	4.25348	0																	
774	38535	4.28369	5																	
760	23450	3.64256	0																	
167	22572	4.32207	0																	
882	22190	4.07379	1																	
471	22621	5.00000	5	24410	0.01644	25369	0.01627	22620	0.00748	334	0.04074	227	0.03140							
514	38535	4.27381	5	24534	0.02127					407	0.02309									
747	23241	4.81874	0																	
26	34558	4.75709	0																	
407	40216	4.02343	6																	
648	41930	3.70361	0																	
253	39578	5.00000	1																	
590	28871	4.84903	0																	
488	34637	3.93139	0																	
699	25404	4.36704	0																	
501	30816	4.77110	0																	
23	37642	1.85308	1							491	0.00523									
514	33968	4.15399	0																	
74	42352	4.34553	3																	
667	23419	4.69987	0																	
59	25086	4.12897	1																	
442	22048	4.73865	0																	
774	25404	3.82018	0	25216	0.13737					27	0.13564									
965	20338	4.35021	0																	
795	24794	4.56146	1																	
154	43687	4.61130	0																	
860	42899	4.62887	0																	
618	37587	3.88709	0																	
58	28010	5.00000	5																	
181	23461	4.85397	0																	
510	40383	4.86625	0																	
676	24497	3.92923	0																	
89	35509	4.77743	0																	
572	22591	5.00000	0																	
514	34266	4.12640	0	24071	0.03470					424	0.03719	215	0.00505							
567	31474	4.70440	0							514	0.00547									
408	41075	4.47043	0	37266	0.01026	38119	0.00991	38098	0.00638	142	0.03463	107	0.01087							
142	40745	2.72675	0	40525	0.04576	40682	0.01642	37297	0.01331	219	0.03657	889	0.03491	92	0.01920					
546	24723	4.74163	0																	
465	20361	4.94500	3	21538	0.02353	20368	0.00814	20374	0.00667	569	0.26677									
13	25096	5.00000	3							81	0.05030									
624	24021	4.58652	0																	
347	43185	4.50240	0																	
62	35906	3.96417	1	34456	0.01440					643	0.14600									
181	38908	4.45816	2	24347	0.00573	25040	0.00196			81	0.03833									
340	23261	5.00000	0	22439	0.01326	25879	0.01293			570	0.06973									
421	30618	4.52176	0																	
882	20995	4.04230	0																	
693	37877	3.41162	0																	
816	27372	4.87081	0																	
583	42899	4.32124	0																	
986	22719	3.68559	1																	
501	20010	4.77555	0																	
926	24486	4.92189	0																	
594	25574	4.52396	0																	
514	32109	4.42213	3	24534	0.00489					81	0.00414									
102	39992	4.48395	0																	
983	24267	4.68147	1																	
904	35000	3.92640	0																	
564	39877	4.60700	0																	
938	25588	4.26920	0																	
497	32655	4.54753	0																	
329	27484	3.94175	0																	
954	34438	3.24083	0																	
882	38527	3.47506	3																	
505	31751	4.60036	0																	
848	24270	4.26224	6	24680	0.06469	24272	0.02255			381	0.09157									
45	24473	4.77275	0																	
89	36766	3.33068	1	36402	0.03055	37187	0.02050	36186	0.01197	815	0.24483									
917	24631	4.88227	3																	
181	25020	4.49636	5																	
530	29684	3.05066	2	34350	0.08656					382	0.02396	58	0.01159							
334	24101	3.96122	0																	
292	24278	4.21080	0																	
239	30672	2.64645	1							382	0.15590									
531	31415	4.83460	0																	
448	24258	4.20366	0																	
569	25182	4.80765	0																	
464	25229	4.35639	0																	
610	35323	3.58873	0																	
488	39451	3.92890	0																	
26	35586	4.71218	0																	
741	29033	4.96409	0																	
538	20487	4.36334	0																	
547	28109	4.62882	5																	
346	42477	4.57449	4	39535	0.03660															
746	42305	4.87092	0																	
911	43611	4.50823	0																	
87	35338	3.98544	0																	
347	43184	4.64484	0																	
103	24020	4.57623	0																	
888	27057	4.51517	6																	
340	21099	4.95472	0	21492	0.02521	31066	0.00589			283	0.03316	758	0.00182							
624	39163	4.96150	1																	
709	34369	4.54433	5																	
570	29762	4.53652	2	30755	0.02492					340	0.06973	541	0.02498							
556	34123	4.26874	0																	
260	40124	4.60092	0																	
143	24797	5.00000	6																	
85	22206	4.16283	0																	
527	36839	3.34868	0							388	0.10151									
10	32177	3.98081	4																	
193	41769	4.15022	0																	
443	36028	4.79577	0																	
151	40816	5.00000	1																	
455	38812	4.90837	2																	
253	39477	4.67163	0																	
64	33515	4.68226	0																	
166	34630	4.89612	0																	
151	22419	5.00000	0																	
252	27653	4.82587	0																	
454	28778	4.56359	0																	
338	20406	4.72213	0																	
918	34705	3.97999	0																	
334	34399	4.03708	0																	
654	42646	4.39021	0							514	0.03070									
155	24899	4.93530	6																	
457	25052	4.46585	0																	
761	22279	4.46189	0																	
180	28636	4.28688	0																	
767	34026	4.58738	0																	
522	26526	4.86994	0	26527	0.05872	22356	0.05405	26530	0.02649	248	0.15846									
257	26394	4.81533	0																	
531	35865	4.83244	0																	
853	39269	4.53006	0																	
438	25358	4.79285	2																	
456	27903	4.67851	0																	
334	35844	4.02756	0																	
813	34493	4.69753	0																	
648	34672	3.81027	0																	
162	40718	4.23832	0																	
570	23383	4.21987	4																	
699	26637	4.24389	1																	
505	21349	4.65286	0																	
910	20452	4.61672	0																	
570	26725	4.13988	0																	
514	30265	3.67530	0																	
678	24680	5.00000	0	24650	0.01878	27548	0.01208			848	0.03133	381	0.01224							
570	25618	4.20983	0																	
215	21275	4.41712	0	24071	0.00156					424	0.01433									
856	22583	4.92311	4	22549	0.02450					575	0.06826									
340	25067	5.00000	4	22552	0.12322	22524	0.04667			449	0.02282									
796	29975	4.98503	6																	
340	22365	4.72900	0																	
301	34978	4.50480	0																	
424	24027	4.51818	3																	
606	26237	4.11514	0																	
380	30378	4.58720	0																	
505	26474	4.33815	5	26476	0.06720					662	0.07151									
162	20459	4.26155	0																	
93	24479	4.27777	0																	
411	35942	3.91132	3	38531	0.10631					625	0.10064									
574	29010	5.00000	0																	
948	41272	4.43635	3																	
412	24934	5.00000	1																	
643	38236	4.50896	0																	
514	42745	4.27805	0																	
741	23886	5.00000	0																	
326	25423	3.77071	0																	
718	36068	4.42959	0																	
13	24534	4.06602	0	21071	0.00887	21033	0.00512			81	0.05030									
97	37254	3.07226	4	38084	0.01059					446	0.20130									
896	35347	4.28907	4																	
478	24385	4.24752	0																	
340	25867	4.69499	2																	
161	30531	4.33961	0																	
5	40917	4.82591	0																	
340	24361	4.96259	0	40153	0.03977	23657	0.02552	21492	0.01952	283	0.03316	813	0.01915	984	0.01509					
385	21566	3.66436	4																	
863	25522	3.81070	5																	
53	36743	4.23606	0																	
596	27060	3.42961	0																	
475	28048	4.35700	0																	
656	30517	4.45170	0																	
269	34392	3.84775	0																	
796	31876	4.60137	6																	
57	35047	5.00000	5																	
671	35600	4.04598	0																	
340	22164	5.00000	2	31854	0.05285	29717	0.00738			519	0.00442	491	0.00052							
651	29685	4.52453	3																	
29	32895	4.31140	0																	
407	36722	3.77959	3																	
514	43347	4.11508	0																	
181	23900	4.24561	5	25040	0.00217					81	0.03833									
677	39400	4.85259	0																	
770	41794	4.08123	0																	
753	33279	4.85395	0																	
592	21410	4.83498	3																	
396	39990	3.35164	3																	
292	29717	4.64702	0	37043	0.00528	38098	0.00320	25031	0.00230	491	0.07094	14	0.03356	377	0.02362					
26	31557	4.65682	0																	
336	36275	2.45399	1																	
594	33776	4.51970	0																	
93	24508	4.34921	0																	
146	39238	4.94678	2																	
378	35524	4.79979	1																	
782	36190	4.76517	0																	
679	28358	4.95510	2	22273	0.07883					471	0.04736									
283	24293	4.51228	0																	
811	37743	4.20847	0																	
82	22530	4.48402	0																	
495	23697	4.65149	3																	
77	41619	4.39222	6	39065	0.02269					813	0.12256									
848	33800	4.62047	0																	
933	37881	4.64674	4																	
407	41045	3.39144	3	37753	0.09020					147	0.03999	514	0.02309							
514	41581	3.63371	6	41670	0.00838					865	0.01422									
588	21044	4.04971	3	21061	0.02056					168	0.17287									
303	32379	3.81981	0																	
570	28468	4.34697	2							721	0.07417									
340	24338	4.79834	0	31066	0.01008	21492	0.00401			283	0.03316									
875	27919	4.39533	0																	
83	33168	4.60718	0																	
760	24680	5.00000	0	24650	0.01878					381	0.01911	848	0.00798							
417	25331	4.95028	3																	
973	40603	5.00000	4																	
677	39715	4.88922	0																	
328	37297	4.57427	5	37266	0.00695					92	0.02527	160	0.01629							
857	33637	3.29597	0																	
848	24295	3.46195	0	24589	0.00924															
70	37389	4.81411	0																	
813	35310	4.67678	0																	
514	40847	4.12462	0																	
594	35515	4.68141	0																	
447	37758	4.11586	5																	
677	39137	4.84626	0																	
103	26345	5.00000	0																	
871	35775	4.62014	1	37297	0.02157															
19	30388	4.35496	0																	
831	43264	4.71082	0																	
631	26043	5.00000	3																	
303	22004	4.74891	2																	
14	23350	4.74991	0																	
490	39681	3.83195	1																	
62	34568	5.00000	0																	
831	24256	4.39767	0																	
407	33875	4.09485	0																	
23	39007	3.63626	4																	
632	23269	2.84918	0							848	0.06153									
68	32044	5.00000	0																	
443	28938	4.91654	1	23993	0.10480					231	0.05352									
388	28080	4.20917	0																	
601	42062	3.79457	2																	
536	30994	4.35956	0																	
787	22571	4.28340	0																	
103	25345	4.48674	1							424	0.01441									
654	39798	4.65126	0																	
365	30147	5.00000	3	31003	0.00794					335	0.08232									
900	31305	5.00000	0																	
788	28118	5.00000	0																	
347	30701	4.61918	0																	
367	41265	3.65017	0																	
373	41264	4.74832	0																	
339	32210	5.00000	5																	
622	42646	4.06182	0																	
828	34839	4.38081	5																	
618	25486	3.97005	0																	
139	42572	5.00000	0																	
569	30390	4.88754	0																	
838	43186	4.79112	0																	
81	22521	4.63859	0																	
134	35237	3.93460	1							634	0.40252									
779	24257	4.17389	0	23882	0.10701					559	0.09814									
