466	38840	4.32257	0																	
882	40552	3.27290	0	33787	0.08864															
247	37864	4.31363	0																	
548	25426	4.24375	0							82	0.12200	81	0.10932							
461	36374	5.00000	5																	
424	24049	4.41548	5	24071	0.05491	24137	0.03406	24012	0.02916	171	0.02252	618	0.00771							
58	24388	5.00000	6																	
26	31075	4.76179	0																	
181	22642	5.00000	5																	
853	39275	4.83448	0																	
330	24589	4.63870	0	24590	0.03849					784	0.03165	340	0.01011							
891	33362	4.47026	0																	
153	32385	3.77755	4							655	0.14696									
674	21266	4.76035	0																	
471	41430	4.59210	0																	
167	32600	4.39103	0																	
500	23239	3.83992	1							340	0.01231									
567	32546	2.74082	6							833	0.04103									
574	29010	5.00000	0																	
892	23765	4.47115	3																	
429	22707	4.30245	4																	
866	20896	4.31535	0																	
514	30265	3.60090	0																	
355	22652	4.52683	0																	
999	36247	4.53494	1																	
970	38445	4.76978	3																	
782	34853	2.73474	0																	
638	42748	5.00000	0																	
471	36930	4.83728	0	38908	0.02959	37073	0.02452			618	0.03645	864	0.00273							
113	23126	4.49171	0																	
142	34758	3.55960	1																	
678	43678	3.77894	0																	
360	37864	4.87733	0																	
817	32780	3.49383	0																	
869	37784	4.35180	0																	
347	24673	4.45160	0																	
982	34497	2.56776	2																	
283	24737	4.49863	4	21492	0.03410					399	0.00592									
435	23198	4.76940	0																	
79	27020	4.69294	1																	
891	39631	3.88970	0																	
574	36946	4.45996	4																	
818	22151	3.41196	5																	
811	33014	4.40851	6																	
142	36828	3.88478	0																	
292	40803	4.20205	0																	
599	30987	4.63750	2																	
631	23014	4.45256	0																	
505	22158	4.56365	0																	
424	24027	4.67910	3																	
756	42938	4.73761	0																	
663	42477	4.02725	4																	
207	41534	3.32100	0																	
415	43870	4.47562	0																	
505	22386	5.00000	0							514	0.02262									
401	25622	4.46667	0	25643	0.09809					582	0.09817									
782	32382	4.45616	2																	
911	36309	4.40366	0																	
601	30076	4.31125	0																	
471	39547	4.61277	0																	
594	30755	4.20670	2																	
499	30083	4.33121	0																	
224	31549	5.00000	5																	
88	24479	3.57126	5																	
635	25068	4.11488	3																	
478	40549	4.28171	0																	
901	39691	4.14403	0																	
340	20817	4.51126	0																	
575	24534	4.04678	1																	
696	24579	5.00000	6																	
218	23769	4.82060	0	24656	0.01870					55	0.00705									
65	42406	4.28418	1																	
578	33497	3.86914	0																	
546	36609	4.99563	1																	
676	23860	2.95862	0																	
911	40366	4.73317	0																	
478	26578	4.32047	0																	
637	33820	4.84154	0																	
403	33638	3.99239	0																	
419	24889	5.00000	0																	
414	24985	3.84953	0	21098	0.02408															
929	27470	4.50975	0																	
835	27172	4.41364	0																	
407	37857	3.82807	0																	
429	25903	4.18678	3	25040	0.00187					81	0.02226									
569	20537	4.68447	3																	
168	20179	4.75278	0																	
10	35704	3.68007	0																	
514	39078	4.18164	0																	
377	40907	4.51033	0																	
289	27543	4.85636	0	28864	0.00836					574	0.04666									
511	29684	3.53357	2																	
221	22640	4.31114	0																	
755	24386	4.62270	0																	
407	41736	4.27526	0																	
741	26163	4.83310	0																	
875	38336	4.64231	3																	
71	22688	4.36447	0																	
951	33663	4.58356	0																	
514	42114	3.61429	0																	
955	36398	4.88385	0																	
293	34901	4.45814	0																	
569	21154	4.79955	0																	
29	24559	4.82182	3	24579	0.07164					682	0.03527	381	0.01340							
500	25345	3.99657	0																	
906	39112	4.45392	0																	
19	31987	4.36262	5	30925	0.12121					195	0.10618									
848	28238	4.85175	0																	
368	32329	4.35670	6																	
512	37187	4.95330	0	33738	0.33585					89	0.09006									
594	25040	4.91442	6	21492	0.01489	41045	0.00907	21098	0.00346	340	0.04481	81	0.01502	813	0.00947					
180	28526	4.23812	0																	
283	39802	4.58574	0																	
700	32454	3.50651	0																	
813	22686	4.74966	0																	
544	31243	4.44475	0																	
356	33582	4.46310	0																	
252	27659	4.76630	0																	
431	20268	4.54935	0																	
20	24323	5.00000	3	22620	0.02399	23769	0.01633			55	0.03018									
505	26474	4.35854	5																	
842	37873	4.60752	6																	
398	36811	4.81621	0																	
587	26043	5.00000	3	23223	0.00305					983	0.04818									
322	38664	4.17003	0																	
856	21723	4.81940	5																	
615	37876	4.19718	1	37290	0.01924	37049	0.00716			107	0.06366	408	0.00421							
410	36613	3.98037	0																	
93	24533	4.59264	0																	
240	28123	4.64018	0																	
181	27741	4.82042	0																	
848	24272	4.76606	6	24290	0.15002	24270	0.04744	23356	0.02263	381	0.09351	340	0.05705	386	0.03066					
283	24339	4.60277	5																	
674	31474	4.62951	3																	
252	26894	4.76792	0																	
857	33637	4.14970	0																	
227	22475	3.91878	0							848	0.00045									
92	37290	4.13917	0	37049	0.09807	36875	0.04230	37266	0.02089	615	0.00995									
848	25663	4.70272	5							340	0.05705									
340	25872	4.50515	0																	
774	38535	4.73050	0							514	0.00846									
107	37266	4.07709	5	37876	0.03709	37664	0.02535	20019	0.02221	533	0.08384	642	0.06045	160	0.05565					
872	40464	4.88085	0																	
648	21889	3.86875	0																	
347	43184	4.47361	0																	
13	24059	4.60955	0																	
469	24579	3.26660	6	24559	0.07164					682	0.02705	381	0.01845							
124	30672	4.31332	0	24078	0.08221					382	0.06054	228	0.03505							
340	31854	4.73241	1	22164	0.03326	29717	0.02007	21098	0.01692	14	0.01758	519	0.01489	414	0.01138					
148	28050	4.87913	0																	
876	38906	4.63077	0																	
7	31637	5.00000	4																	
564	21299	3.84501	4							681	0.15274									
623	23385	5.00000	0																	
38	37881	4.56376	3																	
679	21222	4.74105	2																	
514	21061	4.13798	3	21045	0.03038					168	0.01570									
120	28807	4.91433	3																	
395	36275	2.21551	4																	
620	34314	4.45647	0																	
153	38651	3.60495	1																	
541	29762	5.00000	0	23834	0.00969					340	0.01910									
704	32748	4.03736	0																	
135	23325	4.56428	0																	
356	34290	4.36439	0																	
247	40550	4.15464	6																	
142	40306	3.60339	1							889	0.03897									
676	24384	4.79965	2	30289	0.02441					659	0.05628									
926	24486	4.82437	0																	
429	23383	4.59826	0	23271	0.01742					570	0.03517									
259	42537	3.93190	0																	
553	32789	5.00000	0																	
951	28379	4.63490	0																	
246	29950	4.27013	0																	
875	39422	4.60242	0																	
321	30620	5.00000	5																	
292	31025	4.55272	1	38098	0.01556					981	0.01841	6	0.01107							
514	41551	3.92478	1																	
369	23799	5.00000	1	23458	0.19170					266	0.45120	860	0.11418							
283	26539	5.00000	0																	
569	25182	4.79664	0																	
880	26232	3.97991	0																	
174	24881	4.13278	0																	
385	21572	4.13783	0																	
283	38910	4.61756	0																	
241	38055	4.87000	0																	
329	25913	3.84299	0																	
861	32307	4.50562	0																	
819	22139	4.96934	0																	
142	41044	3.58731	0																	
735	36245	4.10867	0																	
758	25040	4.43233	6	21099	0.00824	24361	0.00290	23852	0.00196	181	0.02496	412	0.02273	340	0.01021					
540	32137	4.72295	0																	
662	41803	4.35711	0																	
345	30862	4.57667	4																	
288	29831	5.00000	0																	
710	31637	4.57357	4																	
851	30281	4.90523	2																	
357	25421	4.05351	0																	
748	22517	4.75394	0																	
763	26075	2.78091	0	34551	0.07089	21491	0.02969			94	0.04151									
15	37795	5.00000	6																	
911	39523	4.34248	0																	
93	28990	4.54714	0																	
851	31987	4.98255	5																	
366	23232	4.88720	6	25331	0.01177					813	0.02817									
505	21354	4.58982	0																	
845	42493	4.99268	0																	
938	40675	4.20082	0																	
33	43997	4.14808	0																	
246	27497	4.34720	0																	
486	24417	4.48251	0																	
174	26142	4.21251	0																	
659	41716	3.93378	0																	
357	26275	4.94644	5																	
889	34192	4.08660	2	25259	0.01327	31903	0.01087			491	0.05373									
361	35483	4.59665	0																	
414	34287	4.54867	0																	
969	41684	3.54360	0																	
549	27276	4.70768	0																	
741	26450	4.73075	0																	
813	39065	4.58614	6	41619	0.06769					77	0.08747									
377	23109	4.45703	0																	
929	24678	4.88636	4																	
362	24424	4.12566	0																	
453	23908	4.46601	6																	
805	29955	3.98382	6																	
70	43883	4.81006	0																	
625	35942	5.00000	1	38531	0.07119					411	0.16573									
746	35913	4.91359	0																	
576	24012	4.42634	3	32210	0.00109					424	0.00300									
811	42740	4.35229	0																	
662	26476	4.40274	0																	
900	33719	4.94440	0																	
140	38960	3.35384	0							388	0.08767									
23	38098	3.83599	0							491	0.02976									
91	32529	3.72596	0																	
621	23959	5.00000	6																	
478	40607	4.30386	0																	
861	32140	4.49980	0																	
430	25331	4.56207	1																	
478	36340	4.42365	0																	
660	33855	4.00416	0																	
744	36398	4.74319	0																	
484	37880	2.37995	0																	
306	20385	4.94295	0																	
729	38304	4.89378	0																	
405	35949	4.38494	0																	
563	38264	3.52732	0																	
4	31002	4.59151	5																	
889	40745	2.95080	0	31903	0.02272	38098	0.00568			491	0.05373	142	0.03897							
26	35396	4.67158	0																	
758	24252	3.98599	3	28874	0.07949	24361	0.05757			120	0.04454	967	0.01114							
594	39311	4.59274	0																	
96	42988	4.25514	0																	
490	36332	4.51479	4	40761	0.01840					485	0.05327									
196	32109	4.59546	3							514	0.03855									
741	26872	4.71498	0																	
855	31469	3.61163	0																	
479	31082	4.83703	0																	
286	23210	4.17886	2																	
424	36930	4.58656	0	37474	0.01080					618	0.00771									
145	23753	4.76100	0																	
105	21241	4.89033	2																	
654	38578	5.00000	0																	
988	30225	4.67772	0																	
688	32114	4.91415	2																	
678	22544	5.00000	0	22543	0.00337					283	0.06211									
162	41615	4.16389	5																	
622	38717	4.78617	0																	
76	23454	4.78724	0																	
36	40961	4.28717	0																	
758	36479	4.23119	0	28874	0.13158					120	0.04454									
596	27060	4.10958	6																	
10	24620	3.61459	0							29	0.05295									
207	41675	3.33302	0																	
741	40065	4.76962	0																	
937	23443	3.72344	0	23292	0.03839															
931	44026	4.82136	0																	
514	37706	3.44032	0	32210	0.13150															
385	23712	4.14316	0																	
612	22817	4.86489	0																	
685	25308	3.57282	5																	
978	26042	5.00000	6																	
69	22203	4.14651	0																	
567	32273	4.18090	0																	
26	30579	4.72464	0																	
443	34436	3.54937	0																	
661	29672	4.72075	0																	
56	21565	4.58059	0																	
624	23256	4.72427	0																	
696	22639	5.00000	0																	
517	21817	4.52855	0																	
514	43134	4.11077	0																	
296	22584	5.00000	2																	
6	32983	4.13347	4																	
692	36331	4.25943	4																	
933	37877	3.06602	0																	
334	24331	4.24631	0																	
576	21575	3.88405	3																	
351	22438	4.76636	1																	
941	24518	4.63051	0																	
353	34350	3.60585	5																	
575	22589	4.45746	0																	
698	43790	5.00000	0																	
89	37707	4.58632	0	33738	0.09444	37187	0.05393			2	0.22136									
489	41984	4.91421	0																	
488	25331	4.00723	1																	
339	38812	4.18095	1																	
251	31474	4.78143	3																	
676	41214	3.98673	0																	
462	24626	5.00000	0																	
100	22003	5.00000	2																	
168	29296	4.61532	0																	
282	26667	4.84551	0																	
505	20707	4.60914	0																	
822	39516	4.22203	2																	
907	34752	4.81623	0																	
448	24258	4.14290	0																	
730	21816	4.71552	0																	
338	33121	4.50928	4																	
525	37182	4.16271	0																	
514	42572	4.08817	5	41045	0.01798	24651	0.01142	24534	0.00559	407	0.05589									
670	20979	4.90080	2																	
570	24610	4.32480	0																	
982	36332	4.86899	4																	
873	20011	3.61998	5																	
227	29015	3.56380	6	20316	0.44089					434	0.05479									
540	38570	4.79306	0																	
471	34675	3.69820	0																	
975	24688	4.65664	4																	
81	30169	4.63875	0																	
424	39105	3.83654	0	35253	0.04400	37793	0.03616													
932	37049	4.91564	0	37266	0.01904					92	0.04306	408	0.02252							
741	42920	4.80435	0																	
415	25369	4.78844	3																	
795	27158	4.59477	0																	
319	32537	4.28296	0																	
778	28282	4.86986	0																	
952	24137	3.96088	5																	
501	31501	3.55731	0																	
52	30159	4.81932	0																	
335	30147	4.60769	3	31003	0.03538					365	0.09792									
447	37758	4.21803	5																	
175	21221	3.77020	3	22452	0.00959					414	0.04446									
593	42681	4.06829	0																	
13	30537	4.28902	3	25093	0.03518	21033	0.01042			81	0.11066									
592	23213	4.75735	0																	
569	26047	4.72681	0																	
55	39516	3.94402	2																	
963	24317	5.00000	3																	
793	23917	3.20249	0							741	0.00186									
330	24295	3.90252	0																	
20	28013	4.74700	0																	
63	22552	4.69988	2																	
247	43398	4.28065	4																	
215	24012	4.14377	3	24071	0.09967					342	0.11176	171	0.04754	38	0.03628					
283	35584	4.55077	0																	
675	37044	4.15695	1																	
606	23103	4.41945	0																	
793	42427	3.60162	0																	
745	39123	3.78162	5																	
596	40502	3.62164	0																	
924	24634	5.00000	4																	
26	25347	4.71188	0																	
549	28108	4.77338	0																	
514	36967	4.14780	0	41045	0.00310					504	0.00525	594	0.00224							
485	25224	4.77733	4																	
464	25229	4.44449	0																	
68	34627	3.81967	2																	
987	37514	4.15924	5																	
151	22419	4.86554	0																	
407	40401	4.33459	0							514	0.05589									
594	24749	4.87623	0																	
426	37475	5.00000	0																	
951	34615	4.63821	2																	
28	37066	5.00000	0																	
441	24237	4.91608	0																	
698	27425	5.00000	4																	
794	27867	3.14197	0																	
610	30158	3.60005	0																	
904	40126	3.68270	0																	
18	23478	3.94762	0																	
248	25240	4.98208	0	25331	0.06443					827	0.01024	343	0.00242							
565	37070	3.52099	5																	
796	29965	4.67182	0																	
557	25365	4.44588	1																	
840	36110	5.00000	0																	
807	30502	4.02609	0																	
49	24761	4.43509	2	24254	0.03532					998	0.06198									
783	42972	4.49347	4																	
577	38862	4.31095	3	38926	0.00290					891	0.01041									
995	40745	4.34828	0	38098	0.00568	40525	0.00252			142	0.01907	491	0.00472							
329	34379	3.83319	0																	
909	26208	4.84851	0																	
891	38612	4.35895	0																	
381	35697	4.33193	1	24650	0.00434					227	0.01173									
283	42308	4.43524	0																	
340	20948	4.52364	0																	
522	23023	4.67554	0																	
823	20764	4.07777	0																	
421	25335	4.41050	0																	
345	32531	4.41539	4																	
238	21275	4.71044	4	32520	0.01411					334	0.04688									
162	26168	4.16500	0																	
491	37290	3.32309	0	33786	0.00749	40745	0.00273													
763	23738	3.79087	0																	
361	25331	4.60841	1																	
676	23105	3.06493	6	24046	0.03901					761	0.05304									
839	24646	4.56026	0																	
246	28507	4.39285	0																	
643	37673	3.83750	3							882	0.02676									
388	38948	4.23188	0																	
274	36186	5.00000	0																	
680	26075	4.24022	0																	
216	39658	4.69797	0																	
930	24561	3.72442	0																	
916	24472	5.00000	4																	
174	42255	4.39235	3																	
385	25463	4.05718	0																	
716	38118	3.91627	0																	
340	23688	4.55073	3	25308	0.01082					571	0.00943	81	0.00658							
646	28848	5.00000	0																	
514	41097	4.27545	1	42115	0.01699					951	0.02029									
329	22581	3.61612	4																	
504	41358	4.24646	0																	
407	37027	4.18181	0																	
77	38120	4.18806	0																	
741	22379	4.78524	0																	
880	20966	3.97626	0																	
522	28154	4.65618	0																	
21	30672	3.48434	0																	
718	36068	5.00000	0																	
588	23243	3.04678	1																	
570	26725	4.30619	0																	
538	23425	4.31980	0																	
878	35881	3.60466	1																	
407	38889	4.19709	0																	
514	24110	4.00490	3																	
136	41074	4.88857	0																	
514	29109	4.07646	0																	
366	24383	4.46303	0																	
298	32823	3.45143	6																	
588	32588	3.06528	2																	
396	43002	2.87697	3																	
514	42646	3.84239	3	37561	0.03596	41756	0.01788			654	0.01482									
468	31854	4.95445	1																	
26	34558	4.74035	0																	
175	30156	4.01434	0																	
440	22518	4.69797	0																	
541	28707	4.56808	0																	
214	35952	4.22735	0																	
511	36275	3.24052	4	35553	0.06539															
763	21275	4.43522	4	34551	0.04140	34627	0.01268	21491	0.00101	334	0.05318	94	0.04151	628	0.01279					
898	25457	4.19115	0																	
871	37199	4.77366	0																	
251	24376	4.94345	5																	
781	36943	4.10828	0																	
18	23399	4.69924	6																	
811	36001	4.27239	0																	
128	40918	4.95225	0																	
414	24986	4.49612	0																	
340	23692	4.61099	0																	
488	37668	3.72588	0																	
485	36050	3.77274	3	40761	0.05694															
414	27238	4.23284	5																	
347	41578	4.44736	0																	
570	39407	4.25167	0																	
199	39569	2.27035	0																	
64	39851	4.57896	4																	
64	40937	4.78586	4																	
22	23246	5.00000	0																	
55	38840	4.45623	0																	
34	26078	4.52973	0																	
125	30672	4.17468	0																	
194	37880	3.89504	0																	
357	25360	4.78371	0																	
281	32871	3.72464	0																	
709	27445	4.49653	0																	
974	38740	4.81038	0																	
568	30619	4.61508	0																	
262	23232	5.00000	6																	
621	23778	4.33628	0																	
431	20773	4.39952	0																	
212	29679	4.56002	0																	
50	29136	4.68790	0																	
174	24019	4.57075	6																	
385	28340	4.01049	0																	
505	28504	4.57215	0																	
386	28826	4.32143	0																	
414	25093	4.74907	0	22452	0.01807					13	0.02993									
162	27139	4.15614	0																	
514	40491	3.17341	0	38447	0.07786	41285	0.05442													
294	34687	3.99062	0																	
760	24834	4.59425	0																	
973	38846	4.62712	0																	
81	25432	4.64915	0																	
382	29684	3.81284	2	24078	0.15899	30672	0.01636	34350	0.00508											
93	24546	4.59566	0																	
735	22549	3.67278	1																	
491	20337	4.15739	0																	
319	27556	4.17043	0																	
960	36875	2.73859	0	39038	0.02165															
760	23593	4.56756	0																	
356	33346	4.69901	0																	
744	27957	4.65053	0																	
78	24368	4.11156	1																	
479	40666	4.85643	0																	
412	20063	4.61743	6	21492	0.00123					340	0.00184									
125	32167	4.80057	0																	
546	34422	4.82587	0																	
266	25516	4.83392	0																	
254	24749	5.00000	0	32839	0.00569					567	0.06842									
144	21254	4.89943	4																	
418	40401	5.00000	0																	
42	40491	3.30302	0																	
570	24127	4.30418	0																	
607	42760	4.85780	0																	
680	26476	4.97422	0																	
231	28938	5.00000	1																	
61	21098	5.00000	6																	
381	24316	3.54816	0	24290	0.01179	22533	0.00617													
2	41633	3.18377	0																	
507	39053	4.23068	0																	
340	35227	4.51221	0																	
614	40745	4.30404	0																	
81	27752	4.67663	3	28026	0.01902	25451	0.01709			567	0.02916									
410	22533	3.98532	0							848	0.01776									
15	38842	4.83188	3																	
180	28689	4.29011	0																	
738	43274	4.93034	0																	
665	24090	4.59542	0																	
866	34369	4.18428	5	30147	0.04421					365	0.02814									
460	22083	4.84027	0																	
983	24239	5.00000	0																	
870	31460	4.02699	0																	
672	34351	4.94750	0																	
653	42477	4.44547	4																	
464	25501	4.34484	0																	
102	32296	4.41010	0																	
595	43863	4.26928	0																	
55	27438	5.00000	3																	
713	24410	5.00000	2							471	0.02690									
848	33611	4.41821	0																	
891	39437	4.30199	3	38862	0.02128	38246	0.01258			466	0.08874									
92	35952	5.00000	0																	
608	21492	4.67009	2																	
538	20497	4.45232	0																	
982	34877	3.48410	5	37065	0.00824															
868	39649	4.89062	0																	
175	22705	4.31586	3																	
381	26237	4.38773	3																	
504	37363	4.26304	0																	
58	29684	4.05557	2	34350	0.00508															
282	36471	4.82249	0																	
570	23357	3.94822	0							848	0.02485									
653	22554	5.00000	1																	
408	41086	4.54180	0	38098	0.00638					292	0.00575									
312	30972	4.53241	0																	
0	30279	4.67550	0																	
194	26912	4.20172	0																	
214	32515	5.00000	3																	
103	32210	4.71024	5							424	0.01974									
387	26099	3.53137	0																	
324	40921	4.41487	0																	
696	40572	4.77188	2																	
882	20055	3.75386	3							569	0.05485									
562	39857	3.63609	3																	
276	43685	4.07646	0																	
531	32692	4.82720	0																	
575	23335	4.42525	0																	
734	30926	4.95056	0																	
3	39166	5.00000	0																	
562	41837	4.24470	0																	
152	23863	4.33105	0																	
738	29048	4.92762	0																	
860	25063	4.85732	1	24004	0.08155	30833	0.02478	25031	0.01451	14	0.10070	491	0.04293	375	0.04061					
950	38100	4.90598	0																	
117	24039	5.00000	0							160	0.01738									
59	30722	4.17938	0																	
723	23900	3.95915	5	34839	0.00969					81	0.03130									
563	36331	4.22932	4																	
441	23093	4.93333	3																	
818	35817	3.87352	2																	
291	35371	4.14704	0																	
259	41879	3.97408	0																	
4	31007	4.44910	0																	
953	42756	4.86611	0																	
569	30390	4.73513	0																	
645	24559	2.94967	3																	
410	24650	4.39072	4	23481	0.00537	24367	0.00382			227	0.08809	681	0.04865							
172	36566	5.00000	0																	
377	35047	4.56208	0																	
504	38241	4.10556	6																	
3	30818	5.00000	3																	
171	21279	4.67726	3																	
761	34888	4.52235	0																	
13	25903	4.11515	3	21071	0.02329	25093	0.00777	25096	0.00640	81	0.11066									
451	24576	4.22839	0																	
70	33649	4.86051	0																	
202	39012	4.05118	5																	
295	31459	4.85934	0																	
72	34422	4.86541	0																	
181	31131	4.83605	0	23900	0.02346					330	0.01572									
792	24650	4.78429	4	26645	0.00454					105	0.03766									
133	23137	4.62418	0																	
422	21443	4.21684	0																	
676	23335	3.85741	0	23370	0.05319	22476	0.03825			410	0.10547									
774	22517	4.03572	0																	
613	33874	4.81259	0																	
741	42081	4.70521	0																	
215	25308	4.52869	5																	
569	20361	5.00000	2																	
483	26042	4.21189	6																	
76	39891	4.80000	0																	
347	23978	4.52973	0																	
403	24268	4.06061	6							340	0.01260									
963	39535	4.25020	2	40447	0.03147					176	0.01298									
561	33637	4.59154	0																	
340	23243	4.35099	1	21098	0.02034					13	0.00391									
741	25218	4.82840	0																	
162	30250	4.22229	0																	
898	28769	4.21019	5																	
641	23300	4.82035	5																	
321	42402	4.91748	4																	
448	27373	4.10228	0																	
176	37411	3.67182	0																	
570	24571	4.36689	0																	
718	27987	5.00000	0																	
339	32139	4.32470	0																	
55	38098	4.44225	0																	
92	34791	5.00000	5	37049	0.02170	37266	0.01892	37297	0.00958	160	0.05472									
283	42553	4.49349	0																	
397	20063	3.71672	6							654	0.06036									
866	28245	4.25237	0																	
162	26382	4.34047	1																	
340	24803	4.57904	0																	
240	22421	5.00000	2	22356	0.07713	26544	0.04175	22323	0.02029	522	0.31048									
216	38260	4.61515	0																	
815	38086	4.73670	0																	
565	29684	3.62404	2																	
855	41345	3.69883	1																	
591	22553	5.00000	1																	
444	35000	4.30309	0																	
442	23739	4.24196	0																	
367	35775	2.73808	5																	
362	30165	4.76585	0																	
284	24817	4.70802	0																	
316	27454	4.78812	0																	
436	36988	4.03081	0																	
337	31976	4.49332	0																	
505	28782	4.11041	3																	
106	25308	4.93538	5																	
594	22371	4.62803	5	21098	0.03763	32579	0.02639	22452	0.01192	175	0.03275	278	0.00395							
427	38135	4.79652	0																	
196	34586	4.23016	0																	
880	40462	3.83992	0																	
14	23358	4.89983	1																	
122	30975	4.35388	2							491	0.04866									
873	37199	4.44320	0																	
593	27008	4.11904	0																	
648	40256	3.27057	0																	
234	43248	4.78886	0																	
421	30618	4.52403	0																	
860	31469	4.24410	0																	
340	38118	4.53038	0																	
299	25489	4.55386	0																	
820	35866	4.57181	6																	
88	29773	4.48425	5																	
408	41075	4.38320	0	37266	0.01215	38119	0.00561			142	0.02076	117	0.01898							
340	25645	4.58191	0																	
620	21298	4.55560	0																	
539	24641	5.00000	2																	
283	40947	4.52027	0																	
514	35116	4.08928	0																	
470	24359	4.81703	0																	
153	42420	4.10742	0																	
511	35274	4.35425	0																	
741	29122	4.76315	0																	
35	30708	4.73567	0																	
376	25335	4.05751	0																	
494	29996	5.00000	3																	
866	28145	4.25158	0																	
433	25917	4.08448	0																	
585	32873	3.74052	0																	
480	39639	4.24478	0																	
549	21763	4.84028	0																	
105	35093	4.72926	0																	
521	20096	4.33335	0																	
108	24290	3.44313	0							848	0.01320									
478	32882	4.31615	0																	
227	32116	3.50267	4	24650	0.02087					681	0.00362									
888	27040	4.66379	0																	
403	34839	3.91716	5							81	0.02666									
219	39986	4.28968	0																	
362	21533	4.94291	4																	
848	33247	4.42539	0																	
888	31900	4.67248	0																	
882	35748	3.90231	0	20328	0.03409	38098	0.01182	39599	0.00824	292	0.03709	401	0.03335							
215	34266	3.96130	0	21275	0.01665					94	0.04054	628	0.00542	424	0.00245					
393	37043	4.05162	0																	
741	21098	5.00000	6	25071	0.03227	25040	0.00346			832	0.03431	340	0.02616							
588	31523	3.45086	0																	
635	39163	4.66162	4																	
338	20406	4.64254	0																	
50	22374	5.00000	0																	
760	24491	4.55443	0																	
369	24004	5.00000	0	23458	0.01561					860	0.11418									
470	23955	5.00000	0																	
181	28542	4.84416	0																	
552	37102	4.94022	0																	
740	37970	2.79907	0																	
934	37308	3.92344	0																	
575	31380	4.41493	0																	
40	37758	2.09981	5																	
174	38429	3.64127	6																	
377	23732	4.56392	0																	
478	26090	4.35399	0																	
54	37297	2.16094	5							160	0.13283	92	0.05691	446	0.03563					
795	24794	4.75168	5																	
463	21455	4.73403	0																	
389	21628	4.08725	0																	
543	36946	3.83165	4																	
618	33414	4.03116	0																	
98	22561	4.85520	6																	
913	40027	2.95245	2																	
319	23264	3.78773	0																	
314	43137	4.51271	0																	
303	34791	3.52740	5																	
93	24391	4.81437	5																	
927	34627	3.45560	2																	
875	32116	4.14982	4																	
19	31026	4.60263	3	30925	0.07214	31462	0.03781			879	0.09563	882	0.00315							
254	21531	5.00000	5	29970	0.02510					160	0.08384									
14	22605	4.70484	0																	
891	21917	4.57419	4	37259	0.13980	24656	0.00351			709	0.05136	105	0.02416							
514	37322	4.18411	0																	
888	37144	4.60050	0																	
385	28732	3.97099	0																	
142	34321	3.99597	0																	
703	25039	4.79063	2	25040	0.01285					429	0.02917	81	0.00520							
739	43478	4.22097	0																	
610	35323	3.56107	0																	
385	35952	3.39502	0																	
105	24776	4.66555	0																	
672	41048	5.00000	0																	
501	41952	4.53090	0																	
498	33241	4.71486	1																	
763	33077	4.30743	2																	
70	37389	4.79245	0																	
25	41322	4.90841	0																	
522	28511	4.32558	0	26526	0.12913	26530	0.01595	24442	0.01077	330	0.15605									
383	26314	4.58895	0																	
866	23615	4.18763	0																	
595	24006	4.13894	0																	
338	21951	4.67895	0																	
50	21257	4.76201	0																	
897	28782	4.15206	3																	
356	33700	4.60512	0																	
935	21258	4.60229	4																	
259	42781	3.69729	6																	
597	24625	5.00000	0																	
172	38161	5.00000	0																	
519	32897	4.51070	0																	
817	26645	4.44074	4	29761	0.07920					376	0.11111									
141	20937	3.79054	0																	
965	23223	4.70422	4																	
961	20600	3.57172	0																	
933	37065	4.96894	0																	
320	37269	4.70164	0																	
441	24050	4.53665	5	28250	0.00696					424	0.01285									
478	35346	4.41580	0																	
610	34439	3.51763	0																	
575	25779	4.38339	0																	
50	42600	4.76134	1																	
585	35437	3.74557	0																	
882	26063	4.00840	0																	
523	20597	4.42257	6																	
620	26705	4.54542	0																	
795	29851	4.49336	0																	
590	32220	3.89715	2	31462	0.01089					19	0.06506									
13	23494	4.48499	5																	
390	28320	4.74320	0																	
501	25273	3.62358	0																	
891	38807	4.44699	0																	
93	21979	5.00000	6																	
340	37504	4.50884	0																	
514	39538	4.02311	0																	
963	23769	5.00000	0	23624	0.03024					55	0.02638									
141	35850	3.79262	0																	
246	23941	4.34603	4																	
882	20995	3.92600	0																	
710	24137	4.08804	5	24071	0.07965					171	0.04897	38	0.01459	424	0.00600					
627	40386	5.00000	2																	
985	24361	4.91471	6							340	0.01345									
170	43341	4.57801	0																	
779	23651	4.17117	1																	
90	24924	3.40044	5							926	0.30685									
26	21973	4.72135	0																	
575	25851	4.45050	0																	
182	29421	4.04557	0																	
761	43520	4.63148	0																	
907	32899	4.83081	0																	
425	39533	4.68389	0																	
396	41045	3.03382	3							514	0.01093									
283	21883	4.54506	0																	
873	42498	3.47096	1																	
6	37569	4.23332	0																	
504	28505	4.04084	0																	
842	31887	4.34935	0																	
379	28197	4.64503	0																	
137	31433	4.84319	0																	
380	41886	4.53158	0																	
882	21481	3.96224	0																	
643	34568	3.28895	0	35906	0.06866															
469	24048	3.31754	5							227	0.04376									
459	38735	3.65107	3																	
558	25622	4.31432	0																	
540	32098	4.84996	0																	
785	29877	4.30873	0																	
505	20256	4.64168	0																	
438	24049	4.31687	5																	
844	32798	4.93690	0																	
222	33312	4.69138	0																	
979	27909	4.57152	0																	
873	33027	4.55693	5																	
170	36624	4.64877	0																	
78	22141	4.09589	0																	
385	21368	4.08351	0																	
407	36258	4.23254	0																	
524	37661	4.77503	0																	
202	20490	4.12311	0																	
4	31652	4.50642	0																	
865	41670	4.87111	0	41581	0.00576					514	0.03391									
75	24655	4.00985	3																	
570	22439	3.86467	0	29762	0.00834	25879	0.00116			340	0.09675									
828	21901	4.38456	0																	
285	26705	3.56775	0																	
120	35965	5.00000	2																	
866	20993	4.32226	5																	
804	23902	4.47935	0	37882	0.02145					566	0.08929									
808	22129	4.56859	0																	
443	25259	4.83198	0	40586	0.02172					292	0.05626									
789	23335	4.94423	0																	
569	20364	4.74002	0																	
633	31480	4.05571	0																	
813	32084	5.00000	1																	
547	27310	4.44000	0																	
705	30672	3.87032	0	24078	0.08221	23086	0.01623			568	0.17870	228	0.01590	382	0.00928					
532	24691	4.78812	0																	
358	23799	5.00000	1	24004	0.01562					860	0.03173									
710	31663	3.44740	4																	
288	30201	5.00000	0																	
160	36987	2.66031	0	37297	0.01321															
575	23602	4.37629	0																	
340	23657	2.75429	0	24361	0.05400	21492	0.03407													
146	26305	5.00000	2																	
227	32455	4.18523	0																	
53	40387	3.88053	0																	
329	25090	3.79427	0																	
348	23368	5.00000	5																	
335	31788	4.37235	0																	
866	28147	4.25933	0																	
575	24591	4.42839	0																	
954	34438	3.32889	0																	
197	22192	4.74451	0																	
326	28272	3.30601	0																	
746	41861	4.94882	0																	
932	36566	5.00000	0																	
471	39535	4.12198	2	40447	0.03147	35697	0.02624			176	0.00837									
82	32933	4.28242	0																	
873	31744	4.40832	3	27227	0.04100					567	0.06478									
691	30198	3.44915	0																	
581	32938	4.39687	0																	
175	23923	4.16250	0																	
514	23947	4.16899	0																	
385	21267	3.54939	4																	
819	22151	4.57753	5																	
900	31305	4.95865	0																	
320	25321	4.22753	4																	
385	27983	4.07947	0																	
501	26652	4.57633	0																	
424	21275	4.94864	4	24071	0.07137	21522	0.01970	34266	0.01665	805	0.01634	94	0.00381	215	0.00245					
397	20667	4.10083	0																	
485	23434	4.76476	1																	
280	26996	4.81176	0																	
145	25040	4.99610	6																	
570	43800	4.25653	0																	
280	27964	4.83225	0																	
222	25009	4.71948	0																	
162	37833	4.20525	0																	
71	26490	4.32188	0																	
246	26446	4.29903	0																	
741	20110	4.73607	0																	
807	24696	4.07802	1																	
903	43655	4.84482	0																	
918	31269	4.25705	0																	
486	32084	4.76587	1																	
283	24953	5.00000	4																	
377	35233	4.43446	0																	
239	34978	5.00000	0	30672	0.04627															
893	39637	4.50941	0																	
627	37053	5.00000	5																	
82	32471	4.27306	0																	
734	33781	4.84694	0																	
358	37178	4.67573	0																	
873	42565	4.46843	0																	
391	20385	4.84150	0																	
424	37926	4.48416	0																	
538	28072	4.29408	0																	
19	24729	5.00000	2																	
583	43548	4.32431	0																	
81	24534	4.20971	1	21071	0.00387	21033	0.00294	34839	0.00142	13	0.11066	514	0.00433							
531	30465	4.74406	0																	
283	42605	4.53273	0																	
575	31728	4.36607	0																	
616	23908	5.00000	6																	
779	20136	4.47870	0																	
335	32412	4.37610	0																	
275	36846	4.66474	0																	
455	33529	4.46248	0																	
87	35338	4.13218	0																	
983	42232	4.75950	0	24681	0.00300					70	0.08805									
272	38407	4.09731	0																	
648	37943	3.71402	0																	
86	39203	4.67027	5	25065	0.01361					146	0.01196									
816	31848	4.81060	0																	
925	25895	2.83676	0																	
553	31501	3.93878	0																	
35	41915	5.00000	0																	
340	25866	4.49411	0																	
780	29672	4.95952	0																	
928	21125	4.56972	0																	
174	31972	4.13997	0																	
205	24044	5.00000	5																	
680	36111	4.95702	0																	
142	34765	3.92776	0																	
989	37134	4.41753	3																	
984	26393	3.89863	0																	
510	24208	4.74572	0																	
484	24579	2.80806	6																	
743	42255	4.64085	3																	
105	21289	4.68595	0																	
19	24650	4.75057	4																	
360	22584	5.00000	2																	
703	21492	4.72550	2	25040	0.01489	37758	0.00190			429	0.02917	340	0.01163	424	0.00413					
514	42258	4.21763	0																	
866	32128	4.24320	0																	
207	23244	3.21829	0																	
410	24478	4.09143	0																	
813	24866	4.80224	0																	
144	24749	5.00000	0																	
514	42044	4.20164	0																	
426	35974	5.00000	0																	
102	24687	4.54042	0																	
540	32319	4.80442	0																	
88	28534	2.83006	3																	
49	22366	4.41392	0																	
164	33313	4.50908	0																	
525	32546	2.11131	6																	
218	21504	4.45405	0																	
985	27806	4.63896	0																	
406	24289	4.78039	4																	
414	21792	4.49701	0																	
230	29944	4.73072	0																	
813	29686	4.69159	0							283	0.01733									
688	20352	4.54613	0																	
575	29762	4.88860	0																	
944	29574	4.68027	0																	
501	34266	4.36924	0																	
254	33643	4.95170	0																	
432	24749	4.76209	0																	
202	35493	4.17824	0																	
873	37784	4.29053	0																	
26	37421	4.77952	0																	
641	29925	4.51257	0																	
634	28858	4.75329	0																	
495	28722	3.86529	0																	
464	25310	4.90277	6																	
489	35447	4.86742	0																	
505	20717	4.61417	0																	
882	38527	3.33541	3																	
29	24797	4.85949	1																	
570	27565	4.45720	0																	
471	39850	4.62810	5							424	0.02665									
870	34434	4.85167	0																	
644	27543	4.92197	0	21238	0.03488					574	0.11411									
610	35321	3.65510	0																	
107	30364	4.34994	0																	
695	24071	4.17792	5	24012	0.09967	24137	0.07965			38	0.05060	171	0.04749	342	0.01523					
403	28874	4.14199	1							758	0.06789									
745	39269	3.62022	0	38315	0.07381					331	0.05216									
658	38610	4.52136	0																	
852	43344	3.65698	0																	
374	38109	3.03823	0																	
132	28274	3.61581	5	23852	0.03177					317	0.03862									
859	26880	4.47838	0																	
356	23852	4.38269	2																	
181	33066	4.93341	0																	
538	25065	3.97741	1	22727	0.02757					835	0.17855									
28	37296	5.00000	0																	
602	25331	4.84292	1	25240	0.06443	21522	0.03954			827	0.05161	343	0.05085							
514	42848	4.15438	0																	
20	24410	5.00000	2	24085	0.03589					334	0.06808	471	0.02987							
990	37049	4.94964	0	38233	0.02148					408	0.19015									
411	35746	4.32833	6																	
594	28109	4.81609	4																	
356	33510	4.41500	0																	
968	35952	3.86263	0																	
71	38268	4.87452	0																	
449	25510	4.42948	0																	
76	33502	5.00000	0																	
249	38098	4.67177	0																	
208	37758	2.93357	5																	
676	42701	4.07631	0																	
107	35775	3.28474	5																	
184	41583	4.28519	0																	
999	30612	4.57569	1																	
598	35634	4.07451	6																	
741	26406	4.71553	0																	
772	24365	4.95083	5	30612	0.02261	24484	0.01218			227	0.07329									
898	43890	4.21387	0																	
745	39272	4.51895	0																	
891	37202	4.45124	0																	
357	20798	4.81834	0																	
536	24071	4.21033	5																	
589	40147	4.25648	0																	
283	23886	4.65750	0																	
388	41111	4.31980	0																	
935	22561	5.00000	6																	
292	29717	4.60729	0	24039	0.01299	22004	0.01115	25259	0.00821	491	0.11256	14	0.05082	377	0.03822					
880	27257	3.88776	0																	
873	41621	4.45889	0																	
200	39054	3.12198	0																	
334	35021	4.11608	6																	
594	25574	4.35865	0																	
89	37916	4.51033	0																	
82	30891	4.36620	0																	
270	41325	4.76629	0																	
485	36875	3.33013	0	40761	0.01206															
17	38735	4.88496	3	36875	0.00465					490	0.00255									
790	24666	5.00000	2																	
918	20595	4.65692	4																	
640	40583	4.73226	0																	
437	23902	4.49815	0																	
879	28126	5.00000	3	31026	0.05283	31462	0.02851			882	0.10616									
437	38223	4.09106	0																	
377	29450	4.51393	0																	
456	28026	4.81551	3																	
292	40745	3.11898	0	32677	0.02312	25031	0.01272	37043	0.00761	491	0.11256									
338	25308	5.00000	5																	
618	30748	4.10330	3																	
81	24503	4.56270	0																	
866	23697	4.43195	2																	
290	42365	4.90111	0																	
925	23221	2.37554	0																	
648	37794	3.38301	5																	
377	35393	4.79024	0																	
812	28044	5.00000	1																	
393	38345	3.99109	0																	
740	35906	3.37864	1																	
779	24397	4.45608	0																	
44	31858	4.46851	4																	
563	37785	4.38047	0	38894	0.06064					895	0.33456									
507	37707	4.66793	0																	
703	23337	4.68898	4																	
213	24761	4.49883	2																	
551	24360	4.36573	4																	
570	24609	4.28509	0																	
865	20193	4.68814	0																	
313	23448	3.55334	0																	
328	37266	4.09134	5	37297	0.02150					92	0.01346	160	0.01110							
48	28762	5.00000	0																	
192	34834	4.58168	0																	
490	38531	4.45036	1							625	0.06076									
433	29937	4.09055	0																	
951	42279	4.53428	0																	
570	28228	4.58148	2	28468	0.01238					721	0.05159									
363	34199	3.72532	4																	
96	36695	4.20844	0																	
126	42606	4.96975	0																	
382	25369	5.00000	3																	
490	41845	3.60615	4	42645	0.05849					64	0.05521									
25	39965	4.78525	0																	
514	40117	4.19429	0																	
424	42760	4.39536	0																	
41	21256	4.66342	0																	
889	41456	4.12477	0																	
39	22552	4.78641	2							340	0.00077									
26	26347	4.75966	0																	
737	25522	4.19435	3																	
414	31388	4.57255	0																	
517	20467	4.53541	0																	
12	40491	3.05404	0																	
131	35117	4.58433	0																	
436	28845	4.29619	2							491	0.02844									
648	40229	3.90856	0																	
142	36887	4.18241	1	38084	0.04341					97	0.11685									
429	21127	4.27792	2	21492	0.02694					977	0.01628									
81	22654	4.63622	0																	
514	32409	4.06831	0																	
320	21554	4.60720	6																	
676	20891	4.49005	3	27469	0.00446					880	0.04416									
875	33726	3.86684	0																	
280	26261	4.75250	0																	
185	34082	3.98211	0																	
55	30147	4.68172	3							853	0.00187									
145	23947	4.70044	0																	
997	24915	5.00000	1																	
466	38105	3.59501	0																	
959	26656	5.00000	1																	
161	30531	4.27177	0																	
519	22972	4.69388	5																	
249	37642	4.68692	1																	
620	38851	4.45795	0																	
283	24338	4.28212	1	28401	0.04163	22524	0.00809	28817	0.00747	340	0.03681	918	0.03082							
26	32027	4.78265	0																	
505	31066	4.99533	0							283	0.04644									
292	24278	4.16890	0																	
339	37263	3.45394	0																	
274	26743	4.83418	0																	
721	23403	4.43381	2																	
283	20435	4.56313	0																	
562	36495	4.11713	2																	
660	23436	3.85126	0																	
466	38185	4.35407	0																	
142	33738	3.58765	0																	
882	35398	4.00282	0																	
994	37425	4.19572	0																	
514	26535	4.26626	5																	
656	36460	4.40835	0																	
156	30243	3.30240	5																	
890	36068	4.40303	0																	
918	34705	4.33836	0																	
763	25039	4.12992	2																	
689	21874	3.86664	0																	
446	37565	4.63158	0	37254	0.09985	37297	0.00757	36875	0.00107											
82	27721	4.36041	0																	
244	22703	3.72261	0																	
569	29904	4.75239	0																	
990	37564	4.59110	6																	
169	40277	5.00000	0																	
81	22521	4.63404	0																	
885	38457	3.43600	0																	
643	34456	4.64861	0	35906	0.04387					62	0.00802									
535	30716	2.74288	0																	
175	21624	4.41673	6	24272	0.00850					340	0.02677									
312	31057	4.56041	0																	
397	21123	3.94390	0																	
495	24149	4.83764	0																	
986	28939	4.49590	3							568	0.10811									
486	34616	4.53463	1																	
196	23113	4.15199	2																	
708	34069	4.12574	0																	
162	20459	4.25939	0																	
142	38098	3.52721	0	40525	0.03459	37049	0.01717	40745	0.00568	882	0.04078	889	0.03897	408	0.02076					
79	39670	4.99567	6																	
688	25664	5.00000	5																	
346	42477	4.62529	4	39535	0.07119					176	0.05230									
149	41753	4.56606	0																	
843	40709	4.84037	0																	
283	25012	4.45702	0																	
672	41354	5.00000	0																	
101	35000	3.78020	0																	
340	20656	4.46837	0																	
674	23637	4.98347	6																	
768	25331	4.63560	1																	
980	37204	4.02702	0																	
514	44006	4.19156	0																	
81	24478	4.53569	0																	
283	40463	4.57226	0																	
377	26369	4.58824	6																	
330	26563	4.36615	0																	
793	30732	3.50590	0																	
137	24624	4.38676	0	24656	0.03111	22620	0.02481			20	0.01963	429	0.01505	848	0.00303					
452	37689	4.32981	0																	
669	23335	3.67496	0	23370	0.05319	23448	0.04091			410	0.15106									
532	24438	4.60767	0																	
741	35663	4.75696	0																	
335	24427	4.82572	2																	
702	40918	4.77033	0																	
903	41460	4.59549	6																	
770	41794	4.39050	0																	
340	22452	4.38064	5	20609	0.03953	25509	0.03419	21098	0.02296	594	0.04481	175	0.02677	414	0.01138					
107	37071	3.87942	1																	
340	26076	4.37894	2	24593	0.15960	23399	0.10178	24589	0.07407	784	0.04862	810	0.00597							
142	35182	4.01014	0																	
659	37611	3.91287	0																	
664	26276	4.17732	0																	
676	23476	4.10250	0																	
283	34934	4.59249	0																	
531	29929	4.82419	0																	
941	25015	4.83582	0																	
13	23417	4.50810	0																	
209	26011	4.32694	0																	
772	24438	4.62723	0																	
569	20057	4.85303	1																	
540	40222	4.76071	0																	
29	40949	4.37347	0																	
917	22896	4.71014	0																	
361	21511	4.86105	6																	
109	24653	4.83286	2																	
514	42521	3.52547	2																	
583	42188	2.64427	0																	
168	21841	4.72417	0																	
754	29885	4.81405	0																	
694	25331	4.19176	1																	
558	26042	4.37378	6																	
408	39038	4.44651	0	38119	0.10219	37664	0.02052	37876	0.01039	960	0.04165	566	0.02229							
813	23245	4.97363	5																	
623	29481	4.78389	0																	
340	24511	4.49614	0																	
341	28965	4.37657	0																	
610	31024	2.31286	0																	
68	32126	3.90160	3																	
250	23448	3.98196	0	23560	0.02182					669	0.05435									
175	39701	4.07968	0																	
182	28007	3.71595	0																	
469	40572	2.92307	2							893	0.02940									
14	25494	4.62013	0																	
414	35001	4.59490	0																	
266	41253	4.62914	0																	
966	26449	4.50752	2																	
965	24969	4.50599	0																	
554	35779	4.38501	0																	
594	32021	4.43514	0																	
264	36674	3.94736	0																	
397	33094	4.00169	0																	
283	43490	4.60192	0	42655	0.03262					70	0.04219									
322	22305	4.25843	0																	
120	22332	4.73760	2																	
335	33681	4.37317	0																	
276	24558	4.17971	0																	
773	31136	4.82519	0																	
514	39311	4.11064	0																	
518	25703	4.77026	4	32564	0.10048	25698	0.08279			32	0.91721									
396	42527	2.61135	2																	
81	21517	4.68443	1																	
340	27285	4.87157	3	40513	0.02365	21098	0.00397			414	0.01138									
81	35551	4.43858	3	34839	0.00477	38908	0.00276			407	0.01221									
570	34525	4.28991	0																	
348	42739	4.89014	0																	
664	30243	4.28929	5																	
465	20361	5.00000	2																	
146	40745	3.95871	0	25269	0.01908					430	0.06260									
514	42161	3.54115	4	42115	0.01611					951	0.02029									
250	23481	3.20139	0	23560	0.07845															
340	20674	4.21418	4	21492	0.00384															
291	32603	4.67846	0																	
740	33266	1.00000	0																	
594	38406	4.78193	6	23403	0.02118	25308	0.01374	23399	0.01012	340	0.04481									
401	29996	4.67961	3																	
162	41586	4.16662	0																	
963	39007	4.66516	0																	
509	33304	4.30726	0																	
414	21492	4.78444	2	21098	0.01040	22452	0.00148			594	0.01914	340	0.01138							
168	21044	5.00000	1																	
173	21968	4.64224	0																	
286	23220	4.19402	0																	
308	34492	4.85383	0																	
15	38198	5.00000	0																	
941	23831	4.53281	1																	
824	27969	3.45563	2																	
283	21855	4.91693	6	28817	0.00599	22524	0.00234			340	0.03681									
9	30708	4.83482	0																	
139	41325	4.18137	0																	
514	37300	4.12091	0																	
521	25358	4.19622	1																	
301	21335	4.43254	0																	
37	41285	4.19188	4																	
36	41837	3.81825	0																	
761	37394	4.52683	0																	
102	37099	4.54021	0																	
70	40476	4.79121	0																	
511	23020	4.36230	0																	
109	26078	4.37197	0																	
410	42885	3.16819	0																	
969	24794	4.62989	5																	
838	41519	4.84055	0																	
44	30281	4.28672	2																	
793	41017	2.32413	0																	
677	41559	4.49162	0																	
904	40436	4.00059	0																	
424	34910	3.11063	0	24137	0.05301	23624	0.04343	34350	0.03923											
808	26312	4.80817	0																	
559	29914	4.24115	6	24257	0.08938					809	0.14104									
661	22656	4.37608	6																	
423	22571	4.37299	0																	
81	21037	4.66939	0																	
951	41151	4.50107	0																	
891	36825	4.79871	5																	
955	28448	5.00000	3																	
291	37729	4.17711	0																	
319	20653	4.33126	0																	
866	20990	4.49561	3	29931	0.09840					248	0.09637									
918	41179	4.27463	0																	
620	40102	4.45801	0																	
474	25216	3.57537	1																	
231	24606	4.74536	0																	
21	40339	3.23136	0																	
951	38694	4.64015	0																	
700	21594	3.27451	0																	
201	28683	3.03193	2																	
514	41163	4.14440	0																	
134	35237	3.93595	1	33055	0.03679					634	0.43811									
388	36624	4.30246	0																	
164	37067	5.00000	6																	
316	41210	4.91049	1																	
257	24027	4.96887	3																	
648	39529	3.61772	4																	
177	43032	2.92617	0																	
26	27616	4.68033	0																	
405	31609	4.75556	3							567	0.03391									
143	24797	5.00000	1																	
292	38253	3.77703	5																	
893	32454	4.60701	0																	
340	24655	4.01018	3	22164	0.02747															
506	29999	3.31823	0																	
514	39812	4.20274	0																	
340	25278	4.62564	1	25662	0.03445	25791	0.01262	25365	0.01178	50	0.04316	468	0.00285							
727	28372	4.47837	0																	
761	40447	4.64389	2	24666	0.00494					471	0.06068	227	0.05821							
588	32057	3.35517	1																	
401	36290	4.25746	0																	
39	41343	4.96643	0																	
82	25427	4.64004	3							81	0.06453									
334	30672	4.29024	0							890	0.07989	853	0.01162							
29	33409	4.40629	0																	
268	22888	5.00000	0																	
320	33952	4.63622	0																	
443	38881	4.72371	0																	
527	25351	3.88759	0																	
514	24071	4.45188	5	36076	0.06345	41285	0.00267	36086	0.00204	424	0.05308	342	0.00742							
81	28266	4.88541	2																	
406	25635	4.54145	0																	
896	31235	4.17138	3																	
697	42329	3.72127	0																	
514	39626	4.09628	0																	
633	24131	3.99754	0																	
290	24657	4.76467	0																	
479	41613	4.82970	0																	
334	22736	4.13274	0																	
319	20560	4.28993	0																	
741	20097	4.68184	0																	
911	36442	3.48196	2																	
744	36502	4.78722	0																	
810	39277	4.91487	0																	
334	32385	4.02458	4																	
564	35697	4.26345	1																	
72	38437	4.36816	1																	
340	25060	4.46168	0																	
566	24749	5.00000	0																	
570	36224	4.28858	0																	
742	25039	4.75821	2																	
894	21554	4.86182	6																	
848	24627	4.41935	0																	
501	37269	4.68949	0																	
181	22536	5.00000	1																	
595	43658	4.41868	0																	
933	29684	3.66609	2																	
238	23769	4.54278	0																	
2	29773	2.96551	5																	
647	22862	4.17643	0																	
948	39181	4.63461	0																	
745	39331	4.52443	0																	
89	36402	4.90623	0	36186	0.09804	37187	0.02614			815	0.34875									
109	29281	4.38705	0																	
26	39077	4.69103	0																	
767	34762	3.98730	1																	
779	23565	4.56782	0																	
292	37266	3.45221	5	22004	0.03653	25031	0.01889	24039	0.01807	160	0.02347	364	0.01536	408	0.00575					
501	26275	4.79562	5																	
70	40682	4.80164	3																	
524	40264	4.90904	0																	
634	21230	4.80169	0																	
491	23887	4.25643	0																	
933	37758	4.45183	5																	
944	24045	5.00000	0																	
548	25427	4.56242	3							81	0.10932									
354	43943	4.72350	0																	
340	24646	4.20128	0	31066	0.00966	24361	0.00667	25040	0.00118	283	0.03681	501	0.00365							
703	24611	4.57675	0																	
902	38380	4.88668	0																	
123	38986	5.00000	5																	
0	37254	3.77338	1																	
792	23852	4.80293	2																	
318	26695	4.98473	1																	
782	32632	3.83189	0																	
355	33474	4.93712	0																	
811	41947	4.28708	5																	
793	36287	3.50959	0																	
796	29975	4.96709	6	31876	0.03753	26043	0.00363			631	0.11212									
93	24579	4.41834	6	24559	0.07164					682	0.09785	381	0.02734							
594	25068	4.31132	3	21098	0.02030	22452	0.01612			414	0.01914									
570	24770	4.29574	6							501	0.05785									
686	21058	5.00000	5																	
29	35697	4.23790	1																	
983	36134	5.00000	5	25031	0.04728					364	0.02746									
847	26274	4.60221	5																	
342	30387	3.96189	3																	
60	20967	4.81478	0																	
777	24843	3.79209	0																	
202	31303	4.17835	0																	
81	27768	4.56280	0																	
4	22727	4.67002	5																	
0	32672	4.90074	0																	
538	22722	4.17541	5	22727	0.01459	20916	0.00654			334	0.05505									
878	37049	4.03183	0							566	0.03657	92	0.01718	142	0.00216					
461	37130	4.76041	0																	
779	23789	4.52838	0																	
677	40267	4.55863	0																	
88	20985	4.02636	0																	
388	29753	4.27697	4																	
525	24568	4.42684	0																	
505	26476	4.54901	0																	
26	40850	4.69871	0																	
514	43717	4.05751	0																	
594	23923	4.45230	0																	
443	23993	4.77835	0	40586	0.00950					292	0.05626									
504	42113	2.59762	0																	
303	42906	4.86893	0																	
460	22490	4.77042	0																	
340	20301	4.46584	0																	
471	40912	4.55062	0																	
434	20330	4.69008	5							227	0.05479									
50	42255	4.91531	3																	
335	34667	4.39157	0																	
944	26514	4.78164	0																	
978	28060	4.80875	0																	
940	34627	3.80020	2	37469	0.01141					763	0.02096									
97	24287	4.29510	0																	
480	21752	4.27683	0																	
841	23567	4.69525	0																	
561	37542	4.51577	0																	
472	31026	4.10913	3																	
982	35390	4.59620	0																	
168	20183	4.64482	0																	
69	29559	4.24975	0																	
40	35913	2.60294	0																	
612	22297	4.97076	0																	
221	37178	4.16854	0																	
283	22581	4.47381	4																	
621	21778	4.30937	0																	
789	24129	5.00000	5																	
514	23887	4.04901	0																	
514	24649	4.08871	0																	
973	43481	4.65094	0																	
160	35000	3.95269	0																	
315	34678	4.77614	0																	
26	37258	4.66578	0																	
44	31479	4.25782	1																	
462	41313	5.00000	0																	
891	31900	4.37463	0																	
760	24680	4.76856	4	24650	0.09582					381	0.02897	678	0.02094	681	0.00253					
648	38369	3.81337	0																	
648	34148	3.93802	0																	
32	32271	4.51150	0																	
179	27367	4.05169	0																	
545	23259	4.65591	3																	
577	40912	3.87547	0																	
237	41075	4.11755	0	40626	0.00541					142	0.01749									
892	43815	4.03706	0																	
916	23388	4.26538	3																	
538	22268	4.26059	0																	
300	31866	4.35315	0																	
304	39427	4.37025	1																	
873	25183	4.46324	4																	
747	31843	4.57441	0																	
81	24485	4.54247	0																	
128	39585	4.96475	0																	
471	39152	4.45299	3																	
151	41225	4.61613	0																	
107	41075	3.48175	0	39787	0.15923					371	0.07873	142	0.01482							
956	20372	4.09250	0																	
70	38456	4.89787	0																	
181	29217	5.00000	3																	
105	21130	4.95960	1																	
848	24680	4.56400	4	27548	0.04294	24290	0.03989	22533	0.03446	381	0.09351	678	0.02775							
643	38236	4.47579	0																	
213	31003	4.92264	5																	
440	29284	4.68236	0																	
333	24568	5.00000	0																	
248	27053	3.99691	0	20975	0.06128															
620	35646	4.44457	0																	
62	41959	4.37562	1																	
882	36290	4.07513	0																	
340	25637	4.95500	0	25636	0.13984	25639	0.06835	25638	0.05247	848	0.05705	920	0.04079							
514	35366	4.13272	0																	
514	39806	4.04555	0																	
166	31799	4.91764	0																	
343	28023	4.75527	4																	
450	26395	4.84692	0																	
673	25032	4.84271	0																	
780	43964	4.84959	0																	
351	20376	4.85641	0																	
873	28792	4.40542	0																	
560	23252	4.71643	6																	
283	24326	4.51765	0																	
207	23485	2.79307	6																	
729	38325	4.55490	5																	
544	26076	4.37548	2	34551	0.05855					784	0.04099									
741	26681	4.67975	0																	
416	28616	5.00000	5																	
906	42774	4.45817	0																	
891	33154	4.77789	3																	
444	35079	4.97480	4																	
554	38525	4.35390	0																	
883	37716	4.95158	1	38447	0.00647					79	0.03626									
629	42906	5.00000	0																	
813	38513	3.43921	0																	
162	20184	4.21513	0																	
466	37973	4.32779	0																	
704	25572	3.81383	4																	
803	38625	5.00000	4																	
798	20513	4.78726	0																	
610	31939	3.64864	0																	
726	38223	5.00000	0	39384	0.01934					380	0.02456									
347	38951	4.61355	5																	
122	28460	4.36668	0																	
882	38362	3.96223	0																	
493	28097	4.76443	6																	
1	28782	3.83160	3																	
29	25306	4.61234	3																	
506	23217	3.95636	3							569	0.12746									
514	40381	4.10703	0																	
320	36192	4.52887	1																	
514	42259	4.07385	0																	
400	21274	4.26583	0																	
513	28939	4.25626	3	30672	0.02945					568	0.00623									
213	30819	4.67237	0																	
654	38004	4.67313	0																	
186	42722	4.67532	0																	
618	31900	4.07057	0																	
911	43611	4.42571	0																	
60	22373	4.74932	5																	
822	38081	5.00000	0	38862	0.03899					466	0.06940									
659	33709	3.97299	0																	
385	28605	4.08341	0																	
21	36029	3.26974	6																	
95	38740	4.37334	0																	
441	24078	4.79343	5																	
385	25603	4.16871	0																	
605	38432	4.81172	0																	
570	23301	4.04335	0							848	0.02485									
344	35489	4.96928	5	34877	0.00713					618	0.05394									
268	23487	5.00000	0																	
882	39816	4.00089	0																	
690	35695	3.71774	1	38368	0.11429															
695	26104	4.13734	6																	
811	39213	4.39486	0																	
514	44015	4.06125	0																	
528	35000	3.40566	0																	
243	33826	4.37195	0																	
569	21538	4.99369	6	23173	0.14621	20374	0.11366	20368	0.08516	465	0.28028									
330	30332	5.00000	6	24914	0.02278					162	0.04894									
73	40951	4.74820	0																	
142	36332	4.07546	4	37297	0.02393	37049	0.00765			871	0.00653									
524	40336	4.79926	0																	
902	21545	4.85818	0																	
546	34869	4.82086	0																	
334	25369	4.63967	3	22621	0.02463	22620	0.00860	24410	0.00783	471	0.05647	227	0.02681	55	0.00658					
417	34828	4.95535	0																	
233	24812	4.00342	0																	
78	22780	4.06782	0																	
227	24047	4.67749	3	40447	0.01735	25262	0.00563			469	0.04376									
570	30755	3.82182	2																	
218	23900	4.07778	5																	
456	33263	4.62842	6																	
746	26205	4.92613	5																	
688	43449	4.50869	0																	
79	42001	4.82363	4																	
850	29672	4.72595	0																	
627	40319	5.00000	0																	
81	37038	3.69392	0																	
586	42224	4.56836	0																	
303	33608	4.16125	1																	
523	20609	4.23249	2																	
588	21061	3.51005	3																	
274	36093	5.00000	4																	
82	27689	4.37631	0																	
350	43067	4.73707	0																	
540	34162	4.87712	0																	
53	23451	3.87128	5																	
419	29772	5.00000	3																	
813	21489	4.84050	0																	
81	22539	4.63288	0																	
230	20059	4.83332	0																	
774	25404	3.57683	2	25216	0.20893					27	0.17073									
107	34192	4.15432	2							491	0.03422									
986	28011	4.08418	0																	
26	34058	4.65470	0																	
811	39337	4.21967	5	39595	0.05619					87	0.17023									
340	23254	4.52014	0																	
252	37882	4.79087	0																	
385	24247	4.30570	6																	
390	27792	4.73923	0																	
340	24347	4.78278	3	25308	0.00820	25040	0.00183			81	0.00658	181	0.00427							
893	37784	4.70529	0																	
150	25022	2.84561	0	25084	0.33156	25082	0.32503													
400	37293	4.25760	0																	
171	23769	4.87476	0	24137	0.03588	23900	0.03552	24012	0.03021	695	0.04749	165	0.04447							
151	22129	4.47394	0																	
269	24344	4.55047	0																	
160	37178	4.01009	0							307	0.00531									
648	35544	3.77039	6																	
133	21661	4.77959	0																	
430	34540	4.66647	3																	
858	37758	2.92031	5																	
860	41345	4.48150	1	40586	0.01905	25031	0.00910	37043	0.00397											
570	28992	4.23446	0																	
181	21059	4.84622	0																	
648	26368	3.84810	0																	
904	37485	4.09655	0																	
356	33590	4.49513	0																	
654	40688	4.72515	0																	
68	32044	4.85041	0																	
164	35951	4.50209	0																	
495	23553	4.89261	3																	
570	34944	4.30158	5																	
676	20324	4.06552	0																	
882	23231	3.97565	3	23871	0.01569					569	0.05485									
34	26763	4.60423	0																	
367	40525	3.78161	0																	
255	21275	5.00000	4																	
733	23448	4.51003	0																	
505	30607	4.61843	0																	
120	20433	4.73710	0																	
997	25369	5.00000	3																	
882	26512	4.00142	0																	
874	26174	4.45398	5																	
478	24385	4.41037	0																	
744	29190	4.68401	0																	
264	38315	3.95710	2	36662	0.02784					428	0.05799									
180	28635	4.36495	0																	
71	42781	4.54195	6																	
38	38223	4.09358	0	37474	0.06521															
882	40386	4.03998	2																	
47	23356	3.56111	0							848	0.06792									
65	22384	4.40818	4																	
175	26610	4.14728	0																	
678	28729	4.82588	0																	
685	20322	3.48458	3																	
77	20418	4.31121	0																	
915	34896	4.71686	0																	
991	23089	4.08345	0																	
380	21522	4.69432	3							424	0.01573									
492	39765	4.77059	0																	
29	30653	4.63263	6																	
632	23436	3.61568	0							848	0.08994									
160	37254	3.51925	1	37297	0.04186	21531	0.00539			446	0.01930									
329	24641	3.87090	2																	
601	42345	4.23282	0																	
708	33939	4.18781	0																	
951	41972	4.48873	0																	
514	38429	3.11972	6																	
163	31822	3.99867	0																	
42	40381	4.41497	0																	
797	32036	4.45209	0																	
534	22421	5.00000	2	27460	0.01370					522	0.03741									
911	39700	4.47657	0																	
514	43956	4.16031	0																	
641	25824	5.00000	1																	
400	41581	3.51497	6																	
18	33014	5.00000	6																	
160	36939	3.22108	0	37266	0.09505					642	0.01008									
248	22356	4.73462	0	26544	0.09831	26526	0.01128	26527	0.00507	522	0.22204	240	0.13043							
743	38812	4.35093	1																	
597	26001	4.85913	0																	
263	31759	5.00000	1																	
649	23728	4.47472	0																	
781	24776	4.08580	0																	
648	35470	3.86826	0																	
