89	36579	4.66228	0																	
657	21309	4.29876	0																	
575	25808	4.29313	0																	
356	34250	4.52241	0																	
889	39868	4.18693	0																	
882	42255	3.11845	2	40386	0.01479					743	0.03876									
773	31136	4.79938	0																	
937	23443	3.92080	0																	
340	28464	4.52723	0																	
424	43965	4.56292	6																	
885	24245	5.00000	0																	
78	22780	4.23648	0																	
994	36849	4.13263	0																	
976	25334	3.96894	3																	
835	26730	4.35165	0																	
330	35139	4.65178	0	28511	0.19396					923	0.12812									
906	39112	4.45410	0																	
23	38098	3.59402	1	37642	0.03409					249	0.16552									
514	38960	4.22111	0																	
733	24047	4.94261	3																	
495	23553	4.84396	3																	
539	21098	4.99250	6																	
951	41151	4.36368	0																	
564	24286	4.57577	0																	
327	30559	4.92941	0																	
466	38110	4.26754	0																	
329	20241	3.98176	0																	
741	20024	4.71936	0																	
882	22190	4.04912	1																	
340	40153	4.72366	0	24361	0.10015	25791	0.05566	26076	0.05564	544	0.01649	985	0.00881							
340	24347	4.67468	4																	
488	27313	4.00760	0																	
605	38432	4.82938	0																	
82	20029	4.55085	0																	
880	26232	4.09758	0																	
142	36875	2.98343	4	37297	0.03642	37049	0.02886	36332	0.00942	446	0.04759	92	0.01676	485	0.00105					
898	26448	2.47690	0																	
340	23583	4.52771	0																	
706	34394	4.79865	0																	
944	34850	4.43345	0																	
385	28605	4.18126	0																	
505	31669	4.66560	0																	
787	21099	4.52382	2																	
549	21829	4.68576	0																	
125	32167	4.16738	0																	
388	24889	4.21458	1	28080	0.02755					443	0.09036									
218	23113	4.71129	2																	
768	34762	3.54557	1																	
340	22592	3.91751	0	22452	0.00601	24272	0.00441													
609	20241	4.61931	0																	
713	21130	4.12400	0																	
662	35098	4.26457	0																	
460	29698	4.65201	0																	
668	31699	4.22376	4																	
835	27172	4.30257	0																	
50	29136	4.66819	0																	
577	42614	2.88965	3																	
138	32602	4.43017	0																	
293	33642	3.43232	0																	
983	29186	4.49910	0																	
317	27238	4.81437	3																	
227	22562	4.17037	0																	
792	26128	4.08659	4																	
137	24579	4.74486	6																	
735	22549	3.80367	1																	
556	34123	4.17736	0																	
358	23799	5.00000	0							860	0.02767									
77	25533	4.43036	0																	
514	38316	4.00894	4	41045	0.06653					719	0.00267									
290	42365	4.90636	0																	
904	39823	3.76483	0																	
26	34558	4.64433	0																	
21	36501	3.07950	0	37065	0.02191															
79	38447	4.79543	0	37716	0.05069					883	0.16129									
155	23089	4.25765	0																	
760	26511	4.64677	0																	
170	40130	4.70156	0																	
407	37755	4.30811	0																	
194	36856	4.02338	0																	
921	30917	4.92323	0																	
66	29624	4.79499	0																	
340	31367	4.60048	0																	
594	23923	5.00000	5	22371	0.02560	22452	0.01686			175	0.05965									
831	24309	4.10472	0																	
247	43398	4.45538	4																	
446	37297	5.00000	5	36875	0.03642	37254	0.02088	37565	0.00199	142	0.04759	160	0.01724							
648	36002	3.91615	0																	
236	24777	3.96611	5																	
407	37559	4.14521	0																	
73	40895	4.63247	0																	
647	30287	3.67416	0																	
943	41960	4.90614	0																	
291	36766	2.93919	4																	
429	27483	4.60938	2																	
339	32139	4.49312	0																	
100	24013	4.83421	0																	
860	25042	4.51472	0																	
595	43232	5.00000	4																	
891	21922	4.48100	0																	
285	26705	4.74460	5																	
918	34705	3.79591	0																	
343	25331	4.69388	1	25240	0.03323					827	0.02993									
505	27599	4.63491	0																	
246	20228	4.37538	0																	
488	37260	3.95909	0																	
773	23393	4.68548	0																	
475	42276	4.35694	0																	
779	26359	4.69040	0																	
546	37059	4.75041	0																	
882	21481	3.90525	0																	
407	32091	4.13589	0																	
618	36067	3.86543	0																	
283	24646	4.52300	6	31066	0.00460	21855	0.00372	28817	0.00271	340	0.06801									
834	41065	4.60225	0																	
575	21590	4.15123	0																	
397	28521	3.87699	0																	
471	41336	4.31847	4																	
194	23184	4.06474	5																	
291	34607	4.02316	0																	
8	29186	4.45910	0																	
823	20764	3.94467	0																	
325	38264	4.11372	0																	
137	24656	5.00000	3	24624	0.01300					55	0.02648	429	0.01670							
82	24128	4.45624	0																	
388	34892	4.24489	0																	
741	29236	4.73967	0																	
259	42255	3.59025	2																	
81	29490	4.65610	0																	
492	24514	4.56890	0																	
385	23694	4.09896	0																	
283	40112	4.57820	0																	
105	23706	4.84031	0																	
855	28799	5.00000	1																	
621	27402	4.36802	0																	
847	41401	4.20454	6																	
779	24987	4.59206	0																	
36	41246	4.29886	0																	
622	44001	4.79683	0																	
695	24071	4.28617	5	24137	0.05825	24012	0.01653			710	0.04590	171	0.04301	424	0.01507					
916	25175	4.01641	0																	
26	31717	4.72020	0																	
648	38369	3.99669	0																	
0	33783	4.73776	0																	
974	38740	4.66355	0																	
459	23900	4.00512	5																	
867	30862	3.28886	5																	
414	26824	4.50949	0																	
92	35952	5.00000	1																	
340	20063	5.00000	2	21492	0.01075					412	0.00161									
514	41551	3.99673	1																	
40	38223	2.35706	0																	
449	30018	4.34172	0																	
794	24722	4.82647	0																	
882	38674	3.82054	0																	
514	42334	4.15569	0																	
212	20739	3.95021	0																	
141	34911	2.68637	5																	
79	38368	4.35325	5																	
299	26104	4.90775	2																	
334	26205	3.95009	4																	
916	23388	5.00000	3																	
635	41285	4.72913	5																	
550	40572	4.15335	1																	
471	25262	4.67976	5	40447	0.02170	22621	0.01000	35697	0.00511	227	0.05059									
266	25516	4.99006	0																	
770	41794	4.32614	0																	
563	26324	4.25429	0																	
848	25639	4.75636	4	25637	0.08104					920	0.02506									
152	28534	4.60323	0																	
850	29672	4.73731	4																	
882	26063	3.94453	0																	
230	29484	4.77215	0																	
981	31025	4.79244	0	38098	0.00184					292	0.00412									
522	28154	4.68426	0																	
490	42645	4.27700	4																	
678	30202	4.78514	0																	
479	32897	4.54423	0																	
137	31433	4.87019	0																	
574	28864	5.00000	1																	
608	21492	4.84089	2																	
613	25899	4.81834	0																	
569	23208	5.00000	0																	
210	28277	4.55477	0																	
275	36846	4.82156	0																	
789	24129	5.00000	5																	
72	34918	5.00000	0																	
355	26636	4.76875	3																	
386	23460	4.27637	0																	
662	39012	3.45632	0																	
194	23908	4.15681	1																	
911	33412	4.19783	0																	
145	20584	4.81858	0																	
6	37838	4.26048	0																	
983	41075	4.58822	0																	
388	38838	4.25289	0																	
81	22604	4.58671	0																	
173	21968	4.71296	0																	
471	39152	4.59385	3																	
457	20555	4.73769	0																	
514	42452	4.18028	0																	
648	39211	4.00110	0																	
531	39032	4.84907	0																	
70	33649	4.87358	0																	
227	26275	3.84133	6																	
634	21531	4.96104	5																	
570	25812	4.26740	6	29762	0.00509					340	0.05963									
501	25040	4.79952	2	24646	0.00268					813	0.01344	340	0.00822							
573	31828	5.00000	2																	
420	21421	4.92798	0																	
741	24510	4.81330	0																	
252	27659	4.81360	0																	
574	27543	5.00000	1	21238	0.07181					644	0.11633									
335	20891	3.47088	3																	
790	22269	4.72011	0																	
81	24563	4.57709	0																	
353	36657	2.75776	0																	
778	32182	3.82039	0																	
576	24012	4.94960	3	32210	0.00932					424	0.02084									
741	29966	4.82174	0																	
493	40525	4.10576	5																	
999	30612	4.16537	1																	
661	24637	4.96213	0																	
247	40550	3.99959	0																	
514	38152	4.14834	0																	
575	22589	4.13176	0																	
575	24953	4.62637	0																	
516	38445	5.00000	2																	
407	42572	3.51118	0																	
619	40453	3.96514	0																	
774	32223	4.11397	0																	
64	41845	3.59463	0																	
741	24675	4.94377	5																	
506	23877	4.00359	0																	
863	21049	4.49619	0																	
283	22524	4.68911	1	24361	0.00889	28817	0.00847	31066	0.00321	340	0.06801									
352	28947	4.88667	0																	
300	38327	4.47823	0																	
690	35695	4.50003	0																	
575	23602	4.13894	0																	
81	29879	4.63352	0																	
478	39849	4.39084	0																	
319	43903	4.02145	0																	
648	38198	3.74551	0							514	0.00786									
81	25039	5.00000	2	25040	0.00571															
469	21309	3.62962	0																	
14	39951	4.12161	2	25063	0.01998	29717	0.00302													
893	36408	4.37732	4																	
514	35330	4.13218	0																	
567	30939	3.55677	4																	
357	26804	5.00000	0																	
514	23887	4.43195	2																	
538	20916	3.69194	5	22722	0.01317					334	0.06378									
594	24749	4.79422	0																	
59	30722	4.13325	0																	
137	24666	5.00000	6	22620	0.00624															
478	38016	4.41951	0																	
416	22581	4.71961	0																	
220	25409	4.99158	0																	
95	38740	4.26154	0																	
591	26119	5.00000	3																	
521	20096	4.15053	0																	
70	25957	4.84213	0																	
567	32487	4.27533	0																	
822	38081	5.00000	0	38862	0.02679					466	0.12651									
916	23841	4.74857	0																	
191	35260	4.89281	0																	
247	37241	4.33011	0																	
505	30834	4.52598	0																	
337	23239	5.00000	3																	
918	20595	4.14116	4																	
605	43196	4.70101	0																	
504	28505	4.15128	0																	
488	37668	3.95283	0																	
811	41947	4.34692	5																	
269	31317	4.21894	0																	
179	28357	3.89311	0																	
48	23470	5.00000	0																	
423	22571	5.00000	2																	
170	36013	4.68998	0																	
862	37131	4.79819	0																	
340	23240	5.00000	3	23239	0.14778					500	0.01738									
929	22412	4.75269	2																	
82	24424	2.86864	0																	
437	38223	4.41169	0																	
563	35407	4.28384	0																	
466	38457	4.23405	0																	
664	24237	4.30289	0							846	0.12778									
283	43957	4.56508	0																	
81	30537	4.45485	1	25093	0.06618	25096	0.03244	24493	0.03089	13	0.13524									
171	31724	4.73698	0																	
58	28010	5.00000	5																	
523	24883	3.89116	0																	
151	40816	3.96576	1																	
468	25791	5.00000	0	25278	0.00737	31854	0.00704			340	0.02738									
44	31025	4.94266	0																	
703	21492	4.75019	2	25039	0.01060					429	0.03396	340	0.00307	424	0.00081					
269	24344	4.54286	0																	
340	23238	4.90156	0	24268	0.06115					403	0.01641									
406	29887	4.41773	0																	
531	36869	4.76198	0																	
203	25572	5.00000	0																	
862	25579	4.82657	0																	
753	30368	4.83574	0																	
30	28868	4.89604	2																	
578	34615	3.78794	2																	
377	23784	4.47443	0																	
676	23335	4.07347	1	23370	0.09132	22476	0.02203			410	0.12361	669	0.04399							
514	43013	4.21752	0																	
581	32860	4.56403	0																	
329	29710	4.00342	0																	
864	38646	2.36627	1																	
327	40319	4.53883	5																	
893	38572	4.52134	0																	
126	42606	4.81533	0																	
267	31805	4.72290	0																	
410	21299	4.01433	4	24650	0.04808					681	0.01813									
410	42885	4.12245	0																	
811	39598	3.98148	0																	
319	31824	4.18719	0																	
57	39051	3.46889	0																	
78	24435	4.33790	1	21599	0.10591					571	0.17901									
811	37836	4.25927	0																	
161	23447	4.42796	0																	
471	34675	3.80184	0																	
659	37611	3.97758	0																	
897	43462	4.70207	0																	
514	42572	3.60184	0																	
514	33306	4.17431	0																	
514	21199	4.08352	0																	
557	36374	5.00000	0																	
244	22703	3.95147	0																	
544	31088	4.52505	0																	
860	33935	4.95910	2																	
221	23566	4.35418	1																	
133	38858	3.74385	0																	
426	37475	5.00000	0																	
51	21089	4.48664	0																	
410	23481	3.29280	0	24367	0.01087	22476	0.01016	23370	0.00321											
690	34497	3.98642	2																	
948	41272	4.55026	6																	
844	32798	5.00000	0																	
805	25065	4.70842	0							146	0.08562									
643	32499	4.37980	0																	
577	41526	4.13296	0																	
105	21130	4.73511	0																	
403	25334	3.89229	3	34839	0.01697					81	0.01516									
97	24243	3.92646	5																	
607	35936	4.93596	0																	
562	41837	4.27313	5																	
632	23269	3.29097	0							848	0.07598									
547	27310	4.75626	0																	
485	37158	4.38891	0																	
579	34092	4.35187	0																	
290	36430	4.87747	0																	
172	37043	4.55563	0																	
99	33015	3.42085	0																	
45	24465	4.67689	0																	
60	20967	4.78468	0																	
865	40057	4.63259	0																	
421	32001	4.48184	0																	
334	34399	4.33227	0																	
73	35695	4.75624	0																	
441	28266	4.74598	2							817	0.06657									
26	34240	4.68902	0																	
432	37784	4.26772	0																	
569	23217	5.00000	3																	
252	33220	4.96838	0																	
250	23481	3.40103	0	23560	0.12397															
208	37758	3.05385	5																	
614	38812	3.88393	2																	
178	25867	4.75828	6																	
181	25040	5.00000	2	24147	0.00868	23900	0.00474	38908	0.00213	81	0.02593	813	0.01308							
161	30620	5.00000	4																	
385	23670	4.28125	4																	
60	31478	4.69490	0																	
575	25851	4.15803	0																	
716	40506	4.20928	0																	
583	43114	3.37476	0																	
377	23415	4.54689	0																	
933	37758	4.35170	5							424	0.03351									
737	25522	4.32982	3																	
469	36408	3.34444	4																	
443	35833	4.83143	0																	
880	26992	4.05359	0																	
319	28959	4.12280	2																	
540	39573	4.75581	0																	
64	40937	4.58007	4																	
783	42477	4.77253	0																	
746	41861	4.87591	0																	
110	41672	5.00000	0																	
181	35451	4.80261	0																	
787	27210	4.12015	0																	
654	37561	4.26556	0							514	0.02508									
394	21429	5.00000	5																	
194	37880	2.81412	2																	
576	24252	5.00000	0																	
133	23137	4.57072	0																	
569	26043	5.00000	5	24578	0.02575	30281	0.00390			401	0.08046	491	0.00976							
390	27795	4.77419	0																	
534	41237	4.53768	0																	
848	34885	3.93649	2																	
569	23231	4.01879	3																	
400	38253	4.23453	0																	
996	24054	4.34098	0																	
762	24245	4.90270	0																	
507	41159	4.07056	0																	
848	22129	4.71595	2																	
931	42706	4.95432	0																	
689	27467	3.28451	0																	
769	26676	4.78365	0																	
736	26479	4.92338	0																	
756	37689	4.99374	0																	
282	36471	4.75464	0																	
805	21275	4.62354	0							424	0.00888									
835	25065	4.40322	0																	
994	37881	4.29132	3																	
117	36942	4.61477	0																	
242	40262	5.00000	0							514	0.00865									
768	23852	4.48054	2																	
367	41086	3.53767	0							408	0.04276									
588	24747	4.54696	0																	
303	26075	4.44828	0	34551	0.05015					94	0.07652									
852	42972	4.12742	4																	
971	29647	4.46645	0																	
909	40897	5.00000	3																	
327	34763	4.97710	0																	
59	40585	4.10469	0																	
471	39912	4.44282	5	39850	0.00553					424	0.03051									
162	43466	4.18506	0																	
761	23840	4.91675	0	40921	0.02899					848	0.02049									
514	37914	4.11954	0																	
842	37873	4.67659	6																	
988	24807	4.60620	0																	
571	24896	3.40860	0	21599	0.10385															
570	38015	4.21275	0																	
634	35237	4.35659	0	33608	0.36166	33055	0.28176													
811	38559	4.23129	0																	
488	40643	4.02148	5																	
982	35692	4.38592	5																	
254	33653	4.51455	0																	
56	38429	4.06300	0																	
157	33854	4.55735	0																	
286	23220	4.33473	0																	
260	21129	4.46010	0																	
217	26121	4.05822	0																	
326	23043	3.38646	0																	
863	28026	4.88884	3	22440	0.03306	24065	0.00376			567	0.06478									
618	36765	3.90913	0																	
319	41340	4.08083	0																	
383	29637	4.50693	0																	
869	42477	3.52439	0																	
900	28240	4.92319	0																	
311	22745	5.00000	5																	
913	32840	3.88313	0																	
502	36274	4.68716	0																	
758	24361	4.48538	6	24252	0.03451	25040	0.00442			967	0.07811	283	0.01459	340	0.00960					
983	22627	4.61540	0																	
297	25240	4.74413	0																	
162	33880	4.23252	0																	
107	34557	4.11791	2																	
564	40550	4.65357	0																	
875	38336	4.43240	3																	
381	24650	4.68661	4	24680	0.01613	22533	0.01215	35697	0.00572	410	0.06137	760	0.05546	678	0.02142					
468	29033	5.00000	0	26273	0.01695					848	0.03183									
611	31385	4.96701	4																	
146	39203	4.02157	5																	
28	37880	4.46858	2																	
160	33786	4.17812	2							491	0.05252									
588	21044	4.46228	0																	
676	24484	3.51446	2																	
257	24027	5.00000	3																	
13	24460	5.00000	0																	
54	37049	2.44569	0							92	0.02632	142	0.01368	566	0.01301					
105	24705	4.70901	0																	
248	25331	4.80611	1	25240	0.03323					827	0.03929									
397	21994	4.01346	0																	
473	25069	3.18584	0																	
918	28401	4.05148	0																	
552	33721	4.97393	0																	
913	38294	3.95811	1																	
737	23566	5.00000	1																	
474	25216	3.79814	1																	
54	37290	1.36600	0																	
78	24484	3.91917	2																	
696	40572	4.36658	1																	
839	41045	4.40891	3	40216	0.00507															
59	36479	4.04474	3																	
322	22562	4.10310	0																	
44	20366	4.26855	0																	
705	24078	4.09803	2	30672	0.04661					382	0.04541	986	0.03434	228	0.00732					
885	38457	5.00000	0																	
725	41199	4.59856	0																	
893	33692	4.46382	0																	
995	40525	5.00000	5							142	0.02472									
340	24593	4.35450	0	24590	0.08180	24592	0.08151	26076	0.07902	848	0.04352									
283	40037	4.58457	0																	
621	23959	5.00000	6																	
806	34609	4.71620	0																	
678	22619	4.83766	0																	
514	37662	3.76985	1																	
503	36480	4.62056	0																	
201	25667	4.52492	0																	
259	41879	4.10308	0																	
50	25662	5.00000	6	25278	0.01611					340	0.01378									
736	25364	4.67558	2																	
541	35307	4.45319	0																	
340	23403	4.70665	2	21492	0.03046	38406	0.01619	22452	0.01320	594	0.04831	309	0.00370							
270	41325	5.00000	2																	
14	25338	4.64668	0																	
965	30474	4.55962	0																	
541	34853	4.52995	0																	
142	40044	4.10508	3																	
168	26382	4.87125	1																	
313	23448	3.38370	0																	
219	40745	2.75382	0							142	0.04894									
356	34290	4.63935	0																	
386	25564	4.35170	0																	
982	36662	3.68966	4	37065	0.02199															
668	39987	4.55636	0																	
174	21913	4.34067	0																	
161	30531	4.51192	0																	
227	24048	3.59994	5	40447	0.02280	24650	0.01405													
248	28932	4.79632	0																	
466	38246	3.76200	1																	
514	33210	4.06510	0																	
427	38135	5.00000	0																	
576	34436	5.00000	1																	
880	27033	4.06565	0																	
882	38350	3.91257	0																	
866	30147	4.61990	5	34369	0.03977					365	0.04176									
811	37046	4.27028	0																	
357	25421	3.92158	0																	
662	26480	4.22527	0																	
943	29717	5.00000	0																	
501	43599	4.63134	0																	
334	35021	4.30873	6																	
19	30925	3.66729	4																	
721	23403	4.80363	2																	
284	38223	4.63797	0																	
489	41984	4.84150	0																	
641	24115	4.62051	6																	
889	31903	3.96873	0	25259	0.02880	38098	0.00693													
188	30771	4.47501	0																	
491	40745	2.50796	0	38098	0.03851	22004	0.00609	34192	0.00515	889	0.05154	995	0.01025	142	0.00605					
458	41382	4.72101	1																	
980	37204	4.36294	0																	
227	21280	3.91926	3																	
983	22603	4.54537	0																	
830	37929	4.59059	0																	
84	37758	4.62332	5	26043	0.00188					424	0.02105									
17	38735	5.00000	3	36875	0.00940					490	0.00244									
638	31699	5.00000	4	25978	0.31736															
752	32572	4.77366	0																	
430	40745	3.73024	0																	
512	43765	5.00000	0																	
713	24410	4.59074	2	37073	0.01244					471	0.03267									
765	41646	4.48392	0																	
380	39384	3.74666	0	38223	0.03381					726	0.04651	424	0.01774							
536	24071	4.52487	5																	
513	32385	3.76482	2	30672	0.00163					655	0.03342	334	0.00274							
779	25479	4.49934	0																	
34	26078	4.44268	0																	
570	23301	3.95898	0	23357	0.00686					848	0.05400									
153	42420	4.89189	0																	
546	43632	4.82258	0																	
456	33075	4.58760	0																	
65	24247	4.51063	1																	
793	41045	3.73844	3	41756	0.00195					514	0.00979									
535	30716	2.77431	0																	
222	23526	3.26867	0																	
807	31450	3.07214	0																	
81	23270	4.73346	5																	
741	37519	4.95263	6	37436	0.02030					524	0.06658									
479	22706	4.72731	0																	
283	22520	4.60504	2	21492	0.02482					917	0.00618									
876	40416	4.81200	0																	
322	40284	4.29681	0																	
412	25040	4.86909	2	21492	0.01008					758	0.02978	340	0.00161							
107	37266	4.00259	1	37664	0.06920	41075	0.03445			408	0.06331	932	0.02095	92	0.01162					
377	25893	4.55381	0																	
811	40313	4.24184	0																	
999	24830	4.23424	0																	
145	23684	4.59959	0																	
740	37970	3.07651	0																	
544	21245	4.69749	1																	
410	24478	3.59707	3																	
991	23089	3.63925	0																	
13	21098	4.84550	6	25089	0.00761					594	0.06807	340	0.00314							
81	23688	4.38125	1	34107	0.11210	34839	0.05285	32109	0.04971	908	0.04655	723	0.02376	340	0.00452					
556	24078	3.90230	2																	
741	25218	4.80035	0																	
550	38926	4.95732	1																	
793	23140	3.65983	0																	
611	25591	4.95628	0																	
315	37880	3.85421	2																	
533	37290	3.15643	0																	
319	25798	4.09266	0																	
330	22857	4.27016	0																	
643	34702	4.26322	0																	
12	42113	3.50585	0																	
424	37926	4.42182	0																	
154	25503	4.62167	0																	
588	23840	4.97288	0																	
385	24860	4.24858	3																	
98	22561	4.71582	4																	
167	34791	5.00000	5																	
738	43274	1.90951	0																	
488	32210	4.03089	5	25331	0.05677					694	0.00966									
848	22476	4.53968	0	22533	0.01121					410	0.02206									
610	32993	3.66022	0																	
871	37199	4.81573	3																	
479	35347	4.65001	0																	
812	27153	4.28748	0																	
811	33634	4.29478	0																	
299	25273	5.00000	6																	
77	37737	4.39593	0																	
610	33056	3.59531	0																	
273	41177	4.18392	0																	
569	26273	5.00000	0																	
224	24683	4.80409	0																	
753	34101	5.00000	2																	
175	41112	4.10973	0																	
342	24012	4.65444	3	24071	0.01653					171	0.03296	424	0.02452							
317	23852	4.11062	2	28274	0.01649					132	0.21239									
717	40589	4.65993	0																	
569	25182	4.79277	0																	
485	23483	4.24676	6																	
547	26072	5.00000	2																	
120	35965	5.00000	2																	
715	31160	3.59260	0																	
44	38548	4.42949	0																	
491	27887	4.01340	0	26043	0.07356					84	0.01245									
802	39594	4.17792	0																	
545	21846	4.39230	0																	
433	29937	4.24343	0																	
663	26243	5.00000	0																	
567	24377	3.65695	0																	
648	41688	3.98514	0																	
741	25103	4.75869	0																	
758	21910	4.11743	0																	
522	28511	4.30682	0	24442	0.02078	26530	0.02018	26527	0.01579	330	0.14158									
566	35678	5.00000	3																	
340	24147	4.81239	0	24361	0.01071	38406	0.00965	25040	0.00868	594	0.04831	168	0.03146	813	0.02299					
180	28526	4.10605	0																	
611	20315	4.88427	0																	
118	32173	5.00000	0																	
112	21265	4.88310	5	43231	0.09091					574	0.04739									
229	22451	4.78351	0																	
676	30289	3.95367	5	24384	0.01044					659	0.06188									
283	43958	4.51126	0																	
407	33875	3.98421	0																	
812	21272	5.00000	4																	
529	21190	4.10453	0																	
356	33346	4.74283	0																	
539	20807	4.70579	0																	
448	21825	4.32791	0																	
703	25423	3.64618	0																	
624	24021	4.73603	0																	
266	41253	4.74346	0																	
85	22206	4.24621	0																	
621	27391	4.64234	0																	
916	24472	5.00000	4																	
335	24427	4.59262	2																	
689	20617	3.72934	0																	
688	32675	4.52974	0																	
946	23903	4.72070	0																	
26	34908	4.70464	0																	
531	28936	4.81175	0																	
445	23840	3.82130	0							848	0.05936									
676	23483	3.63148	6																	
570	43738	4.17003	0																	
466	39405	4.22613	0																	
819	35579	4.90101	0																	
177	43032	3.02034	0																	
929	23433	4.56625	0																	
648	40729	3.94590	0																	
439	33482	4.79710	0																	
699	25404	4.65139	0																	
18	23399	4.81911	6	23478	0.01014					340	0.04186									
525	27453	4.41833	0																	
451	29369	4.31207	0																	
152	23863	4.20786	0																	
514	26539	4.25396	0																	
341	23835	4.38405	0																	
20	22620	5.00000	5	24624	0.02635	24410	0.01720	24323	0.01280	334	0.10526	55	0.05616	471	0.04006					
472	31026	4.03031	3																	
414	21098	4.75310	6	21221	0.01930	31854	0.00878			832	0.05277	340	0.05022	594	0.01278					
610	34439	3.66430	0																	
429	25903	4.58256	1	25040	0.00307															
181	33470	4.77221	0																	
274	36186	5.00000	0																	
763	34551	4.01969	2	21491	0.05073					94	0.07489									
873	28792	4.54280	0																	
364	37266	2.75047	1							642	0.21718									
652	21492	4.80646	2							424	0.00635									
760	22620	4.96092	5	24680	0.00189					848	0.02920									
841	23607	4.44062	0																	
598	34936	3.72253	0																	
576	25427	5.00000	0																	
301	29936	4.74474	0																	
811	39551	4.29353	0																	
276	43685	4.34180	0																	
329	22581	3.37142	0																	
221	28602	4.37190	0																	
322	28332	4.23923	0																	
426	35974	4.86332	0																	
607	36898	4.81844	0																	
676	42701	3.88667	0																	
2	41633	3.19621	0																	
869	33653	4.34553	0																	
637	33820	4.81870	0																	
162	27139	4.15053	0																	
400	36967	4.50623	0							514	0.00902									
264	34178	4.28108	0																	
569	30588	4.78493	0																	
813	38513	4.70279	0																	
233	21294	4.33595	0																	
4	22734	4.34275	0																	
81	21038	4.58898	0																	
514	38535	4.53306	1	38447	0.04461	40401	0.01341	24651	0.00881	407	0.01784	774	0.00520							
356	32905	4.49646	5																	
520	39775	4.22289	0																	
779	23565	4.46764	0																	
835	32554	4.24968	0																	
55	30147	4.85999	5	22620	0.01853					853	0.02098									
368	31804	4.18153	0																	
182	37758	3.76340	5																	
58	23093	5.00000	3	24240	0.01140					891	0.02398									
842	40905	4.39323	0																	
509	22887	4.42582	0																	
99	24726	3.54402	0																	
109	33470	4.53294	0																	
470	23955	5.00000	0																	
285	26233	4.33272	4																	
848	24239	4.83946	4																	
484	38467	2.29862	0																	
465	21538	4.85634	3	23173	0.01085	20361	0.00782	20374	0.00533	569	0.31047									
860	40837	4.73946	6																	
463	34501	4.91787	0																	
994	37897	4.15759	0																	
741	26900	4.69028	0																	
570	23375	4.23277	0																	
471	38223	4.18858	0																	
902	38380	4.95772	0																	
984	24361	4.08632	6							340	0.01087									
459	26441	4.29407	0																	
514	42853	4.16721	0																	
397	27994	3.86221	0																	
377	28085	4.49326	0																	
704	25572	4.42465	0																	
408	37876	4.63715	0	37664	0.11826	37049	0.03861	41075	0.01104	107	0.06331	960	0.02489	615	0.02365					
115	24530	3.47273	2																	
248	26527	5.00000	0	26544	0.06069	26526	0.03978	26530	0.02230	522	0.22266	330	0.03502							
965	21865	4.48662	0																	
143	24797	5.00000	6																	
864	36930	4.07191	5																	
519	31854	4.98122	3																	
283	21099	4.85183	2	21492	0.00929					340	0.06801	758	0.01459							
550	38898	4.13659	0																	
397	35815	3.78219	0																	
904	39923	3.88601	0																	
316	27454	4.78062	0																	
347	31886	4.10655	0																	
949	37981	3.38935	0																	
721	28468	5.00000	0	28228	0.00526					570	0.05619									
383	27728	4.40508	0																	
396	41285	3.86588	5							424	0.02252	514	0.00256							
594	22188	4.32079	0																	
873	24850	4.47022	0																	
414	24986	4.53177	0																	
821	37178	4.51903	5																	
813	34053	5.00000	4																	
297	38842	4.31426	6																	
401	24039	4.50812	0							160	0.00897									
82	30891	4.51771	0																	
485	23543	4.38520	0																	
576	21575	4.02241	0																	
389	37048	4.22498	0																	
538	25661	4.09866	0																	
340	23682	4.50021	0																	
402	33251	4.46075	0																	
904	40126	3.39087	0																	
338	33348	4.89775	0																	
340	24532	4.79640	6	25040	0.01004	23232	0.00961	24361	0.00558	813	0.02299	741	0.01710							
174	22104	4.40385	0																	
560	37753	4.41951	3																	
465	20368	4.85689	3	20374	0.01760	20361	0.01719			569	0.31047									
514	41343	3.84205	2																	
570	43498	4.20499	0																	
102	39992	4.56439	0																	
349	32187	4.51285	1																	
621	21666	4.34926	0																	
153	30147	5.00000	5																	
631	31999	4.56680	0																	
704	32748	4.64079	5																	
8	36500	4.58190	0																	
124	35438	4.03853	3																	
227	37638	3.25628	0	40447	0.01776															
668	24437	4.82655	6																	
811	40922	4.33878	0																	
380	42487	4.11852	0																	
317	26345	4.82533	0																	
555	22748	3.78929	0																	
848	24630	4.40358	0																	
356	33833	4.57995	0																	
172	36566	4.19237	0																	
109	26078	4.46758	0																	
848	21400	4.43424	0																	
566	23902	4.90164	0																	
514	31474	4.09888	3	33495	0.04044	32210	0.02079	24065	0.01399	567	0.03927									
813	35310	4.66627	0																	
424	40682	4.00942	0	37474	0.00637	40525	0.00528	39384	0.00397	142	0.01191	490	0.00245							
570	23791	4.20090	0																	
466	37894	4.28164	0																	
198	37019	4.86490	0																	
283	24293	4.52938	0																	
570	23555	4.21721	0																	
57	35047	5.00000	5																	
388	38960	4.24486	0																	
77	31778	4.37884	0																	
514	41683	4.19606	0																	
774	22517	3.91657	5																	
15	38198	5.00000	0																	
124	24078	3.50851	2							228	0.03762	382	0.00623							
713	22264	4.01824	0																	
830	20493	4.63583	0																	
33	29972	4.42894	0																	
793	20956	3.75431	0																	
461	37130	4.78253	0																	
473	27228	3.45926	0																	
939	41285	4.66091	5																	
631	26043	5.00000	5	31876	0.02162					796	0.10278									
475	23916	4.35413	0																	
45	24935	4.73008	0																	
929	21557	4.09452	0																	
142	37290	3.20200	0	37049	0.05521	37297	0.02209			615	0.00368									
329	34379	3.71671	0																	
504	37297	3.18861	5																	
92	29012	5.00000	0																	
79	37469	4.62929	5																	
483	36688	3.45158	0																	
37	24847	4.50853	1																	
398	22384	5.00000	6																	
542	35000	2.97957	4																	
826	29502	4.80123	0																	
340	36230	4.61957	0																	
485	36946	4.02174	2																	
860	24068	4.56805	0																	
675	23430	3.83617	5																	
72	38437	4.68296	1																	
424	35695	4.55238	0																	
514	39538	4.19242	0																	
34	23928	4.84425	6																	
456	33001	4.69780	0																	
365	31003	5.00000	3	30147	0.02814					335	0.10406									
520	21098	4.46933	6																	
340	25850	4.65787	0																	
142	38119	3.32242	1	41075	0.05492	37049	0.01340			408	0.01437									
893	31643	4.56279	0																	
59	39146	4.01549	0																	
618	32520	3.81486	0																	
819	22151	4.54715	4																	
81	25075	4.53619	0																	
318	26576	5.00000	4																	
982	34425	4.24432	0																	
638	42748	5.00000	0																	
146	40745	3.60241	0	24071	0.00135															
50	43042	4.57472	0																	
813	34493	4.66294	0																	
592	41285	4.87013	5							514	0.01751									
779	20363	5.00000	1																	
386	22704	4.21152	0																	
218	24656	4.87994	3	23769	0.00789					55	0.01259									
380	41121	4.36128	0																	
158	30800	4.76013	0																	
570	23266	3.85744	0																	
527	24131	3.48783	0																	
176	36365	4.54506	0																	
848	22546	4.49191	0																	
162	30332	4.43950	0																	
241	34542	5.00000	1																	
400	38530	4.45038	0																	
234	42714	4.86141	0																	
6	37416	4.30795	0																	
942	23686	4.81634	0																	
898	25457	3.98798	0																	
375	27887	4.56300	0																	
50	32468	4.66692	0																	
676	41635	3.97263	0																	
371	38046	4.00826	6																	
478	36340	4.35583	0																	
330	24295	4.19380	0	28238	0.01227					848	0.04511									
478	39996	4.35223	0																	
425	22565	4.58505	0																	
856	29050	4.50895	0																	
283	23886	4.67556	0																	
853	38862	4.99274	3	39130	0.01157					891	0.06454									
338	27564	5.00000	0																	
26	31591	4.66783	0																	
682	20744	5.00000	0																	
400	42026	4.27509	0																	
68	29711	4.77680	0																	
514	40117	4.14570	0																	
490	37297	3.00646	5	40682	0.01226					871	0.03341	142	0.02101	160	0.00845					
644	32460	4.76359	0																	
355	23940	4.31322	0																	
621	21778	4.42968	0																	
713	36275	2.41680	4																	
190	30403	4.34346	0																	
483	26042	3.94443	6																	
81	22577	4.60209	0																	
741	30042	4.78382	0																	
13	23243	4.92418	6	22452	0.00338					340	0.00314									
178	26451	5.00000	5																	
853	30748	4.75965	3	30672	0.06478					228	0.01692									
168	21044	4.72095	0																	
757	30355	4.87694	0																	
283	42275	4.57600	0																	
871	37049	4.28586	0	37297	0.02558					142	0.01388									
6	37053	4.52694	4																	
162	23631	4.14078	0																	
427	38782	4.98045	0																	
990	37049	4.36656	0	38233	0.01267					408	0.13941									
634	40182	4.78780	0																	
319	43124	4.15895	0																	
635	39163	5.00000	4																	
13	25824	4.83275	0																	
340	20761	4.63863	0																	
70	42655	4.87558	0																	
384	21592	4.53507	0																	
380	42906	3.99083	0																	
378	35524	4.20929	1																	
791	32210	4.32805	5																	
848	23839	5.00000	5	23841	0.10791					445	0.05936									
763	25509	3.83488	6	20609	0.01660					340	0.02243									
880	27415	4.10816	0																	
97	36887	4.21323	0	37254	0.00885					142	0.09357									
145	27464	4.83763	3																	
888	30520	4.51224	0																	
12	40491	3.79463	0																	
377	23824	4.57986	0																	
777	24843	4.23770	0																	
926	24570	5.00000	3																	
571	24276	4.38001	0																	
50	25365	4.45737	5	25278	0.01356					340	0.01378									
452	38743	4.16505	0																	
402	26637	3.93778	1																	
105	27425	4.87951	4																	
330	31131	4.20460	4							181	0.00933									
915	23432	5.00000	2																	
367	41345	3.04940	1	35775	0.00906					107	0.01257									
570	25519	4.19881	0																	
443	34542	4.94813	1																	
750	23835	5.00000	0																	
980	40967	4.33548	0																	
199	38346	2.54711	0																	
973	43881	4.55897	0																	
371	39787	4.42725	1	41075	0.00392					107	0.02261									
514	40096	4.12248	0																	
514	42439	4.03022	5	40401	0.01756	41045	0.00504			407	0.01784									
761	23105	4.54211	4																	
302	24176	5.00000	2																	
547	30796	4.73593	1																	
534	22421	5.00000	2	27460	0.03384					240	0.15274	522	0.11636							
848	35393	4.74234	1																	
340	37924	4.58214	0																	
811	38218	4.29353	0																	
882	26065	3.88710	0																	
79	35695	4.69014	0																	
647	22862	3.80552	0																	
838	43186	4.75230	0																	
410	23420	3.69384	0																	
200	37914	3.74210	0																	
252	27653	4.91600	0																	
567	22439	3.86031	0																	
832	36946	3.89172	2																	
81	37038	3.75950	0																	
923	26526	4.52166	2																	
682	24579	4.77005	6	24559	0.01853					381	0.02583	29	0.02549							
914	42062	5.00000	6																	
340	35227	4.58310	0																	
435	25168	4.82559	0																	
298	39183	3.50463	0																	
785	30628	4.11847	0																	
767	34762	3.34571	1																	
423	33363	4.51125	0																	
392	24377	3.89401	0																	
441	26043	4.66087	5	28250	0.00723	31663	0.00532			424	0.03043									
18	21410	5.00000	4																	
268	23381	4.84958	0																	
546	34869	4.82911	0																	
891	38246	3.88786	1	39130	0.10614					853	0.06454									
334	22621	4.53341	2	24410	0.01788	22620	0.01467			471	0.05563	227	0.01612							
337	24159	4.58999	0																	
72	35482	4.98144	0																	
369	24004	5.00000	0							860	0.06130									
283	41389	4.51665	0																	
912	43597	4.80085	0																	
787	32823	3.48226	0																	
475	23926	4.37967	0																	
775	28864	4.85041	1																	
217	26041	4.32550	1							978	0.27292									
866	28145	4.29613	0																	
569	20055	4.97152	3																	
440	25308	4.88485	5	24272	0.00433	23900	0.00252			81	0.03331	340	0.00709							
593	23287	4.95282	0																	
264	32385	4.12462	2																	
991	39612	3.63203	1																	
356	33832	4.65657	0																	
150	25022	4.77602	0																	
196	23113	4.63200	2																	
400	23477	4.21536	0																	
591	24656	5.00000	3	29685	0.05210					105	0.05518	55	0.05178							
130	26935	4.39367	0																	
570	39361	3.81445	6																	
643	35906	3.67935	1																	
763	37785	4.30277	0																	
99	30139	2.89664	1																	
569	23011	4.71828	0																	
904	35612	3.65651	0																	
162	24914	4.43309	0																	
505	28504	4.56860	0																	
168	29296	4.72390	0																	
312	30972	4.60480	0																	
227	24729	4.37541	2	24650	0.00979					19	0.00649									
866	20981	4.28591	0																	
663	39485	5.00000	0																	
395	35770	4.39610	0																	
262	33241	5.00000	1																	
467	27069	4.84978	0																	
554	28692	4.36605	0																	
618	35324	3.92467	0																	
741	26604	4.72039	0																	
773	25431	4.73705	0																	
514	39664	4.13006	4																	
940	41349	4.59443	0																	
544	24735	4.45270	0																	
429	22707	4.41102	4	21127	0.02444					86	0.02707									
14	31854	5.00000	3							340	0.00194									
678	43678	3.93687	0																	
898	42167	4.43221	4																	
31	25411	4.26286	3																	
340	23326	4.56522	0																	
166	21575	3.89890	0																	
894	42245	4.74007	0																	
194	23478	2.94419	3	21492	0.00225															
719	40893	5.00000	1																	
748	21532	4.74552	0																	
81	22654	4.59611	0																	
474	21534	4.83000	2																	
564	36408	4.26330	4	21299	0.14363					681	0.17085									
854	26074	4.84933	0																	
182	37143	4.19400	5																	
983	24288	4.58554	0																	
14	23302	4.57533	0																	
340	24404	4.63541	0																	
38	38169	4.58345	5	35489	0.05396					618	0.08573									
93	24579	4.56654	6	24559	0.01853	25306	0.01095	21979	0.00818	29	0.15531	381	0.01111							
514	44006	4.10052	0																	
782	34853	4.32888	0																	
403	25703	4.44758	4																	
521	25358	4.11021	1																	
137	29685	4.80083	6	22620	0.01604					55	0.02648									
367	43031	3.71702	0																	
13	23184	4.58073	5																	
973	32350	4.72375	0																	
511	36275	3.84585	4	35553	0.06147															
651	24674	4.99819	3																	
332	27029	4.68734	0																	
569	29904	4.77385	0																	
122	25104	4.90333	4																	
264	35692	4.38858	5																	
486	24878	5.00000	0																	
894	41399	4.63960	0																	
501	25765	4.60915	0																	
188	35139	4.94690	0																	
694	37706	5.00000	0	32210	0.00653					514	0.00391									
50	21257	4.61385	0																	
931	44026	4.96101	0																	
567	27536	4.25265	6																	
386	32057	4.56292	1																	
103	32210	4.52396	5	23852	0.01506					424	0.01408									
779	23791	4.52573	0																	
990	37564	4.83984	6																	
47	23986	4.31468	0	32177	0.10059					848	0.06634	108	0.05850							
203	22384	5.00000	6																	
951	43666	4.33142	0																	
14	22554	4.97563	5							340	0.00194									
602	25331	4.61977	1	25240	0.03323					827	0.05445									
618	35940	3.92415	0																	
55	38098	4.05692	1																	
871	35775	4.42685	1																	
717	32033	4.61072	0																	
133	21661	4.54139	0																	
248	27437	4.73630	0																	
241	25522	4.39323	3																	
950	38100	4.76308	0																	
62	35906	4.28324	1	34661	0.02285					598	0.08705									
319	30360	4.06139	0																	
795	38513	4.81372	0																	
939	40948	4.64292	0																	
490	39681	3.89018	1																	
33	30387	4.48147	3																	
800	32490	4.24943	0																	
524	40082	4.79471	0																	
342	30387	4.73279	3																	
648	35470	3.96159	0																	
688	28036	4.13871	0																	
232	34440	4.51377	0																	
45	42115	4.90231	0																	
385	24319	4.22812	0																	
873	25183	4.17876	4																	
7	33741	4.60737	0																	
521	32579	4.67979	5	23403	0.00900					594	0.05941									
774	27537	4.06378	5																	
81	21071	4.87878	1	25096	0.06218	21033	0.04948	24493	0.03245	13	0.13524									
408	39620	5.00000	1																	
724	39839	2.52961	2																	
851	31987	5.00000	5																	
168	26520	4.67164	0																	
569	28134	4.68433	0																	
519	26479	4.44490	0																	
413	43736	4.56986	0																	
860	25056	4.52420	0																	
991	23095	4.02660	0																	
348	42739	4.78330	0																	
861	32140	4.59240	0																	
951	34615	4.37562	2																	
13	25078	4.64297	0																	
892	30462	4.39094	0																	
340	25548	4.83398	1																	
469	35679	3.76927	0																	
246	27497	4.41195	0																	
389	36101	4.22384	0																	
832	24137	5.00000	5	24012	0.07379					171	0.01448	424	0.00776							
456	28026	4.91131	3																	
218	25422	4.49691	0																	
82	27710	4.40133	0																	
373	38626	4.86211	0																	
142	40151	3.99401	0																	
882	20328	3.72361	6							401	0.08770									
841	25051	4.42707	0																	
987	28798	4.14283	0																	
309	21505	5.00000	5							424	0.00555									
634	21230	4.74488	0																	
496	27217	3.90496	0																	
443	32099	4.81758	0																	
105	35093	4.77366	0																	
981	40745	3.16557	0	38098	0.03851	39578	0.00976			142	0.02794	995	0.02707	889	0.02451					
952	31661	4.35870	0																	
137	27025	5.00000	1																	
793	24978	3.70789	0																	
889	40306	3.35207	0	38098	0.01112	40745	0.00849													
505	20707	4.59949	0																	
535	22641	4.12445	0																	
573	34350	3.87687	5																	
570	33262	4.16565	0																	
471	39535	3.81704	3	40912	0.01857	40447	0.01640	35697	0.01248	963	0.00577									
662	40590	4.24392	0																	
393	38345	3.78885	0																	
38	24137	4.52443	5	24012	0.07379					171	0.03443	695	0.02600	424	0.02003					
478	29655	4.79454	6																	
81	21517	4.65315	1																	
178	26302	4.86134	0																	
478	41272	4.41451	6																	
81	34703	4.64634	0																	
808	22129	5.00000	2																	
757	33564	4.94888	0																	
688	43742	4.56500	0																	
623	29481	4.86386	0																	
469	25262	3.48550	5	24047	0.00666					227	0.03959									
643	34832	4.56290	0																	
779	20009	4.86974	6																	
631	29975	4.94651	1	31876	0.12327					796	0.10278									
951	32308	4.45589	4																	
530	37666	4.59681	1							853	0.06463									
386	32946	4.29872	0																	
624	21267	5.00000	1																	
953	42696	4.76904	0																	
439	31183	4.77973	0																	
330	24590	4.64032	2	24589	0.01310					784	0.04407	340	0.00493							
226	34615	4.33549	2																	
689	38961	3.68298	2																	
440	28227	5.00000	0	24272	0.03952					386	0.03393									
904	37485	3.82534	0																	
265	43488	4.53394	0																	
167	22572	4.82536	0																	
836	31472	4.36349	0																	
514	36946	3.96542	2	36967	0.01080					504	0.00422									
839	41748	4.68558	0																	
771	37880	4.35061	2																	
111	20496	4.36042	0																	
388	34891	4.20796	0																	
944	30104	4.44590	0																	
824	27969	4.23236	2																	
900	31305	5.00000	0																	
424	42501	4.43931	0																	
142	35182	4.00317	0																	
856	24488	4.46505	0																	
486	25331	4.53411	1	32084	0.03483					768	0.02234	813	0.01576							
94	34266	4.61534	4	21275	0.04359	26075	0.01119	21491	0.00574	215	0.03675	628	0.00624	424	0.00338					
283	42605	4.52483	0																	
424	24027	4.17172	3																	
882	33787	3.18084	6							643	0.03521									
165	27238	4.11778	3																	
824	31474	4.53625	3																	
13	23417	4.64475	0																	
339	37263	3.57111	0																	
174	24465	4.42139	0																	
859	30218	4.28351	0																	
636	25022	4.82832	0																	
414	24985	3.84299	0	22452	0.01695															
81	21505	4.62394	5																	
746	31003	5.00000	3	34579	0.04833					335	0.05371	891	0.01889							
761	42885	4.41534	0																	
911	36309	4.20525	0																	
700	28827	3.88777	0																	
554	43806	4.37612	0																	
803	23916	4.93541	0																	
169	41096	4.79831	2	40682	0.02599					490	0.04838									
357	20798	4.75530	0																	
653	42477	4.16123	0																	
794	27867	3.14932	0																	
149	38908	4.51996	3																	
672	41048	4.11310	0																	
107	30364	4.16759	0																	
166	34630	4.85037	0																	
471	31012	4.54087	0																	
55	25369	4.89786	2	22620	0.00604					471	0.00684	227	0.00679							
19	31026	4.56281	3							882	0.00900									
227	21081	4.21048	0																	
97	24281	4.18664	0																	
744	32232	4.19639	0																	
951	42115	4.41653	0							514	0.01336									
845	42065	4.71320	0																	
448	21635	4.35548	0																	
781	24703	4.19766	0																	
505	20188	4.80310	2																	
703	25040	4.86468	2	25039	0.00571	23232	0.00144			813	0.03686	429	0.03396	340	0.00307					
340	24511	4.67265	0																	
710	31663	3.11207	4	24071	0.00974															
424	42113	3.65004	0	24071	0.02361	39850	0.01333													
433	33623	4.79892	2																	
787	27060	3.40847	0																	
853	27944	4.83617	0																	
861	22436	5.00000	2																	
59	41298	4.29992	0																	
102	29365	4.49197	0																	
80	25351	5.00000	0																	
444	25373	4.47791	0																	
227	24472	4.65870	4							676	0.01507									
164	37067	4.67923	6																	
105	24678	5.00000	1																	
332	23558	4.41746	0																	
87	20011	4.56134	3	39595	0.01980															
87	39337	4.74655	1	39595	0.00630					811	0.04567									
710	31078	4.37848	0																	
728	36075	3.90689	6																	
81	28448	3.26492	0																	
746	42305	4.21368	0																	
230	24665	4.81642	0																	
971	24845	4.43213	0																	
856	23651	4.93259	5																	
339	24170	4.44399	6	24165	0.14851					52	0.48582									
865	43438	4.67773	0																	
180	28690	4.26147	0																	
340	24926	4.60523	0																	
733	24030	4.60998	0																	
535	25069	4.13612	0																	
648	33251	3.83663	0																	
566	33726	4.05540	4	24030	0.04901															
140	38960	3.50215	0																	
86	34102	4.40288	0																	
319	42120	3.95876	0																	
12	40276	4.54386	0																	
811	21447	4.26943	0																	
514	39473	4.17687	4																	
468	35610	4.90982	5																	
618	24049	3.45910	5	36930	0.00723					424	0.03254									
581	32748	4.66101	5																	
424	38457	4.37612	0																	
574	21248	5.00000	5	21265	0.19691					333	0.26087									
502	35705	4.90261	0																	
237	41075	4.60285	0																	
335	32904	4.09410	5																	
319	20537	4.02397	3																	
497	33241	4.55082	1																	
704	23965	4.42886	0																	
81	24541	4.52930	0																	
367	42731	3.35129	0																	
105	22533	4.61583	0	24650	0.01215					410	0.00760									
105	37757	4.81147	0																	
282	26667	4.64934	0																	
205	32612	4.61534	0																	
741	26810	4.82333	0																	
59	25086	4.32113	1																	
26	32718	4.76297	0																	
594	25068	4.19916	1	22452	0.02497					414	0.01278									
193	38122	4.00653	0																	
950	27468	4.55783	0																	
237	40626	3.42466	0																	
107	20019	4.40168	2							566	0.01928									
171	23769	4.96899	0	23900	0.03783	24137	0.02934	24012	0.01564	695	0.04301	218	0.02146	165	0.01305					
842	36883	4.33472	0																	
891	37510	4.43951	0																	
565	35376	4.15060	0																	
783	42972	5.00000	4																	
579	38253	4.47665	0																	
718	22205	5.00000	0																	
741	29122	4.70784	0																	
175	39701	4.04032	0																	
330	24271	4.27874	0																	
188	39677	4.47937	0																	
609	33845	4.75908	0																	
550	40574	4.19537	0																	
589	40816	3.13649	1																	
684	22021	4.59164	0																	
57	36655	4.08596	0																	
215	24071	4.97950	5	24012	0.01653					424	0.01466	171	0.00953	514	0.00477					
631	23014	4.42063	0																	
292	25259	4.24874	1	38098	0.02430	40586	0.01910	22004	0.00896	443	0.04660	889	0.04594	491	0.03824					
168	26695	4.87478	1																	
440	24622	5.00000	3																	
312	28848	4.71961	4																	
934	32308	3.91100	4																	
244	42114	3.19494	0																	
642	37876	5.00000	0	37664	0.11826					960	0.05063	107	0.00665							
541	28707	4.50651	0																	
351	29691	5.00000	0																	
655	38294	5.00000	1																	
438	21575	3.78462	0																	
160	35000	3.05979	4																	
848	23356	4.44880	1	25115	0.15020	24272	0.03478			47	0.06634	386	0.01216							
559	24257	4.52007	5	29914	0.07831	23882	0.00604			809	0.19542	779	0.17824							
559	21251	4.47004	0																	
895	38894	4.82467	0	37785	0.02553					563	0.06293									
428	41460	4.48385	6																	
208	26233	4.05435	4																	
227	28457	4.04435	0																	
514	41542	4.10751	0																	
870	34434	5.00000	0																	
976	31515	3.84776	0																	
866	34296	4.33371	0																	
575	24302	4.19677	0																	
644	26635	5.00000	1	24141	0.08640					22	0.21798									
525	24568	4.72344	0																	
361	25331	4.42996	1	21511	0.00652					813	0.06701									
850	34445	4.71026	0																	
501	24770	4.12187	0																	
514	22579	4.22223	0																	
570	25858	4.25471	0																	
414	31388	4.50873	0																	
764	26273	4.88715	0																	
849	24754	4.78844	2																	
152	22272	4.18441	0																	
517	21817	4.38949	0																	
598	34702	4.21871	0																	
882	23871	3.80953	3																	
403	25864	3.88337	0																	
19	31987	4.22622	5																	
568	29684	3.85838	2	30672	0.06865	23086	0.04697	28939	0.00680	382	0.00530									
602	21522	4.27381	5																	
566	37882	4.73160	2																	
484	24579	3.17530	6																	
934	36766	1.57647	4																	
669	23448	3.33853	0	23560	0.09992	23370	0.04209	23335	0.04035	410	0.13539	250	0.04098							
350	43067	4.60070	0																	
576	32410	4.97660	0																	
166	31799	4.78640	0																	
423	43277	4.47021	0																	
961	20600	3.65377	0																	
676	26043	4.18002	5																	
181	23852	4.66628	2																	
846	21429	5.00000	5							424	0.01672									
629	40265	4.43762	0																	
528	29717	5.00000	0																	
807	30502	2.07345	0																	
799	24360	5.00000	0																	
980	39535	4.22488	3																	
136	37562	4.76576	0																	
243	33826	4.37130	0																	
879	31462	4.94291	2							882	0.09798									
283	21860	4.51035	0																	
175	41615	4.13275	0																	
811	39231	4.30217	0																	
991	23087	3.91448	0																	
501	28918	4.57865	0																	
179	32704	3.81538	0																	
81	21570	4.59790	0																	
466	39437	4.89120	3	38862	0.04327					891	0.04866									
480	21752	4.24553	0																	
227	27532	3.94587	0																	
844	30243	5.00000	1																	
891	21088	4.26663	0																	
709	27445	4.53882	0																	
491	37642	3.73737	1	38098	0.03409					249	0.00150									
993	43171	4.82124	0																	
163	33080	4.06610	0																	
277	27263	5.00000	0																	
388	23140	4.23403	0																	
592	24128	4.70419	0																	
50	24846	4.59745	0																	
505	21723	4.97251	1																	
389	23259	4.55171	2																	
813	26631	4.68478	0																	
538	20487	4.31296	0																	
590	32220	4.07350	4																	
385	25603	4.27995	0																	
338	25270	4.81680	0																	
357	26275	5.00000	6																	
329	37776	3.83854	1																	
491	32677	4.13045	0	37043	0.01961	29717	0.01522	38098	0.00236	292	0.03824									
283	42655	4.58245	0																	
180	28633	4.13250	0																	
492	23292	4.48405	1	23396	0.02518															
648	38363	3.82791	0																	
38	34910	3.49863	5	24012	0.00434	37474	0.00266			424	0.02003									
145	28212	4.61723	0																	
467	22247	4.80093	0																	
74	41829	4.17296	0																	
491	23096	4.32019	4	30975	0.13766	29963	0.01190			117	0.03097	122	0.01590							
916	24624	4.69256	4																	
760	24834	4.65551	0																	
26	36928	4.68770	0																	
324	34972	4.92428	0																	
946	23317	4.72137	0																	
891	37177	3.57568	6																	
175	21624	4.34920	6	22452	0.00483					340	0.00801									
160	37266	3.89786	1	24039	0.05672	36939	0.02727	37297	0.02172	92	0.04323	932	0.02552	408	0.01956					
747	20889	4.68860	0																	
531	31797	4.78010	0																	
720	24034	4.77349	0																	
76	23454	4.65240	0																	
761	24046	4.66099	4																	
362	22571	5.00000	2																	
668	24752	4.59066	0																	
246	25751	4.41495	0																	
340	22218	4.55271	0																	
301	34978	4.63022	0																	
480	20068	4.23847	0																	
357	26893	4.80761	0																	
397	25261	3.95921	0																	
972	39429	4.19903	0																	
0	37254	3.76690	1																	
168	23512	4.73309	0																	
46	24755	4.67926	0																	
779	25197	4.47718	0																	
570	38141	4.11672	0																	
541	21848	4.43335	0																	
523	24858	3.96471	0																	
378	36381	4.66450	0																	
914	22314	5.00000	0																	
807	24696	5.00000	1																	
873	28044	4.47931	1																	
891	33362	4.31700	0																	
501	37826	4.52815	0																	
53	36743	4.27831	0																	
479	37748	4.77660	0																	
651	30672	4.12188	0																	
973	34352	4.43643	0																	
575	33455	4.17212	1																	
27	24571	4.25557	0																	
570	21524	4.26342	0																	
155	23529	4.58124	0																	
424	25321	3.52697	4																	
556	29684	3.05861	2																	
541	25716	4.39343	6																	
19	32220	4.16242	4																	
865	40216	4.93101	5																	
334	30246	4.08892	0																	
58	29684	3.96446	2	34350	0.05999					382	0.04541									
194	30129	3.73795	0																	
812	28044	5.00000	1																	
886	24764	5.00000	5																	
848	23930	4.61016	2																	
478	40201	4.37454	0																	
381	24272	4.77540	5	24680	0.00902	24270	0.00854	24290	0.00705	848	0.15296									
496	23769	4.23512	0																	
340	25639	4.87904	4	25636	0.23256	25637	0.08104	25638	0.06646	920	0.05864									
14	25658	4.66562	0																	
70	36594	4.85672	0																	
878	36875	2.89225	4																	
741	39436	4.74663	0																	
583	41960	4.09785	0																	
863	21272	4.85706	4																	
180	28632	4.17908	0																	
839	38852	3.49558	2																	
514	42161	3.85252	4	41097	0.03567					951	0.01336									
397	23586	3.83653	0																	
779	26866	4.46819	0																	
569	29611	4.80228	0																	
523	38832	2.93507	6																	
514	32622	4.25607	0																	
553	31501	3.65173	0																	
251	31474	4.82667	3																	
174	38429	3.69068	0																	
340	37547	4.58035	0																	
569	20355	4.74559	0																	
319	33687	4.08755	0																	
4	31002	4.35808	5							334	0.02294									
779	20333	4.57856	4																	
66	32554	4.78113	0																	
86	25065	3.95759	0																	
806	35884	4.85574	0																	
176	39535	4.33953	3	42477	0.03284	40447	0.01640			963	0.02005									
864	38908	3.28931	3																	
715	24272	3.61067	5							848	0.03721									
82	22530	4.39882	0																	
159	35746	3.69420	6																	
26	30875	4.69384	0																	
547	33788	4.76285	0																	
292	37266	3.23575	1	24039	0.05672	22004	0.01135	38098	0.00961	408	0.02307	92	0.00751							
262	23232	5.00000	6																	
347	41578	4.51947	0																	
889	36939	3.96035	0																	
575	30022	4.17791	0																	
882	34557	3.54304	2																	
569	23016	4.81007	0																	
434	20330	4.63015	5	29015	0.01717	20316	0.00723			227	0.10858									
340	20305	4.56707	0																	
570	23385	4.25183	5																	
652	23882	4.90251	0																	
319	24110	4.01714	0																	
594	25040	4.71237	2	30755	0.01219	24147	0.00868	21098	0.00392	340	0.04831	541	0.01938	741	0.00771					
680	36111	4.58359	0																	
514	22386	4.36508	5	25936	0.00656					505	0.01893									
569	29338	4.79036	0																	
334	24331	4.12504	0																	
340	25614	4.40981	0	24589	0.00865	24592	0.00567	24272	0.00450	848	0.04352									
2	37707	3.43843	0							89	0.10355									
55	27438	4.82731	3																	
456	29666	4.44542	3																	
372	28365	4.40695	0																	
86	21128	4.27895	0																	
501	34707	4.20611	3																	
471	41430	4.49956	0																	
681	24680	4.84284	5	24650	0.01613					760	0.03180	678	0.00589							
753	32950	4.77529	0																	
721	38035	4.73985	0																	
175	24159	3.99665	0																	
221	28026	4.56961	3																	
986	24761	4.46409	3																	
845	39597	3.29983	0																	
17	40084	4.97884	0																	
92	37290	4.31852	0	37049	0.05521	36875	0.02465	37297	0.02209											
469	24579	3.44925	6	24559	0.01853	25306	0.01095			29	0.03442	381	0.00775							
492	23338	4.06267	0	23396	0.04986															
241	35888	3.61009	0																	
428	38315	4.66245	2	36662	0.01707															
674	21266	4.21812	0																	
396	43002	3.68595	3																	
203	25227	5.00000	0																	
912	24343	4.59936	0																	
538	22727	4.19757	5	22722	0.00943					334	0.06378									
72	34422	5.00000	2																	
838	37113	4.77433	0																	
81	25427	5.00000	0	25421	0.12352	25426	0.10883	25487	0.06256	548	0.08865	82	0.04758							
601	29768	4.25661	0																	
688	43449	4.49291	0																	
340	22164	4.96695	1	24655	0.04470	23688	0.02985	29717	0.00297	571	0.02022	491	0.00375							
634	21913	4.70937	0																	
966	25916	4.39387	0																	
848	36747	4.47530	0																	
207	41675	3.39898	0																	
668	35256	4.58688	0																	
594	21492	4.86622	2	23403	0.03046	23399	0.02720	22452	0.00380	340	0.04831	810	0.03845	309	0.01864					
26	34058	4.79045	0																	
321	39690	4.54735	0																	
924	35484	4.76798	0																	
830	22717	4.60546	0																	
815	36491	4.11078	0	36766	0.12837	36402	0.08811	36186	0.04819											
761	25040	4.73770	2																	
959	24309	4.89073	0																	
779	24397	4.46870	0																	
965	20338	4.38556	0																	
994	36738	4.33482	0																	
161	23494	4.40429	1																	
569	26047	4.69807	0																	
731	35773	4.32076	0																	
714	43595	4.44304	0																	
412	21491	4.30352	3	21492	0.03451															
162	41615	4.21524	0																	
531	30776	4.76361	0																	
905	32223	3.17174	0																	
24	36590	4.80379	0																	
659	41716	3.92661	0																	
738	29048	4.87350	0																	
414	25093	4.77049	0							81	0.03384	13	0.02651							
848	28727	4.36964	0																	
549	21763	4.66218	0																	
302	32892	4.85654	0																	
180	28341	4.15683	0																	
51	24765	4.71659	3																	
400	39990	3.29549	3																	
618	34877	2.00059	5	35489	0.08714	37065	0.03601			344	0.04007									
710	32939	4.41712	2																	
544	34551	4.39741	2	26076	0.06024					784	0.06381									
221	32501	4.58293	4																	
570	24620	4.47251	5																	
346	42477	4.52476	0	39535	0.03284															
6	30367	4.31595	0																	
873	22571	4.82990	2																	
437	42374	5.00000	1																	
983	23340	4.64533	0																	
81	27096	4.58012	0																	
6	38098	4.06288	1	31025	0.00184					292	0.02336									
168	27185	4.74291	0																	
879	32674	4.54556	4	30925	0.09038					195	0.35784									
466	38840	3.04504	0																	
769	41348	4.07022	1																	
24	37169	4.75686	0																	
796	29965	4.73686	0																	
911	33237	4.19336	0																	
863	25522	4.36236	3																	
253	38346	3.43079	0																	
5	40835	4.88426	4																	
407	38889	4.20512	0																	
29	33409	4.20927	0																	
282	39139	4.67689	0																	
774	43431	4.01256	0																	
394	33715	5.00000	0																	
848	23105	4.58795	4																	
153	39516	5.00000	3	32385	0.05934	38651	0.05375			822	0.13445	655	0.08343							
738	38957	3.57834	0																	
918	24338	4.14112	0																	
618	30748	4.04881	3																	
89	35509	4.65841	0																	
3	34266	4.03760	4	37880	0.00890															
656	23713	4.41563	0																	
334	24101	4.19158	0																	
357	25360	4.88543	0																	
359	24289	4.12658	2																	
81	24347	4.65684	4	38908	0.00703	23900	0.00185			181	0.02593									
231	28938	4.89114	1	23993	0.01163					443	0.03962									
893	33907	4.55625	0																	
963	24317	4.86913	3																	
227	35532	4.04188	0																	
541	29644	4.47644	0																	
761	42019	4.50409	0																	
666	21058	5.00000	2																	
339	32210	4.35521	5																	
463	38070	4.65241	0																	
860	23458	4.75895	0	23799	0.22812					369	0.06130	266	0.03891							
815	35338	4.12370	0																	
906	42774	4.33960	0																	
570	23365	4.10175	0																	
904	39187	3.90902	0																	
405	23813	4.27823	0																	
193	35079	4.13336	6																	
875	30862	3.98663	5																	
121	21091	4.84374	0																	
395	32975	4.23982	2																	
779	21569	4.50574	0																	
877	37071	5.00000	1	35882	0.01462					604	0.06807									
492	39765	4.54483	0																	
779	31549	4.51256	5																	
441	29745	4.50571	0																	
670	34818	4.30263	0																	
476	39813	3.05645	0																	
26	39077	4.67935	0																	
26	21973	4.74303	0																	
514	32315	4.09759	0																	
292	35748	3.35145	6	39599	0.01018															
257	26394	4.94937	0																	
589	23800	3.91370	0																	
183	25517	4.87964	0																	
505	22976	4.61877	0																	
26	34750	4.65390	0																	
38	24071	4.67358	5	24012	0.01653	37474	0.01329			171	0.03443	424	0.02003							
571	22553	4.86191	6																	
55	37877	3.25213	0	23624	0.02249															
356	23852	4.30722	2																	
