139	41325	4.96873	4																	
722	23281	5.00000	6																	
633	31480	4.24560	0																	
746	34266	5.00000	0																	
509	33304	4.36933	0																	
488	39451	4.01895	0																	
356	33510	4.50503	0																	
811	33014	4.50232	3																	
875	21518	4.38158	0																	
677	40267	4.48188	0																	
608	37634	4.60702	0																	
741	26163	4.79431	0																	
303	20019	4.96920	2																	
945	25334	5.00000	2																	
864	38908	3.38190	3																	
230	28478	4.85589	0																	
392	31766	5.00000	4																	
784	24593	4.70029	0							848	0.05019	340	0.03509							
14	23358	4.82357	1																	
811	36077	4.34034	4																	
570	23332	4.52803	0	23301	0.01166	23357	0.00957			848	0.04350									
227	25105	4.44707	2																	
982	36332	4.28280	4																	
81	34839	4.98849	5	23900	0.03532	24534	0.00746			407	0.01128	723	0.00434							
962	33661	5.00000	0																	
424	24137	4.21464	0	24012	0.07234					710	0.01067									
316	27454	4.87311	0																	
207	41511	3.41427	5							594	0.10854									
721	31171	4.49966	0																	
713	21130	3.58731	4																	
567	32793	4.00128	0																	
81	25096	4.17276	1	21071	0.07385	30537	0.04360	25903	0.04173	13	0.11350									
693	36900	5.00000	5																	
377	35233	4.55098	0																	
271	35542	4.22185	0																	
603	40627	4.14526	0																	
442	31713	3.92455	0																	
865	41870	4.26314	6																	
210	24436	4.31667	0																	
488	34637	3.83764	0																	
777	24843	3.92252	0																	
147	41390	5.00000	0																	
524	39253	4.87803	0																	
230	33540	4.90314	3																	
716	40506	4.17633	0																	
83	31637	4.39334	4																	
873	29728	4.49694	0																	
181	22642	5.00000	5																	
758	28874	3.81521	1	24252	0.11694					120	0.08362									
145	25040	5.00000	6																	
717	23089	4.96584	5																	
880	20966	3.88441	0																	
538	23528	4.22051	0																	
709	32904	4.93985	5																	
20	23769	5.00000	0																	
461	36374	4.80613	0																	
21	37065	4.24096	1							618	0.12649									
544	21140	4.36253	0																	
776	38980	4.19675	0																	
805	24894	4.01156	0																	
44	32220	4.47203	0																	
424	36599	4.42108	0																	
874	22786	4.70120	0																	
404	36262	4.76355	0																	
644	26635	5.00000	1	24141	0.11538					22	0.17874									
169	40682	4.85148	0	41096	0.01847					490	0.05910									
81	32898	4.62930	0																	
203	22384	4.78236	4																	
598	34101	4.06786	4																	
287	40626	3.97132	1																	
19	32220	4.96265	0	31462	0.48868					590	0.11953									
672	41354	4.35076	0																	
848	23930	4.67043	2																	
813	35399	4.81942	0																	
584	24761	3.20130	2																	
904	39156	4.03912	0																	
873	31744	4.55279	0																	
227	22620	4.12135	5	24048	0.02242	25369	0.01104	22621	0.00893	334	0.05234	848	0.04058	471	0.03508					
335	20891	3.74631	0																	
685	26359	2.70816	0																	
831	24309	4.95948	6																	
514	24534	3.43404	1	38535	0.02920	32109	0.01295	40401	0.01144	81	0.01212									
81	37038	3.55684	0																	
162	20070	4.37892	0																	
168	27187	4.73329	0																	
648	40603	3.78479	0																	
242	40262	5.00000	0																	
977	21127	4.82557	4																	
240	27460	5.00000	2	22421	0.08571	22323	0.08203	22356	0.04407	522	0.38176	534	0.22934							
117	24039	5.00000	0																	
519	26479	4.46419	3																	
882	20345	3.32803	2																	
416	28616	5.00000	5																	
990	37049	5.00000	0	38233	0.01937					408	0.11484									
443	31762	4.89781	0																	
206	21302	4.44934	0																	
514	40438	4.16871	0																	
967	40097	4.91797	0																	
501	26275	4.89279	1																	
873	24595	4.56480	0																	
660	39502	4.72852	0																	
641	25824	5.00000	1																	
787	21099	4.99112	0																	
610	30158	3.48615	0																	
435	29509	4.82658	0																	
424	25345	4.92701	0	32210	0.01412					103	0.00832									
581	33424	4.67474	4																	
820	34481	4.62992	0																	
151	22419	4.96447	0																	
610	33242	3.55539	0																	
274	35610	4.60898	0																	
901	24644	4.65521	3																	
303	39597	4.40146	0																	
156	32615	4.05305	0																	
665	24856	4.66086	0																	
371	25105	3.25866	2																	
59	25086	4.32125	1																	
336	34897	3.27650	0																	
251	24376	4.95354	5																	
479	37748	4.88445	0																	
624	24021	4.67418	0																	
78	24388	4.49924	2																	
245	27544	4.82523	0																	
162	30332	4.73863	0																	
853	39135	4.77416	0																	
793	23917	3.46829	0							741	0.01371									
485	38687	4.49775	0																	
370	32329	4.09592	0																	
19	24650	4.79646	4	24729	0.00442					227	0.01928									
777	38646	3.83990	0																	
24	37169	4.92874	0																	
798	43897	4.99430	0																	
109	29281	4.27736	0																	
41	37967	4.85612	0																	
412	20063	4.77116	6	25040	0.00184	21492	0.00146			340	0.00211									
791	24243	5.00000	1																	
335	33681	4.17684	0																	
166	25465	5.00000	0																	
891	37588	4.40834	0																	
8	36500	4.42144	0																	
560	25308	4.15796	6																	
402	26637	4.16174	1																	
298	22259	3.35118	0																	
363	41976	3.62258	0																	
24	41390	4.75852	0																	
266	20563	4.69957	0																	
988	30225	4.80769	0																	
385	24319	4.10262	0																	
893	34935	4.64939	0																	
741	22070	4.82053	0																	
408	37664	4.31937	2	39038	0.03431	41075	0.01943	37049	0.01727	107	0.04235									
667	23659	4.75566	0																	
329	23675	3.20838	0																	
633	32791	4.35619	0																	
436	33935	4.06677	1																	
372	28370	4.25337	0																	
961	42115	3.90163	0																	
339	34792	4.48139	2																	
300	24534	4.33725	1																	
16	24743	4.92751	0																	
689	20408	3.98826	0																	
695	24137	3.53657	0							710	0.07351									
283	43987	4.52021	0																	
965	24969	4.55463	0																	
744	27102	4.67554	0																	
773	41973	4.78689	0																	
433	25917	4.08893	0																	
427	38782	4.98196	0																	
514	36358	4.11313	0																	
907	34752	4.80365	0																	
692	33725	5.00000	0																	
59	24460	4.24540	1																	
340	22452	4.46526	1	25509	0.03037					13	0.00686									
45	23537	5.00000	6																	
893	20979	5.00000	3							866	0.08720									
283	24338	4.19051	6	28817	0.02360	24361	0.00798	21099	0.00273	340	0.02210									
623	22357	4.48391	0																	
440	25308	4.91819	6							81	0.00989									
727	20019	5.00000	2																	
921	39328	5.00000	0																	
471	31012	4.55134	0																	
283	41625	4.57064	0																	
490	39384	3.07915	5							424	0.00719									
108	32177	4.74499	3	23986	0.04530					47	0.14297									
570	28227	4.41723	1																	
848	25614	4.46817	0																	
6	37838	4.26315	0																	
634	28016	4.67247	0																	
654	35557	4.67274	0																	
800	42179	4.60893	0																	
796	31876	4.88070	6	26043	0.02666					631	0.06724									
983	35225	4.46777	0																	
117	41075	4.38808	1																	
815	35338	3.96082	0																	
353	32968	3.27028	0																	
56	24388	4.63566	2																	
466	39405	4.18284	0																	
263	31759	5.00000	1																	
633	24131	4.12725	0																	
89	38579	4.45709	0																	
815	36402	5.00000	0	36491	0.06246	36766	0.04321			89	0.26042									
278	22371	4.90082	5																	
514	42853	4.17769	0																	
880	20891	3.17807	0	27469	0.04023															
55	38098	4.13660	0																	
688	25664	5.00000	5																	
377	23415	4.53289	0																	
815	37187	4.30038	4																	
840	37043	4.65377	0																	
733	23448	4.87883	1																	
803	23916	5.00000	6																	
632	23436	2.66780	0																	
81	22634	4.62989	0																	
246	22960	4.45802	0																	
581	31886	3.64460	5																	
525	33427	3.72432	0																	
424	24071	4.12424	0	24012	0.03808	21275	0.03115	37474	0.02775	146	0.04557	38	0.01786	215	0.01545					
785	30628	4.17313	0																	
456	27903	4.85686	0																	
161	30531	4.28765	0																	
375	24004	4.72326	0																	
140	32134	4.95500	0																	
493	40525	4.28125	5																	
452	36738	4.80230	4																	
407	38415	4.19984	0																	
546	34477	4.76553	0																	
402	33251	4.91481	4																	
488	41983	3.95306	0																	
779	20009	4.86716	6																	
514	35994	4.21899	0																	
68	29711	4.79865	0																	
13	25089	4.66776	0																	
334	34497	4.16230	2	30672	0.03883															
821	29992	2.69956	0																	
882	22005	3.80449	0																	
864	36930	4.05361	5																	
775	28864	4.87600	1																	
173	20818	4.74875	0																	
514	39311	4.25003	5							594	0.00242									
514	43088	2.91985	0	32109	0.13008															
514	36086	3.42911	0	35875	0.03209	34266	0.02128	36076	0.00965											
601	38089	4.24960	4																	
531	35071	4.83049	0																	
473	39447	3.45634	0																	
70	33649	4.80510	0																	
154	40012	4.84929	0																	
866	34173	4.30841	0																	
393	36317	4.17926	0																	
490	26635	4.43882	1																	
340	23327	4.56913	3																	
907	27507	4.82523	0																	
935	23831	4.39703	1																	
81	24538	4.61457	0																	
449	25510	4.50136	0																	
319	32565	4.25076	0																	
782	36190	4.96428	0																	
322	28332	4.10633	0																	
538	22268	4.20885	0																	
953	43095	4.94327	0																	
334	34897	3.19587	0																	
923	35139	3.92270	0							330	0.05325									
429	25040	5.00000	6	25039	0.00798	25903	0.00111			703	0.04469	81	0.04058							
142	37673	4.30242	3	41044	0.01321					882	0.02930									
821	37178	4.68922	0																	
9	31629	4.56338	0																	
514	41591	4.09710	0																	
656	30517	4.76977	0																	
175	30156	4.17829	0																	
397	23396	3.80261	6																	
823	25563	3.90552	0																	
118	35875	4.08831	0																	
162	31544	4.35508	0																	
97	28015	4.29110	0																	
866	23697	4.40130	2																	
573	32515	4.45935	3																	
334	24410	4.23618	2	24085	0.03317	22620	0.03058	22621	0.01569	20	0.07744	471	0.05627							
677	41559	4.60723	0																	
57	39051	4.74831	0																	
569	20368	4.92302	6	23173	0.13333	20361	0.07651			465	0.16189									
139	32114	5.00000	2																	
564	42874	4.95291	0																	
283	24625	4.73026	2																	
610	31648	3.53776	0																	
995	40525	4.74781	5	40745	0.00338	38098	0.00157			142	0.02801									
227	24764	4.40923	2																	
329	25770	4.25109	0																	
890	31003	4.00156	3																	
35	41915	5.00000	0							514	0.01068									
786	41731	5.00000	2																	
652	41943	4.53731	0																	
173	25091	4.61894	0																	
129	30833	4.56003	1	25031	0.04459					231	0.06785									
514	40096	4.23677	0																	
226	34615	4.77499	2																	
960	39427	4.63160	1																	
16	25018	4.95595	0																	
704	23965	4.62445	0																	
248	26526	5.00000	0	26530	0.04588	26544	0.03396	22356	0.00982	522	0.14600									
122	28460	4.32077	0																	
646	28848	4.95633	0																	
913	35448	3.36136	0																	
349	26288	4.32505	0																	
496	36657	5.00000	6																	
42	37758	4.01346	0																	
639	38651	5.00000	3																	
350	34587	4.62049	1																	
976	25334	5.00000	2																	
93	29773	4.21702	0	24479	0.13347															
388	33220	4.09137	2																	
594	21492	4.96690	6	23399	0.03784	23403	0.02385	25040	0.02006	810	0.04341	309	0.01473	414	0.01226					
429	21492	5.00000	6	25039	0.00430					703	0.04469									
688	35682	4.48855	0																	
403	28874	4.22957	1																	
715	24272	4.01502	5							381	0.17441									
875	38336	4.34924	3																	
613	20584	5.00000	2																	
594	25089	4.53157	0																	
164	36722	4.48534	4																	
31	31026	4.40111	2																	
319	28777	4.28694	0																	
340	20275	4.21964	0	24589	0.01091	24593	0.00628	24592	0.00515	848	0.04679									
28	43071	4.71332	6																	
407	26174	4.22224	4																	
642	37266	4.46705	5	37664	0.01124	37876	0.00639													
142	40306	3.88437	1							889	0.01515									
541	35088	4.39491	0																	
813	34471	4.71183	0																	
720	38223	4.33645	0																	
113	21925	4.83156	0																	
587	26067	4.83808	4																	
522	23023	4.51609	0																	
772	30612	4.15869	2	24484	0.02008															
388	38838	4.16526	0																	
14	23401	4.64905	0																	
571	24655	4.72821	1	23688	0.00648					340	0.00822									
59	41298	4.09761	0																	
503	36480	4.63544	0																	
505	31714	4.60210	0																	
78	24368	4.45202	1																	
429	35697	4.84350	6																	
697	42329	3.77714	0																	
779	24130	5.00000	0																	
754	32459	3.87836	0																	
779	26115	4.54368	0																	
779	25396	4.52602	0																	
678	43678	3.85963	0																	
941	25015	4.81170	0																	
324	40572	4.11162	2																	
81	22540	4.61882	0																	
681	21299	4.73414	6	24650	0.04801															
779	23882	4.88506	0																	
448	24258	4.24948	0																	
97	24281	4.38511	0																	
994	37425	4.11390	0																	
525	23761	3.88735	0																	
813	25993	5.00000	6																	
314	42948	4.94373	0																	
15	37795	4.58886	0																	
644	43418	4.75357	0																	
195	30925	4.29387	2	32674	0.09386					879	0.18503									
710	31637	4.52508	4																	
373	38626	4.87101	0																	
511	23744	4.26658	0																	
105	22533	4.48164	0	24650	0.02174					410	0.01138	381	0.00750							
618	36501	3.02142	0																	
245	32687	4.93300	0																	
200	37914	3.92194	0																	
424	42132	4.49560	6																	
177	43000	3.00142	2																	
429	24624	4.55515	0	24656	0.01046					137	0.01524									
214	35952	4.92939	1																	
429	22707	4.62196	4	21127	0.03663					86	0.05108									
728	42057	4.30758	0																	
493	28097	4.71420	6																	
567	31744	4.18475	0																	
789	24129	5.00000	5																	
411	38531	3.94151	2	35942	0.19773					625	0.17815									
424	38105	4.46065	3							466	0.05251									
681	36408	4.53414	2																	
73	41494	4.38320	0																	
848	23105	4.31411	4	40921	0.02006	23840	0.00546			761	0.06064	676	0.01260							
400	38530	4.47534	2																	
817	29761	2.99161	0	28266	0.03457															
171	26288	4.87163	0																	
491	22004	4.63591	2	28845	0.03983	37043	0.02756	25259	0.01173	292	0.05487	436	0.03560							
44	28135	4.06689	2																	
838	43564	4.82102	0																	
535	22641	4.29535	0																	
514	37276	4.03496	3																	
163	31822	3.55376	0																	
892	43815	3.93459	0																	
511	32187	4.17201	0																	
318	26576	4.63291	0																	
329	22581	3.16065	0																	
193	35594	4.78987	6																	
811	34757	4.30014	0																	
246	24894	4.38144	0																	
438	24049	5.00000	5																	
484	38467	1.48103	0																	
494	23063	4.97768	0																	
911	39700	4.27578	0																	
984	23657	2.83312	0																	
478	32882	4.35750	0																	
851	31987	4.89936	0																	
389	23259	4.14005	2																	
973	32350	4.91537	0																	
540	34444	4.78351	0																	
710	32939	3.85808	2																	
29	37789	4.28569	0																	
882	36211	3.81996	0																	
816	27374	4.86553	0																	
334	32520	4.11649	0	21275	0.03956					238	0.00454									
683	30484	3.35054	0																	
514	40745	3.89309	0	23887	0.02254	38198	0.01689			491	0.02105									
979	38986	4.68873	3																	
559	24257	4.24757	5																	
396	42132	3.89818	6																	
81	29490	4.63272	0																	
177	43005	3.45984	0																	
889	40523	3.25154	0	38098	0.01383															
256	33507	4.71547	0																	
369	24004	5.00000	0	23799	0.10105	23458	0.02805			860	0.14890	358	0.08333							
398	36811	4.89573	0																	
884	20188	5.00000	5																	
152	24932	3.99038	1																	
577	33726	2.92826	0																	
364	38140	4.71143	0																	
514	38447	4.30779	1	38535	0.06844	41285	0.01590			774	0.01154	883	0.00542							
504	28505	3.94570	0																	
69	29559	4.15151	0																	
570	42661	4.14924	0																	
579	29462	4.78977	0																	
678	36850	5.00000	1																	
310	23674	4.83663	0																	
514	43321	4.12634	0																	
92	34791	5.00000	5	37290	0.04231	37266	0.01335	37297	0.01284	160	0.03916									
610	35323	3.54994	0																	
974	23897	4.84334	0																	
514	22579	4.13502	0																	
813	34542	4.05138	1																	
948	39181	4.55438	0																	
333	24568	5.00000	0																	
340	20761	4.51867	0																	
676	42701	3.86081	0																	
259	41879	4.34466	0																	
848	33474	4.11507	5																	
217	36490	3.69463	1	26041	0.11902					978	0.30303									
330	24590	4.72037	2	24589	0.15965					784	0.07634	340	0.00989							
969	37776	4.33787	2																	
813	22418	4.82964	0																	
781	27008	4.37824	4																	
610	34439	3.57349	0																	
569	26043	5.00000	4	30281	0.00425					491	0.01075									
223	22655	4.47196	0																	
979	27909	4.61368	0																	
608	25404	4.32206	0																	
227	35697	3.90238	6	25262	0.01587	25369	0.00588	24650	0.00469	471	0.03508	296	0.02148	381	0.00491					
763	36534	3.92360	0																	
334	22736	4.20881	0																	
574	28864	5.00000	1	27543	0.08790					289	0.04762									
357	33448	4.65520	0																	
514	24065	4.54111	3	31474	0.01429	32210	0.00750			567	0.00775									
905	21500	3.73970	3																	
340	43338	4.45946	0																	
340	25548	4.69483	1																	
758	21910	3.90873	0																	
430	25331	4.70082	1																	
462	41313	4.44046	0																	
224	24683	4.64494	0																	
340	23657	3.18597	0	20674	0.08913	21492	0.01821													
489	41984	4.76465	0																	
986	22719	3.81663	1																	
575	22549	4.41787	1	22583	0.09827					856	0.08785									
945	35013	4.91699	0																	
292	40745	3.99166	0	38098	0.05076	31025	0.02104	29717	0.00828	491	0.05487	142	0.00464	995	0.00363					
421	28079	4.61117	0																	
4	22738	4.73000	0																	
355	26636	4.79893	5																	
662	26476	4.09393	4																	
620	38851	4.42701	0																	
423	22571	4.43989	2																	
915	34896	4.82951	0																	
326	30273	3.50391	0																	
797	32036	4.52271	0																	
140	31787	5.00000	0	38960	0.02023					388	0.10014									
428	40044	5.00000	3																	
774	38332	3.87735	0																	
414	24985	3.64066	0	25068	0.00609	21098	0.00423													
668	21262	4.91840	3																	
823	20764	3.84805	0																	
848	25300	4.40686	0																	
739	23885	4.18564	0																	
501	22004	5.00000	2																	
983	24688	4.28607	1																	
620	40102	4.42254	0																	
973	43318	4.64388	0																	
548	27293	4.59744	0																	
303	34791	4.71956	5																	
385	28340	4.07649	0																	
337	23239	5.00000	3																	
141	39654	3.98611	0																	
307	35775	4.48697	2																	
342	36076	5.00000	0	24012	0.00428					424	0.00421									
287	37524	3.79870	0																	
347	41578	4.50338	0																	
20	22296	5.00000	2																	
863	21272	4.55535	4																	
373	37554	4.79076	0																	
78	22141	4.29534	0																	
107	37290	3.45438	0	20019	0.04697	37876	0.04163	37071	0.03222	615	0.04852	92	0.01381							
347	31886	3.76406	5																	
381	24680	4.59848	5	24650	0.05941	22533	0.00633			848	0.11230	678	0.01072	681	0.00911					
997	28868	4.59220	0																	
472	31026	5.00000	2																	
792	22284	4.40914	0																	
424	35253	3.52673	0																	
388	43125	3.96653	1																	
519	32897	4.48444	0																	
574	21248	5.00000	5	21265	0.35536					333	0.22014									
987	28798	3.85834	0																	
866	20896	4.26066	0																	
468	35610	4.76269	0																	
16	28807	5.00000	3																	
26	39077	4.63562	0																	
662	35098	4.18019	0																	
169	40277	4.96776	0																	
77	20418	4.29919	0																	
259	42781	4.29618	6																	
570	32275	4.16944	0																	
710	30761	4.38223	0																	
951	42115	4.47666	0							514	0.03324									
70	41256	4.84963	0																	
414	34287	4.65759	0																	
33	32761	4.27717	0																	
280	27964	4.75295	0																	
212	29679	4.90096	0																	
611	25591	4.75949	0																	
410	23448	4.36886	1	23370	0.05647	24367	0.03678	24650	0.02437	669	0.15702	792	0.02985							
557	36374	4.75271	0																	
986	29684	3.67861	2	24078	0.02384	28939	0.02330													
79	38447	4.89753	1	37716	0.06693					883	0.07872									
454	34587	4.28155	1																	
569	30087	4.74544	0																	
227	20908	3.96803	0																	
983	24239	5.00000	0																	
624	21267	5.00000	1																	
575	21956	4.49242	3																	
505	20595	4.30706	4																	
125	30672	4.12686	0																	
55	23769	4.86840	0	23624	0.01484					963	0.03219									
946	23317	4.76091	0																	
1	27518	5.00000	0																	
171	31724	4.89618	0																	
242	40204	5.00000	0																	
175	23923	4.42719	5	22371	0.03053	32579	0.01807			594	0.06725									
880	27026	3.81120	0																	
546	30248	4.77899	0																	
380	30378	4.42530	0																	
350	43067	4.87270	0																	
107	32327	4.31208	0																	
997	25891	4.55307	0																	
779	30739	4.53147	0																	
577	39532	4.31187	6																	
876	40416	4.85656	0																	
491	41897	4.01217	1	38098	0.01492															
601	42345	4.22985	0																	
227	24365	4.13306	2							772	0.03866									
848	23841	3.96470	1	23839	0.08590	24624	0.06221			916	0.02699									
741	26769	4.74397	0																	
527	24131	3.59054	0																	
758	35461	3.92473	0																	
403	25703	4.49927	4																	
587	23223	5.00000	2	26043	0.00778					983	0.01642									
97	24287	4.38917	0	22439	0.00261					570	0.03893									
522	24446	4.50085	0																	
81	21038	4.59231	0																	
993	38104	4.86526	0																	
860	37336	5.00000	3																	
70	43883	4.86031	0																	
505	26476	4.62252	4																	
218	23113	4.83662	0																	
784	26076	4.31380	6							340	0.03509									
531	31415	4.75249	0																	
55	30147	4.87707	3	22620	0.00603					853	0.03345									
11	21273	3.89135	0																	
569	20374	4.20561	6	23173	0.12380	20361	0.07580			465	0.16189									
590	28871	4.25048	0																	
570	25281	4.24388	0																	
551	20447	4.27452	0																	
148	21192	4.98402	0																	
466	38081	4.54645	0																	
494	29996	5.00000	3																	
695	24012	3.87912	3	23769	0.03278					215	0.06556	171	0.04231	38	0.03373					
340	38118	5.00000	3																	
840	36939	4.02618	5																	
227	40447	4.18322	2	24048	0.05054	25262	0.01687	25369	0.00800											
407	38908	3.80503	3							81	0.01128									
332	27029	4.84248	0																	
445	23840	3.58311	0	23839	0.02785					848	0.09712									
1	36875	3.96247	0																	
282	26667	4.74306	0																	
292	23993	4.42895	1	25031	0.02632	40586	0.01235	25259	0.00967	443	0.08442	231	0.07429							
569	21538	4.72375	0																	
976	24684	2.97529	0																	
340	22164	4.83367	1	31854	0.08318					519	0.00938	571	0.00822							
26	34588	4.63248	0																	
774	32223	4.06811	5																	
282	30026	4.81878	0																	
330	24271	4.26032	0																	
441	26646	3.34924	0																	
403	33638	4.00975	0																	
541	35307	4.46842	0																	
981	39578	3.80282	3	38098	0.00441															
888	30361	4.73593	0																	
81	24542	4.63961	0																	
902	21545	4.88336	0																	
142	37297	3.29635	5	37049	0.05142	36875	0.04166	36332	0.02473	160	0.06563	328	0.03179	92	0.02743					
170	40130	4.63690	0																	
377	23109	4.51292	0																	
48	24589	5.00000	0							848	0.03363									
466	37896	4.22581	0																	
813	24866	4.68641	0																	
894	21554	5.00000	4																	
891	37510	4.25736	0																	
162	31307	4.35395	0																	
340	21098	4.75857	3	27285	0.02440	31854	0.00853	40513	0.00669	414	0.03758	741	0.01690	832	0.01495					
44	30281	4.07341	2																	
466	38001	4.10936	0																	
105	21243	4.62475	0																	
314	43137	4.87756	0																	
120	35965	5.00000	2																	
546	27749	4.79882	0																	
818	22151	3.15933	5																	
793	21163	3.66638	0																	
340	25866	4.46688	0																	
841	23607	4.57922	0																	
448	41798	4.16264	0																	
50	22374	5.00000	0																	
479	22706	4.84586	0																	
160	36875	3.05943	0	37297	0.04166	37266	0.00979			142	0.06563	92	0.03916							
162	23405	4.28794	0																	
95	38112	4.13055	0																	
398	35789	5.00000	0																	
139	42572	5.00000	0																	
156	29717	4.30660	0																	
569	30390	4.70426	0																	
389	21407	3.91376	0																	
14	25031	5.00000	0	29717	0.00931					292	0.04549									
349	31758	4.83844	5																	
424	39123	3.92711	2																	
282	26173	4.72628	0																	
187	22095	5.00000	3																	
230	24697	4.73126	0																	
779	24818	4.59506	0																	
514	21045	4.18764	3																	
562	39857	3.93679	3																	
231	22660	4.66242	0																	
899	38845	4.27067	0																	
248	27391	4.61519	0																	
792	22623	4.45542	0																	
281	40230	4.93184	0																	
505	27116	4.59633	0																	
317	28274	4.95150	2	23852	0.01938					132	0.02375									
49	24317	4.75293	3																	
340	22524	4.47259	1	22552	0.04785	25067	0.04397	24361	0.00788	449	0.03253	283	0.02210	811	0.00583					
963	39664	4.82428	0																	
410	24478	3.35216	3																	
882	27154	3.99269	0																	
495	23553	4.79849	3																	
973	40603	4.60831	0																	
58	24380	5.00000	0																	
979	40366	4.45977	0																	
162	22582	4.39016	0																	
260	40124	4.61160	0																	
550	39069	4.37850	0																	
160	37049	4.69768	0	37297	0.05142	37266	0.03794			142	0.06563	92	0.03916	615	0.02649					
876	38759	4.84129	0																	
846	34137	4.69023	2	24237	0.01821															
696	22663	4.86736	0																	
445	21246	3.48773	0																	
882	38527	3.78009	3																	
569	29611	4.79856	0																	
31	25411	4.27084	3																	
21	40339	3.52412	0																	
399	21492	5.00000	6																	
79	33622	4.79685	0																	
258	21269	3.85093	4																	
187	42520	2.08220	0																	
648	37943	3.74780	0																	
581	40010	4.52461	0																	
362	24424	4.04745	0																	
938	20597	4.48648	0																	
882	38065	3.85272	0																	
621	21778	4.15927	0																	
414	24458	4.52455	0																	
46	41277	4.87681	0																	
934	32308	3.96063	4																	
340	23367	4.72400	5	23399	0.01124	25040	0.00722	25308	0.00263	594	0.01218									
227	39612	3.88659	1							328	0.01697									
194	23478	2.65364	3																	
142	40626	4.01249	1	41075	0.07963					237	0.01741									
26	24185	4.72406	0																	
89	36186	3.75652	4							815	0.26042									
354	43105	4.92537	0																	
250	35253	3.16490	0																	
940	34627	4.04337	0	37469	0.01442					763	0.05033									
861	32307	4.86443	0																	
223	23184	4.83591	6																	
468	40356	4.76396	0																	
283	41945	4.52673	0																	
146	25065	4.14847	4	25269	0.06472	39203	0.01675			86	0.14135									
763	37785	3.94773	0	37880	0.03822					315	0.00597									
424	38160	4.52847	0																	
842	31887	4.35912	0																	
250	23481	3.09680	0	23560	0.10363															
107	28007	3.76437	0																	
415	40919	4.55693	0																	
175	41615	4.22749	0																	
570	29762	4.63233	2	30755	0.02691	25791	0.00309			340	0.05581	541	0.03125							
610	35322	3.52985	0																	
414	22452	4.59305	1	21221	0.03341	25093	0.02279			175	0.07195	13	0.04957							
535	23249	4.33357	0																	
538	23166	4.39548	0																	
931	37684	4.82882	0																	
60	22374	5.00000	0																	
26	27641	4.68648	0																	
227	24472	4.10930	1																	
120	22341	5.00000	3																	
13	24915	4.89480	2																	
737	27159	5.00000	6																	
13	25081	4.60082	0																	
882	31462	4.08031	0	28126	0.05591	31026	0.03796			879	0.10701	19	0.02998							
4	31652	4.77286	0																	
611	42600	4.82630	1																	
758	25040	3.88716	6							412	0.03844	703	0.01419	340	0.00743					
659	30289	3.98584	4							676	0.03490									
397	25329	3.80168	4																	
490	38531	4.21814	2							625	0.06750									
595	26183	4.61529	0																	
8	22447	4.46446	0																	
698	43398	5.00000	0																	
905	21287	2.63643	0																	
676	24815	3.94705	0																	
4	31007	4.19972	0																	
283	38910	4.55568	0																	
357	25421	3.65718	0																	
779	26359	4.50828	0																	
92	34911	3.66423	0																	
848	24290	4.19896	3	23986	0.14695	22533	0.04398	24270	0.03077	381	0.11230	108	0.02062							
569	23227	4.79565	0																	
348	42406	5.00000	6																	
443	34542	4.18619	1																	
340	20802	4.47732	0																	
275	36846	4.63483	0																	
609	22412	5.00000	1																	
178	26302	4.91172	0																	
767	34762	4.35634	1																	
13	21033	4.98180	3	30537	0.03080	25903	0.02909			81	0.11350									
54	22999	2.51302	0																	
175	23390	4.63472	1																	
569	32025	5.00000	0																	
247	43398	4.44813	0																	
385	23712	4.10827	0																	
27	25216	5.00000	1	25404	0.02288					774	0.12510									
583	42224	4.09592	2																	
514	41672	4.22052	0																	
343	30939	4.14371	3																	
602	21522	4.59080	5	25331	0.03981															
64	33515	4.69896	0																	
59	28198	4.08871	0																	
779	22376	5.00000	2																	
541	25040	4.71111	6							340	0.02743	594	0.02622							
283	40037	4.49924	0																	
746	36093	5.00000	5																	
895	39753	4.88297	0																	
413	20531	4.88842	0																	
518	32564	5.00000	4	25698	0.16525	25703	0.13699			32	1.00000									
254	21531	5.00000	5							160	0.06296									
837	26129	4.13271	0																	
81	21037	4.69962	0																	
648	40119	3.61709	0																	
813	32474	4.72571	0																	
64	21303	4.75458	0																	
330	30537	4.66405	1							13	0.05089	81	0.01689							
961	42632	3.90857	0																	
726	39269	4.54732	1																	
977	21146	4.57977	0																	
540	40222	4.77672	0																	
142	36566	3.28031	0	37049	0.04590					932	0.00270									
29	24620	4.46556	5	32177	0.01669					10	0.09726									
407	37880	3.96359	2	37469	0.01759					763	0.03087									
340	24639	4.49317	0																	
654	39798	4.86302	5																	
362	22571	5.00000	2																	
787	34579	4.72141	3																	
297	38842	5.00000	6																	
920	25636	5.00000	6	25639	0.01389					340	0.03904									
424	32701	4.41597	0																	
520	40862	3.82258	0																	
873	33027	4.49379	0																	
141	35524	3.92492	1																	
340	31066	4.86920	0	21099	0.00609	21492	0.00481			283	0.02210									
888	27057	4.81337	6																	
743	39951	4.23382	1																	
498	28037	4.78867	0																	
918	24338	3.48228	6																	
853	39275	4.74861	0																	
362	26165	4.69491	0																	
55	37877	3.32713	0	23624	0.00611															
968	35952	4.64888	1																	
141	26331	4.01182	0																	
373	41264	4.94951	0																	
888	31900	4.34695	0																	
133	20523	4.77313	0																	
510	40383	4.85471	0																	
221	32501	4.46783	4																	
471	34675	3.54770	0																	
44	20366	3.81667	0																	
676	27011	4.08742	3																	
145	39384	4.15060	5																	
166	34118	5.00000	0																	
569	26047	4.75760	0																	
14	34225	4.63990	0																	
162	24914	4.67278	3																	
822	38862	4.76013	1																	
227	23413	4.28242	3																	
931	44026	4.83115	0																	
246	24762	4.45821	0																	
261	21580	4.39085	0																	
800	35948	4.56716	0																	
942	23246	5.00000	6																	
602	24447	4.60161	0																	
105	24776	5.00000	2																	
34	23928	4.87549	6																	
616	23908	5.00000	1																	
880	22669	3.97558	4																	
821	41440	1.36737	0																	
471	22273	4.14051	6	28358	0.36434					679	0.09165									
982	33639	4.26912	0																	
50	43371	4.74738	0																	
592	42238	4.86191	0																	
779	24777	4.80880	0																	
904	41348	3.79341	1	41493	0.17932					899	0.20744									
544	21245	4.30582	1																	
643	36843	4.37954	0																	
188	34615	4.14732	2																	
700	42612	3.75523	0																	
501	24646	4.05784	0																	
578	35438	4.11750	3																	
77	20941	4.33511	0																	
106	36980	3.91155	0																	
594	36967	4.33205	0	37297	0.00542					504	0.00813	514	0.00242							
659	30662	4.16653	0																	
447	37187	3.82036	4																	
929	27471	4.63446	0																	
848	25637	4.04513	4	25639	0.09727					340	0.04679	920	0.02796							
178	25867	4.81233	6																	
166	31799	5.00000	0																	
953	40929	4.80333	0																	
469	21141	3.54477	0																	
171	24049	5.00000	5							424	0.00339									
570	25811	4.21368	0																	
168	21697	5.00000	6							340	0.01455									
430	31462	4.66744	0																	
694	25331	4.31400	1																	
569	23215	4.86703	0																	
451	29369	4.34748	0																	
340	24532	4.68684	0	25040	0.00603					813	0.01733	741	0.01690							
893	39637	4.66249	0																	
575	22589	4.34586	0																	
249	38098	4.46489	0	37642	0.04102					491	0.00212									
491	25031	4.71309	0	29717	0.00931	37043	0.00913	25259	0.00583	292	0.05487	983	0.00596							
230	24665	4.77085	0																	
766	42514	4.81027	0																	
206	32028	4.38810	2																	
510	41157	4.83539	0																	
696	24579	4.70901	4																	
893	36656	4.68875	0																	
514	24071	4.24444	0																	
544	31088	4.53558	0																	
42	41045	4.50923	3							514	0.01816									
785	22205	4.11921	0																	
283	24737	4.58250	0																	
170	43136	4.56133	0																	
81	24563	4.63356	0																	
569	20355	4.72395	0																	
787	27060	3.83441	0																	
858	37758	5.00000	0																	
283	21855	4.87372	6	28817	0.01245	21099	0.00725	24361	0.00328	340	0.02210									
877	35882	5.00000	0	37071	0.00939					604	0.02376									
407	24651	4.85982	0	42439	0.01164	38535	0.00980	40401	0.00673	514	0.06341									
371	41075	2.82140	1							107	0.02919									
629	42908	4.10063	0																	
412	27969	4.04064	0																	
340	22646	4.48638	0																	
505	20707	4.59534	0																	
407	35271	4.12219	0																	
230	41674	4.82504	0																	
959	26656	5.00000	1																	
514	40491	3.75596	2	40381	0.12048	41285	0.06164			42	0.01816									
882	38098	3.66189	0	24570	0.01053	39599	0.01044			292	0.09785	491	0.01003							
570	27978	4.14984	0																	
563	26324	4.36681	0																	
811	40018	4.34117	0																	
514	25486	4.59281	5																	
282	22331	4.81444	0																	
569	21548	4.74517	0																	
232	35253	3.73329	0																	
195	31987	4.35124	0																	
383	26314	4.59424	0																	
446	37254	3.92880	1	37565	0.02271	37297	0.01462			97	0.06365									
570	23807	4.10871	0																	
777	27530	4.07154	0																	
849	40963	5.00000	2																	
479	21018	4.87105	0																	
171	24071	4.99223	0	24012	0.03808	23769	0.03273			215	0.02446	38	0.01260							
568	22266	4.28276	4	28939	0.03797															
863	25522	3.95881	3	28026	0.01226					81	0.01191									
741	33694	4.68990	0																	
848	25805	4.54050	0																	
329	25913	3.54340	0																	
696	23989	4.85888	0																	
98	30192	4.70461	0																	
434	29015	5.00000	5	20330	0.01233					227	0.15748									
399	24737	4.89231	0																	
378	35882	4.41009	0																	
70	44016	4.79655	0																	
137	33440	4.76405	0																	
403	21208	4.35495	2																	
399	25118	4.92775	0																	
81	25451	4.29523	3	27752	0.04696	28026	0.00722			567	0.03020									
29	36812	3.79622	0																	
882	23871	3.80737	3	20055	0.02592					569	0.07067									
236	32415	4.36761	0																	
944	30104	4.41527	0																	
269	25040	4.75142	6																	
641	24115	4.65706	6																	
329	41771	3.77801	0																	
514	22510	4.15423	0																	
715	31160	3.55576	0																	
741	20677	4.78460	0																	
374	38109	2.84955	0																	
77	41619	4.50670	6	39065	0.00573					813	0.10454									
40	24078	2.30632	5																	
741	37966	4.81949	0																	
109	33470	4.56352	4																	
282	29455	4.76786	0																	
334	22716	4.28974	1	22727	0.00931					835	0.05889									
621	27391	4.13304	0																	
491	32677	4.13784	0	25259	0.04950	38098	0.01828	29717	0.01251	292	0.05487									
702	40918	5.00000	0																	
415	43143	4.39482	0																	
733	33072	4.90101	0																	
278	21098	4.83005	3																	
983	24632	4.60268	0																	
180	28525	4.38943	0																	
70	42655	5.00000	0							283	0.04853									
555	22018	3.81372	0																	
617	39200	5.00000	4																	
319	32537	4.17699	0																	
502	36375	4.76180	0																	
889	34192	4.51663	2	31903	0.03606	39787	0.02046	38098	0.01136	491	0.04785	107	0.04367							
856	23715	4.59786	0																	
679	21222	4.86234	2																	
664	33969	4.15765	0																	
590	30705	4.35531	0																	
514	32622	4.20080	0																	
273	31981	3.82161	1																	
812	29767	5.00000	0																	
563	37168	4.36929	0																	
986	24761	4.39280	2																	
227	24925	4.09107	0																	
443	36777	4.87533	0																	
729	32982	4.17066	0																	
162	26168	4.40614	0																	
627	37053	4.05524	5																	
388	36839	4.55822	0	37826	0.05665					527	0.04302									
969	30103	4.39820	0																	
431	25254	4.41278	0																	
541	32382	4.52656	4							782	0.37266									
21	36068	2.74868	6	30672	0.08258															
424	42760	4.53071	6																	
789	23335	4.59069	4	24650	0.02245					410	0.02264									
87	20011	4.34121	3	39595	0.01114	39337	0.00857													
706	24192	4.82564	0																	
415	40899	4.66968	0																	
945	33786	5.00000	2																	
492	24514	4.57919	0																	
741	29748	5.00000	5																	
340	24646	4.05400	0	21492	0.00445	21099	0.00166			283	0.02210									
483	33809	4.26342	0																	
405	34542	3.44907	1																	
893	32454	4.95756	4																	
589	32984	4.31709	0																	
982	35692	3.24040	5	36662	0.05797															
593	25183	5.00000	3																	
880	30862	3.84018	4																	
99	38733	3.64957	0																	
230	34918	4.87808	0																	
505	21944	4.60836	0																	
614	41959	4.39538	1																	
478	35326	4.31581	0																	
889	41210	4.23547	0																	
967	24361	5.00000	4	24252	0.04108					758	0.14022									
741	20110	4.80329	0																	
510	24839	4.75852	0																	
875	32116	4.16681	4																	
952	38852	4.93187	2																	
575	25304	4.87004	1	21234	0.04144					664	0.14732									
401	35748	3.95902	0																	
414	26329	4.57341	0																	
424	34910	2.59854	0	37474	0.06184	34350	0.05000	24012	0.01806											
93	29812	4.39815	0																	
548	25427	4.65664	0	25426	0.01151					82	0.38287									
537	23852	4.57018	2																	
802	39427	3.85437	1																	
730	21816	4.64410	0																	
471	39152	4.63542	3																	
414	24986	4.60766	0																	
19	31876	4.68184	6																	
902	23492	4.91489	0																	
338	33348	4.72675	0																	
535	22373	4.39071	3																	
564	35697	4.82876	6																	
181	25020	4.45041	5																	
403	24239	4.50829	0																	
809	24257	3.50648	5																	
514	24638	4.15903	0																	
883	37840	4.22305	6																	
408	39620	4.80714	1																	
443	32099	4.82146	0																	
643	34702	4.44686	2	35906	0.00956					598	0.00370									
569	24578	5.00000	6																	
583	42919	4.25390	0																	
546	43632	4.76828	0																	
474	35356	4.07883	0																	
996	24054	4.40028	0																	
971	29647	4.57820	0																	
340	29717	4.94719	0	31854	0.01244	22554	0.00522			14	0.02485									
117	37266	4.29580	5																	
570	24770	4.34729	6							501	0.04961									
165	23900	3.31725	5	23769	0.04789					171	0.04209	218	0.02283							
144	24749	5.00000	0																	
49	24761	4.84697	2	24254	0.14725					998	0.19939									
76	33502	5.00000	0																	
696	25716	4.57937	2																	
522	24427	5.00000	3																	
698	43790	5.00000	0																	
452	37264	4.57654	0																	
505	20256	4.64127	0																	
996	30910	4.28615	0																	
179	22047	4.00316	0																	
848	26273	4.66609	5	29033	0.03170					468	0.02021									
746	33206	5.00000	6																	
676	41635	3.97435	0																	
110	42119	4.90741	0																	
860	25031	5.00000	0	30833	0.04459	40586	0.02078	37043	0.00913	231	0.08562	292	0.08533							
866	34616	4.37886	1																	
669	30612	3.65694	2																	
514	36946	3.89485	2	36967	0.00297					504	0.00119									
19	31987	4.58649	0																	
866	23615	4.30442	0																	
381	26237	4.31191	3																	
43	34053	2.90864	6																	
79	35695	4.44393	5	38368	0.18738					690	0.19415									
535	21970	4.28157	0																	
334	32385	4.40467	4	30672	0.02942															
491	27887	3.81256	0	24570	0.07996	26043	0.03229			84	0.01307									
81	24485	4.60848	0																	
120	36479	4.78735	0	24252	0.07724															
479	32493	4.90791	0																	
866	31945	4.24771	0																	
424	37926	4.53906	0																	
753	26494	4.86690	0																	
865	43144	4.67446	0																	
397	36480	3.99377	0																	
103	23852	4.55972	2	26345	0.01127					317	0.17822	567	0.01212							
595	43658	4.77943	0																	
174	21913	4.62024	1																	
689	38961	4.04342	0																	
856	29050	4.41398	0																	
291	37321	4.24618	0																	
384	24437	4.55460	6																	
957	25358	3.77358	2																	
527	37071	3.34417	1																	
162	26382	4.53261	1																	
829	21134	3.73160	0																	
356	33346	4.64111	0																	
511	34762	4.21779	1	22438	0.18754															
469	40572	2.47050	2							893	0.05696									
386	24341	4.09553	0																	
514	21061	4.33268	1																	
130	22541	4.30280	0																	
845	39200	5.00000	4																	
102	24687	4.55447	0																	
87	38325	3.95760	5																	
516	43020	4.90855	0																	
162	40718	4.32421	0																	
589	43920	4.21815	0																	
694	32210	4.26947	0							514	0.02318									
487	26618	4.69555	0																	
514	26535	4.02078	5																	
707	33726	4.87416	0																	
604	37857	4.12945	0																	
514	40146	4.10558	0																	
874	22709	5.00000	4																	
396	41285	3.92801	4	41045	0.00269					514	0.00161									
13	23284	4.71034	0																	
112	21265	4.53609	5	43231	0.04786					574	0.06824									
251	31474	4.93669	3																	
581	23506	4.54242	0																	
342	24071	5.00000	0	24012	0.03808					38	0.04997	215	0.01156							
662	39012	2.73896	0																	
109	24653	4.80672	2																	
618	21484	3.93270	0																	
81	25421	3.87685	0	25487	0.19940	25426	0.14198	34107	0.11155	82	0.02735									
592	21099	5.00000	0	25040	0.00143					340	0.00156									
340	24268	4.96018	6							403	0.01109									
505	20253	4.65990	0																	
236	39304	4.38783	0																	
966	24449	4.12425	0																	
187	41579	2.52309	0																	
570	23465	4.27436	0																	
672	23519	4.34774	0																	
448	21635	4.29948	0																	
779	23702	4.65498	0																	
466	38840	2.80762	0																	
389	21628	3.92284	0																	
891	37259	4.62385	5	21917	0.08727					709	0.05741									
99	33015	3.90274	0																	
983	26576	4.64119	0																	
471	39858	4.51351	0																	
362	22451	4.44329	2																	
469	24030	3.56233	0	24047	0.08948					733	0.02029	566	0.01579							
441	29745	4.27188	0																	
867	32458	4.06268	0																	
953	31969	4.91047	0																	
56	43127	4.72086	0																	
335	21617	4.35680	0																	
360	24088	4.88360	0																	
418	40401	5.00000	5																	
442	23739	3.96277	0																	
215	34266	4.47274	0	21275	0.03167					94	0.02307	628	0.02037	424	0.01545					
761	22279	4.45611	0																	
397	23462	4.06256	0																	
36	42477	3.60641	4																	
385	22360	4.10884	0																	
214	26134	4.81998	0																	
303	23491	4.42255	0																	
952	24137	4.90103	0																	
619	36442	4.40687	2																	
446	36875	4.19138	0	37297	0.04166	37565	0.00727			92	0.02937	142	0.01687							
802	39395	4.42094	0																	
953	42756	4.87241	0																	
478	40549	4.37040	0																	
503	33078	4.72188	0																	
142	38467	2.36271	0																	
358	37178	4.48203	0																	
388	41111	4.10785	0																	
860	38437	4.77597	0																	
429	23383	4.99899	0																	
301	21337	4.46036	0																	
668	31699	4.46326	4																	
514	40847	4.14088	0																	
648	39211	3.80396	0																	
656	41097	4.98969	0																	
928	21125	4.48981	0																	
648	40729	3.77540	0																	
255	37976	5.00000	0																	
332	22620	5.00000	5																	
81	24522	4.66002	0																	
388	39770	4.16736	0																	
298	37008	3.32625	0																	
142	37474	3.39055	5	40682	0.00458	36875	0.00236			424	0.01614									
79	37469	4.64702	5																	
535	29849	4.27000	0																	
356	23852	4.39530	2																	
875	31685	4.29462	0																	
986	25291	4.34742	5							334	0.03454									
965	24753	4.55227	0																	
843	23054	4.80913	0																	
813	23245	4.98128	5																	
872	40464	4.84478	0																	
700	28555	3.61239	0																	
81	21570	4.63343	0																	
848	25663	4.68352	5	24589	0.00864	24592	0.00646	24593	0.00447	340	0.04679									
448	32845	4.17505	0																	
339	24182	5.00000	0																	
340	24272	4.86741	5	24592	0.00504	25639	0.00477			848	0.04679									
95	38107	4.51588	0																	
811	41947	4.34599	5																	
397	35915	4.04871	0																	
55	24323	4.70370	3	22620	0.05763					20	0.02900									
174	24465	4.54543	2																	
869	33653	4.19213	1																	
866	34296	4.26138	0																	
601	26860	4.18910	0																	
195	32905	4.16790	0																	
158	26083	4.79004	0																	
154	25503	4.79472	0																	
154	43030	4.86254	0																	
195	31479	3.96641	1																	
204	26636	5.00000	5																	
845	42065	5.00000	0																	
624	37470	4.72748	0																	
611	31385	4.97355	4																	
81	25427	5.00000	0	25426	0.01151	25040	0.00337			82	0.02735	501	0.01132							
17	37993	4.92429	0																	
848	31970	4.40287	0																	
155	23089	4.38635	5																	
865	42854	4.75628	0																	
626	30021	4.89067	0																	
340	23328	4.62199	3																	
520	32762	3.79737	0																	
880	31966	3.96488	0																	
828	34615	4.74042	2																	
926	25073	4.34778	0	24924	0.35628															
274	35144	4.69294	0																	
986	21277	4.62757	5																	
873	24887	4.62356	0																	
227	28457	3.99906	0																	
340	25871	4.44673	0																	
882	37646	3.92774	0																	
13	21098	4.86379	3	25093	0.02039					414	0.04957									
367	41265	3.63199	0																	
880	27415	3.94361	0																	
570	26506	4.14961	0																	
72	35482	4.87172	0																	
361	25331	4.69138	1							813	0.09421									
162	23665	4.58927	6																	
196	27543	4.67875	1																	
620	26705	4.81547	0																	
340	25850	4.55319	0																	
165	21613	4.02314	0																	
861	27015	4.81503	0																	
304	39241	5.00000	0																	
659	41716	3.91230	0																	
83	37785	4.09563	0																	
514	31627	4.25900	0																	
485	36946	4.06563	2																	
613	40554	4.85357	0																	
55	39516	4.72426	2																	
14	23845	4.89859	1	25063	0.04040					860	0.01678									
892	23765	4.00024	3																	
624	24353	4.62700	0																	
570	25360	3.67234	1																	
491	43052	4.29739	0																	
81	25093	4.88672	0	23900	0.01962	24493	0.01354	35551	0.00607	13	0.11350	414	0.02712	330	0.01689					
286	23210	4.00495	2																	
758	22547	3.84564	0																	
752	32572	4.81294	0																	
703	20188	5.00000	5																	
340	36971	4.49533	0																	
264	24531	4.15652	0																	
662	40590	4.15654	0																	
741	20123	4.84487	0																	
334	35021	4.15544	6																	
81	25466	4.56896	0																	
688	26307	4.57237	0																	
921	30917	5.00000	0																	
400	38253	4.47238	0																	
330	24914	4.58260	3							81	0.01689									
268	23381	4.70477	0																	
350	43189	4.98974	0																	
407	35551	3.84291	3							81	0.01128									
580	41017	3.79046	0																	
280	26996	4.78447	0																	
648	38527	3.42387	3																	
360	33913	4.88881	0																	
893	40027	4.98612	1																	
473	27228	3.34190	0																	
999	27193	4.70819	0																	
321	36744	4.70139	0	37436	0.00696					741	0.10222									
142	38084	3.88013	1	36887	0.07569					97	0.09293									
997	30530	4.54879	3																	
828	21901	4.56134	0																	
925	35906	3.93273	1																	
514	39368	4.17267	0																	
564	36408	4.51928	2																	
403	24636	4.22374	0																	
570	32853	4.24910	0																	
168	24147	4.94526	6	23553	0.00314					813	0.04867	340	0.01455							
891	38246	3.75179	1	38862	0.05994	39130	0.02880	39437	0.02646	466	0.11700	853	0.08113							
491	23096	4.11084	4	30975	0.14981	29963	0.07750			117	0.05637	122	0.01450							
938	40675	4.16000	0																	
283	24963	4.55443	0																	
5	40917	4.82290	0																	
514	39664	4.19877	0																	
110	34587	4.58841	1																	
765	36075	4.44517	2																	
982	32810	4.33709	0																	
13	25618	4.65443	0																	
181	21075	4.86674	0																	
514	28088	4.09233	0																	
331	32531	4.88924	4																	
906	42774	4.28937	0																	
471	40447	4.67042	2	39535	0.03844	25262	0.01687	25369	0.00800	761	0.02383	963	0.00558							
758	21099	4.17031	0	24361	0.00310					283	0.02649	340	0.00743							
466	39543	4.12370	0																	
410	23420	3.79132	0																	
774	39384	3.16807	5																	
55	25369	4.57904	2	22620	0.01104					471	0.03161									
834	29757	4.32939	0																	
570	34994	4.22796	0																	
758	23852	3.79817	2	22440	0.02022					567	0.01656									
248	25331	4.70886	1	25240	0.05999					827	0.05116	602	0.03905	343	0.01582					
594	22452	4.60265	1	32579	0.02378	22371	0.01928			175	0.06725									
538	27108	4.34840	0																	
825	21092	4.63935	3																	
53	23451	4.03397	0																	
488	27313	3.93896	0																	
81	22539	4.66629	0																	
547	26072	4.71770	2																	
73	40951	4.55076	0																	
998	23769	5.00000	0																	
803	38625	5.00000	4																	
76	33403	4.81878	6																	
659	25428	3.92707	0																	
479	33365	4.88599	0																	
67	22412	4.18709	1																	
29	23483	4.60566	4																	
283	28614	4.50483	0																	
964	41943	4.34687	0																	
514	22703	4.06478	2							244	0.02256									
300	31115	4.82450	0																	
684	27565	5.00000	0																	
59	23556	4.17714	0																	
750	38961	4.77909	0																	
514	38105	3.92974	3																	
487	25308	4.88715	6																	
770	34341	3.73214	0																	
535	39625	4.26111	0																	
468	31854	4.93991	1							340	0.02449									
614	40745	4.58601	0																	
873	24808	4.49352	0																	
942	23686	4.85901	0																	
222	29579	4.56152	0																	
511	35274	4.46649	0																	
952	39204	5.00000	3																	
570	24620	4.45468	5																	
255	21275	5.00000	0																	
407	37027	3.99687	0																	
406	24289	4.55634	4																	
398	41056	4.86073	0																	
269	24344	4.49044	0																	
230	41573	4.84290	0																	
524	40264	4.87794	0																	
811	39659	4.23365	0																	
480	20068	4.81061	0																	
910	20454	4.65844	0																	
508	40319	3.99104	0																	
512	33738	4.87973	0	37187	0.27381															
813	37795	4.78996	0																	
362	22591	4.81474	5																	
504	42113	2.33176	0																	
974	38241	4.94758	2																	
991	23095	4.10488	0																	
853	30748	4.91838	3	30672	0.06267	30147	0.02924			153	0.03078	228	0.00578							
81	25075	4.69435	0																	
406	25635	4.44292	0																	
814	25331	4.88384	1																	
414	32057	5.00000	1																	
952	31661	4.77843	0																	
950	39099	4.95838	0																	
38	24137	4.55936	0	24012	0.07234	24071	0.03040			710	0.05325									
831	24256	4.72367	0																	
116	30640	3.66426	5																	
703	24611	4.61083	0																	
137	29685	4.80065	6	24656	0.07143	22620	0.01418			591	0.02948	105	0.02036	55	0.01582					
65	22384	4.60670	4																	
501	25310	5.00000	1																	
795	29851	4.61831	0																	
424	43669	4.42715	0																	
564	26033	4.94891	0																	
982	36766	3.69401	1																	
741	27391	4.79540	0																	
505	26577	4.62210	0																	
175	22592	3.81501	6																	
386	24272	4.47377	5	28227	0.04143					440	0.10526	848	0.02654							
594	31501	3.81409	0	25040	0.00230															
996	31512	4.69926	4																	
421	20597	4.90982	0																	
267	31805	4.73366	0																	
724	39501	2.98013	0																	
976	31515	4.23352	0																	
970	38445	4.73500	0																	
408	37876	4.46705	0	37049	0.03426	39038	0.03009	41075	0.01621	107	0.04235	960	0.03316	615	0.01901					
717	40589	4.91179	0																	
634	39633	4.68923	0																	
553	31501	3.82296	0																	
365	34369	5.00000	3							866	0.02075									
264	36331	3.50250	3																	
452	38743	4.25549	0																	
531	38053	4.84017	0																	
340	25614	4.47522	0																	
642	36939	4.37107	5																	
577	41408	3.95249	0																	
81	28782	4.43287	5	23900	0.01823					440	0.00989									
539	22645	4.59899	0																	
307	37178	5.00000	0																	
687	41195	4.45260	0																	
81	23688	4.29271	1	34107	0.11649	38908	0.03855	32109	0.03065	908	0.05220	340	0.01538	723	0.00434					
585	35437	4.07797	0																	
871	35775	4.38375	2	37297	0.02369	37049	0.01398			107	0.01912									
70	41857	4.83167	0																	
882	27151	4.28298	4																	
171	24137	5.00000	0	24012	0.07234															
892	35879	3.83228	0																	
501	35594	4.69854	6	25040	0.00323					813	0.00351									
703	25423	3.98727	0																	
728	36902	4.23853	0																	
227	23420	3.91951	0																	
769	30053	4.95736	0																	
155	24899	4.55893	6																	
44	34199	4.28727	5																	
524	37436	5.00000	0	37519	0.00731					741	0.10023									
192	38278	4.87131	0																	
739	23451	4.24950	0																	
424	42614	4.51540	1	39384	0.01069					577	0.01292									
74	37297	3.90412	5																	
858	37784	5.00000	0																	
861	22436	5.00000	2																	
70	38530	4.90787	2																	
641	23397	4.70144	0																	
980	35968	3.60862	1																	
93	28990	4.25606	0																	
812	21272	5.00000	4																	
324	40921	4.08521	0																	
252	32588	4.92872	1																	
889	40745	3.82056	0	38098	0.05076	31903	0.00651			491	0.04785	995	0.01836	142	0.01515					
471	38908	4.02243	3																	
572	33027	4.76682	0																	
794	42504	4.91911	0																	
860	37071	4.84589	1	41345	0.00627					107	0.00909									
514	35116	4.20281	0																	
525	32546	1.83263	0																	
839	38852	5.00000	2																	
209	26011	4.40875	0																	
429	38607	4.85403	0																	
312	31515	4.54721	0																	
316	41210	4.79395	0																	
469	35679	3.67961	0																	
501	37459	4.63786	0																	
388	36624	4.27986	3																	
493	32481	4.51540	0																	
567	32546	2.61450	0																	
742	25039	4.84840	2																	
14	25338	4.66221	0																	
523	31985	3.56143	0																	
490	39681	3.97200	1																	
162	34717	4.31484	0																	
283	28401	5.00000	1	41234	0.02451	28817	0.02033			624	0.08430									
424	39105	3.42710	0	37793	0.08328															
93	24391	4.56415	5																	
85	30562	3.89098	0																	
18	23399	4.78994	6	23478	0.01209					340	0.04189									
230	41759	4.79867	0																	
429	23271	5.00000	0																	
832	24012	4.57043	3	24137	0.07234					11	0.05056									
833	32546	3.40502	0																	
397	20667	4.06662	0																	
412	21491	4.38339	3	21492	0.04211					309	0.04029									
428	41460	4.77706	6	38315	0.01782															
505	22386	5.00000	0							514	0.01417									
979	38044	4.54803	0																	
917	22520	5.00000	0																	
541	31688	4.50195	0																	
835	25065	4.08871	4	32554	0.12317	22727	0.00735			66	0.28025									
45	24082	4.82997	0																	
407	38268	4.39372	6	37753	0.02459					400	0.06202	741	0.04361							
763	26075	3.14924	0	34551	0.14637					94	0.07976									
801	29280	4.06349	0																	
894	43895	4.84906	0																	
206	29716	4.48663	0																	
604	39489	4.36877	0																	
202	31029	4.35284	0																	
839	40216	5.00000	6																	
578	35026	4.09416	0																	
340	23261	5.00000	0	25879	0.01251	22439	0.01045	25812	0.00585	570	0.05581									
55	24656	4.80182	4	29685	0.07143	22620	0.02202			591	0.04710	105	0.04032	891	0.03341					
894	42734	4.70277	0																	
206	36148	4.44884	0																	
332	42154	4.82169	0																	
401	24039	4.36528	0																	
167	34791	5.00000	5																	
765	41646	4.73221	0																	
340	38406	4.81577	5	25308	0.01784	23399	0.00385	25040	0.00202	594	0.01218									
52	24170	5.00000	2	24165	0.15402					339	0.39318									
367	35775	2.66982	2							107	0.00700									
424	36735	3.63906	6	26043	0.00842															
941	23831	4.34056	1																	
575	33455	4.17200	1																	
539	20807	4.60210	0																	
606	23103	4.44531	0																	
81	25334	4.75042	2																	
593	27548	4.80302	0																	
3	37880	3.69280	2	34266	0.00363					763	0.02251									
631	29975	4.99051	1	26043	0.04287					796	0.06724									
763	21491	2.86635	3	34551	0.04144					94	0.07976									
149	41753	4.59322	0																	
407	40216	4.27536	6																	
74	25404	4.47552	0																	
98	26530	5.00000	0																	
162	40314	4.35742	0																	
676	24749	4.35503	0																	
50	42255	4.30058	2																	
407	34486	4.13807	0																	
463	25224	4.46321	4																	
312	28848	4.67333	0																	
831	43264	4.91342	0																	
982	34425	4.39262	0																	
591	22553	5.00000	1																	
438	25358	5.00000	2																	
570	23555	4.18514	0																	
475	25447	4.34740	0																	
848	23436	3.91482	0																	
163	30292	3.62541	0																	
744	36398	4.59067	0																	
212	36349	4.86743	0																	
676	24472	4.06593	1																	
176	37411	3.46945	0																	
382	24078	4.87987	5	30672	0.08570	29684	0.02384			705	0.06873	124	0.01965	228	0.00918					
189	30351	4.37420	0																	
379	33920	4.57810	0																	
162	36962	4.32113	0																	
648	34418	3.64532	0																	
480	40305	4.81948	0																	
286	23220	4.05177	0																	
105	21295	4.75311	0																	
626	35751	3.76468	0																	
81	21529	4.67459	0																	
938	24651	5.00000	0																	
512	43765	5.00000	0																	
720	24034	4.62235	0																	
569	24946	4.81535	0																	
101	35000	3.81276	0																	
944	37152	4.46352	0																	
181	33066	4.85416	0																	
514	33495	3.51521	0	32210	0.01124	31474	0.00399													
349	32187	4.28051	0																	
472	33786	5.00000	2																	
456	42982	4.72124	0																	
568	30672	4.02812	0	23086	0.07135	28939	0.02985			705	0.19977	513	0.07852	382	0.03427					
624	29686	4.59686	0	41234	0.00971	28817	0.00547			283	0.08430									
848	26230	4.50583	0																	
784	34551	4.13721	0																	
162	37833	4.31703	0																	
430	39200	4.84414	4	40745	0.04156					981	0.03354									
400	23477	4.33506	0																	
248	26527	5.00000	0	22356	0.05172	26544	0.03825	26530	0.03534	522	0.14600	330	0.02758							
556	29684	3.05203	2																	
486	24417	4.81189	0																	
594	33917	4.76771	1																	
429	27483	4.83597	2																	
119	40860	4.86220	4																	
696	23269	4.35679	0																	
70	38456	4.74469	0																	
163	30917	3.60000	0																	
265	24532	4.63798	0																	
385	28605	4.14339	0																	
264	34762	3.40835	1																	
407	37559	4.17760	0																	
221	23566	4.41783	1																	
748	25040	5.00000	6	25487	0.00227					81	0.02015									
737	25522	4.49280	3																	
456	33001	4.75822	0																	
393	42172	4.29772	3																	
576	21575	3.93993	3																	
153	39516	4.67222	2	38651	0.14178	32385	0.05461			822	0.22519	655	0.05104							
881	28552	4.27758	0																	
2	41633	4.29528	0																	
940	40296	4.97720	0																	
340	32433	4.44678	0	25879	0.01444	25791	0.01110	25812	0.01021	570	0.05581									
36	40961	4.22533	0																	
874	22207	4.77522	0																	
570	43800	4.15951	0																	
541	29644	4.43030	0																	
165	27238	3.85820	3																	
375	25063	4.77838	1	24570	0.01324					14	0.10453	491	0.03774							
293	33642	3.44287	0																	
10	40572	3.28311	2																	
338	26983	4.81544	0																	
811	37743	4.34593	0																	
38	38297	4.46761	0																	
340	21624	4.85099	5																	
126	36192	4.79927	4																	
89	38430	4.41302	0																	
540	40150	4.80571	0																	
973	35343	4.63137	0																	
340	23403	4.10037	2	21492	0.02385	25308	0.00802	23399	0.00469	594	0.01218	309	0.00189							
612	22814	4.58949	3																	
891	31900	3.89245	0																	
89	37187	4.38976	4	33738	0.27381	37707	0.15524													
270	37520	4.86738	0																	
53	23497	4.07317	0																	
866	28245	4.30802	0																	
361	35483	4.69537	0																	
257	24027	5.00000	5																	
964	41045	4.22308	3																	
478	38016	4.34420	0																	
570	33262	4.14655	0																	
162	41615	4.36920	0																	
357	26804	4.85106	0																	
654	38578	5.00000	0																	
322	40284	4.12930	0																	
620	40908	4.49691	0																	
329	34379	3.58992	0																	
303	33608	4.27374	1																	
514	42982	4.16395	0																	
668	38842	4.86982	6																	
809	29914	3.19287	0																	
889	25259	4.17317	0	38098	0.03071	31903	0.01083			491	0.04785	292	0.01446							
143	33990	4.57861	0																	
835	22729	4.93084	6																	
867	30862	3.94276	4																	
443	34436	3.55102	0																	
432	24749	4.75146	0																	
616	23626	4.69544	0																	
465	21538	4.64029	0																	
664	24263	4.31279	6																	
387	26720	3.36320	0																	
377	40907	4.50024	0																	
297	27079	4.53377	0																	
26	32683	4.67150	0																	
603	35427	4.19915	0																	
103	22356	5.00000	2																	
893	33477	4.97738	3																	
42	42865	4.50217	3																	
476	39794	4.71891	0																	
951	41097	4.57065	0	42161	0.00781					514	0.03324									
741	25002	4.77672	0																	
813	24361	5.00000	4	29686	0.00661					283	0.05475	340	0.01733							
653	22554	5.00000	1																	
951	41669	4.52125	0																	
82	20030	4.43555	0																	
514	34705	3.77124	0																	
227	37638	3.27670	0																	
502	35705	4.72591	0																	
283	24953	5.00000	4																	
182	37758	3.11093	0																	
514	35366	4.18052	0																	
491	30833	4.31078	1	37043	0.02299	25063	0.00904			860	0.04924									
893	38447	4.82122	1	38989	0.04359					774	0.14512									
738	38957	4.72658	0																	
824	31474	4.27807	3																	
232	34440	4.40465	0																	
751	23295	4.82048	0																	
663	42477	4.23696	4																	
608	21492	4.97664	6																	
424	21505	4.46609	3	21492	0.02482					309	0.00442									
881	35088	4.31669	0																	
594	24147	4.85077	6	25040	0.00268					340	0.01218	813	0.00361	181	0.00255					
542	33638	4.20582	0																	
746	35728	4.97883	0																	
714	42856	4.80716	0																	
945	35563	4.84228	0																	
686	21058	5.00000	5																	
636	25022	3.08707	0	25082	0.50112	25084	0.40180													
332	42098	5.00000	6																	
556	24078	3.68759	5																	
848	26265	4.49789	0																	
86	33432	3.10726	0																	
569	27916	4.72373	0																	
891	23093	4.45354	3	24240	0.05631					58	0.01408									
516	38445	4.82056	0																	
844	30892	4.64389	0																	
298	39900	3.26204	0																	
116	41611	3.55847	0																	
492	23396	4.45369	6																	
319	41504	4.29028	0																	
66	24074	4.73275	0																	
341	23835	4.56675	2																	
