163	26311	3.52736	5																	
677	41559	4.47548	0																	
397	20912	3.87892	0																	
951	43666	4.45475	0																	
309	23403	4.14009	2	21492	0.00280					340	0.00141									
979	36623	4.73834	0																	
521	25358	4.17672	2																	
859	26880	4.38826	0																	
659	23426	3.95813	0																	
950	38100	4.69964	0																	
979	38044	4.76102	0																	
48	23470	4.97341	0																	
411	35942	3.85707	3	38531	0.20212					625	0.08174									
383	28124	4.70451	0																	
610	35321	3.68222	0																	
340	23255	4.65201	0																	
493	28097	4.73908	6																	
105	21295	4.64270	0																	
696	23269	4.44342	0																	
461	37130	4.89623	0																	
120	35965	5.00000	2																	
988	26473	4.54311	0																	
977	26398	4.67424	0																	
233	21294	4.21255	0																	
957	21521	3.71786	4																	
880	20891	3.66505	5	27469	0.03571															
893	20979	4.99786	3							866	0.16876									
514	41097	4.34728	1	42115	0.04694					951	0.01216									
380	25522	3.77909	3																	
196	36976	4.15416	0																	
959	24309	5.00000	5																	
16	28807	4.95398	3																	
424	21272	3.60738	3																	
427	38654	4.70137	0																	
473	25069	3.34090	5																	
517	22996	4.33137	0																	
577	41377	4.32297	0																	
162	26382	4.31645	1																	
857	33637	3.47773	0																	
95	38112	4.18589	0																	
268	22888	5.00000	0																	
848	37417	4.45069	0																	
311	21280	4.97430	5																	
911	33237	4.10841	0																	
184	40755	4.95520	0																	
873	36906	4.00519	5																	
570	42661	4.22784	0																	
377	29717	4.57728	0																	
544	26076	4.78292	6	34551	0.06215					784	0.07235	340	0.02521							
394	21429	4.87633	0	33715	0.12343					846	0.19883									
490	39384	3.09506	5																	
610	35323	3.60864	0																	
245	27536	5.00000	6																	
55	35438	4.43447	1	24656	0.01799					891	0.01248									
271	35542	4.31258	0																	
491	33786	3.55592	3																	
586	42224	4.50139	0																	
58	28010	4.85049	5																	
576	32210	4.92355	0																	
662	40592	4.73480	0																	
335	21919	4.01873	0																	
916	25175	4.16299	0																	
162	23485	4.17481	0																	
753	33279	4.66410	0																	
142	39578	3.62201	1																	
893	31643	4.56557	0																	
142	40306	3.68067	0																	
102	38033	4.48080	0																	
424	25345	4.39934	0	32210	0.01463					103	0.00223									
479	31082	4.87629	0																	
753	34127	4.69560	0																	
688	25664	4.59811	0																	
951	34615	4.45498	2																	
753	26498	4.66931	0																	
322	22562	4.65632	5																	
438	24049	4.41355	5																	
171	24012	4.87235	3	24071	0.10520	23769	0.03743			342	0.04959	695	0.04513	215	0.03215					
781	24776	4.10003	0																	
154	43030	4.70709	0																	
9	30708	5.00000	0																	
791	39203	3.32823	5																	
83	31802	4.41188	0																	
514	32409	4.20447	0																	
570	34815	4.15454	0																	
451	24576	4.36891	0																	
178	26451	4.98719	5																	
792	22623	4.45534	0																	
453	39681	4.45531	3																	
863	28026	4.10314	3	22440	0.00477					567	0.02317	81	0.01833							
77	25533	4.30778	0																	
980	39535	4.42457	2																	
194	37419	3.63145	0																	
811	39595	3.89064	5	39337	0.00950					87	0.15690									
866	28022	4.26757	0																	
634	36894	4.73525	0																	
908	30818	3.28806	0																	
330	24589	4.61082	0	24590	0.06909					784	0.12102	848	0.09008							
346	42477	4.34825	4	39535	0.04194					176	0.20139									
779	20009	4.90201	6																	
866	27443	4.23951	0																	
959	24361	5.00000	0																	
292	35149	4.05170	0																	
173	39448	4.75880	0																	
570	24770	4.28990	6							501	0.04429									
267	36548	4.75027	0																	
984	22998	3.74539	0																	
5	40835	4.91902	4																	
813	21489	4.69545	0																	
514	33566	3.67806	0	34266	0.01896															
444	35544	5.00000	4																	
768	25331	4.87018	2	32084	0.02161					486	0.03506	813	0.03367							
676	42701	4.03841	0																	
75	36587	5.00000	0																	
142	40745	3.55070	2	40682	0.06477	37297	0.00565	36875	0.00262	219	0.04145	92	0.01060	889	0.00788					
175	25066	4.15625	0																	
779	23651	4.52419	0																	
292	32677	3.49861	0	37043	0.02186	22004	0.00767	25259	0.00741											
283	24737	4.60289	4																	
598	35906	4.42668	1																	
675	39166	3.53923	0																	
93	24479	4.02312	0	29773	0.17280															
491	28845	4.44041	2	22004	0.03556					436	0.02415									
70	25516	4.97066	3																	
209	39811	4.25523	0																	
756	37689	5.00000	0																	
933	37877	2.93009	0																	
319	20586	4.31349	0																	
634	21230	4.71216	0																	
81	28782	4.43063	5	25308	0.03030	23900	0.01216			440	0.02187									
631	26328	4.72789	0																	
594	33776	4.63203	0																	
670	29040	4.43423	0																	
999	27193	4.39762	0																	
4	27892	4.53887	0																	
180	30574	4.29700	0																	
957	25358	3.84864	2																	
687	41336	4.55742	0																	
216	41368	4.75285	0																	
299	25595	3.79549	0																	
944	29753	3.80689	0	24045	0.02432															
109	24653	5.00000	2																	
106	25308	5.00000	5																	
254	24749	4.88811	0																	
745	39123	3.78677	5																	
864	38908	4.16288	2																	
380	21522	4.26554	3							424	0.01400									
117	24039	5.00000	0																	
575	20791	4.13053	0																	
89	36930	4.60448	5																	
679	22273	4.87497	0																	
340	32433	4.66218	0	25879	0.01829	22439	0.00556			570	0.07254									
248	26958	4.76800	0																	
830	22717	4.65572	0																	
91	32529	3.04004	0																	
569	26056	4.78549	0																	
246	26781	4.39865	0																	
415	43143	4.60796	0																	
376	25335	4.45470	2																	
196	32109	4.70733	0							514	0.03776									
677	40267	4.40993	0																	
377	23522	4.53267	0																	
52	31938	4.84662	0																	
741	26681	4.69835	0																	
779	25480	4.56680	0																	
104	38201	4.49758	0																	
11	21273	4.06198	0																	
29	23483	4.81580	4																	
741	35663	4.69657	0																	
976	31515	3.82758	0																	
649	23646	4.60716	0																	
891	36825	4.57148	5																	
555	23958	4.06172	0																	
395	36275	2.14327	1																	
171	24137	4.81841	4	24071	0.01238	24049	0.00714			38	0.02773	424	0.01411							
420	43460	4.52986	6																	
480	24275	4.84975	0																	
283	23266	4.87682	5							505	0.02660									
624	41234	4.48672	0																	
259	42213	4.20839	0																	
580	34839	3.98331	2																	
429	27483	4.63250	0																	
560	25308	4.75513	5																	
232	34440	4.36624	0																	
79	38447	4.68328	0																	
777	24305	3.23801	0																	
181	25020	4.45446	5																	
873	32782	4.70177	0																	
28	37880	4.75427	2																	
469	36408	3.22000	2																	
693	37177	4.37598	3																	
59	25351	4.27858	0																	
33	42078	4.14872	0																	
77	20916	4.47297	5																	
848	28727	4.40471	0																	
474	34707	3.41912	0																	
105	24678	4.97756	1																	
531	31415	4.78926	0																	
570	43498	4.28964	0																	
408	39038	4.70171	0	41086	0.10075	38119	0.07704	37664	0.04028	960	0.02689									
318	35124	4.70960	0																	
742	26076	5.00000	6																	
521	20096	4.31128	0																	
801	29280	4.03015	0																	
545	23259	4.44329	3																	
514	42853	4.21770	0																	
81	22604	4.62273	0																	
932	36566	4.24347	0																	
662	41803	4.72371	0																	
40	24078	2.05517	1																	
19	32220	4.15018	4	31025	0.02972					44	0.03512									
514	42521	4.22480	0																	
283	33574	4.56401	0																	
813	35594	3.52793	0																	
266	41253	4.76270	0																	
377	31940	4.50836	0																	
504	37363	3.98371	0																	
0	39116	4.69777	0																	
551	22624	4.61109	0																	
763	21275	4.48085	0							94	0.04703	215	0.02213	424	0.00696					
51	34579	2.98659	3																	
617	38914	5.00000	0																	
880	26992	3.91804	0																	
593	27008	4.49146	0																	
357	26275	4.91808	5																	
137	29685	4.85021	6							55	0.00413									
401	36735	3.75794	0																	
117	37266	4.35850	5																	
919	38336	4.86207	4																	
935	21258	4.62727	4																	
882	38674	3.93324	0																	
723	34839	3.89052	2							81	0.01760									
463	22534	4.69396	0																	
882	37288	3.97152	0																	
779	20333	4.64640	4																	
538	20492	4.34419	0																	
411	38448	3.68480	0																	
709	27445	4.56555	0																	
214	37758	4.34699	5																	
863	21049	3.70962	0																	
411	37071	3.70940	1																	
505	25936	4.67289	0							514	0.02289									
891	24240	4.32967	5	23093	0.06884					58	0.09455									
511	22438	3.96919	0	34762	0.13833															
514	21061	4.34359	1	21045	0.01170					168	0.01072									
686	27483	4.88910	0																	
407	38415	4.42153	0																	
929	27470	4.30322	0																	
998	25404	4.20086	2																	
834	40960	3.72065	0																	
319	41340	4.18885	0																	
227	40447	4.45900	2	22621	0.02116	25262	0.01391	22620	0.01198	471	0.07197	761	0.06500							
746	34283	4.90240	0																	
10	24620	3.77062	0																	
763	26086	4.08630	2																	
298	38329	3.44011	0																	
29	35697	4.58749	6	24579	0.00336					381	0.01414									
243	25697	4.98413	0																	
570	32853	4.28257	0																	
832	36946	4.30242	4																	
58	34350	4.30354	5	29684	0.04430					530	0.03782	382	0.02765							
703	34034	4.53246	0																	
604	37663	4.54875	0																	
656	33917	4.84694	5																	
761	42885	3.37989	0																	
410	24478	2.99456	3																	
70	29482	4.81657	0																	
662	35098	4.61928	0																	
424	35695	3.16940	1																	
385	23670	4.22173	0																	
840	36110	4.92479	0																	
584	21254	2.64324	4																	
733	33072	4.81320	0																	
983	24632	4.59797	0																	
471	39535	4.72582	2	40447	0.05606					176	0.01222	963	0.00833							
635	39163	4.69164	4																	
94	21491	4.68930	2	26075	0.03786	34266	0.00339			763	0.04703									
100	32983	4.83741	0																	
384	21592	4.66752	0																	
785	29877	4.12238	0																	
145	25040	4.88083	6																	
30	28868	4.81530	0																	
81	25096	4.54461	0																	
818	22151	3.34454	5																	
834	21534	2.22954	0																	
810	21492	4.92396	2	26076	0.00260					340	0.02019									
444	39529	5.00000	4																	
392	31766	5.00000	4																	
282	22331	4.73134	0																	
407	42439	3.56866	0	38535	0.02139	42572	0.01199													
26	27616	4.59019	0																	
471	39839	4.59505	0																	
363	27960	4.04143	0																	
601	38089	4.17130	4																	
141	20937	4.09887	0																	
340	28817	4.70394	0	24361	0.01117	24646	0.00968	24338	0.00965	283	0.04609									
299	25654	4.41076	0																	
874	22709	5.00000	4																	
741	22379	4.75130	0																	
392	30796	4.29765	4																	
614	38812	3.91545	2																	
218	28250	4.86681	5																	
439	31183	4.56299	0																	
281	40230	4.97722	0																	
575	29580	4.20087	0																	
81	29879	4.64731	0																	
408	37049	4.33144	0	37876	0.04712	38233	0.03512	37266	0.02643	990	0.04251	615	0.03716	92	0.00640					
264	30245	4.03675	0																	
12	41734	4.42072	0																	
720	25321	4.76355	5																	
367	35775	2.42191	2	41345	0.00957					107	0.02252									
118	32173	4.96846	0																	
13	25093	4.97254	3	25903	0.03419	24493	0.00768			81	0.11062									
710	24137	4.35245	4	31663	0.01677	24071	0.01238			38	0.03810	424	0.01982							
559	23882	5.00000	5	24257	0.01667					779	0.09058									
838	43564	4.88411	0																	
988	24807	4.46611	0																	
741	27397	4.75843	0																	
570	34525	4.30729	0																	
355	33474	5.00000	0																	
181	22642	4.79171	0																	
724	39839	3.87700	0																	
181	38908	4.52548	2							81	0.03580									
514	43046	4.01437	0																	
130	27545	4.45018	0																	
283	35584	4.52432	0																	
893	32454	4.80007	4																	
598	34702	4.58005	6																	
342	30387	4.14177	3																	
677	39715	4.40538	0																	
594	24749	4.94422	0																	
471	39850	4.48792	5	39912	0.03300					424	0.02691									
478	35326	4.34838	0																	
373	37554	4.76220	0																	
813	39670	5.00000	1																	
624	35449	4.40191	0																	
889	43114	4.02337	6																	
653	22554	5.00000	1																	
538	27365	4.33072	0																	
942	23686	4.74544	0																	
705	24078	4.62900	1	30672	0.03318					382	0.03976	986	0.02419	124	0.01244					
892	30462	4.32085	0																	
413	43736	4.83384	0																	
162	37833	4.20000	0																	
763	22452	3.93481	5							340	0.02638									
860	37336	5.00000	3																	
663	23715	4.58447	0																	
388	23140	4.28013	2																	
14	24039	4.82298	0	25031	0.01477					292	0.01085									
957	30167	3.97156	0																	
618	35489	3.97652	5	38169	0.03478					38	0.10304									
779	21569	4.58586	0																	
385	31188	4.25560	0																	
123	41407	4.88764	0																	
164	33313	4.41758	0																	
360	22584	4.86053	3																	
403	23238	4.23474	0							340	0.01390									
355	39274	4.54045	0																	
502	31779	4.86455	0																	
506	23231	5.00000	3	23217	0.03008					569	0.13611									
758	28874	4.04408	1	24252	0.02705					120	0.08963									
96	37405	4.55078	0																	
848	23391	4.36647	0																	
572	40122	4.79434	0																	
747	23241	3.40669	0																	
292	35748	4.05950	6	24039	0.04290					401	0.03543									
730	21816	4.68893	0																	
760	24680	4.94123	0	24650	0.06469	22620	0.00367			678	0.01866	381	0.01096	848	0.00804					
227	37254	3.86096	1	21531	0.00775															
466	38102	4.25279	0																	
514	22635	4.25746	0																	
388	42234	4.18530	0																	
366	26635	4.85104	2																	
867	32458	4.18656	0																	
2	37187	3.79511	4	37707	0.02179					512	0.34215	89	0.15255							
491	29717	4.08386	0	25063	0.01220	25031	0.00229			14	0.08750									
958	30796	4.54627	4																	
643	36490	3.81717	1																	
328	37297	4.31224	5	37266	0.02257	37663	0.00865			142	0.04012	92	0.01206							
936	37663	4.75143	0																	
567	27536	4.18475	6																	
194	23252	3.61986	0																	
782	32382	5.00000	2																	
665	24090	4.59567	0																	
503	38341	5.00000	4																	
45	24082	4.82602	0																	
492	39765	4.65400	0																	
13	25096	4.58866	0																	
535	22373	4.27767	0																	
367	40525	3.64071	0																	
8	23279	4.34657	0																	
303	23491	4.25180	0																	
951	42161	3.90386	0	42115	0.00746															
449	30018	4.52369	0																	
779	24987	4.50703	0																	
400	42026	4.33290	0																	
514	37166	4.26494	0																	
176	36365	4.68240	0																	
882	38879	4.01377	0																	
170	39456	4.72860	0																	
349	32720	4.49836	0																	
483	33809	4.12398	0																	
243	43001	4.99326	0																	
330	24695	4.55879	2																	
722	28445	4.81652	0																	
911	39700	4.13571	0																	
653	39516	5.00000	3																	
25	41947	4.94432	0																	
46	31313	4.76861	0																	
514	35875	3.46088	4	36086	0.01670	32210	0.01370	34266	0.00520	759	0.03582									
385	22360	4.10422	0																	
145	23684	4.59068	0																	
763	25039	4.14777	2																	
283	42973	4.50539	0																	
81	22538	4.64415	0																	
385	24247	4.23998	6																	
834	29757	3.75370	0																	
937	23348	5.00000	4																	
848	22188	4.47373	5																	
340	20948	4.65329	0																	
340	25639	4.92145	0	25638	0.10836					848	0.02471	920	0.01404							
809	32459	5.00000	0																	
618	22726	3.90068	2																	
969	41684	3.76276	0																	
36	41897	3.79694	1																	
121	21091	4.69871	0																	
62	41959	4.84726	1																	
948	39181	4.73363	0																	
570	27565	4.19579	0																	
300	31866	4.40489	0																	
154	37441	4.76174	0																	
833	32546	3.46331	0																	
461	36383	4.87431	0																	
877	37071	5.00000	1	35882	0.01737					604	0.04532									
270	41325	5.00000	2																	
633	22439	3.69542	1																	
400	33263	3.93841	6																	
674	21266	4.15954	0																	
170	43341	4.66981	0																	
162	30332	4.26778	0																	
514	40401	4.39535	4																	
866	21041	4.22827	0																	
631	35549	4.82592	2																	
546	34477	4.75767	0																	
813	24873	4.95045	3	24147	0.01373					168	0.01033									
385	34364	4.20377	0																	
977	21139	4.65650	0																	
294	42298	5.00000	0																	
141	35249	3.97032	0																	
484	37474	2.69371	5																	
569	26043	5.00000	4	30281	0.00372					491	0.00184									
570	24620	4.23153	0																	
889	40306	4.16233	0																	
407	37469	4.35720	1																	
854	26073	5.00000	0																	
731	26094	4.15537	0																	
480	40305	4.83724	0																	
514	43347	4.16832	0																	
698	43790	5.00000	0																	
944	34417	4.41181	0																	
471	35697	4.67034	6	40912	0.00325	25262	0.00302			227	0.07197	577	0.03974							
283	39802	4.58391	0																	
570	20413	4.11704	0																	
504	20175	3.92161	0																	
59	23556	4.04948	0																	
234	43248	4.72489	0																	
478	26578	4.27810	0																	
919	34565	2.84584	0																	
870	31235	5.00000	0																	
76	33403	4.53146	6																	
407	40661	4.32802	0																	
592	24240	5.00000	5							486	0.00748									
351	22438	5.00000	0																	
31	25411	3.99325	0																	
393	42172	3.94173	3																	
527	37826	4.12985	0							388	0.04228									
385	29427	4.29559	0																	
724	37758	4.05232	5																	
106	24457	5.00000	2																	
259	41879	4.24871	0																	
908	32109	4.23161	0																	
917	22896	4.75796	0																	
53	38471	3.68917	0																	
334	35021	4.38699	6																	
70	42655	5.00000	0																	
648	35469	3.83532	0																	
283	43490	4.65747	0																	
252	37882	4.89376	0																	
645	36967	3.81095	0																	
709	37259	5.00000	3	21917	0.00837					891	0.08521									
381	24828	4.47213	0																	
334	25369	4.46462	2	24410	0.00932	30672	0.00345	22620	0.00290	471	0.02128	382	0.00558	55	0.00182					
501	35594	3.42324	0																	
505	32244	4.64323	0																	
159	24675	5.00000	0																	
353	37263	4.94572	2																	
40	36766	1.42183	4																	
959	29650	5.00000	0																	
502	36274	4.94654	0																	
969	24797	4.65720	6																	
860	33935	5.00000	2																	
582	30539	4.56808	0																	
929	21557	4.25190	0																	
907	32899	4.76782	0																	
997	25891	4.53031	0																	
142	37290	2.21785	5	37297	0.03833	36875	0.02723	41075	0.01295	92	0.01060									
792	27242	4.66057	6																	
102	28515	4.47573	0																	
779	27309	4.58169	0																	
13	23184	4.52721	6																	
848	20275	4.61197	6	24589	0.00847	24593	0.00478			340	0.02471									
848	26273	4.60234	5	29033	0.06979					468	0.03007									
424	40682	4.58367	0	40525	0.00926	37474	0.00225			142	0.02425									
564	42874	4.35717	0																	
514	36217	4.20396	0																	
983	25104	4.36615	4																	
875	27919	4.33364	0																	
220	42234	4.88139	0																	
569	29785	4.72788	0																	
741	26900	4.71560	0																	
376	26645	4.06648	4																	
38	34910	3.97791	5	37474	0.00867					424	0.03714									
292	38253	2.96872	0																	
95	37514	4.49816	0																	
567	32793	4.38804	0																	
105	24776	4.73369	0																	
32	32564	4.91706	4	25700	0.25112	25703	0.12766	25698	0.03743	518	0.76433									
676	20324	3.98691	0																	
677	39400	4.48940	0																	
424	40985	4.39677	0																	
283	21954	4.58465	0																	
320	25321	4.31873	5																	
340	37547	4.66848	0																	
618	36501	3.94346	0																	
19	24729	4.91899	2							227	0.00907									
845	42493	4.91670	0																	
443	40586	4.88888	0	25259	0.02645	23993	0.01252			292	0.12041									
81	24503	4.55909	0																	
627	37053	3.62715	5																	
340	24926	4.65335	0																	
760	24523	4.78882	0																	
456	41401	4.83466	4																	
955	28448	5.00000	3																	
514	39538	4.14275	0																	
321	39121	4.33420	0																	
804	23902	4.44752	0	37882	0.04923					566	0.08201									
422	36616	5.00000	1	21441	0.01693					811	0.03108									
447	37758	4.00325	5																	
782	36190	4.75959	0																	
302	32892	4.46352	0																	
873	29666	4.85558	6																	
229	22376	4.65534	5																	
893	33907	4.53509	0																	
108	22769	4.58504	0																	
856	23651	4.49317	0																	
356	32361	4.30702	0																	
746	35157	5.00000	1																	
381	24316	3.65084	0	24272	0.01024	24680	0.00847	24270	0.00567											
257	24979	4.75243	0																	
577	39535	4.42516	2							176	0.04749									
621	23959	5.00000	6																	
811	40018	4.21506	0																	
448	36498	4.52258	0																	
211	23869	5.00000	0																	
787	27060	3.89309	0																	
479	28175	4.82360	0																	
551	21575	4.68965	3																	
894	42734	4.80373	0																	
367	42731	3.53001	0																	
866	24674	3.57548	0																	
621	21778	4.35000	0																	
860	42899	4.73370	6																	
983	21198	4.55266	0																	
415	32084	4.84275	1	34616	0.04751					486	0.08866									
815	36491	4.45372	0	36766	0.13190	36402	0.06464	36186	0.06130											
451	29369	4.40975	0																	
64	26107	4.85811	2																	
37	24393	4.69920	4																	
891	38769	4.41703	0																	
230	34918	4.88236	0																	
240	22356	4.60534	0	27460	0.05400	26544	0.02238	22323	0.00471	522	0.24475	248	0.06484							
337	21729	4.90155	0																	
168	25492	4.64495	0																	
982	37065	5.00000	0	36662	0.04698					628	0.05507									
377	23732	4.41971	0																	
388	38838	4.22286	0																	
569	23786	4.80255	0																	
319	28777	4.25184	0																	
180	28632	4.22602	0																	
514	42848	4.13731	0																	
610	32070	3.54722	0																	
385	25463	4.28854	0																	
105	21917	5.00000	3	24656	0.00889					891	0.02147									
916	24472	5.00000	4																	
506	23877	4.79095	0																	
340	25549	4.66768	0																	
105	27519	4.61139	0																	
283	21099	4.76787	1	21492	0.00684	22524	0.00303			340	0.04609	811	0.03068	758	0.02652					
356	34456	3.60190	1																	
377	23415	4.44211	0																	
860	30833	4.73567	0	25031	0.09192					231	0.03869	491	0.02655	129	0.01489					
1	36875	4.04379	0																	
832	21500	4.67462	3	21491	0.05397					309	0.02772									
466	37894	4.09826	0																	
4	22745	4.64898	3																	
330	23336	4.25326	4																	
634	33609	4.74718	0																	
588	23840	4.22846	0																	
975	24847	4.18103	0																	
360	38530	5.00000	0																	
11	24137	4.21296	4	24012	0.04319					38	0.08559									
848	32294	4.39705	0																	
514	40126	3.91946	0																	
505	22972	4.80470	4																	
811	40006	4.33435	0																	
924	24634	5.00000	4																	
469	25262	3.59828	2	24047	0.01061					227	0.02725	471	0.01455							
398	41056	4.89574	0																	
258	23223	4.63378	2																	
230	30027	4.86296	0																	
340	25867	4.63532	2																	
701	22476	5.00000	0																	
292	29717	4.15460	0	25031	0.00229					14	0.01085									
407	40401	4.72411	4																	
525	24568	4.51175	0																	
514	35330	4.15124	0																	
109	36236	4.79220	0																	
315	37785	5.00000	0																	
882	28437	3.94394	0																	
713	22264	2.85215	0																	
408	41075	4.62739	0	37664	0.01718	38098	0.00732	38119	0.00443	142	0.03955	107	0.02130							
698	43398	5.00000	3																	
894	42245	4.99242	0																	
340	22164	5.00000	1	24655	0.03250	31854	0.02747			571	0.01397	519	0.00653							
514	28722	4.26798	2																	
953	23692	4.90903	6																	
793	24978	4.02724	0																	
339	34792	4.17376	2																	
478	32882	4.22523	0																	
291	38662	4.12891	0																	
490	41102	4.07671	0																	
477	35634	4.59092	2																	
514	25486	4.64231	5																	
505	24269	4.60724	0																	
762	24245	4.53586	1																	
340	25477	4.66940	0																	
360	32939	4.38302	0																	
414	40513	5.00000	0							340	0.05015									
514	40745	3.95876	2	23887	0.00187	38198	0.00171	24071	0.00109	491	0.01041	146	0.00456							
514	40814	4.27360	0																	
865	40216	5.00000	5																	
482	39461	4.52253	0																	
113	33488	4.51244	0																	
362	25351	4.86025	0																	
207	23485	3.38266	0																	
891	37510	4.40724	0																	
49	22366	4.82290	0																	
504	41358	3.93209	0																	
60	22373	4.84632	0																	
520	21098	4.21908	6																	
335	24878	4.12986	0																	
448	38464	4.63026	0																	
825	21092	5.00000	3																	
410	21299	3.90049	6																	
514	39626	4.20047	0																	
651	30672	3.83026	5																	
710	32405	4.50124	0																	
743	39951	4.27590	1																	
359	37766	4.85790	0																	
839	38852	3.63981	2																	
538	26377	3.72954	5																	
388	36624	4.26774	3																	
410	23420	3.13177	0	24367	0.03329	24650	0.00399													
505	30834	4.65549	0																	
863	24525	4.24913	0																	
300	28652	4.38489	0																	
117	36942	5.00000	0																	
956	21558	5.00000	1																	
180	28341	4.27674	0																	
490	40634	4.13438	0																	
835	27172	4.42126	0																	
317	22571	3.57051	3																	
119	40864	4.17411	0																	
501	31501	3.67083	0	25040	0.00422															
42	41045	4.20162	3	40381	0.00431	40491	0.00163			514	0.03491									
478	35346	4.35973	0																	
514	31627	4.22984	0																	
392	31025	5.00000	0																	
107	37266	3.88860	5	37876	0.04017	37664	0.03114	20019	0.02030	642	0.06439	533	0.05051	160	0.02967					
729	32982	4.27934	0																	
430	39200	4.58040	0																	
741	26686	4.77128	0																	
353	32968	4.49457	0																	
567	32546	3.61076	0																	
340	23772	4.65379	0																	
905	36271	3.04621	0																	
385	23378	4.21742	0																	
354	40480	4.71732	0																	
656	36460	4.33020	0																	
478	36844	4.26411	0																	
643	38236	4.60755	0																	
648	39529	3.30978	4																	
92	35952	5.00000	1																	
724	39031	4.04217	0																	
377	40801	4.52193	0																	
645	28026	3.49131	3																	
538	25664	4.15775	0																	
432	24749	4.68885	0																	
86	22707	3.81114	4	21127	0.01574					429	0.02938									
522	22421	4.63870	4	27460	0.18357					534	0.16249									
340	24592	4.78757	2	24593	0.18349	26076	0.10687	24589	0.09602	784	0.03926									
407	37898	2.51465	0																	
696	25086	5.00000	0																	
811	37333	4.24634	0																	
471	41336	4.59515	0																	
340	24590	5.00000	0	24593	0.12133	24589	0.06909	26076	0.06838	784	0.03926									
594	21492	4.79870	2	25040	0.02044	25068	0.00523	21098	0.00402	414	0.09223	340	0.04467	429	0.01032					
283	24564	4.58591	0																	
122	30975	4.56777	2	23096	0.03549					491	0.05472									
514	29964	4.17162	0																	
979	38986	4.81807	3																	
261	21566	5.00000	0																	
283	29686	4.83824	4	28401	0.07309	28817	0.06795	24361	0.00472	624	0.12556	813	0.01248							
923	28511	5.00000	0																	
283	41950	4.61940	0																	
560	23252	4.48448	0																	
848	41915	4.18516	0																	
970	38445	4.98429	3																	
240	22421	4.99178	4	27460	0.18357					534	0.23977									
691	23404	3.97082	0																	
658	42521	4.66726	0																	
50	25278	4.88810	5							340	0.03945									
53	23451	3.93110	5																	
825	34254	5.00000	0																	
403	23852	4.23163	2																	
774	25404	3.24587	2																	
37	41285	4.58537	4																	
196	27543	4.42985	1																	
330	25093	4.78926	3							81	0.01632									
755	32717	4.86617	0																	
676	24484	3.77499	1																	
973	43881	4.45994	0																	
329	34034	4.01776	0																	
20	23769	5.00000	0	24323	0.01169	22620	0.00142			55	0.03653									
215	25308	4.52343	5																	
589	32984	4.12467	0																	
628	32531	3.88764	5																	
514	36076	4.48665	2	24071	0.05640	34266	0.01144	36086	0.01022	424	0.04674	342	0.00088							
0	20362	4.62230	6																	
291	36766	3.16539	4																	
540	40150	4.72064	0																	
958	31663	4.29113	0																	
81	21069	4.61664	0																	
466	39405	4.17103	0																	
26	24210	4.65370	0																	
594	26274	5.00000	4	37297	0.01391					227	0.01136									
426	37475	5.00000	0																	
213	30819	4.63964	0																	
115	22660	3.47550	1																	
669	23448	3.09440	1	23560	0.04063	23335	0.01777			250	0.03186	410	0.02184							
168	29296	4.71017	0																	
271	35041	4.24998	0																	
328	37882	5.00000	0																	
334	32997	4.25019	0																	
620	35646	4.51019	0																	
876	40416	4.77196	0																	
965	24969	4.53425	0																	
688	35682	4.57008	0																	
963	39664	5.00000	0																	
283	29297	4.62496	0																	
921	30917	4.47778	0																	
81	25426	4.85111	4	25421	0.11725	34107	0.06655	25427	0.05567	548	0.09432									
512	34587	3.92334	0																	
206	36148	4.58040	0																	
26	29673	4.77107	0																	
399	21492	5.00000	2																	
748	25040	5.00000	6	25921	0.01496					429	0.07714	81	0.03508							
741	35696	4.75015	0																	
733	23448	5.00000	1																	
616	40893	3.50167	0																	
105	22533	4.47057	0	24650	0.04403					381	0.03623	410	0.00359							
883	38447	4.56490	0	41285	0.00642					514	0.01170									
81	22539	4.59472	0																	
523	20609	4.21921	2																	
364	38140	4.42539	0																	
84	26043	4.95439	4							491	0.02255	424	0.02155							
471	28358	4.51001	6																	
716	41661	4.20094	0																	
688	43449	4.65567	0																	
319	41504	4.20970	0																	
340	23478	4.16946	3	23657	0.06916															
321	37436	4.51448	0																	
741	23980	4.71306	0																	
446	37254	4.28409	1	36875	0.02501	37297	0.02385	37565	0.02301											
366	23232	5.00000	6																	
923	35139	4.48247	0																	
982	37268	4.63541	0																	
578	34615	4.08307	2																	
641	25824	4.49798	0																	
569	20537	4.69655	3																	
335	34579	3.90922	3																	
396	41285	3.37390	4							424	0.04101	514	0.00257							
505	21349	4.60686	0																	
881	33512	4.34005	0																	
227	39612	4.04056	1																	
136	41074	4.84280	0																	
814	24695	5.00000	2																	
552	37171	4.83003	0																	
675	27468	3.95789	0																	
567	32839	3.95724	1																	
268	23281	4.97614	6																	
193	41769	4.23234	0																	
19	23228	4.35805	0																	
802	39427	3.63406	1																	
410	23481	3.11481	1	23448	0.06865	24367	0.00322			250	0.10554									
781	24686	4.08569	0																	
347	39300	4.35619	3																	
514	22510	4.11788	0																	
401	20319	4.32591	0																	
575	24302	4.06246	0																	
219	23208	4.02998	3																	
13	21071	4.97000	3	21033	0.02667	25903	0.01046	24534	0.00200	81	0.11062									
375	24570	4.57561	2	25063	0.00885					491	0.06645									
604	40097	4.76784	0							514	0.02266									
326	28272	3.32048	0																	
438	32308	4.26169	4																	
592	23213	4.74826	0																	
321	40259	4.20409	0																	
22	28026	4.97636	3																	
596	34114	2.66477	0																	
403	25864	4.15703	0																	
330	30332	4.45973	0																	
741	20512	4.79427	0																	
431	20773	4.40836	0																	
572	22591	5.00000	0																	
280	26996	4.84953	0																	
848	23346	4.36300	0																	
678	30202	4.83255	0																	
866	28253	4.06502	6																	
291	38170	4.10581	0																	
469	25306	4.08614	5	24579	0.03996	24559	0.02941			93	0.03315	29	0.01034							
514	28572	4.13866	0																	
28	38158	5.00000	4																	
33	33764	4.21640	0																	
745	39331	4.63394	0																	
547	33788	4.51671	0																	
616	23908	5.00000	1																	
848	25115	4.38988	0	23986	0.14259															
353	34350	3.56487	5																	
246	26340	4.36014	0																	
515	23241	3.64911	0																	
932	37049	4.39366	0	37266	0.02643					92	0.02998									
397	20667	3.94271	0																	
244	42114	3.27701	0	22703	0.00683															
127	21517	4.96913	3																	
746	36331	4.29626	3																	
503	36480	4.60073	0																	
181	27741	4.81276	0																	
46	24755	4.85337	0																	
594	26448	4.72456	0																	
811	34704	4.27668	0																	
961	38059	4.15127	0																	
164	30971	4.43363	0																	
180	28633	4.16599	0																	
995	40745	4.54606	2	38098	0.01630					889	0.01529	491	0.00552							
963	36791	4.85159	0																	
414	25093	4.86539	3	35551	0.02503					81	0.03471									
987	37514	3.92329	0																	
340	25548	4.96596	1																	
421	32001	4.53195	0																	
76	23656	4.65772	0																	
615	37290	3.34305	5	37049	0.04612	37876	0.02341			92	0.01127									
298	39900	3.56044	0																	
970	39072	4.74298	0																	
631	36987	4.34188	0																	
39	22552	4.62426	2	21099	0.00162					340	0.00338									
316	41210	4.71602	1																	
569	23013	4.80126	0																	
407	34741	4.53955	0	38268	0.00679					741	0.01760									
897	43462	4.46824	0																	
522	24442	3.67690	0	26527	0.05904	26530	0.03538													
569	40993	4.70502	0																	
886	25983	4.54400	0																	
631	23014	4.68967	0																	
322	23624	4.35494	3							424	0.03008									
105	35068	4.75166	0																	
981	31025	4.67984	0																	
777	24843	3.69766	0																	
340	21855	5.00000	0	24338	0.00732	24646	0.00618	22524	0.00609	283	0.04609									
329	37776	3.90818	1																	
763	33077	3.96775	2																	
471	38223	4.23354	0																	
793	40761	3.46598	3																	
910	20452	4.69042	0																	
18	33014	4.80715	1																	
570	24707	4.28734	0																	
673	38080	5.00000	1																	
644	32460	4.81449	0																	
848	30662	4.32758	0																	
246	22960	4.51141	0																	
811	41778	4.24718	0																	
416	20674	5.00000	6																	
648	37794	3.56687	5																	
144	24749	5.00000	0																	
979	37070	5.00000	4																	
471	24666	4.75225	6	40447	0.03284	22620	0.01303			137	0.02119	761	0.01144							
485	40266	4.46511	0																	
401	24578	4.39026	0																	
569	28224	4.73017	0																	
319	25326	4.31195	0																	
848	23332	3.70595	0																	
246	28507	4.40740	0																	
838	41519	4.83406	0																	
793	20956	4.13917	0																	
860	24004	4.98219	0	23799	0.07143	25063	0.02554			375	0.07393	358	0.04388							
173	31708	4.65534	0																	
213	25411	4.66330	0																	
230	25550	4.85495	0																	
362	21533	4.63981	0																	
824	31474	3.98445	3																	
926	25073	4.12217	0																	
956	31637	5.00000	4																	
972	39429	3.67893	0																	
414	26329	4.44844	0																	
330	30537	4.72279	1	24914	0.01104					81	0.01632									
504	36946	3.32435	4																	
59	22650	4.01160	0																	
779	28166	4.49498	0																	
912	41933	4.53203	0																	
921	20892	4.58347	2																	
796	35906	4.88741	1																	
194	20674	3.67967	6							340	0.01069									
303	40443	3.38672	2																	
480	21752	4.79518	0																	
180	28524	4.08135	0																	
811	34343	4.27194	0																	
936	31743	4.82904	0																	
463	25596	4.75535	0																	
377	35233	4.50671	0																	
64	41845	4.44113	0	42645	0.05110															
678	27548	4.75076	0							848	0.00898									
177	42731	3.24937	0																	
375	24938	4.82083	3																	
697	39286	4.02399	0																	
387	20237	3.79470	0																	
889	29859	4.22103	0																	
655	32308	4.88030	4																	
410	35801	3.77781	0																	
82	27710	4.51218	0																	
983	25031	5.00000	1	36134	0.06132	26043	0.00304			364	0.04423	491	0.00422							
81	24284	4.59688	0																	
317	23852	3.70410	2	28274	0.03259	26345	0.01173			132	0.17726	103	0.12948							
772	23624	4.69801	3																	
904	39823	3.73787	0																	
881	28552	4.34122	0																	
26	31591	4.68566	0																	
310	27112	4.82618	0																	
736	26472	4.82394	0																	
36	42477	3.50472	4																	
575	25851	4.22356	0																	
107	37071	3.87624	1	41345	0.00433					860	0.02061									
850	35145	4.70554	0																	
882	23850	3.96760	0																	
895	33346	4.68844	0																	
487	32539	4.48036	0																	
629	39650	4.84125	0																	
283	24746	4.56033	0																	
62	34568	5.00000	6	34456	0.06463	35906	0.01094			643	0.19845									
321	36744	4.49436	0																	
637	21533	4.46772	0																	
3	34266	4.00328	0	37880	0.01078															
241	37880	5.00000	2																	
813	32474	4.71452	0																	
575	30022	4.17521	0																	
951	32706	4.48071	0																	
570	25791	4.34743	0	25812	0.00362					340	0.07254									
85	32805	4.08897	0																	
815	35338	4.16416	0																	
526	36441	4.93208	0																	
478	39996	4.27735	0																	
434	29015	5.00000	5							227	0.09857									
704	32748	4.78881	5																	
884	22332	5.00000	3																	
21	36068	3.70899	6	30672	0.09242															
937	23292	5.00000	4	23443	0.07084					492	0.27586									
332	20993	4.72384	3																	
880	32818	3.81855	0																	
684	40704	4.63361	0																	
81	21037	4.58185	0																	
848	24290	3.79395	3	24272	0.15885	23986	0.06784	22533	0.05263	381	0.08214	108	0.01055							
879	32674	4.40107	5	30925	0.12014					195	0.15647									
441	24237	4.42874	0																	
641	23397	4.48931	0																	
335	31003	4.14374	0																	
566	24030	4.59294	0	33726	0.08759															
950	26884	4.85685	0																	
228	24078	4.70291	1	30672	0.03318					124	0.03807	382	0.02710							
570	23266	4.34519	5																	
996	23363	4.44040	0																	
75	25331	5.00000	2																	
923	33098	4.54482	0																	
972	39567	3.79584	0																	
731	35773	4.30015	0																	
514	42090	4.17054	0																	
283	41234	4.52420	0																	
570	28468	4.39465	2							721	0.06241									
64	33515	4.68200	0																	
656	30517	4.40673	0																	
186	24656	5.00000	3																	
634	40182	4.77786	0																	
53	23497	3.71382	0																	
478	38016	4.36719	0																	
27	25404	4.00837	2																	
21	36501	4.02175	0																	
514	37300	4.17785	0																	
580	40513	4.57975	0																	
49	25388	4.79886	0																	
362	22571	4.15948	3																	
264	38315	3.81873	2	36662	0.06662					428	0.01408									
838	43186	4.71577	0																	
887	36946	4.20739	4																	
649	30049	4.66864	0																	
954	34438	3.56649	0																	
594	25089	4.28090	1	22452	0.01920					13	0.01342									
29	24559	5.00000	3	24579	0.12555	25306	0.02941	21979	0.00649	93	0.21632	682	0.01519	381	0.01414					
165	27238	4.07407	3																	
377	23109	4.49087	0																	
283	37237	4.66570	0																	
339	23457	4.52085	0																	
874	32869	4.36989	0																	
417	34828	4.86411	0																	
274	34328	4.67469	0																	
160	37290	2.79429	5	37297	0.03833	37266	0.03035	34791	0.02947	92	0.06343									
792	26645	4.31066	4	24650	0.00319															
466	38228	4.23690	0																	
448	21795	4.47071	0																	
97	37565	4.04185	4	37254	0.02301	36887	0.02273													
654	41870	4.93155	6																	
514	42745	4.20395	0																	
114	31469	4.69529	1																	
225	41536	4.90545	0																	
552	35746	3.84963	5																	
891	31900	3.85866	0																	
594	28109	4.84093	4																	
388	33220	4.16961	2																	
811	42740	4.19730	0																	
488	37668	4.01165	0																	
855	31469	3.64875	1	41345	0.02012					860	0.04282									
501	25765	4.57448	0																	
533	38346	4.04533	5																	
485	40758	4.51160	0																	
164	35902	4.42856	0																	
588	32057	4.39118	3																	
323	43127	4.19934	6																	
848	40921	4.16122	1	23840	0.03676					761	0.06593									
230	41673	4.76495	0																	
523	24858	3.88429	0																	
952	32382	5.00000	2																	
641	23314	4.50963	0																	
340	23987	3.67576	0																	
708	34069	4.19125	0																	
605	43196	4.97906	0																	
903	27542	5.00000	0																	
950	27468	4.78645	0																	
29	24620	4.53819	0																	
242	38646	3.95568	0																	
629	42906	5.00000	0																	
813	39694	4.76933	0																	
556	24078	3.87845	1							382	0.04136	986	0.00661							
95	38107	4.49025	0																	
961	41845	3.79976	0																	
549	21763	4.62582	0																	
386	24272	4.34931	6	28227	0.03566					440	0.05453	848	0.03777							
226	34615	4.71518	2																	
848	24592	4.56894	2	24593	0.18349	24589	0.09602			784	0.07391									
38	38223	4.02684	0																	
581	32748	4.45364	5																	
827	27011	5.00000	3																	
541	35088	3.69064	0																	
62	35964	4.98378	0																	
861	28701	4.46028	0																	
635	25068	4.22726	3																	
407	40643	4.55068	2																	
18	23399	4.73829	6																	
14	34225	4.63191	0																	
0	33783	4.73127	0																	
530	37297	3.71975	5																	
283	22520	4.61984	2	21492	0.02460					917	0.00840									
511	35274	4.26803	0																	
214	21517	5.00000	3																	
230	29484	4.86922	0																	
13	24059	4.55285	0																	
530	37666	4.65882	1	37489	0.05390					853	0.04621									
283	42275	4.58396	0																	
507	37707	4.91764	0																	
591	24656	5.00000	3	29685	0.01671					105	0.09732	55	0.02358							
833	25371	4.65930	0																	
514	24649	4.19530	0																	
832	24137	4.78692	4	24012	0.04319					38	0.02857									
283	26539	5.00000	0																	
340	25637	4.99254	0	25638	0.14964	24589	0.01019			848	0.02471	920	0.01404							
607	42132	4.65138	5							424	0.03268									
589	43920	4.04796	0																	
625	42614	3.96165	1																	
386	25564	4.02105	0																	
559	22408	4.66763	0																	
29	30471	4.55973	0																	
388	30982	4.20348	0																	
813	34493	4.67433	0																	
333	24568	5.00000	0																	
491	31903	4.73406	1	25259	0.06618	40745	0.03468	38098	0.02050	889	0.03715									
723	22972	4.55178	4																	
539	22645	4.72228	0																	
227	28457	4.26448	0																	
531	28936	4.72138	0																	
89	36183	4.52737	0																	
935	32674	4.61731	5																	
741	23886	4.74473	0																	
668	24437	4.73879	6																	
626	32130	4.93174	0																	
361	35483	4.70221	0																	
582	38098	4.04050	1																	
793	36050	4.01414	3																	
866	30147	4.47093	3	34369	0.05093					365	0.08106									
420	29517	4.86282	0																	
853	30672	4.08745	5	30748	0.04104	30147	0.01181	22620	0.00311	228	0.05042	334	0.00990							
407	34839	4.29547	2	35551	0.00535					81	0.03073									
227	24472	4.39733	4																	
741	29220	4.68835	0																	
676	23476	4.11819	0																	
659	30662	4.03516	0																	
695	24137	3.79209	4	24012	0.04319					38	0.03064	424	0.01189							
340	24803	4.59208	0																	
283	40947	4.54671	0																	
710	31524	4.60994	5																	
567	32210	4.91046	0	23852	0.00531					514	0.02603	103	0.00652							
528	36946	4.71816	4																	
590	32220	4.23521	4																	
323	32857	3.32930	3																	
175	41112	4.07727	0																	
685	28868	2.75454	0																	
891	39341	4.38271	0																	
10	35604	3.84218	0																	
238	33346	3.94252	0																	
55	36356	4.37283	0																	
961	43231	3.61692	1																	
463	24608	5.00000	6																	
624	37470	4.53754	0																	
741	23264	4.17508	3																	
9	22642	4.87218	0																	
1	43195	5.00000	0																	
704	23965	4.57218	0																	
386	32057	4.50176	3																	
377	41345	4.28956	1																	
69	29559	4.26899	0																	
956	20372	2.24326	0																	
752	33236	4.84195	0																	
357	25360	4.62753	0																	
618	34877	2.79442	5																	
85	27988	4.11708	0																	
400	38268	4.64954	0	38832	0.02270					407	0.06168									
664	25304	4.58383	4																	
753	32950	4.77465	0																	
330	26563	4.46192	0																	
811	38559	4.19023	0																	
968	41846	4.82258	0																	
385	27544	4.20317	0																	
830	20493	4.64173	0																	
424	24012	4.29484	3	24071	0.10520	36076	0.07715	24137	0.04319	38	0.03714	342	0.01860	215	0.01714					
523	23407	4.01106	0																	
418	40401	5.00000	4																	
759	33102	3.80292	0																	
991	30340	3.99143	0																	
71	26490	4.75235	0																	
632	23357	3.68264	0							848	0.03829									
336	34897	3.22970	0																	
137	20987	4.91553	0																	
706	34394	4.74150	0																	
628	36275	3.48555	1																	
598	34661	3.45530	1																	
570	23465	4.12553	0																	
282	36471	4.74779	0																	
31	25234	4.01461	0																	
216	38131	4.79032	0																	
569	31677	4.77111	0																	
397	30882	3.96574	0																	
493	32481	4.72739	0																	
713	37073	2.36770	2							471	0.04631									
460	22083	4.83621	0																	
893	33692	4.53258	0																	
163	30917	3.59739	0																	
135	23328	5.00000	6							340	0.03685									
567	24065	4.50196	0	22440	0.03454					514	0.02603	863	0.02317							
340	20597	4.72813	0	40513	0.00738					514	0.01172									
987	20176	3.74897	0																	
214	32515	4.65259	3																	
873	28792	4.66348	0																	
53	40387	3.83026	0																	
417	24534	4.00171	1																	
963	39200	4.69001	0																	
239	30672	2.97132	5							382	0.12241									
395	35770	3.91054	0																	
891	37758	4.20885	5																	
973	34352	4.48436	0																	
514	24638	4.21426	0																	
963	41934	4.70505	0																	
603	35427	4.53513	0																	
682	20744	4.75148	0																	
796	31876	4.47684	6	29975	0.04211	26043	0.02267			631	0.42088									
912	23312	4.46101	0																	
414	26824	4.54317	0																	
871	39238	4.85751	2																	
26	32684	4.72416	0																	
286	23212	4.45938	0																	
419	21241	5.00000	4																	
673	30975	5.00000	2																	
340	21697	4.80957	3	23553	0.02035	24147	0.00262			168	0.02095									
77	31778	4.28959	0																	
657	24207	4.49195	0																	
831	24256	3.77508	0																	
811	41947	4.29592	0																	
59	28198	3.94452	0																	
696	24644	4.71552	3	21956	0.09683					48	0.11364									
572	25444	4.82139	0																	
424	36599	4.52363	0																	
168	24730	4.66569	0																	
356	32358	4.10116	0																	
497	23808	4.37962	0																	
820	31468	4.70506	0																	
397	25329	3.71382	4																	
401	26043	4.64312	4																	
620	40102	4.52752	0																	
725	30835	5.00000	5																	
785	30187	4.21014	0																	
926	23594	4.69632	0																	
569	23230	4.75828	0																	
911	36442	3.19533	2																	
162	40314	4.22484	0																	
98	27419	4.69750	0																	
315	37880	5.00000	2																	
407	41045	4.37244	3	37753	0.05645	24651	0.00190			147	0.07316	514	0.04034							
520	32762	3.89261	0																	
576	24012	4.44400	3																	
263	24314	4.89634	0																	
633	24131	4.55454	0																	
883	37716	5.00000	1																	
383	30172	4.58278	0																	
982	33639	4.53328	0																	
888	39069	4.80669	2																	
14	31854	4.84489	3							340	0.00847									
741	37519	4.93736	6	37436	0.06675					524	0.09662									
644	21241	5.00000	4							105	0.03356									
283	24006	4.93625	0																	
45	42115	4.70511	0																	
605	39216	4.90697	0																	
594	22412	4.92266	1																	
107	39787	3.81494	1	41075	0.07332															
487	25308	4.59884	5																	
160	36987	3.96722	0	37297	0.00634															
648	40256	3.35857	0																	
564	37873	4.96670	6																	
185	32983	4.07391	0																	
283	24953	4.92844	4																	
451	29368	4.33161	0																	
648	40868	3.88291	0																	
505	31198	4.57553	0																	
569	23226	4.78921	0																	
679	20988	4.93413	0																	
674	25247	4.22733	0																	
397	20063	3.52312	6							654	0.14450									
558	23831	4.79195	4																	
985	27806	4.71179	0																	
860	39427	4.22419	1																	
891	21279	4.42653	5																	
653	42477	4.69248	4																	
624	26313	4.57752	0																	
477	36735	3.29017	0																	
659	30289	3.95656	4	24384	0.02523					676	0.04922									
351	23021	5.00000	0																	
319	35656	4.19310	0																	
32	25701	4.46594	0																	
659	24402	3.89986	0																	
421	20597	4.57942	0																	
532	24691	4.66485	0																	
592	24128	4.59733	0																	
926	35882	4.98932	0																	
491	34192	4.82545	1	25259	0.00412	38098	0.00360			889	0.03715									
981	38098	3.93697	1																	
334	22716	4.52982	1																	
475	23916	4.29116	6																	
889	42232	3.35940	0																	
485	36050	4.51304	3																	
498	33128	4.81434	0																	
471	36930	4.51224	5	37073	0.00375					618	0.06589	424	0.02691							
676	23481	3.68020	1																	
741	27385	4.73119	0																	
429	23383	4.94825	0							570	0.03102									
605	38432	4.83236	0																	
478	26700	4.33771	0																	
81	21505	4.20212	3																	
107	34192	4.58617	1																	
64	24432	4.64223	0																	
583	42781	4.14771	6																	
791	32210	4.18584	0																	
227	30612	4.57655	2	24365	0.09924					772	0.08085									
412	26077	4.72410	0																	
939	40948	3.90736	0																	
230	24665	4.83131	0																	
357	25421	4.00070	0																	
144	21254	5.00000	4																	
505	21758	4.59012	0																	
50	43042	4.59881	0																	
514	42678	4.25320	0																	
466	38457	3.63546	1	38105	0.00654															
334	22621	4.57620	2	22620	0.00823					471	0.02128	227	0.00465							
540	32098	4.75368	0																	
846	34137	4.63876	2																	
793	25040	4.19146	6							594	0.00575									
381	22553	4.66823	1																	
839	40216	5.00000	5																	
289	25331	4.81556	2																	
340	29717	4.63183	0							14	0.00847									
151	40816	3.80555	1																	
407	37559	4.32765	0																	
340	20656	4.74312	0																	
773	25431	4.64667	0																	
898	28769	4.14415	0																	
597	26001	4.79029	0																	
490	41348	3.15394	1																	
514	43238	4.13224	0																	
511	36875	3.72785	0																	
491	23210	4.32521	6																	
618	21484	3.83770	0																	
219	39986	4.10616	0																	
500	23240	3.78422	6							340	0.01278									
895	38894	4.94579	0																	
388	24434	4.20409	0																	
541	34853	4.44220	0																	
194	21492	3.85497	2							340	0.01069									
350	43172	4.81452	0																	
761	43520	4.57920	0																	
81	32109	4.60685	0							514	0.00250									
26	30875	4.73814	0																	
567	32751	4.28690	0																	
424	39104	4.30121	0																	
27	25387	4.24660	0																	
505	27593	4.54889	0																	
369	24004	5.00000	0	23799	0.07143					358	0.06129									
142	36332	3.67058	4	40682	0.01533	36875	0.01330	37297	0.01210	871	0.01242	485	0.01047							
373	32695	4.93515	0																	
50	42600	4.76164	1																	
965	30474	4.50900	0																	
927	32603	4.52147	1																	
283	21870	4.61663	0																	
405	25451	3.95407	3							567	0.06010									
436	28925	4.14610	0																	
848	22475	3.58086	0																	
303	20019	4.79361	2																	
489	41984	4.85520	0																	
334	30157	4.17459	0																	
6	37529	4.22851	0																	
469	40572	2.93192	2	24579	0.02089					696	0.02096									
648	33251	3.66265	1																	
78	24368	4.19237	1																	
410	23370	3.94824	1	23335	0.05833	22476	0.01273			676	0.05804	669	0.02184							
193	35079	4.36543	0																	
604	35479	4.66274	0																	
414	24985	3.93826	0	25068	0.00928	21098	0.00903	22452	0.00453											
823	20764	4.00671	0																	
282	39139	4.73803	0																	
569	24578	4.69097	0																	
372	28370	4.00926	0																	
329	30265	4.55075	0																	
262	23232	5.00000	6																	
756	42938	4.72961	0																	
407	37857	4.10642	0																	
225	35789	4.94919	4																	
811	41661	4.20357	0																	
319	31824	4.28404	0																	
540	34162	4.84130	0																	
102	39992	4.36209	0																	
248	28932	4.73659	0																	
893	35023	3.90228	2																	
105	27425	4.59395	0																	
175	25138	4.17297	0																	
708	33939	4.12077	0																	
514	43134	4.16227	0																	
594	30755	4.33153	0	25040	0.01631					570	0.02244	541	0.00110							
535	28769	4.25909	0																	
45	23537	5.00000	6																	
428	35524	4.59051	1																	
82	25426	4.66355	4	25421	0.11725	25427	0.05567			548	0.19149									
347	38951	4.74922	5																	
76	33502	5.00000	0																	
926	24924	4.26815	0																	
409	30393	4.86011	0																	
537	27543	5.00000	1																	
559	25518	4.64809	0																	
868	39649	4.83619	0																	
115	30975	3.38743	2																	
81	24285	4.64431	0																	
426	35974	5.00000	0																	
388	29887	4.08690	2																	
340	20802	4.61507	0																	
987	28798	3.90507	0																	
620	36950	4.55699	0																	
779	35907	4.57621	0																	
91	23945	3.02575	0																	
14	33502	5.00000	0																	
981	40745	3.88776	2																	
928	21125	4.51211	0																	
989	28173	4.57998	0																	
246	24894	4.63895	6																	
21	32958	3.75518	4																	
943	41960	5.00000	6																	
645	24559	3.91540	3																	
205	24044	5.00000	5																	
882	26065	3.94161	0																	
242	40262	5.00000	0							514	0.02123									
570	25906	3.81073	0																	
109	29281	4.71978	0																	
157	39728	4.58806	0																	
721	40712	4.35642	0																	
359	22552	4.69546	2																	
114	31472	4.72840	0																	
514	39368	4.17974	0																	
312	30972	4.63013	0																	
175	21624	4.31483	6							340	0.04311									
334	32126	4.47394	3																	
495	25920	4.58632	3																	
795	24794	4.65814	1																	
321	42027	4.20483	0																	
415	43870	4.50174	0																	
514	41341	4.17582	0																	
673	34192	5.00000	1																	
604	38235	4.70777	0																	
516	37643	4.74012	0																	
669	24367	3.38647	0	23335	0.02454					410	0.02184									
904	39375	3.84595	0																	
525	37543	4.16979	0																	
418	37776	5.00000	1																	
137	24656	5.00000	3	24624	0.03258	22620	0.00366			429	0.03139	55	0.00413							
305	24934	4.68958	2																	
570	38471	4.28454	0																	
565	24650	4.05111	4																	
835	22727	4.94819	5	25065	0.00949					538	0.03691									
81	24492	4.58900	0																	
23	35906	4.17534	1																	
142	37049	2.95189	0	36875	0.12149	37297	0.06009	41075	0.00843	871	0.01242	566	0.01129	92	0.01060					
648	41688	3.91244	0																	
787	30259	4.54764	2																	
26	25347	4.62746	0																	
151	22129	4.34032	0																	
887	41396	4.27848	0																	
681	21299	5.00000	6	36408	0.10745					564	0.09919									
58	24388	5.00000	6																	
245	27544	4.81951	0																	
262	39185	4.69125	0																	
142	38084	3.62012	1	36887	0.07835					97	0.06509									
588	23243	3.94820	6																	
835	22729	4.69036	6	22719	0.03752					986	0.10545									
815	36424	4.94859	0																	
478	24427	4.64207	2																	
891	31003	4.60397	0	34579	0.01121					746	0.05575									
283	22233	4.54163	0																	
14	23350	4.67531	0																	
448	24451	4.51432	0																	
314	43137	4.51635	0																	
190	20371	4.20551	0																	
385	24704	4.19563	0																	
127	23831	4.70905	4																	
437	23902	4.92432	0																	
563	26324	4.51602	0																	
365	20994	4.16005	0																	
360	37864	5.00000	3																	
675	23430	4.34735	5																	
997	28868	4.53455	0																	
397	36636	3.81928	0																	
514	36946	4.13121	4																	
13	25824	4.53258	0																	
264	36674	3.79088	0																	
633	31480	4.15628	0																	
806	34609	4.92393	0																	
0	37254	3.76266	1																	
175	23390	4.51497	1																	
882	35748	3.70395	6	20328	0.09336					401	0.05707									
424	25234	4.53813	0																	
443	28044	4.96441	3																	
466	38862	4.18239	1	38081	0.04276	38246	0.04204	39437	0.00741	891	0.16674	822	0.08571	853	0.06126					
965	23535	4.50753	0																	
900	31305	4.93220	0																	
424	21429	4.47678	0																	
20	22296	5.00000	2																	
482	40044	4.29100	6																	
366	25331	4.46818	2																	
624	24353	4.56481	0																	
501	33014	4.59436	1																	
737	23566	5.00000	0																	
622	33540	4.92113	3																	
585	34647	3.28809	0																	
351	29691	5.00000	0																	
557	28497	4.43607	1																	
71	42234	4.68350	0																	
227	25369	4.37049	2	24650	0.02257	22621	0.00513	22620	0.00290	471	0.07197	469	0.02725	678	0.00811					
388	39371	4.18751	0																	
575	20304	4.17830	0																	
856	23715	4.43376	0																	
334	34627	4.43810	0																	
962	23197	4.76427	0																	
522	26544	4.62466	3	27460	0.19444	26526	0.03655	26527	0.03252	240	0.24475	248	0.17132							
918	21292	3.60431	0																	
881	24730	4.29905	0																	
839	24646	5.00000	6																	
514	37276	3.89062	3																	
526	24534	3.85590	1																	
424	33715	4.53687	0																	
514	33210	4.22384	0																	
133	36293	4.49193	0																	
894	21554	5.00000	4																	
377	23824	4.44134	0																	
220	24393	4.99135	4																	
397	24238	3.94940	0																	
894	43895	4.93667	0																	
97	24287	4.35656	0	22439	0.00801					570	0.02997									
982	36286	4.52233	0																	
321	35124	4.25824	0																	
741	25103	4.66325	0																	
330	23900	4.12834	4	31131	0.01277					181	0.08439	81	0.01632							
478	29655	4.66782	6																	
646	27494	3.55909	0																	
813	24732	4.72781	0																	
889	40523	3.31125	0																	
757	33564	4.77965	0																	
319	20560	4.27865	0																	
709	32904	5.00000	5																	
336	34616	4.83955	3																	
445	23840	3.77667	0							848	0.12039									
587	22173	4.68534	0																	
230	35459	4.81253	0																	
860	37043	4.83255	0	40586	0.01953	25063	0.01824	41345	0.01155	292	0.08772	491	0.02655							
189	30351	4.15791	0																	
538	20487	4.10972	0																	
717	23089	5.00000	5																	
89	35509	4.43708	0																	
569	28134	4.74716	0																	
779	26359	4.68823	0																	
505	20707	4.66588	0																	
335	30147	4.28046	3																	
42	42865	4.54137	3																	
44	34199	4.29225	5																	
517	36413	4.34110	0																	
283	23886	4.56307	0																	
693	36900	4.91241	5																	
920	25636	5.00000	6							340	0.01404									
93	24391	4.60283	5																	
531	35071	4.73789	0																	
372	28369	4.09634	0																	
326	25423	2.36544	0																	
283	28521	5.00000	4																	
443	38881	4.68456	0																	
589	40816	3.99075	1																	
197	35629	4.82001	5																	
961	38433	4.62019	5																	
216	39658	4.74444	0																	
468	40356	4.64726	0																	
754	32459	4.86013	0																	
448	33684	4.49929	0																	
153	39516	4.70473	3	38651	0.08048	32385	0.04489	30147	0.00638	655	0.09208	822	0.06160	55	0.02199					
425	39533	4.60998	0																	
601	42345	4.21612	0																	
340	38217	4.62063	0																	
698	27425	5.00000	0																	
514	22579	4.20264	0																	
925	35906	3.83392	1																	
760	23349	5.00000	2																	
206	27020	5.00000	1																	
6	32983	4.20308	0																	
816	31848	4.73272	0																	
407	37880	4.47267	2																	
514	42259	4.15902	0																	
811	38218	4.20261	0																	
563	38894	4.39643	0																	
456	33075	4.65916	0																	
163	31822	3.61588	0																	
448	32749	4.48889	0																	
77	26084	4.34040	0																	
478	40549	4.28584	0																	
514	30322	4.22053	0																	
47	23356	3.35643	0							848	0.02885									
218	24656	4.74385	3	23769	0.00431					55	0.00147									
660	38721	4.09932	0																	
444	35079	4.96003	0																	
362	30165	4.45219	0																	
501	37826	5.00000	0																	
372	28371	4.05483	0																	
684	37849	4.71972	0																	
469	24048	3.28215	5	24047	0.02169					227	0.02725									
139	42572	5.00000	0																	
514	44015	4.17072	0																	
340	25071	4.80792	0	21098	0.02574	25040	0.01597			741	0.01791									
514	39473	4.13144	4																	
640	39165	4.65778	0																	
569	21548	4.68096	0																	
397	23670	3.97709	0																	
235	34839	4.97120	2																	
255	37826	5.00000	0																	
81	27096	4.62801	0																	
522	28511	4.88316	0	26527	0.03470	26530	0.02737			330	0.09861									
501	34707	4.19223	0																	
222	29579	4.70143	0																	
578	35438	4.03886	1																	
357	26893	4.53390	0																	
457	20555	4.71365	0																	
601	40551	4.27678	0																	
648	20366	3.53567	4																	
94	34551	5.00000	2	26075	0.06078	34266	0.00699			303	0.04726	763	0.04703							
774	38447	4.12888	0	38989	0.01544					893	0.07552	514	0.01494							
471	22273	4.63560	0																	
222	33312	4.59869	0																	
741	26689	4.72818	0																	
974	39692	5.00000	6																	
579	38253	3.70512	0																	
340	25614	4.37524	0	24272	0.01594	24589	0.00777	24593	0.00434	848	0.02471									
107	42315	4.35900	0																	
717	40589	4.90827	0																	
226	40631	3.91111	3																	
664	24237	4.36917	0																	
240	28123	4.73535	0																	
468	23900	4.38392	4																	
731	35023	3.67736	2																	
187	42520	4.88009	0																	
264	34599	3.95284	0																	
298	32823	3.45440	6																	
664	21234	4.17760	4																	
257	24027	5.00000	5																	
272	36987	3.59875	0																	
918	41179	3.68049	0																	
489	33010	4.84880	0																	
484	24579	3.41761	6																	
283	37452	4.64545	0																	
825	34587	4.60779	0																	
514	24414	4.28422	3																	
848	23436	3.68054	0	23269	0.25269															
340	21567	4.64821	0																	
385	24053	4.19413	0																	
441	23093	4.62044	3																	
283	24339	4.56230	5																	
553	32789	5.00000	0																	
385	31011	4.21990	0																	
531	32692	4.81967	0																	
853	39275	4.70348	0																	
703	20188	4.81164	2																	
782	34853	4.93956	0																	
525	37182	4.21763	0																	
540	32319	4.78070	0																	
501	34266	4.51039	0																	
343	28023	4.77259	4																	
905	32223	3.52381	1																	
530	34910	3.53037	5	34350	0.00539					424	0.00149									
774	39384	3.14449	5																	
593	25183	5.00000	3																	
81	34703	4.55759	0																	
302	27837	4.48526	0																	
206	33626	4.56501	0																	
102	29365	4.38644	0																	
505	31617	4.50682	0																	
283	27564	4.69014	6																	
967	24252	4.65030	3	24361	0.01726					758	0.04791									
406	21099	4.61445	1																	
971	22571	4.08820	3																	
940	37469	4.69680	1	34627	0.02036															
741	23917	4.66384	0																	
513	32385	4.10716	2	30672	0.00259					655	0.06172	334	0.01672							
