291	34607	4.10188	0																	
501	39361	3.32200	0	24770	0.00749															
120	22341	4.92669	0																	
462	23184	4.20147	5																	
369	23799	5.00000	1	24004	0.06046					358	0.07407	860	0.04870							
960	39038	5.00000	1	37876	0.02319					408	0.02623									
514	32409	4.15823	0																	
358	23357	4.51568	0																	
514	24651	4.43402	5	20597	0.05111	38535	0.01774	40401	0.00677	407	0.05615	938	0.01085							
870	31460	4.40600	0																	
866	21297	4.17420	0																	
377	35393	4.92696	0																	
809	32459	3.97281	0																	
918	39903	3.95987	0																	
173	25663	5.00000	0							340	0.03680									
466	38102	4.26600	0																	
570	34944	4.27045	5	30755	0.03322					594	0.01919									
514	37706	4.23949	0																	
466	38271	4.07165	0																	
319	42120	4.01487	0																	
673	38080	4.59451	0																	
788	25369	4.90144	2																	
340	20674	4.54329	0																	
596	27060	3.06157	6																	
242	40204	4.92584	0							514	0.02125									
139	32114	4.25420	0																	
607	36898	4.81052	0																	
635	25068	4.60504	3																	
958	30672	4.02939	5																	
506	23877	4.41262	0																	
670	34818	4.48688	0																	
695	24071	4.48630	5	24012	0.11880	24137	0.01608	23769	0.00264	171	0.08886	215	0.01936	424	0.01651					
569	23208	5.00000	0																	
891	21279	4.60269	5																	
471	22620	4.70952	5	24666	0.02285	35697	0.01448	24410	0.01141	227	0.04649	334	0.04350	137	0.02886					
128	43685	4.92797	3																	
200	37914	3.98966	0																	
867	32458	4.11655	0																	
577	40912	4.14401	2	35697	0.01778					471	0.03263									
864	36930	3.72179	5																	
731	35773	4.29954	0																	
225	41536	4.91742	0																	
591	26119	5.00000	3																	
486	24240	4.85075	3							592	0.01603									
246	33077	4.17165	3																	
130	27545	4.56203	0																	
164	36647	4.75321	4																	
396	41285	4.33283	4	41045	0.00122					514	0.00073									
105	37757	4.78029	0																	
419	21241	5.00000	2																	
50	25365	4.29115	5	25662	0.00689					340	0.04344									
456	28388	4.66362	0																	
340	38217	4.60877	0																	
514	25936	4.16128	0																	
972	39631	4.30927	3																	
491	41897	4.10169	1	38098	0.01193					408	0.01647									
487	32539	4.56470	0																	
491	24973	4.18936	0																	
439	31183	4.55660	0																	
642	37664	4.38098	2																	
983	24681	4.64751	0							70	0.10025									
340	23280	3.82096	0																	
514	42802	4.13875	0																	
115	25231	4.04173	0																	
522	26547	4.65348	0																	
514	41097	4.03662	1																	
514	37752	4.24489	0																	
330	24914	4.25896	3	30332	0.00590					162	0.06372	81	0.04181							
540	31746	4.75662	0																	
514	25486	4.56286	5																	
397	25329	3.95340	0																	
29	24579	3.91114	4							682	0.05671	381	0.03219							
848	29353	4.46043	0																	
213	28782	4.55198	5																	
583	43114	3.10971	0																	
676	21247	3.79756	0																	
334	22740	4.25253	0																	
142	37297	3.19944	4	36875	0.04925	37049	0.02854	37663	0.01110	446	0.05872	160	0.04418	871	0.01011					
227	23413	3.93361	3																	
471	25369	4.70689	2	25262	0.00859	22621	0.00494			227	0.04649	469	0.03727							
569	20057	4.84860	1																	
435	29509	4.80951	0																	
741	20114	4.79346	0																	
26	32683	4.73561	0																	
497	25040	4.23489	6																	
130	26935	4.47831	0																	
602	24447	4.84926	0																	
523	31009	3.90550	0																	
538	25664	3.18806	0																	
147	37753	4.85984	5	41045	0.01325					407	0.01350									
631	26328	4.40969	0																	
525	24568	4.30193	0																	
547	26072	4.81152	2																	
514	40438	4.21420	0																	
340	20305	4.54737	0																	
86	22707	4.08376	4																	
281	32871	3.74498	0																	
813	39065	4.46049	6	41619	0.06435					77	0.11534									
505	22972	4.92986	4																	
514	30265	3.81208	0																	
972	39567	3.92758	0																	
485	36875	3.12967	0																	
10	22860	4.01093	0																	
230	33006	4.88936	0							514	0.01486									
594	25068	4.47182	3	21098	0.00942					414	0.03229									
440	24272	4.81509	6	28227	0.01272					386	0.07555	340	0.00457							
415	25369	4.49306	2																	
951	29135	4.51588	0																	
303	41460	4.45857	6	38315	0.12698					428	0.01793									
385	28605	4.18749	0																	
85	30562	3.98635	0																	
617	39200	5.00000	4	39578	0.08634					981	0.15176									
408	39620	5.00000	0																	
350	43247	4.75529	0																	
597	24356	4.61438	0																	
414	29217	4.56651	4																	
965	30474	4.45096	0																	
570	37848	4.06952	0																	
196	32109	4.82204	3							514	0.02563									
986	22725	3.95546	0																	
13	25832	4.58661	0																	
837	41320	4.86318	0																	
347	43185	4.46315	0																	
904	39923	3.85169	0																	
866	28147	4.30132	0																	
819	22151	4.33734	4																	
367	39038	4.15361	1																	
339	23457	4.54334	0																	
470	23955	5.00000	0																	
181	31204	4.87582	0																	
569	23977	4.75112	0																	
766	41549	4.67495	0																	
357	26804	4.98516	0																	
505	25936	4.64623	0																	
230	34918	4.87112	0																	
225	42111	4.87672	0																	
156	29717	4.51697	0																	
843	23055	4.85896	0																	
408	41086	4.91597	0	38098	0.00235					292	0.01372									
66	25065	5.00000	1																	
142	36828	3.89542	0																	
400	36967	3.89538	0																	
412	34137	4.55366	0																	
659	33709	3.98044	0																	
354	40952	4.74238	0																	
282	36471	4.71068	0																	
254	33643	4.67118	0																	
563	37784	4.92407	0																	
686	20892	4.91458	5																	
648	39529	3.11701	6																	
514	43665	4.16723	0																	
490	40634	4.20560	0																	
246	28507	4.32675	0																	
490	39681	3.82074	1																	
625	39857	5.00000	3																	
479	40666	4.97144	0																	
38	35489	4.58930	5																	
449	22552	4.95996	2							340	0.00737									
570	22394	4.23525	0																	
407	36812	3.96638	6																	
567	32273	4.18341	0																	
81	25093	4.91925	0	24493	0.03338	25096	0.02677	23900	0.01564	13	0.11291	330	0.04181	414	0.02657					
347	40401	4.44961	0																	
898	25457	3.99677	0																	
241	38055	4.83628	0																	
837	40447	4.97713	2																	
428	35524	4.45639	1																	
848	23930	4.88918	2																	
665	24856	4.71307	0																	
542	35000	2.96133	4																	
670	29040	4.45902	0																	
387	26673	3.55951	0																	
382	34350	4.39617	5	29684	0.06787					530	0.06609	58	0.04062							
126	41935	4.80991	0																	
868	39649	5.00000	0																	
309	21492	4.93626	2	23403	0.00372	21505	0.00240			424	0.01863	340	0.01110							
174	25129	3.87757	1																	
413	43736	4.60112	0																	
741	20129	4.65505	0																	
160	33786	3.26771	2																	
431	20773	4.37289	0																	
978	28060	4.85689	0																	
3	30818	5.00000	3																	
248	29931	5.00000	3	20990	0.04488					866	0.12202									
81	28026	4.57517	6																	
6	37794	4.79072	4																	
478	40201	4.33116	0																	
112	43231	3.29803	5							574	0.17033									
615	30447	4.92944	0																	
882	37808	3.93420	0																	
612	28010	5.00000	5																	
505	31714	4.51156	0																	
779	25835	4.52371	0																	
164	30971	4.37753	0																	
583	42188	2.92710	0																	
662	40592	4.31036	0																	
231	32024	3.91202	0	23993	0.00350															
105	21239	4.71855	0																	
169	40682	5.00000	0																	
254	28799	4.56081	0																	
222	33312	4.68197	0																	
397	36480	3.90570	3	38341	0.16641					503	0.11899									
538	22268	4.09785	0																	
201	38144	4.19581	0																	
595	43658	4.75988	0																	
259	42781	4.32896	6																	
490	41348	3.68289	1																	
555	22748	3.34393	0																	
983	25104	4.14003	4																	
600	40731	4.78281	3																	
853	30672	3.88354	5	30147	0.01155					334	0.00111									
884	28658	4.87237	0																	
996	30910	4.47771	0																	
881	33512	4.10626	0																	
165	27238	3.89854	3																	
175	25132	4.55392	1																	
77	39835	4.48593	0																	
882	36505	3.96836	0																	
133	23137	4.59891	0																	
162	20377	4.26160	0																	
575	25329	4.30631	0																	
256	33572	4.25964	0																	
530	37489	4.57822	4																	
34	26078	4.57170	0																	
616	23626	4.44223	0																	
763	34615	3.92231	2																	
292	22004	4.70026	2	29717	0.01307	25259	0.00468	32677	0.00310	491	0.08143	436	0.07737							
863	26645	4.18731	4																	
739	23885	4.19364	0																	
410	42885	3.61353	0																	
639	38484	3.68979	0																	
569	23011	4.75591	0																	
276	24558	4.18888	0																	
427	38135	4.85173	0																	
99	30139	3.40221	1																	
741	23886	5.00000	0																	
559	24257	4.43465	5	29914	0.29379	23882	0.01584			809	0.34712	779	0.07164							
283	24361	4.85257	6	24646	0.00333	21492	0.00187			340	0.04954	758	0.00615							
154	40012	4.90447	0																	
555	22018	3.44339	0																	
999	24830	4.53206	0																	
782	32382	5.00000	4																	
594	28109	4.59290	0																	
155	24899	4.77800	6																	
538	23528	4.22194	0																	
742	25039	4.93277	2																	
360	37864	5.00000	3																	
779	27280	4.56633	0																	
403	28806	4.10923	0																	
283	22543	4.63088	5	22544	0.07465					678	0.06158									
283	33574	4.55210	0																	
635	39163	5.00000	4																	
13	23184	4.41912	5																	
805	26555	4.40077	0																	
609	20241	5.00000	2																	
519	26479	4.53652	3																	
893	37784	5.00000	0																	
107	22003	4.30460	4																	
283	21860	4.54829	0																	
703	37758	4.38483	5	21492	0.00092															
904	41479	3.78227	3																	
283	21099	4.77980	2	24338	0.00998	21492	0.00831			340	0.04954	811	0.03153	758	0.00615					
996	31512	4.70960	4																	
388	39770	4.23508	0																	
406	22703	4.46579	0																	
314	22197	4.37352	0																	
400	41581	3.70991	6																	
620	40102	4.57084	0																	
105	31506	4.69734	0																	
741	34741	3.19935	0	38268	0.01697															
64	34512	4.47528	0																	
648	35470	3.88899	0																	
535	23692	4.54898	6							340	0.00479									
436	32393	4.24449	0																	
962	42001	4.36667	6																	
526	36441	5.00000	0																	
160	37290	3.27401	0	34791	0.04218					92	0.02380									
146	38206	4.78623	0																	
111	28930	4.28897	0																	
963	39007	4.68879	0																	
648	41095	3.82859	0																	
811	41947	4.21799	0																	
26	32684	4.72395	0																	
685	26359	2.57953	5																	
505	27116	4.53726	0																	
397	20912	3.99538	0																	
471	22273	4.12187	6																	
524	40782	4.82282	0																	
530	37666	4.63226	1																	
58	23093	5.00000	3																	
81	29440	4.71536	0																	
598	34707	4.71547	6																	
227	32116	3.86513	4	24650	0.01641					681	0.01257									
654	41756	4.76901	0	42646	0.00356					514	0.01406									
659	23560	3.45019	1																	
180	28341	3.96538	0																	
373	41264	4.86995	0																	
769	43936	5.00000	0																	
424	39123	4.03107	2																	
479	21018	4.95754	0																	
569	30588	4.80236	0																	
162	34717	4.28383	0																	
528	29717	4.78262	0																	
745	39238	4.97868	4																	
634	33609	5.00000	0																	
824	27969	3.92958	2																	
180	28523	4.09548	0																	
318	35124	5.00000	4																	
446	37254	4.29950	1	37297	0.03328	37565	0.01618	36875	0.00913											
407	38889	4.26141	0																	
763	33077	3.56813	3																	
6	36900	4.40901	0																	
282	39139	4.73245	0																	
80	23566	5.00000	0																	
784	24589	4.49586	0	24590	0.03910					330	0.05110	340	0.01880							
594	25040	4.86481	6	24147	0.00818	41045	0.00635	30755	0.00415	541	0.03302	340	0.02119	813	0.01308					
366	24383	4.71459	0																	
684	24660	4.63366	0																	
69	30260	4.28656	5																	
979	38986	4.65717	0																	
382	30672	3.73480	5	24078	0.09825	29684	0.08013			705	0.07366	228	0.03742							
764	26273	4.68927	0																	
480	21667	4.77512	0																	
893	40572	4.10138	1	36408	0.01478															
244	30147	4.36572	3																	
230	20059	4.78634	0																	
26	34558	4.64440	0																	
115	22660	3.97002	0																	
400	33263	3.76839	6																	
813	35021	3.81661	0																	
609	22412	5.00000	3																	
283	24963	4.58021	0																	
741	26604	4.76910	0																	
380	41886	4.39504	0																	
514	29430	4.13318	0																	
89	21441	5.00000	1																	
983	25031	4.84504	1	36134	0.08371	26043	0.00167			364	0.07334	491	0.00218							
543	36946	3.61429	2																	
296	35697	4.46463	1	24484	0.00157					227	0.03379									
340	27285	4.96567	3	31854	0.02538	21098	0.01956			414	0.02172									
81	22665	4.18222	1																	
811	33634	4.19757	0																	
791	39203	3.22713	5																	
393	37043	4.48226	0																	
501	24263	4.61061	0																	
863	25522	3.99168	3																	
819	22139	1.34170	0																	
520	38678	3.97005	0																	
744	36398	4.31035	0																	
14	33048	4.28761	0																	
10	35604	4.16910	0																	
179	27367	3.95764	0																	
827	25331	4.76238	3	25240	0.07378					343	0.04990	248	0.04258	602	0.03453					
983	26091	4.48621	0																	
825	21092	4.50147	3																	
416	20674	5.00000	0																	
332	23558	4.00365	0																	
879	30925	4.57476	2	32674	0.08185	31026	0.03188	31462	0.00572	19	0.05221									
916	23841	3.55323	0																	
181	23841	4.13287	0																	
232	34440	4.50176	0																	
428	40044	5.00000	3																	
763	35627	3.68269	0																	
335	32904	4.26518	0																	
319	42769	4.11982	0																	
29	32177	3.91806	3	24620	0.01755															
640	42342	4.76992	0																	
636	25084	4.37873	1	25082	0.57025					150	1.00000									
540	32319	4.78727	0																	
789	24129	5.00000	5																	
610	33056	3.74472	0																	
797	32036	4.45227	0																	
661	31886	4.70810	0																	
984	23657	3.03056	6							340	0.00530									
102	28515	4.45209	0																	
538	20487	4.16262	0																	
352	31479	4.43325	5																	
306	20385	4.77923	0																	
154	37441	4.88699	0																	
283	35584	4.61304	0																	
889	41456	4.39292	0																	
753	32950	4.73936	0																	
866	20979	4.46610	2																	
860	37043	4.87241	0	30833	0.01518					491	0.01704									
369	23458	5.00000	3																	
295	29924	4.83386	0																	
202	39012	4.41026	5																	
611	42600	4.40444	1																	
527	37826	3.78090	0																	
860	41247	4.54336	0																	
751	29607	4.53236	0																	
153	38651	3.57557	1							822	0.11275									
971	24845	4.47940	0																	
606	25040	4.51927	6																	
663	26243	4.76313	0																	
933	41297	4.83100	3																	
92	37297	4.41974	4	36875	0.04925	34791	0.01173			160	0.02380	446	0.00561							
727	28372	4.50289	0																	
471	28358	4.89259	6																	
302	27837	4.67445	0																	
702	42292	4.93228	0																	
162	26168	4.23994	0																	
860	40586	4.87921	1																	
856	32322	4.40884	0																	
631	26043	4.71695	3																	
514	24097	4.16336	1																	
904	37485	3.84293	0																	
967	40097	5.00000	0																	
983	22627	4.43129	0																	
25	41947	4.89008	0																	
250	23448	3.94175	1	23481	0.02523					410	0.04033									
775	28864	4.83652	6																	
522	24446	4.63512	0																	
84	26043	5.00000	3	27887	0.01369					491	0.02312									
877	37071	5.00000	1	35882	0.01326					604	0.07080									
252	24695	5.00000	0																	
892	35879	4.00930	0																	
708	34069	4.37766	0																	
715	31160	4.13203	0																	
424	24027	4.33204	3																	
150	25022	2.83572	0	25082	0.53615															
785	30740	4.32825	0																	
331	38315	4.50612	2	39269	0.03663					745	0.09457									
945	31516	4.78704	0																	
609	33845	4.88705	0																	
401	25622	4.50124	0	25643	0.15584	26042	0.06412			582	0.14249	558	0.03308							
983	35225	4.48041	0																	
340	20063	5.00000	2	21492	0.03180	25040	0.01835			412	0.00722									
514	40117	4.14070	0																	
545	25162	4.28186	0																	
813	33220	4.62363	2																	
181	28542	4.86090	0																	
618	36765	3.93409	0																	
347	42483	4.40298	0																	
549	21829	4.60632	0																	
163	30292	3.73560	0																	
888	27026	5.00000	3																	
512	37187	4.32195	2																	
505	20594	4.63002	0																	
286	23221	4.50113	0																	
401	20319	4.42603	0																	
741	39436	4.70097	0																	
58	28010	5.00000	5																	
848	28847	4.57013	0																	
514	30228	4.22851	0																	
514	24110	4.06965	3																	
287	37524	3.93062	0																	
536	30994	4.33266	0																	
327	34763	5.00000	0																	
59	23556	4.07222	0																	
334	26271	3.80755	3																	
340	20597	4.93902	0							514	0.00598									
488	31727	4.21707	1																	
89	37187	4.91388	2	36186	0.08663					815	0.24570									
502	21208	3.58324	0																	
846	34137	4.83447	0																	
848	28238	4.98038	0	24295	0.03693					330	0.04818									
569	28224	4.73004	0																	
501	21616	4.51821	0																	
983	24634	4.46810	2																	
505	20265	4.54271	0																	
677	39400	4.10885	0																	
807	30502	5.00000	0																	
287	40745	3.60047	0							142	0.09911									
125	34145	3.48419	0																	
823	20764	3.66259	0																	
81	21070	4.67003	0																	
656	23713	4.29353	0																	
481	39038	3.66894	1																	
227	37638	2.94417	0	40447	0.02011															
292	37043	4.56062	0	32677	0.02723	25259	0.02443			491	0.08143									
397	25008	3.90127	0																	
381	26237	4.35848	3																	
848	26265	4.56178	0																	
848	23840	4.75447	5	23839	0.09248	40921	0.02722			445	0.09219	761	0.07141							
478	32882	4.21619	0																	
541	22397	4.39891	0																	
202	38017	4.58915	0																	
340	24803	4.53291	0																	
340	38406	4.82289	5	24147	0.02301	23399	0.01323	23403	0.01010	594	0.02119									
142	41044	3.92981	0																	
668	37840	4.76861	0																	
928	21125	4.55266	0																	
768	35968	5.00000	3																	
569	26038	4.67323	0																	
514	24638	4.12404	0																	
178	26451	4.57460	5																	
56	38429	4.04589	0																	
347	31886	4.04018	0																	
614	41959	4.38934	1																	
664	24263	4.17231	0																	
151	41225	4.63215	0																	
485	36946	3.97756	2																	
488	41983	3.98983	0																	
345	34350	4.40876	5																	
514	21199	4.16440	0																	
514	37166	4.16246	0																	
340	28837	4.56031	0																	
384	30796	4.54943	4																	
195	30447	4.32010	0																	
846	21429	5.00000	3	33715	0.18984					394	0.00719	424	0.00466							
340	27999	4.55634	0																	
322	27025	4.15445	4																	
26	31557	4.66209	0																	
162	23405	4.25408	0																	
468	31854	4.94459	3	25791	0.00236					340	0.00514									
468	35629	5.00000	0																	
55	30147	4.98046	3	39516	0.06366	22620	0.01477			153	0.04798	853	0.00850							
882	21481	3.94076	0																	
891	37510	4.49838	0																	
81	21505	4.29027	3																	
82	23127	4.39397	0																	
893	35316	4.68356	0																	
334	26205	4.24967	4																	
334	24331	4.08216	0																	
741	42081	4.77308	0																	
569	20364	4.73495	0																	
583	42907	4.15557	0																	
6	28950	3.76661	0																	
481	41829	4.00170	0																	
66	32554	4.90627	0																	
131	34557	4.65795	2																	
120	28874	5.00000	1	24252	0.01381	36479	0.00689			758	0.12214									
544	21315	4.69049	0																	
779	21569	4.49087	0																	
363	38249	3.68439	0																	
71	38268	4.96084	0																	
474	23765	4.29295	0																	
102	29365	4.52416	0																	
392	31766	4.99634	4																	
889	39477	4.25448	5																	
274	35610	4.82997	0																	
749	38089	5.00000	6																	
0	32672	4.77564	0																	
334	20916	3.94576	5	25291	0.04354	22727	0.00579			538	0.03073									
882	38065	3.99669	0																	
866	23615	4.29996	0																	
985	24361	4.88762	6							340	0.01727									
512	34587	3.29412	1																	
664	25599	4.12479	0																	
741	26810	4.66868	0																	
793	21163	3.78836	0																	
513	36442	2.60815	2																	
444	35000	4.47714	4																	
647	23554	4.71484	0																	
198	37857	5.00000	0																	
669	30612	3.40343	2																	
414	35001	4.36313	0																	
621	23778	3.90702	0																	
273	32308	5.00000	4																	
473	20994	3.95266	5																	
355	26636	4.57821	3																	
828	21901	4.21418	0																	
793	30732	3.56229	0																	
31	31026	4.55868	2																	
950	26884	4.98638	0																	
522	26544	4.68266	3	27460	0.07587	22421	0.04132	26527	0.02923	240	0.40000	248	0.08481							
569	23227	4.77498	0																	
848	43242	4.50518	0																	
377	29450	4.49317	0																	
628	20916	4.15736	5																	
848	25614	4.04861	6	25639	0.01411					340	0.07421									
674	25559	3.96284	1																	
385	23712	4.23855	0																	
298	32823	3.62509	6																	
761	43520	4.49675	0																	
623	29481	4.57247	0																	
334	25369	4.72463	2	22620	0.01252	22621	0.00494			227	0.01822	55	0.01029							
514	43717	4.13273	0																	
514	40847	4.21597	0																	
847	26580	3.94072	0																	
130	27904	4.56188	0																	
341	25646	4.42901	0																	
869	37784	4.85084	0																	
633	32791	4.27258	0																	
655	32385	5.00000	4	39516	0.04852					153	0.09101									
26	24210	4.69632	0																	
142	34321	4.04196	0																	
439	21222	4.98366	6																	
97	21431	4.67600	0																	
227	22475	3.63539	0	22620	0.00373					848	0.00834									
866	28148	4.20435	0																	
807	31450	5.00000	0																	
567	30349	4.04901	0																	
48	24589	5.00000	0																	
340	23246	4.60112	0																	
441	29745	4.45828	0																	
960	38046	4.21995	0																	
354	40759	4.76197	0																	
145	23947	4.64262	0																	
218	23113	4.93991	0																	
562	39857	4.65478	3																	
481	43000	3.41234	0																	
407	24534	3.67318	1							514	0.05615									
340	25071	4.81678	0	24532	0.01946	21098	0.01407	25040	0.00282	741	0.03279	832	0.00761							
889	40745	4.38669	0	38098	0.05223	34192	0.01539	31903	0.01074	142	0.09646	491	0.07723	995	0.03307					
337	31976	4.64275	0																	
873	28044	4.67488	1																	
574	36946	4.36017	2																	
161	30620	4.68222	4																	
107	39787	3.53763	1	41075	0.10604	34192	0.02998			889	0.00976									
364	38140	4.34234	0																	
662	40590	4.33420	0																	
848	24592	4.41406	2																	
389	21628	3.99649	0																	
222	22190	5.00000	1																	
480	40305	4.82261	0																	
658	24966	4.63299	0																	
319	20586	4.16232	0																	
180	28689	4.06862	0																	
142	40682	3.76022	0	40745	0.02138	36332	0.01691			490	0.01470	424	0.00564							
531	29929	4.87950	0																	
505	21349	4.55643	0																	
694	37706	4.89038	0																	
740	37065	3.60923	0																	
504	36967	3.80422	0							594	0.01147	514	0.00509							
332	20993	4.49596	3																	
615	37049	4.45158	0	37290	0.01418					142	0.02070									
541	29762	4.93280	0	30755	0.01614					570	0.03891	340	0.01870							
193	35079	4.76449	6																	
805	21522	3.85272	3																	
569	20355	4.77070	0																	
799	24360	5.00000	0																	
976	25334	3.87572	3																	
891	36421	4.87497	2																	
336	34897	3.33906	0																	
722	28445	4.76886	0																	
981	43297	4.25703	0																	
718	27987	5.00000	0																	
988	26473	4.58888	0																	
553	32789	5.00000	0																	
170	40130	4.55878	0																	
277	37878	4.90544	0																	
109	33470	5.00000	4																	
519	30981	4.60874	6																	
489	33010	4.76355	0																	
231	22660	4.59325	0																	
631	29975	4.90344	1	31876	0.08026					796	0.07526									
791	32210	4.26570	2																	
680	26476	5.00000	5																	
301	34978	4.59385	0																	
99	24726	3.62806	0																	
763	37880	2.41777	0							315	0.04521	3	0.00542							
173	20818	4.69612	0																	
321	39690	4.65545	0																	
79	35695	4.32295	1																	
696	23269	4.55338	0																	
411	37071	3.55020	1																	
78	24388	4.33750	2																	
221	22640	4.10630	0																	
476	29347	5.00000	0																	
690	35695	4.13718	1																	
693	36900	5.00000	0																	
13	24460	5.00000	0																	
145	39384	4.89496	5																	
618	34458	4.08559	0																	
774	28146	4.06147	0																	
908	38908	4.17295	2	34107	0.00432	32109	0.00176			81	0.07569									
235	35448	4.17899	4																	
82	27711	4.46574	0																	
883	37840	4.36110	0																	
92	37049	4.55137	0	36875	0.12024	34791	0.03152	37290	0.01418	142	0.01754	566	0.00936							
901	39691	3.73348	0																	
248	26530	5.00000	0	26527	0.02297					330	0.05296									
534	22421	5.00000	2	27460	0.06838					240	0.17755	522	0.09333							
757	33564	4.78307	0																	
779	26636	4.68711	3																	
58	24240	5.00000	3																	
93	24579	4.62170	4	24559	0.08561					682	0.04028	381	0.03699							
181	25040	5.00000	6	24147	0.00818					81	0.03984	340	0.01791	813	0.01404					
678	22607	4.68801	6																	
340	23537	4.63519	2																	
382	34978	4.62609	0																	
282	37261	5.00000	3																	
490	26635	4.21277	2																	
547	28109	4.55713	0																	
490	36875	3.05091	0	38735	0.02153					17	0.08867	142	0.01470							
823	21025	3.52252	0																	
34	28470	4.51930	0																	
864	38908	3.75184	2																	
773	31136	4.81377	0																	
658	42521	4.64635	0																	
164	37067	4.92131	6																	
621	27391	4.06334	0																	
414	40897	4.52863	0																	
366	25331	4.64101	3																	
635	22524	4.84727	0																	
469	24048	3.42896	5																	
749	20023	5.00000	5																	
882	36211	3.94149	0																	
13	25079	4.60661	0																	
81	21033	4.65077	0																	
570	25004	3.32403	0																	
59	30722	4.09928	0																	
410	23581	4.25263	0																	
813	22561	4.91095	4																	
761	34888	4.58073	0																	
175	41112	4.07688	0																	
424	24050	3.49983	0	26043	0.02008	28250	0.00307													
548	34107	4.08170	3							81	0.09693									
841	23567	4.65137	0																	
889	40913	4.41944	0																	
109	36236	4.78721	0																	
501	38243	4.62196	0																	
467	27069	4.86708	0																	
893	36656	4.76331	0																	
495	25920	5.00000	3																	
152	23952	4.30078	0																	
181	38470	4.87715	0																	
867	24012	4.45299	2																	
501	25454	4.76488	0																	
743	40386	4.56438	4																	
893	38447	5.00000	1	38989	0.01088					774	0.05398									
237	38080	4.33917	0																	
424	38325	3.70498	5																	
325	26645	4.27785	4																	
514	23947	4.23202	0																	
517	20467	4.42218	0																	
398	35789	4.90120	0																	
53	23497	4.12355	0																	
656	33917	4.56881	5																	
180	28512	3.98582	0																	
205	24044	5.00000	5																	
851	31987	3.88964	5																	
24	41569	4.94930	0																	
340	24608	4.71395	4																	
573	31828	4.39268	2																	
546	34477	4.88857	0																	
91	33893	3.85067	0																	
644	21240	4.73447	0																	
652	41791	4.70455	0																	
785	29877	4.35430	0																	
892	23765	4.10031	0																	
348	42406	5.00000	6																	
759	39064	3.50632	0																	
569	23871	4.71408	0																	
733	23448	4.98160	1																	
444	35544	5.00000	4																	
424	37877	3.64418	0	37758	0.09056	23624	0.01409													
689	36980	4.34882	0																	
604	35479	4.60590	0																	
668	38842	5.00000	3																	
618	38169	4.17033	6																	
926	27543	5.00000	0																	
364	38539	3.94578	5																	
615	37876	4.85562	1	37290	0.01979					107	0.04588									
504	23113	3.99597	0																	
90	28613	3.15664	0																	
893	33907	4.69657	0																	
289	27543	4.61105	0																	
950	26434	4.87029	0																	
181	31131	4.87108	0	23900	0.01684					330	0.03608									
324	34972	4.86388	0																	
835	32554	4.27525	0																	
628	36275	3.19210	1																	
182	37758	3.86336	5																	
983	23480	4.54068	0																	
853	37489	4.80365	4																	
107	35729	4.26471	0																	
175	24159	4.46656	1																	
329	24641	3.89268	2																	
698	43398	5.00000	3																	
668	21262	5.00000	3																	
570	26269	4.29376	6																	
782	36190	4.83272	0																	
468	25278	5.00000	1							340	0.00514									
303	23491	4.61278	0																	
501	23799	4.90670	1																	
567	22439	3.49725	0																	
283	42308	4.54253	0																	
848	38789	4.47669	0																	
401	24039	4.14305	6																	
385	27544	4.11579	6																	
352	23218	4.86838	0																	
881	29741	4.25083	0																	
865	41870	4.36937	6																	
996	24054	4.45156	0																	
619	34989	4.05489	0																	
21	30672	3.21231	5							890	0.21029									
370	31823	5.00000	1																	
810	21492	5.00000	2							340	0.01139									
594	41511	4.63475	0																	
514	34965	4.22299	0																	
594	25221	4.61951	0																	
569	29611	4.67404	0																	
514	40745	3.95507	0																	
546	34634	4.88765	0																	
321	20137	4.65958	0																	
689	38961	4.16258	2																	
385	23676	4.12303	0																	
588	21061	3.84312	0							168	0.14887									
653	22554	5.00000	1																	
877	38812	4.72175	1																	
813	23232	4.88008	6	25040	0.00689					340	0.01448	703	0.00490							
860	43179	4.61136	0																	
147	41390	5.00000	0																	
136	41074	4.96308	0																	
741	29748	5.00000	5																	
792	26645	4.17515	4																	
436	28845	4.20431	2							491	0.01598									
93	24533	4.50504	0																	
414	21221	3.46442	0	21098	0.00661					832	0.05274									
304	40257	5.00000	0																	
345	28023	5.00000	4																	
72	34918	5.00000	0																	
478	26578	4.36330	0																	
162	21764	4.23350	1																	
474	34707	4.54130	6																	
604	40097	4.88843	0																	
195	32905	4.37373	0																	
52	31938	4.95640	0																	
424	21522	3.24354	3	39384	0.08799					380	0.01947									
226	34615	4.72613	2																	
741	20097	4.73252	0																	
350	43232	4.32394	3																	
999	36247	4.71175	1																	
594	26448	4.55872	0																	
448	21825	4.29969	0																	
514	43046	4.12302	0																	
430	25331	4.81054	3																	
637	31002	5.00000	5																	
953	40929	4.72980	0																	
340	25067	4.64542	4	22524	0.06717					449	0.00737									
248	30635	4.82981	0																	
940	37469	4.67291	1	34627	0.00712															
638	42748	4.84949	0																	
523	20609	4.23585	2																	
146	40745	4.54532	0	25269	0.01905					430	0.05895									
769	25226	4.99658	0																	
778	26382	5.00000	3																	
535	25069	3.57536	0																	
767	34026	4.76302	0																	
747	23241	3.99848	0																	
292	41345	3.78735	1	41086	0.03192					367	0.09446									
182	37143	4.12635	0																	
181	22642	5.00000	5																	
914	42062	5.00000	6																	
793	32550	2.96977	0																	
110	41672	5.00000	0																	
389	36101	3.86662	0																	
403	24108	4.23815	0																	
175	22592	3.70375	6							340	0.02248									
891	39130	4.66395	1	38246	0.04946	38862	0.02073			853	0.15233									
93	31140	4.55479	0																	
882	20328	4.01044	6							401	0.06904									
48	21956	4.70388	6	24644	0.00703					696	0.14240									
813	34045	5.00000	2																	
26	32149	4.64367	0																	
585	35437	3.95175	0																	
541	32382	4.62182	4																	
368	32329	5.00000	6																	
610	32993	3.60970	0																	
594	37143	4.56209	0																	
70	42655	5.00000	0	43490	0.00962					283	0.05130									
415	34616	4.02792	3	32084	0.03232					486	0.06008									
235	34839	5.00000	2																	
973	42167	4.63408	0																	
855	41345	4.99355	1	31469	0.02513					860	0.07520									
149	38908	4.66794	2																	
806	34724	4.87918	0																	
478	41115	4.41126	0																	
564	42874	4.58213	0																	
0	33783	4.53983	0																	
760	24650	4.57213	4	24680	0.06600					678	0.05834	681	0.04867	381	0.03940					
632	23436	3.24030	0							848	0.08557									
307	36875	3.74564	0																	
514	43134	4.17644	0																	
277	27263	5.00000	0																	
815	36402	5.00000	0	36491	0.07917	36766	0.02433	36186	0.00465	89	0.24570									
562	40353	4.67410	0																	
891	34579	3.98872	5	31003	0.00239					335	0.01863									
466	38862	4.30737	1	38081	0.06105					822	0.15851	891	0.08738							
709	32904	4.64076	0																	
471	43699	4.47866	0																	
892	30462	4.00989	0																	
710	26135	4.53818	0																	
328	37882	5.00000	2																	
179	28357	3.80601	0																	
380	38223	4.09810	0	39384	0.05183					726	0.08191									
123	38986	4.90551	0																	
514	42044	4.17704	0																	
886	25983	4.69984	0																	
993	31158	4.75033	0																	
93	28152	4.35011	0																	
457	20555	4.91703	0																	
968	35952	4.41553	1																	
301	21335	4.23516	0																	
13	24098	4.51572	0																	
659	23426	4.05915	0																	
514	43105	4.21766	1																	
554	28692	4.31552	0																	
168	25492	4.78793	0																	
319	30360	4.06101	0																	
891	21917	4.72534	4	37259	0.21672	24656	0.01485			709	0.15975	105	0.02207							
79	38294	4.92691	1																	
395	35770	3.26593	0																	
380	42906	4.02068	0																	
856	29050	4.47085	0																	
15	27473	4.72777	0																	
891	38612	4.42678	0																	
340	23954	4.54313	0																	
648	37604	3.79345	0																	
564	35697	4.32120	1																	
614	40745	4.68271	0																	
642	37876	5.00000	1																	
569	26047	4.77497	0																	
86	21127	3.57092	2																	
406	24289	4.75799	4																	
206	22938	4.49970	0																	
676	26645	3.79690	4																	
721	28468	5.00000	0							570	0.03200									
673	30975	4.84579	2							491	0.02515									
620	38851	4.49706	0																	
866	28022	4.27994	0																	
2	37187	4.14653	2																	
618	22726	3.83088	5																	
478	40561	4.38805	0																	
170	36624	5.00000	0																	
514	41163	4.16357	0																	
880	20891	3.55377	0	27469	0.05861															
684	27565	5.00000	0																	
882	23871	4.06497	0																	
558	25744	4.42215	0																	
758	22440	4.35725	1																	
468	26273	5.00000	0	29033	0.00413					848	0.03982									
435	25168	4.85773	0																	
19	25622	4.55691	0																	
283	27933	4.61518	0																	
70	37476	4.85960	0																	
18	23478	3.73489	0																	
626	30021	4.91242	0																	
433	25917	4.17094	0																	
820	35866	4.55089	6																	
319	20653	4.18476	0																	
801	23673	4.04472	0																	
425	22565	4.53254	0																	
262	37880	3.52351	0																	
997	25891	4.38211	0																	
980	39535	3.87928	2																	
263	31759	4.94909	1																	
917	30372	4.67177	0																	
181	22856	4.83457	0																	
491	23887	4.31660	0																	
239	30672	3.25217	5																	
215	25308	4.41253	5																	
105	24776	4.80152	0																	
319	32565	4.12089	0																	
596	34114	3.24153	0																	
385	24300	4.09766	0																	
264	32297	4.01590	0																	
137	29685	4.62237	6	24656	0.06639	22620	0.01438			55	0.02766	591	0.02282	105	0.01587					
77	22707	4.63978	4																	
610	31024	2.73645	0																	
319	35656	4.17308	0																	
741	37436	4.96189	4	36744	0.05596					321	0.10122									
44	33759	4.42910	0																	
103	24120	4.32494	0																	
676	23370	4.49947	0	23335	0.07649	22476	0.05659			410	0.08733	669	0.00816							
470	25258	4.86448	0																	
8	39874	4.65001	0																	
466	39405	4.21082	0																	
349	32720	4.58453	0																	
292	24039	3.81998	6							117	0.04024									
811	40922	4.24952	0																	
848	23356	4.52755	1	25115	0.13781	23986	0.12391	24272	0.02348	47	0.10837	386	0.00886							
847	28571	3.97402	0																	
244	24388	4.29092	2																	
514	34266	3.99564	0	24071	0.03451	36076	0.01141	33566	0.00770	424	0.05398	215	0.00860							
880	40462	3.99471	0																	
208	37758	2.66844	5																	
905	36271	3.78536	0																	
81	24534	3.74400	1	24493	0.01807	25096	0.00673	21071	0.00654	13	0.11291	514	0.01126							
612	22297	4.94098	0																	
87	39595	4.75645	1	39337	0.01149					811	0.12881									
979	27909	4.75453	0																	
904	41452	3.99335	0																	
410	24029	4.33396	0																	
254	27761	4.56646	0																	
175	22452	4.36353	1	32579	0.00945	22371	0.00462	23923	0.00268	594	0.09254	340	0.02248							
541	21848	4.41524	0																	
664	33969	4.26933	0																	
496	23769	4.40156	0																	
339	32139	4.56215	0																	
796	26043	4.92195	3																	
525	27453	4.24733	0																	
127	32690	4.85749	0																	
485	36332	4.63581	0	40761	0.01378															
167	28466	4.22577	0																	
538	23167	4.02929	0																	
867	24240	3.96277	3																	
634	33638	4.74990	0																	
501	24646	4.06725	6							340	0.00224									
329	25090	3.90413	0																	
26	37122	4.66026	0																	
873	33027	4.68188	5																	
340	25508	4.60662	0																	
210	28277	4.60638	0																	
644	32460	4.84929	0																	
947	36662	3.61734	4																	
772	23624	4.89074	1																	
326	28272	3.09598	0																	
570	33261	4.05529	0																	
514	39368	4.22629	0																	
232	35253	3.83608	5																	
403	33638	4.28044	0																	
241	37276	4.73289	0																	
394	40584	3.46808	0																	
312	28848	4.51527	4																	
744	27102	4.65257	0																	
401	26043	4.76641	3							424	0.01567									
994	36149	4.03341	0																	
332	22620	4.78176	5																	
168	23553	4.98197	2							340	0.02415									
136	40640	4.96370	0																	
642	37266	3.79451	0	36939	0.05240					364	0.26323									
504	38241	3.86370	6																	
247	40550	4.04424	6																	
504	37363	3.95441	0																	
570	23266	3.88646	0																	
283	38910	4.50485	0																	
771	35634	5.00000	4																	
703	25423	3.95538	0																	
347	40848	4.42562	0																	
407	38908	4.07819	2	35551	0.00328					81	0.01995									
490	37297	3.04650	4							871	0.04188									
73	40895	4.52069	0																	
257	24979	4.83574	0																	
811	41694	4.19976	0																	
894	42245	4.74236	0																	
593	26067	5.00000	5																	
316	41728	4.90461	0																	
70	38530	4.91626	2																	
319	41504	4.10678	0																	
522	26530	5.00000	0	26527	0.02297	24442	0.01890			330	0.07253									
250	35253	3.88627	5																	
78	22780	4.20667	0																	
578	30259	3.89572	0																	
577	39384	4.71275	5	42614	0.01104					424	0.01605									
283	41789	4.51752	0																	
76	35393	5.00000	0																	
605	39216	4.83928	0																	
656	36460	4.32563	0																	
97	37565	4.26465	4	38084	0.03167	37254	0.01618													
44	32220	4.29196	2	31025	0.06966					19	0.03642									
648	32308	3.91114	4																	
283	21883	4.64582	0																	
811	36616	4.47880	4	21441	0.15625					422	0.09777									
160	24039	3.84667	6																	
251	24376	4.35351	5																	
863	21272	4.55558	3							812	0.17353									
102	38033	4.38360	0																	
362	36291	4.85199	0																	
5	40917	4.74583	0																	
259	42255	3.51947	2																	
566	39038	3.99769	1							408	0.01658									
842	42098	4.69426	5																	
368	31804	1.72295	0																	
703	24611	4.65093	0																	
648	39344	3.80865	0																	
344	36275	3.96509	1	35553	0.01334					511	0.10205									
542	31472	2.71261	0																	
893	27433	4.80568	3																	
180	28632	4.04273	0																	
38	24137	4.51523	5	24012	0.05452	24071	0.01608			424	0.02991	171	0.02614	695	0.00772					
21	40339	3.34302	0																	
775	27159	5.00000	5																	
973	32350	4.84223	0																	
891	38926	4.54427	1	38862	0.01055					577	0.04179									
883	41285	4.53152	4							514	0.01874									
414	22452	4.40743	1	25093	0.01922	21098	0.00613	40513	0.00420	13	0.03817	594	0.03229	340	0.02172					
70	21974	4.76680	0																	
227	37254	3.15171	1	21531	0.05322															
105	21130	4.68326	0																	
253	39578	5.00000	1																	
207	23485	2.76948	6																	
538	20492	4.17711	0																	
432	24749	4.87037	0																	
424	25234	4.19590	3																	
981	38098	3.94209	0	39578	0.00984	31025	0.00307			292	0.02180									
634	35268	5.00000	0																	
14	23302	4.65630	0																	
354	43943	4.81181	0																	
21	36501	2.93862	0																	
801	29280	3.99473	0																	
476	39595	5.00000	1	39813	0.01916					811	0.09160									
533	20019	4.80839	0							107	0.03725									
696	22639	5.00000	0																	
404	26085	4.75855	0																	
713	24410	4.90469	2	37073	0.00743					471	0.03854									
285	26233	4.23943	4																	
803	38625	4.78343	4																	
470	24359	4.88898	0																	
340	23583	4.58309	0																	
6	38098	3.87282	0	31025	0.00307					292	0.02724									
110	34587	4.28253	1																	
236	39304	4.44870	0																	
217	26121	3.96145	0																	
66	29624	4.87258	0																	
410	24650	4.60981	4	23335	0.05179	24367	0.01093	23420	0.00516	227	0.08861	789	0.00445							
137	24624	4.34760	0	24656	0.02333	22620	0.00243			20	0.02961	429	0.01713	848	0.01127					
348	42739	4.83580	0																	
21	35963	2.53193	0	37065	0.00564															
929	22412	5.00000	3																	
892	25906	4.12695	0																	
177	42978	3.45857	0																	
237	42966	4.34245	0																	
459	23900	3.96435	5																	
26	27641	4.62100	0																	
781	24776	4.11659	0																	
400	38832	2.90476	0	37753	0.01968	38268	0.01504													
424	42760	4.48172	6	42132	0.25464					607	0.03557									
861	27015	4.44831	0																	
180	28738	3.99730	0																	
893	25040	4.96832	6																	
133	42564	4.60270	0																	
860	25063	4.84875	1	24004	0.03432	25031	0.01949	30833	0.01695	14	0.10166	375	0.05683	491	0.01704					
385	21267	3.54858	4																	
514	42258	4.20451	0																	
514	42090	4.16441	0																	
514	42115	4.32833	2																	
408	37266	4.18820	0	41075	0.02458	37049	0.01955	38098	0.01003	932	0.02151									
989	40523	4.29162	0																	
909	40897	4.99674	0																	
881	28552	4.07418	0																	
221	28026	4.22878	6	24525	0.09493					863	0.17360									
340	24639	4.55397	0																	
624	38575	4.60562	0																	
981	40673	4.15409	0																	
811	39551	4.12949	0																	
982	34497	3.63478	2																	
808	20745	4.76236	0																	
26	36928	4.69056	0																	
514	26539	4.47492	0																	
538	20482	4.14883	0																	
177	42731	2.76783	0																	
107	37071	4.13786	1	41345	0.01343					860	0.03423									
213	22095	5.00000	1																	
81	27097	4.62503	0																	
741	20132	4.81289	0																	
689	21874	4.26936	0																	
162	26382	4.29988	3																	
678	43678	4.86175	0																	
330	28511	3.46170	2	35139	0.09956	26527	0.00295			522	0.07253									
81	25451	4.11938	3	27752	0.01313					567	0.02990									
813	24732	4.76819	0																	
566	23902	5.00000	0	37882	0.09192					804	0.05699									
850	30640	5.00000	1																	
643	33787	4.30121	3	37673	0.00503					882	0.01678									
12	24377	5.00000	1																	
951	42015	4.53899	0																	
695	26107	4.01832	4																	
343	30973	4.89369	2																	
834	21534	3.17965	0																	
81	28448	3.30467	0																	
237	40626	3.17985	0	41075	0.00964															
81	29321	4.51175	0																	
989	24240	5.00000	3																	
994	36738	4.33822	0																	
334	22722	4.31357	5	22727	0.00317					538	0.03073									
842	31887	4.37856	0																	
168	27185	4.66663	0																	
63	32028	5.00000	5																	
594	31501	3.72256	0																	
546	37449	4.86283	0																	
813	21052	4.71837	0																	
202	31029	4.63022	0																	
741	27385	4.66723	0																	
514	42112	4.13183	0																	
875	31685	4.25306	0																	
713	21130	4.55382	0																	
408	38119	4.29391	0	41075	0.00913															
469	24579	3.91929	4	24559	0.08561					682	0.01149	696	0.00815	381	0.00555					
97	21430	4.63880	0																	
583	42524	4.10080	0																	
397	28521	4.22816	0																	
588	32057	4.25767	1																	
24	36590	4.93237	0																	
981	40745	4.09839	0	39200	0.01328	31025	0.00896	39578	0.00411	142	0.05083	430	0.04011							
56	36839	5.00000	0																	
811	38559	4.17995	0																	
213	25411	5.00000	3																	
92	37266	3.95778	0	37290	0.02268	40745	0.00987			533	0.02614									
882	41044	4.06803	0																	
227	39612	3.81475	1							328	0.01084									
274	36186	5.00000	0																	
82	27307	4.47851	0																	
925	25895	3.50072	0																	
304	39241	5.00000	0																	
367	40525	3.82686	0																	
426	35974	4.95232	0																	
69	29559	4.31144	0																	
514	21045	4.21761	3	21061	0.04326					168	0.02371									
514	24825	4.13250	0																	
758	35461	4.27146	0																	
956	21558	4.85444	1																	
546	34869	4.86462	0																	
676	23105	3.18801	6	24046	0.02913	22476	0.00538			761	0.05341									
13	21033	4.52400	0																	
758	23852	3.89758	1	28874	0.03034															
700	21594	3.62272	0																	
920	25637	4.71302	0	25639	0.02094	25638	0.00588			340	0.04605	848	0.02841							
438	32308	4.40241	4																	
410	21299	4.34793	4																	
692	36331	4.27263	4																	
407	41736	4.08651	0																	
510	29234	4.67152	0																	
430	30281	4.91441	5							491	0.00873									
548	25426	4.00036	0	25427	0.05079					82	0.20651	81	0.09693							
71	25993	4.74661	6																	
407	34839	4.89158	2																	
81	21570	4.67249	0																	
514	41670	4.39543	6																	
396	42132	3.79197	5																	
805	25065	4.77929	1							146	0.15045									
594	21492	4.86193	2	21098	0.00387	23403	0.00372	22452	0.00202	414	0.03229	340	0.02119							
365	30147	5.00000	3	31003	0.00549					335	0.02351									
898	28769	4.03745	0																	
570	32853	4.12621	0																	
70	36594	4.87094	0																	
272	38407	4.26636	0																	
32	25700	3.47643	0	32564	0.40306	25703	0.18214	25698	0.18182											
811	34343	4.17990	0																	
848	25300	4.52242	0																	
882	40386	3.52308	4																	
589	40816	3.61769	1																	
164	36903	4.39576	0																	
289	28864	4.56534	6																	
692	33652	4.57624	0																	
594	35515	4.70471	0																	
142	40525	4.07030	0	40745	0.04829					995	0.00657	424	0.00564							
830	37929	4.29346	0																	
779	25197	4.52974	0																	
581	32938	4.54461	0																	
848	24630	4.48737	0																	
385	24053	4.12583	0																	
162	33905	4.21340	0																	
26	38149	4.67088	0																	
514	43321	4.17558	0																	
480	24275	4.75874	0																	
799	23337	5.00000	6																	
898	26448	3.99676	0																	
805	29955	5.00000	6																	
194	20674	4.04875	0																	
414	21793	4.50492	0																	
62	39620	4.61356	0																	
340	24592	4.43075	2	26076	0.15803	24590	0.08168			784	0.01880									
813	24866	4.68078	0																	
220	42234	4.41675	0																	
678	30202	4.79965	0																	
400	38530	4.29882	2																	
312	30972	4.63780	0																	
178	25039	5.00000	2																	
666	24294	4.96300	0																	
289	25331	4.36146	3																	
644	24141	4.94161	6	26635	0.22624					22	0.12513									
700	42612	3.86319	0																	
756	42938	4.69575	0																	
831	43264	4.40004	0																	
848	26230	4.43543	0																	
0	20362	4.51903	6																	
373	38626	4.80682	0																	
74	41829	4.17072	0																	
567	28026	3.88373	6	22440	0.06936					863	0.04575									
381	35697	4.28135	1	24559	0.01464	24650	0.00137			29	0.03219	227	0.00954							
340	28817	4.55642	0	21855	0.01378	31066	0.01203	24338	0.01089	283	0.04954									
508	39597	4.43397	0																	
329	21541	3.88585	0																	
101	35000	4.17595	4																	
514	31627	4.27363	0																	
340	36971	4.60190	0																	
429	22707	5.00000	4																	
631	30180	4.54284	0																	
886	24764	5.00000	5																	
79	42001	4.51110	6																	
257	26394	4.91384	0																	
230	29944	4.89607	0																	
982	36662	3.26466	4	37065	0.09396	35692	0.03752			264	0.05189									
880	27257	3.69983	0																	
291	36766	3.05188	4																	
648	38921	2.85966	0																	
514	35366	4.18904	0																	
983	22603	4.37119	0																	
162	20070	4.28478	0																	
505	28504	4.60326	0																	
874	26174	4.48808	5																	
298	39248	3.53189	0																	
546	22178	4.87764	0																	
168	29296	4.69159	0																	
84	26042	5.00000	6																	
1	43195	4.48568	0																	
158	21542	4.73639	0																	
260	21129	4.46120	0																	
604	22341	4.66032	0																	
372	28369	4.21183	0																	
856	33542	4.43361	0																	
514	33210	4.17346	0																	
514	40126	3.88690	0																	
28	38112	4.13447	5																	
463	25596	4.81746	0																	
811	37743	4.20523	0																	
531	30465	4.85460	0																	
377	41345	4.34780	1																	
227	24048	3.53458	5	22620	0.00576					760	0.00614									
725	30835	5.00000	5																	
485	38687	4.47848	0																	
482	39461	4.68078	0																	
58	24388	5.00000	2																	
983	23955	4.94920	0	29186	0.03509					8	0.12173									
551	36259	4.35058	6																	
980	37204	4.14108	0																	
734	30926	4.77395	0																	
810	39277	5.00000	0																	
227	20316	4.37440	6	29015	0.30860	20330	0.12727			434	0.10249									
5	42413	4.86743	0																	
26	27934	4.71893	0																	
951	41097	4.38427	1																	
848	23301	4.42329	0	23357	0.01489					570	0.02701									
688	33893	4.47362	0																	
569	23231	4.03720	3	23217	0.12293	20055	0.01457			882	0.05334									
70	22168	4.85459	0																	
166	21575	4.19958	4																	
676	24749	4.62229	0																	
983	24267	4.58382	1																	
541	23680	4.54553	0																	
303	20019	5.00000	0																	
905	21500	3.81623	3																	
7	22596	4.74122	0																	
576	25427	4.83255	0																	
891	38807	4.48220	0																	
28	43264	4.83239	0																	
921	39328	4.85697	0																	
531	32692	4.90482	0																	
399	23997	4.65355	0																	
669	23560	3.06676	1																	
160	37266	3.17581	0	36939	0.05240	37297	0.02560			364	0.02479	328	0.02011	932	0.01397					
652	40525	5.00000	0	21492	0.00567					424	0.00064									
607	35936	4.79167	0																	
676	43678	4.08065	0																	
913	35993	3.76934	1																	
514	44018	4.21855	0																	
848	24270	4.33843	6	24680	0.04718	24290	0.03157	22533	0.02372	381	0.10388									
721	31171	4.45527	0																	
963	24317	5.00000	3																	
677	39715	4.11261	0																	
832	24012	4.85227	2	24137	0.05452					695	0.04185	11	0.03644	171	0.03303					
562	36495	4.57347	2																	
737	23566	5.00000	0																	
763	36534	3.57034	0																	
870	34434	5.00000	0																	
522	28154	4.60824	0																	
604	37857	4.58221	0																	
70	41857	4.83587	0																	
72	30636	4.69078	0																	
283	25005	4.63753	0																	
495	24149	5.00000	0																	
984	22998	3.86640	0																	
29	30471	4.18309	0																	
866	34369	4.42869	5																	
93	21978	4.41179	0																	
490	39857	3.93071	3																	
14	31854	4.84301	3							340	0.02490									
784	24593	4.60934	0							340	0.01880									
889	38046	3.72763	0	39787	0.38508															
569	30087	4.73366	0																	
245	32687	4.84637	0																	
109	26078	4.78318	0																	
641	20422	4.47357	0																	
639	43102	4.60894	0																	
274	36093	4.94285	4																	
362	22451	4.48394	2																	
571	22553	4.72218	6																	
368	32228	4.76019	0																	
938	23600	4.61280	4																	
319	30856	4.13999	0																	
26	36584	4.74299	0																	
684	36139	4.54945	0																	
325	32084	4.74374	6																	
43	34615	4.88267	2																	
169	41096	4.87806	2																	
912	41933	4.60845	0																	
106	36980	4.46275	0																	
741	26184	4.67417	0																	
964	41045	3.66782	3																	
983	24632	4.52852	0																	
293	34557	5.00000	2																	
291	32603	4.11612	0																	
811	39659	4.22615	0																	
575	20892	4.48451	5																	
62	34661	3.78088	0																	
689	38239	4.41972	3																	
554	38525	4.35451	0																	
403	34839	4.69406	2																	
471	39850	4.52303	5	39912	0.01179					424	0.04019									
567	24065	4.18040	0	22440	0.06024	31474	0.00374			863	0.04575	514	0.02050							
658	40417	4.56236	0																	
400	38253	4.26696	0																	
1	27518	4.31527	0																	
77	20418	4.39141	0																	
576	34436	4.56831	1																	
340	25879	5.00000	0	25791	0.01949	22439	0.01204	25812	0.00428	570	0.07163									
410	22533	4.25826	0							848	0.00695									
317	23852	3.56141	1	28274	0.01035	26345	0.00360			103	0.16566	132	0.15623							
688	32114	4.49432	0																	
357	20798	4.60844	0																	
2	41633	3.94475	0																	
773	23393	4.82181	0																	
664	22532	4.20024	0																	
868	32071	4.87870	0																	
81	34839	5.00000	2	23688	0.08495					723	0.01862									
156	32615	4.28416	0																	
408	37664	4.31995	2	37876	0.19823	41075	0.01742			107	0.06201									
22	23246	5.00000	0																	
386	28826	4.15977	0																	
365	34369	5.00000	5																	
861	32140	4.42935	0																	
69	22203	4.08188	0																	
59	28198	4.19635	0																	
878	35881	3.14669	1																	
947	39529	3.50457	6																	
26	30579	4.72129	0																	
273	41177	4.86900	0																	
676	24815	4.10615	0																	
789	23692	5.00000	6																	
107	30364	4.18257	0																	
33	43997	4.11215	0																	
14	24597	4.62273	0																	
485	41558	4.41052	0																	
556	29684	2.89390	2	24078	0.07764					382	0.05163									
570	43738	4.12465	0																	
443	24889	5.00000	0							388	0.07725									
983	23722	4.51721	6																	
133	26843	4.69417	0																	
858	37784	5.00000	0																	
473	39447	4.01605	0																	
500	25345	4.71645	0																	
651	27045	4.73465	0																	
170	29908	4.60139	0																	
79	27020	4.65823	1																	
594	22188	4.51165	0																	
397	27994	3.94364	0																	
589	32984	4.06622	0																	
594	23367	5.00000	6	23403	0.00253					340	0.02119									
83	31637	4.52833	4																	
411	35942	4.22122	3	38531	0.25285					625	0.10172									
424	43784	4.37163	0																	
637	21533	5.00000	0																	
915	23432	5.00000	2																	
40	36766	2.11950	4																	
40	37758	2.70724	5																	
397	39557	3.85099	0																	
160	37178	3.90871	5																	
40	34762	1.90174	1							511	0.09251									
26	34476	4.63794	0																	
48	23470	4.92127	0																	
76	29665	4.70140	0																	
319	33687	4.11475	0																	
563	36331	4.05349	4																	
21	38081	3.44587	3																	
380	28250	4.93573	2	39384	0.01275					424	0.01947									
604	37561	5.00000	6																	
832	21500	4.96803	3	21491	0.10497					309	0.04802									
624	37470	4.66611	0																	
514	41581	3.56366	6																	
741	37519	4.90528	6																	
72	35482	4.96462	0																	
54	37290	1.63586	0							92	0.00895									
366	24374	4.67687	0																	
514	37561	4.42982	6	42646	0.03070					654	0.01406									
723	23900	4.06440	5							81	0.01862									
391	20385	4.79543	0																	
618	37474	3.44396	5	36930	0.01547					424	0.02689									
20	24765	5.00000	3																	
602	29996	5.00000	5																	
479	41613	4.90032	0																	
265	24532	4.80012	0																	
575	25807	4.36969	0																	
41	30640	5.00000	1																	
848	33800	4.48328	0																	
912	24343	4.63446	0																	
741	20677	4.71920	0																	
36	41837	3.55947	6																	
691	30198	3.73453	0																	
611	20315	4.30831	0																	
648	38198	3.55197	0																	
860	23458	4.89090	3	23799	0.09253					266	0.07161									
133	36293	4.63795	0																	
514	23887	4.24014	0																	
926	35882	5.00000	0																	
813	29686	4.56124	0																	
676	41214	4.05055	0																	
86	33432	2.53241	0																	
593	43480	5.00000	0																	
552	35746	3.95449	5																	
994	37425	4.10752	0																	
466	38246	3.64700	1	39437	0.02069					891	0.08738									
340	24926	4.58509	0																	
292	40586	4.42395	1	25259	0.01727	23993	0.01573			443	0.07726									
658	42012	4.55591	0																	
590	32220	4.35847	2	31462	0.02479					19	0.06931									
362	24424	4.09104	0																	
126	41882	4.86270	0																	
905	21287	2.76229	0																	
40	35913	2.66645	0																	
58	24380	5.00000	0																	
746	34579	4.44193	5	31003	0.00239					335	0.03338									
380	25522	4.11930	3																	
939	41285	4.59123	4																	
252	26894	4.83115	0																	
389	24631	3.96355	2																	
483	34144	4.90007	0																	
331	32531	4.82744	4																	
535	21970	4.25356	0																	
415	40919	4.08525	0																	
419	24889	5.00000	0																	
634	42416	4.98921	0																	
900	23900	4.38971	5																	
951	43403	4.58780	0																	
193	35594	5.00000	6																	
383	27728	4.51765	0																	
479	30408	4.98706	0																	
118	35875	4.54510	0																	
514	39228	4.11873	0																	
664	34137	4.22616	0																	
278	21098	4.80667	6							594	0.04320									
879	31858	5.00000	4																	
230	22705	5.00000	4																	
107	37266	3.22506	0	41075	0.02458					533	0.03725	932	0.02098							
949	24012	3.56192	2																	
561	37542	4.44715	0																	
787	30259	4.44375	0																	
264	34788	3.92977	0																	
865	40057	4.70515	0																	
813	24532	5.00000	0							340	0.01448	741	0.00475							
52	24170	5.00000	2	24165	0.08176					339	0.25155									
880	24855	3.44328	0																	
855	28799	5.00000	0																	
897	28782	4.49000	5																	
222	29579	4.72686	0																	
811	37836	4.17480	0																	
292	25031	4.59874	1	23993	0.03947	25259	0.00871	29717	0.00440	491	0.08143	231	0.02293	14	0.01744					
741	26689	4.78287	0																	
792	24650	4.56856	4																	
676	24472	4.40469	1	24484	0.00698					227	0.02092									
367	35775	2.70527	2	41345	0.00637					107	0.02892									
657	23112	4.73329	0																	
648	35292	3.84234	0																	
944	30104	4.43936	0																	
848	27167	4.58059	0																	
514	42572	4.11139	5	40401	0.01901	38535	0.00322			407	0.05615									
0	23511	5.00000	0																	
216	38622	4.72817	0																	
695	22726	4.07480	5																	
576	21575	3.75319	4																	
725	42730	4.95915	0																	
347	27212	4.49370	0																	
891	33154	5.00000	3																	
941	24998	4.87771	0																	
27	24571	4.48704	0																	
230	41759	4.88223	0																	
307	35738	3.82324	0																	
885	38457	3.70653	0																	
753	26501	4.75354	0																	
965	24753	4.49574	0																	
598	35634	4.35235	4																	
505	21758	4.54093	0																	
848	24589	4.75501	0	24295	0.05679	24593	0.01021	20275	0.00300	340	0.07421	330	0.04818							
407	34486	4.26893	0																	
252	22415	4.86864	0																	
227	28737	4.23312	0																	
659	28662	4.06115	0																	
144	21254	4.60995	4																	
649	23728	4.50822	0																	
102	38588	4.45080	0																	
882	39085	3.88928	0																	
59	25086	3.96727	6																	
388	36839	4.75036	0																	
227	26274	4.35007	4																	
363	41976	3.61111	0																	
778	28282	4.72917	0																	
248	26958	4.87420	0																	
746	35157	5.00000	1																	
535	28769	4.16685	0																	
593	25183	5.00000	3																	
918	30589	3.94763	0																	
194	23478	3.10584	0																	
819	35579	3.14786	0																	
545	21774	4.17096	0																	
741	29033	5.00000	0																	
254	23773	4.61020	0																	
951	42115	4.71046	2																	
891	37518	4.46756	0																	
882	26512	3.92546	0																	
303	32379	4.37331	0																	
466	38743	2.79323	0																	
548	27293	4.33053	0																	
127	23831	4.65902	4																	
604	36528	5.00000	0																	
178	25867	4.58960	6																	
597	24625	5.00000	0																	
873	41621	4.63549	0																	
581	34155	4.41562	0																	
569	21007	4.67413	0																	
259	42213	4.18294	0																	
17	37993	5.00000	0																	
191	35260	4.86079	0																	
368	32598	4.06627	0																	
997	24457	3.76756	4																	
848	24594	4.45256	0																	
277	34741	3.16439	0																	
569	23215	4.81938	0																	
979	37070	5.00000	4																	
14	24039	4.26704	6																	
635	41285	5.00000	4																	
710	24071	4.88121	5	24137	0.01608	31663	0.00677			424	0.02016									
107	32327	4.15246	0																	
6	37416	4.33700	0																	
997	28868	4.31505	0																	
340	25060	4.62318	0																	
779	25396	4.50280	0																	
569	24005	4.70793	0																	
795	29851	4.02935	0																	
216	38757	4.66979	0																	
13	25086	4.50770	6																	
243	33826	4.29773	0																	
302	24176	4.83523	2																	
911	39700	4.20459	0																	
654	39798	4.81763	5																	
710	31524	4.44644	5																	
24	41390	4.90048	0																	
808	21099	5.00000	2																	
795	36478	3.52643	0																	
848	23841	3.37849	0	23839	0.13935															
329	20580	3.84956	0																	
335	20891	3.74110	0																	
560	37753	4.31293	5																	
562	43965	5.00000	5																	
505	26580	4.61007	0																	
989	37134	5.00000	3																	
569	24578	5.00000	6																	
476	39794	5.00000	0																	
323	43127	4.59525	6																	
644	43418	4.68693	0																	
531	35150	4.73581	0																	
103	32210	4.14952	2							424	0.00993									
939	40948	4.48350	0																	
468	35610	4.70047	0																	
298	37008	3.48189	0																	
688	43449	4.43269	0																	
86	40727	3.96931	0																	
338	25308	5.00000	5																	
128	39585	4.95109	0																	
62	35906	3.78151	1	34456	0.03236					643	0.36775									
853	30748	4.83358	3	30147	0.03111					153	0.06283									
469	25306	3.97356	5	24559	0.04121					93	0.01792	29	0.01187							
340	25507	4.58111	0																	
637	33820	4.87103	0																	
982	34425	4.20304	0																	
645	29914	2.87059	0																	
111	27740	4.19451	0																	
379	24261	4.59830	0																	
873	32326	4.50114	0																	
412	21491	4.45159	3																	
925	35906	3.18418	1																	
570	25883	4.19979	0																	
610	31696	3.79032	0																	
72	34518	4.93481	0																	
860	37336	5.00000	3																	
748	21532	4.65125	0																	
326	23043	2.99793	0																	
525	32546	2.94750	3																	
910	20454	4.73191	0																	
594	26274	4.95650	4																	
