514	41915	4.47988	0																	
292	40745	3.05328	2	38098	0.03515	31025	0.02577	25259	0.01053	491	0.06866	889	0.02373	995	0.00189					
167	32515	4.23640	4																	
813	34471	4.70123	0																	
143	24797	5.00000	6																	
227	32116	2.99898	4	24650	0.01802					681	0.00571									
570	33261	4.13209	0																	
440	25308	4.77687	5	28782	0.00208	24272	0.00138	23900	0.00075	81	0.02080	340	0.00416							
813	25709	4.71841	0																	
162	33880	4.16356	0																	
70	25957	4.69272	0																	
142	40626	4.47814	1	41075	0.14562					237	0.02381									
221	28602	4.45287	0																	
552	37102	4.89823	0																	
749	20023	4.90640	5																	
914	23349	4.12274	5																	
21	36029	3.80897	6																	
50	29136	4.90276	0																	
195	31987	2.91254	0																	
486	24417	4.59523	0																	
422	21441	4.84071	0	36616	0.01025					811	0.06369									
983	26043	4.92561	5	23223	0.04253	25031	0.00553			587	0.03536	491	0.00629							
720	24034	4.98912	0																	
485	23543	4.70181	0																	
437	38223	4.27015	0																	
963	36791	4.76051	0																	
18	21410	5.00000	4																	
514	41591	4.12965	0																	
965	32985	4.59050	0																	
434	20320	4.26368	0																	
345	32531	4.32747	4																	
498	33241	4.79660	1																	
13	23184	4.44290	6																	
283	27933	4.51201	0																	
811	38218	4.21787	0																	
511	35553	4.18700	5	36275	0.03535					344	0.03353									
320	21258	4.75271	4																	
385	23712	4.17013	0																	
910	23434	4.90087	4																	
586	29684	4.48603	2																	
8	23955	3.83467	4	29186	0.01290					983	0.07774									
283	42605	4.41428	0																	
485	41558	4.64306	0																	
522	28511	4.20403	0	26530	0.00718					330	0.04429									
144	24749	5.00000	0																	
866	30530	3.75452	2																	
642	37266	3.90710	5	36939	0.02504	37664	0.01349	37876	0.00563	364	0.07600	408	0.02754							
868	25024	4.38074	0																	
142	37239	4.18296	0																	
382	25369	5.00000	2																	
918	34705	3.83133	0																	
400	33263	4.50851	0																	
514	40909	4.64445	5																	
957	30167	3.42408	0																	
924	35484	4.65205	0																	
758	36479	4.26370	3	28874	0.04359					120	0.02486									
81	30537	4.23455	1	24914	0.02214	21033	0.01413	24493	0.01011	13	0.04515									
514	39623	4.14473	0																	
97	24281	4.20582	0																	
471	40447	4.71610	2	25262	0.02665	39535	0.01593	24666	0.01258	227	0.02761	761	0.02580	176	0.00780					
604	40097	4.48102	0	37561	0.00352					514	0.01098									
379	26981	4.57006	0																	
81	24522	4.60479	0																	
251	31474	4.86291	0																	
336	34350	3.31687	5																	
424	40525	4.37079	0	37474	0.00721					142	0.00818									
999	27193	4.48403	0																	
97	28015	4.28793	0																	
6	37416	4.36167	0																	
264	38315	3.54139	2																	
221	32501	4.39355	0																	
579	38253	4.13138	0																	
92	35952	5.00000	1																	
62	34661	3.93891	0	35906	0.02341															
340	23399	4.23567	1	21492	0.05466	24147	0.01194	23367	0.00624	594	0.01622	810	0.00147							
892	43815	4.24266	0																	
440	28227	5.00000	0	24272	0.02873					386	0.02394									
29	24797	4.48835	6																	
146	24071	5.00000	0	39850	0.00344					424	0.01354	514	0.00356							
33	29972	4.21988	0																	
424	40936	4.46087	0																	
162	41615	4.09442	0																	
357	33448	4.58919	0																	
731	26094	4.09440	0																	
160	29970	3.77622	1	21531	0.05801					254	0.03492									
813	36447	4.74351	0																	
425	22565	4.51892	0																	
961	43231	3.50585	1																	
466	38840	3.63847	0																	
904	35000	3.11687	4																	
264	34599	3.81837	0																	
89	36491	4.46768	4	36402	0.07705	36186	0.06681			815	0.14474									
773	25431	4.66184	0																	
467	27069	4.73712	0																	
822	39516	3.88791	3																	
554	38525	4.54734	0																	
119	40860	4.71783	4																	
514	38540	4.06589	0																	
407	40216	4.33661	6							839	0.00280									
594	25040	4.79855	6	21492	0.01704	30755	0.01092	24147	0.00663	541	0.01772	340	0.01622	813	0.01103					
593	23287	4.79341	0																	
340	25477	4.47929	0																	
160	37290	2.53474	0	37266	0.02778	37297	0.01675	33786	0.01652	92	0.03044	615	0.01351							
504	37363	4.13327	0																	
741	29917	4.84723	0																	
557	25365	4.90168	1																	
541	35088	3.27597	0																	
496	24878	4.63728	3																	
26	32683	4.62303	0																	
235	42176	1.77785	0																	
93	29812	4.45121	0																	
779	27513	4.69438	0																	
984	25163	3.80329	0																	
322	22562	4.24268	0																	
746	32308	5.00000	4																	
326	25423	2.46447	0																	
959	24361	4.98830	0																	
105	24650	4.76807	4	26645	0.02036	22533	0.00799			381	0.04073	792	0.02581							
696	24644	3.91792	0																	
30	24147	5.00000	6																	
793	27494	3.59882	0																	
811	36077	4.47706	4																	
656	23713	4.41994	0																	
570	32433	4.19476	0																	
35	41915	5.00000	0																	
813	32084	5.00000	1	25331	0.02942	25040	0.00563			486	0.00560	768	0.00470							
291	36766	3.56301	4																	
424	35875	4.42092	0	37793	0.00364	36076	0.00340	41285	0.00305	514	0.04423									
373	32695	4.66291	0																	
717	40589	4.15224	0																	
383	31044	4.62880	0																	
933	29684	3.68443	2																	
388	36839	4.63111	0	37826	0.03282					527	0.04647									
175	22371	4.57739	5	32579	0.00650	22452	0.00562			594	0.02953									
298	28426	3.37045	0																	
610	35322	3.68490	0																	
514	24065	4.77096	3	31474	0.01510	32210	0.00374			567	0.00781									
334	22736	4.20087	0																	
58	24380	5.00000	0																	
817	32780	3.71773	0																	
774	39384	2.83035	0																	
282	39139	4.72593	0																	
168	37138	5.00000	3																	
566	37882	4.61954	2	23902	0.09767					804	0.05992									
264	31007	3.27407	5																	
340	23692	4.58673	0	23243	0.02945					535	0.00704									
89	37916	4.48369	0																	
12	24377	4.36249	1																	
911	40366	4.63925	5																	
334	24410	4.38685	2	24085	0.02877	22620	0.01901			20	0.05506	471	0.02030							
230	42352	4.74499	0																	
49	22366	4.54576	0																	
375	23927	4.32602	0																	
654	20063	4.55360	2																	
62	35964	5.00000	0																	
26	34952	4.60677	0																	
569	26061	4.77126	0																	
604	33122	4.65034	0																	
366	24374	4.53041	0																	
657	21309	3.93091	0																	
860	33935	4.58805	0																	
113	33488	4.67830	0																	
558	25744	4.68888	0																	
283	24006	5.00000	0																	
514	41045	3.94311	3	38316	0.04630	40381	0.03555	40491	0.02778	42	0.02452	594	0.01516	719	0.01263					
882	38362	3.91426	0																	
774	23339	3.85089	0																	
81	25096	4.10737	1	21033	0.04468	24493	0.01194	24534	0.01081	13	0.04515									
344	34877	2.83754	0	35489	0.01929															
400	42026	4.57172	0																	
631	31876	3.32667	1	29975	0.07001	26043	0.04600			796	0.13543									
335	34579	4.06690	3																	
549	21763	4.59365	0																	
146	42113	3.43709	0																	
763	37880	2.98403	0																	
203	25227	4.61671	0																	
820	34481	4.62667	0																	
348	42406	5.00000	6																	
407	32091	4.13478	0																	
996	31512	4.65215	4																	
52	31938	4.82901	0																	
976	24684	4.37600	0																	
695	24071	4.16919	0	24012	0.06412	23769	0.01087			171	0.03173	342	0.01558	38	0.01312					
513	28939	4.50931	2	30672	0.01574					568	0.01140									
35	30708	4.11554	5																	
475	23874	4.94763	1																	
11	24012	3.69734	3							38	0.07008	832	0.03233							
514	44015	4.05229	0																	
317	29886	4.15436	0																	
557	36374	5.00000	0																	
441	29761	4.59952	0																	
88	28534	2.84870	3																	
178	26451	4.72374	5																	
708	34069	4.13797	0																	
559	39598	3.98605	5																	
811	37743	4.27127	0																	
97	22439	3.64114	0																	
400	39427	4.26526	1																	
171	30986	4.74552	0																	
884	28658	4.85406	0																	
761	24046	4.46892	4	23105	0.00464					676	0.02946									
969	24794	4.34738	3																	
786	41731	5.00000	2																	
838	43224	4.70736	0																	
443	31762	4.75779	0																	
801	24688	4.32685	0																	
240	28123	4.47433	0																	
406	25635	4.32109	0																	
908	30818	3.30279	0																	
462	41313	4.70347	0																	
636	25084	3.94254	0																	
53	38471	4.99231	0																	
174	38429	3.54215	0																	
874	30798	4.57438	0																	
657	23112	4.76229	0																	
570	20413	4.11092	0																	
548	27293	4.41843	0																	
508	30281	4.03161	2																	
509	40042	4.18355	0																	
783	41988	4.82602	0																	
206	32028	4.67350	2																	
538	26377	3.83789	5																	
520	21098	4.27964	3																	
904	31069	4.12084	0																	
848	32294	4.57070	0																	
18	23399	4.60518	1																	
501	25310	5.00000	1																	
588	32588	4.28002	2																	
340	23682	4.50361	0																	
70	29502	5.00000	0																	
194	23252	2.93741	0																	
352	31479	3.99199	5																	
400	38268	4.88877	2	37753	0.00941	38832	0.00377			407	0.04774									
490	42600	4.10442	1																	
773	23393	4.76137	0																	
275	25038	4.99195	6																	
570	22587	4.18041	0																	
168	31776	4.76662	0																	
345	30862	3.88015	4																	
741	23677	4.85867	0																	
741	33297	4.79312	0																	
861	28701	4.45012	0																	
859	30218	4.16380	0																	
137	20987	4.79324	0																	
736	25364	4.08649	2																	
340	24532	4.84199	6	24361	0.01016	23232	0.00791	24147	0.00332	813	0.01580									
582	30539	4.55052	0																	
593	27887	4.12916	2																	
505	25936	4.47188	0																	
403	24108	4.00316	0																	
905	36271	3.14826	0																	
48	23470	4.79188	0																	
835	25065	4.08807	4	32554	0.05787	22727	0.00690			66	0.15768									
958	31663	5.00000	0																	
969	25213	4.49034	2																	
4	22734	4.64185	0																	
999	30612	4.82631	1																	
515	25037	5.00000	0																	
113	21925	4.68329	0																	
798	40423	4.68557	0																	
523	42545	3.70986	0																	
574	28864	5.00000	1																	
456	33075	4.91036	0																	
407	40643	4.13576	2																	
164	35951	4.35921	0																	
340	23315	4.47491	0																	
668	39180	4.39842	0																	
570	23383	4.50274	4	23271	0.02286					429	0.02877									
654	42646	4.59515	3																	
889	40306	3.11195	0	38098	0.01059															
20	24323	5.00000	3																	
450	28312	4.69442	0																	
511	30754	4.27893	0																	
573	34350	3.71369	5																	
397	35915	4.01841	0																	
19	31026	4.33647	3	30925	0.05798	31462	0.04403			879	0.12167	882	0.01223							
917	22520	5.00000	0	21492	0.00070					283	0.00446									
414	40244	4.36177	0																	
882	40529	3.85403	0																	
104	41971	4.28528	0																	
230	24697	4.72941	0																	
779	21569	4.64283	0																	
133	38858	3.32470	0																	
847	41401	4.04643	6																	
274	33946	4.59166	0																	
26	36181	4.66868	0																	
491	22004	4.41461	2	28845	0.02256	25259	0.01308	29717	0.01060	292	0.06866	436	0.02573							
70	40476	4.71225	0																	
246	28507	4.31305	0																	
93	24479	3.76908	0																	
343	30939	4.38397	3																	
340	20759	4.52416	0																	
530	37666	4.24774	0																	
891	39341	4.39089	0																	
448	38464	4.58093	0																	
696	23989	4.90042	0																	
330	23336	4.15723	4																	
418	40401	4.95152	5																	
893	34935	4.61812	0																	
386	22704	4.24928	0																	
612	23974	4.70559	0																	
56	21565	4.53623	0																	
507	41159	4.00218	0																	
870	31235	4.66707	0																	
514	25240	4.40761	3																	
161	32006	4.58504	0																	
324	34972	5.00000	0																	
105	24678	5.00000	1																	
758	25040	4.28177	6	21099	0.00712	23852	0.00133			181	0.02108	592	0.02011	412	0.01785					
424	40985	4.51120	0																	
604	36209	4.60805	0																	
605	43196	4.68048	0																	
610	34439	3.58505	0																	
929	22536	4.38818	4																	
141	31010	3.43232	0																	
26	36494	4.60516	0																	
407	41736	3.95409	0																	
283	28817	3.55581	4	29686	0.04478	41234	0.04125	28401	0.03333	624	0.10109									
525	23761	4.12891	0																	
589	32984	3.94059	0																	
581	23506	4.67878	0																	
593	25183	5.00000	3																	
424	39894	4.45463	0																	
882	23214	3.68918	0																	
848	33611	4.56372	0																	
340	24646	4.40481	6	22524	0.00549	21099	0.00268	24361	0.00206	283	0.01355	501	0.00158							
954	34266	4.04640	0																	
107	24076	4.18864	0																	
107	41075	3.42421	1	37664	0.01206					408	0.02450	142	0.00280							
514	42646	4.21197	3																	
117	24039	4.48789	5							160	0.01938									
882	24570	4.24540	2	38098	0.00220					491	0.00294									
495	24149	4.91578	0																	
648	38733	2.35564	0																	
105	21921	4.61029	0																	
953	40843	4.78669	0																	
752	21451	4.72374	0																	
81	22654	4.60878	0																	
581	32938	4.74475	0																	
466	38110	4.43321	0																	
51	34579	3.57387	3																	
795	38513	5.00000	6																	
371	41075	2.64087	1																	
1	25061	3.88714	0																	
953	42696	4.81515	0																	
711	22155	3.92820	0																	
349	32720	4.74633	0																	
737	23566	5.00000	0																	
14	33048	3.84547	0																	
652	41943	4.46424	0																	
386	23356	3.99699	0	24272	0.00270					848	0.00590									
424	34350	3.76182	5	34910	0.07334					530	0.01632									
220	24393	5.00000	6																	
676	22476	4.31559	0	23370	0.02017	23335	0.01728	23105	0.00406	410	0.07406	848	0.01813							
397	23348	3.81449	1							937	0.06057									
385	36609	4.49204	2																	
217	35549	4.36996	2																	
975	24688	4.68027	0																	
541	31688	4.30513	0																	
741	29748	5.00000	5																	
340	20597	4.57396	0							514	0.00223									
893	38572	4.63354	0																	
569	37261	4.99031	4																	
853	28986	4.55158	0																	
168	20179	4.66276	0																	
981	40673	4.42159	0																	
240	22323	3.06310	0	22421	0.05950	22356	0.05578													
236	41434	4.20688	0																	
48	30626	4.47112	0																	
356	32361	4.64365	0																	
181	22856	4.76664	0																	
78	22141	4.03316	0																	
447	37187	3.82385	0																	
856	24488	4.33341	0																	
78	22780	4.05789	0																	
420	24475	4.99648	0																	
273	32308	5.00000	4																	
787	27060	3.99301	0																	
466	38457	4.55463	1																	
551	20447	4.02839	0																	
348	23368	5.00000	5																	
807	30502	4.05880	0																	
214	37758	4.33763	5																	
782	32632	4.13734	0																	
410	22533	4.00736	4																	
848	22620	4.81821	5	24624	0.03247	22475	0.00843			227	0.02747	137	0.00879	20	0.00615					
409	30393	4.71247	0																	
336	34897	3.31806	0																	
524	40782	4.70195	0																	
424	21505	4.61545	3																	
201	28683	3.04869	2																	
632	23269	3.32999	0							848	0.03398									
575	29580	4.30154	0																	
403	28806	4.00200	0																	
184	41382	2.58737	0																	
189	38396	4.24483	3																	
249	33557	4.71265	0																	
676	20891	4.53869	3	27469	0.01677					880	0.03892									
505	21349	4.60511	0																	
846	36155	4.64200	0																	
474	25216	4.06493	1																	
423	33363	2.91025	0																	
391	23835	4.12971	1																	
377	25893	4.50053	0																	
396	41285	3.93597	4																	
678	22619	4.79590	0																	
103	22356	4.98080	2																	
340	27948	4.46569	0																	
950	26434	4.93170	0																	
372	30375	4.19044	0																	
290	24657	4.74722	0																	
689	36980	4.14078	3																	
600	42498	2.85929	1																	
19	20373	4.34515	0																	
282	36471	4.68309	0																	
745	38491	4.65937	0																	
845	39200	4.88078	4																	
14	24039	4.94211	5																	
758	24252	4.14249	3	28874	0.02697					120	0.02486									
628	22724	4.12386	0																	
283	23886	4.66654	0																	
948	39181	4.85073	0																	
459	38735	3.79434	0																	
626	35751	3.28549	0																	
21	38081	3.31234	3																	
909	33527	4.85995	0																	
873	32782	4.62338	0																	
566	35678	4.62203	3																	
649	30049	4.58543	0																	
618	32520	4.34877	5																	
856	23802	4.29993	0																	
891	37518	4.41012	0																	
648	41688	3.89264	0																	
893	25040	4.72268	6																	
465	21538	4.93785	3	20368	0.01925	23173	0.00937	20361	0.00176	569	0.15868									
117	31033	4.49852	0																	
29	32016	4.09262	3																	
551	22624	4.05781	0																	
661	24637	4.69324	0																	
539	21098	4.96276	3																	
514	37914	3.21222	0																	
567	23852	4.50096	2	22440	0.01474					758	0.02653	103	0.01052							
848	24593	4.16357	6	25637	0.00760	25614	0.00590	20275	0.00154	340	0.04721									
142	37565	3.30112	0	38084	0.11271	36887	0.05288													
13	24098	4.67222	0																	
984	24361	4.14962	0							340	0.01158									
415	25369	4.46802	2																	
514	33006	4.12652	0																	
322	34910	3.64987	5																	
598	34975	4.28375	0																	
776	33199	4.44518	0																	
982	37268	4.55671	0																	
7	22596	4.53120	0																	
551	24360	4.25963	4																	
59	24460	4.49400	1	25086	0.01085					13	0.04064									
4	31002	4.59221	0																	
266	23799	4.99994	0	23458	0.09498					369	0.41595									
816	31848	4.82985	0																	
229	22376	4.87078	5																	
330	26527	4.49885	3	26530	0.01386					248	0.02138									
857	33774	4.11654	2																	
227	37297	4.05628	5	21531	0.01298	26274	0.00082			160	0.03548	328	0.03136	446	0.02088					
291	38662	4.09404	0																	
860	40837	4.79795	6																	
900	31305	4.89634	0																	
942	23263	4.68987	0																	
33	37272	4.12580	0																	
536	21099	4.88614	2																	
466	39437	4.89559	3	38246	0.02586					891	0.06078									
765	41646	4.95414	0																	
504	25616	3.84733	1																	
334	22716	4.15719	0																	
276	43685	4.30369	0																	
500	23239	3.92337	6	23240	0.00384					340	0.01006									
359	22552	4.49573	2																	
678	24680	4.91122	0	24650	0.01907	27548	0.00553			760	0.02171	848	0.01821	381	0.01286					
424	24012	4.81143	3	24071	0.06412	24137	0.03429	34910	0.03073	38	0.02468	215	0.02144	171	0.01862					
102	38517	4.31898	0																	
191	35260	4.68477	0																	
142	36828	4.19607	0																	
881	29741	4.23158	0																	
813	29686	4.60342	0	24361	0.00409					283	0.01475									
813	39065	4.51462	6																	
951	28379	4.49629	0																	
389	36101	4.11256	0																	
569	20374	4.71451	0																	
911	39523	4.30732	0																	
567	33495	4.70043	0							514	0.00781									
367	40525	4.11583	0																	
424	42132	4.40964	6	42760	0.06304					607	0.01302									
724	39501	2.95231	0																	
180	28341	4.30877	0																	
195	32339	4.42127	0																	
610	33963	3.69962	0																	
514	35994	4.07293	0																	
457	39669	4.34861	0																	
230	35459	4.73485	0																	
668	39672	4.31435	0																	
779	20125	4.63923	0																	
729	32982	4.71236	0																	
575	25808	4.28820	0																	
514	21199	4.07383	0																	
77	22707	4.62100	4																	
424	25345	4.48913	0	32210	0.02405					103	0.00348									
397	21123	3.99942	0																	
388	24045	4.49069	4							944	0.09674									
266	41253	4.75495	0																	
505	28825	4.69977	0																	
283	31066	4.77517	5	23266	0.00975					505	0.02425									
484	21099	3.74616	2																	
71	25993	4.64523	0																	
335	33681	4.05223	0																	
511	29684	3.33549	2																	
941	21492	5.00000	2																	
866	34616	4.43796	1																	
319	43124	4.08803	0																	
495	28722	3.83343	0																	
853	37666	4.68176	0																	
581	32192	4.73772	0																	
366	24383	4.42124	0																	
988	30225	4.73306	0																	
102	29365	4.31885	0																	
1	28782	3.81237	3																	
951	42015	4.50292	0																	
523	24858	3.59609	0																	
55	24323	4.47489	3																	
701	24620	4.77265	0																	
45	22184	4.88015	0																	
424	25321	3.63755	4																	
811	39813	4.89040	3	39595	0.07928					476	0.08083									
53	23657	3.43193	6																	
184	41583	3.41411	0																	
26	36584	4.64411	0																	
965	24753	4.60480	0																	
508	40319	4.12951	0																	
817	23090	4.66915	0																	
469	24559	3.28716	2	24579	0.03327					93	0.01499	381	0.00720							
266	20563	4.74501	0																	
441	31870	4.53515	0																	
856	22549	4.77375	4	22583	0.01503					575	0.06789									
853	22620	4.97008	5	30147	0.00492					55	0.00855									
25	42666	5.00000	0																	
745	39331	4.70575	0																	
107	27977	4.35857	0																	
393	37043	4.28985	0																	
514	35770	3.16835	0																	
367	39038	3.65051	0																	
619	36421	3.92130	3																	
968	38902	4.68163	0																	
611	20315	4.75043	0																	
210	28277	4.43871	0																	
225	42093	4.74427	0																	
144	24700	4.97231	0																	
850	34445	4.64785	0																	
222	22190	5.00000	1																	
283	24338	4.15689	1	28401	0.04203	22524	0.00513	24361	0.00204	918	0.02249	340	0.01355							
690	34497	4.25705	2																	
334	30672	3.12952	0	32385	0.02379					890	0.04514	513	0.01726							
792	22284	4.58425	0																	
538	20492	4.12705	0																	
292	35882	4.54069	1																	
629	39650	3.82260	0																	
162	40314	4.18581	0																	
853	38246	4.39483	3	39130	0.02206	38862	0.00969			891	0.04698	466	0.02824							
385	31188	4.07076	0																	
338	25270	4.73203	0																	
860	38437	4.72142	0																	
228	30672	3.66837	0	24078	0.04594					382	0.05911	705	0.03586							
407	36812	4.00742	6																	
882	22190	4.39660	1																	
347	42417	4.59575	0																	
202	39012	4.00125	5																	
514	30228	4.13694	0																	
882	42172	3.82805	3																	
162	23396	4.25932	4																	
505	27116	4.68591	0																	
484	37880	2.47859	0																	
882	38879	3.89592	0																	
386	23460	4.32869	0																	
733	33072	4.28642	0																	
26	27641	4.69698	0																	
51	33239	3.43898	0																	
27	25404	4.59570	2																	
81	21038	4.53363	0																	
591	29685	4.44288	4	24656	0.00666					105	0.02644									
982	34425	4.57455	0																	
811	38559	4.16152	0																	
81	22577	4.55836	0																	
270	37520	4.55142	0																	
243	25697	4.71517	0																	
514	43046	3.71807	0																	
677	39400	4.20342	0																	
14	24597	4.66942	0																	
848	24627	4.45307	0																	
51	21089	3.50950	0																	
911	39700	4.28368	0																	
81	22604	4.60565	0																	
340	38217	4.44410	0																	
882	27151	4.56129	4																	
82	25421	3.92161	1	25426	0.10611	25427	0.07565			81	0.03351									
547	27310	4.46598	0																	
741	26679	4.77783	0																	
445	23841	3.84228	0	23839	0.01122	23840	0.00201			848	0.06036									
55	27011	4.14734	0																	
978	26041	4.56990	0																	
867	24240	4.41089	4	24012	0.02090															
741	38268	5.00000	2	34741	0.01133					407	0.03363									
470	24359	4.15508	0																	
303	20019	4.50148	2																	
569	23018	4.70329	0																	
753	32950	4.69009	0																	
83	37785	3.89081	0																	
872	40845	4.74069	0																	
424	42113	2.95947	0																	
403	23238	4.37740	0	24268	0.00077					340	0.01105									
340	43338	4.52208	0																	
259	41879	4.01143	0																	
189	30351	4.70897	0																	
411	35942	4.27143	3	38531	0.12659					625	0.05994									
464	25229	4.32039	0																	
835	34987	4.27063	0																	
114	31469	4.39741	1																	
659	23558	4.39125	5																	
214	21517	4.94419	3																	
319	27556	3.96091	0																	
287	40626	4.56921	1																	
241	34542	5.00000	1																	
240	26544	4.88710	2	22421	0.05384	22356	0.03403			522	0.23805									
945	35013	4.48989	0																	
168	23553	5.00000	6	24147	0.00367					340	0.01583									
594	33776	4.42186	0																	
141	35850	3.52364	0																	
969	41684	3.23286	0																	
522	26527	4.68512	3	22356	0.02176	26530	0.01386			248	0.07641									
26	22199	4.69273	0																	
388	34813	4.10824	4																	
581	32748	5.00000	5																	
283	43947	4.47519	0																	
787	34579	4.58983	3																	
529	38433	2.94281	0																	
927	34627	3.73189	2																	
779	20333	4.81424	4																	
81	25093	4.67263	0	24914	0.02931	35551	0.01274			414	0.01534	330	0.01097							
501	37826	4.51881	0																	
676	41635	4.06221	0																	
624	33077	5.00000	2																	
29	37789	4.08918	0																	
8	41316	4.24147	0																	
649	23646	4.63492	0																	
676	26645	4.45375	4																	
779	31412	4.62687	0																	
569	28062	4.72912	0																	
442	22048	4.60382	0																	
581	23273	4.61148	0																	
300	24534	4.26380	1																	
339	32139	4.29780	0																	
570	30278	4.22245	0																	
89	36579	4.40747	0																	
171	24137	4.58171	0	24012	0.03429	24071	0.02406	24049	0.00434	38	0.02039	424	0.01862	710	0.01411					
696	40572	4.34506	2	24579	0.00248															
352	35524	4.07489	1																	
365	20116	5.00000	0																	
980	39535	3.58037	2																	
568	23086	4.13202	0	30672	0.04537					705	0.01896									
817	26645	4.95184	4																	
501	26275	4.85470	1																	
115	24530	4.03908	2																	
569	23977	4.69836	0																	
468	23900	4.39712	4																	
982	36766	3.49567	4																	
471	41430	4.49567	0																	
450	40242	4.75350	0																	
28	37066	5.00000	0																	
518	25698	4.13142	4	32564	0.10942	25703	0.07434			32	0.57310									
217	26041	3.97806	0																	
385	27983	4.17756	0																	
514	43298	4.01320	0																	
365	34369	5.00000	3	30147	0.00151					866	0.01455									
524	37519	4.10945	0	37436	0.00580					741	0.04577									
385	23694	4.07028	0																	
929	22412	4.80168	3																	
979	31092	4.58601	0																	
319	33687	4.11931	0																	
407	42572	3.63027	0	42439	0.00682	40401	0.00332	24651	0.00327	514	0.03994									
50	32468	4.71677	0																	
529	21190	3.93511	0																	
947	39529	3.91338	4																	
501	31501	3.78508	0																	
629	40265	3.99371	0																	
892	25906	3.98977	0																	
523	24883	3.70318	0																	
792	23852	4.84796	2																	
793	41045	3.30738	3																	
495	25920	4.80246	3																	
713	24410	4.57580	2																	
931	44026	4.74409	0																	
676	30290	4.06047	0																	
524	34656	4.69769	0																	
181	38908	4.40191	3	23900	0.00182	25040	0.00061			81	0.02445									
893	22601	4.60630	0																	
340	20305	4.50175	0																	
893	27433	4.47002	3	20979	0.01793					866	0.04723									
377	35047	4.77624	0																	
481	39038	4.25565	0																	
813	34706	4.78070	0																	
382	34978	4.71074	0	30672	0.09160															
329	24641	4.41566	2																	
283	41950	4.44034	0																	
14	25302	4.67209	0																	
514	36488	4.03389	0																	
385	28732	4.07911	0																	
748	21532	4.66405	0																	
983	25104	3.96924	4																	
891	38862	4.64629	1	39130	0.02120	38246	0.00969	38926	0.00695	466	0.06078	853	0.04698	577	0.02709					
511	35274	4.18971	0																	
380	25522	3.94741	3																	
26	34058	4.63226	0																	
579	23033	4.40055	0																	
358	37178	4.56086	5																	
468	25791	4.78772	0							340	0.00833									
150	25082	5.00000	5																	
550	38926	4.59489	1																	
656	41097	4.67798	0																	
93	28990	4.69826	0																	
514	43116	3.99872	0																	
579	30540	4.40687	0																	
362	24424	4.02244	0																	
117	23096	3.81632	4	29963	0.01334															
452	36402	3.85367	0																	
882	36394	3.79251	0																	
250	23481	3.02928	0	23448	0.01727					410	0.03768									
215	33155	4.24673	0																	
283	23275	4.44358	0																	
137	22615	4.80145	5	22620	0.01098					334	0.01414									
465	20374	4.65988	0																	
321	35124	4.73766	6																	
443	32099	4.79803	0																	
428	35524	4.39642	1																	
714	43595	4.23385	0																	
610	34838	3.73110	0																	
848	25639	4.52361	4	25637	0.06542	24272	0.00907	24592	0.00680	340	0.04721	920	0.01389							
340	31066	4.86342	5																	
461	38865	4.93434	0																	
678	22607	5.00000	6																	
741	24532	5.00000	6	25040	0.00271					813	0.00201									
407	37755	3.96869	0																	
880	40462	3.65778	0																	
35	36967	4.51259	6																	
355	39274	4.54563	0																	
514	36210	4.04531	0																	
175	26610	4.29881	0																	
504	37297	3.91203	5							871	0.04333									
517	22996	4.20752	0																	
725	30835	4.86292	5																	
434	20330	4.18976	5	29015	0.01840	20316	0.01486			227	0.05949									
388	38921	3.13052	0																	
634	28858	4.81503	0																	
574	27543	5.00000	1	21238	0.04099					644	0.08431									
247	43398	4.34115	4																	
213	30819	4.46707	0																	
695	24137	4.08386	0	24012	0.03429					832	0.01642	38	0.01312							
514	41542	4.12617	0																	
91	23945	3.46390	0																	
390	27509	4.76948	0																	
594	35515	4.52664	0																	
535	30552	4.30129	0																	
891	38769	4.34356	0																	
53	41267	4.42275	0																	
207	21491	4.02269	3																	
446	37565	3.97390	0	37254	0.02579															
911	36442	3.87214	2																	
81	24285	4.57036	0																	
847	28571	3.77078	0																	
353	37263	3.94641	2																	
658	38610	4.71171	0																	
815	37187	4.21822	0	36766	0.02428	36402	0.01730	36186	0.01370	89	0.14474									
61	24393	5.00000	6																	
887	41396	4.23562	0																	
893	36408	3.82424	4																	
976	25334	4.01458	3																	
114	31472	4.80073	0																	
59	22650	3.99733	0																	
538	27552	4.20890	0																	
836	30969	4.99310	0																	
779	23565	4.63242	0																	
541	32382	4.74471	4							782	0.14645									
619	36442	3.84442	2																	
554	43806	4.56962	0																	
522	26526	4.79812	0	22356	0.01247	26530	0.01190			248	0.07641									
695	22726	4.54705	5																	
13	25903	4.45145	3	24493	0.00484	21033	0.00478	24534	0.00126	81	0.04515									
969	24797	4.51469	6																	
848	28847	4.47077	0																	
283	24737	4.70670	4	21492	0.03312					399	0.00366									
360	37864	5.00000	3																	
883	38447	4.25577	1	37716	0.01853	41285	0.00243			79	0.07389	514	0.01556							
561	37542	4.53311	0																	
385	21368	4.09111	0																	
841	23607	4.55345	0																	
89	38556	4.50171	0																	
801	23673	4.37884	0																	
778	32182	3.25442	0																	
166	33555	4.76644	0																	
401	26043	4.81605	5							424	0.01659									
462	24626	5.00000	0																	
655	39516	3.96272	3	32385	0.04564															
124	30672	3.85073	0																	
227	24729	4.59946	2	24650	0.01176					19	0.00568									
199	39569	2.66325	0																	
514	42573	4.08132	0																	
319	41504	4.15007	0																	
105	21917	5.00000	5																	
411	35746	4.07926	6																	
389	37048	4.07897	0																	
705	29684	4.36585	2	24078	0.08862	30672	0.05113			382	0.05444									
88	29773	4.22256	0																	
137	31433	4.72851	0																	
700	39968	3.88599	0																	
238	32520	5.00000	5	21275	0.00586					334	0.00594									
601	42300	4.30496	0																	
570	25812	4.57418	6	25791	0.00661	29762	0.00600			340	0.03206									
347	43184	4.51782	0																	
127	21517	4.92341	3																	
848	28238	4.85425	0	24295	0.03844					330	0.03006									
581	32453	4.69594	0																	
107	37290	3.52064	0	20019	0.04258	37071	0.02540	34192	0.00738	92	0.01164	615	0.00677							
388	39770	4.37295	0																	
63	22552	4.77885	2																	
143	38951	5.00000	5																	
599	43304	5.00000	0																	
624	21267	5.00000	1																	
880	26993	3.77252	0																	
624	38575	4.77727	0																	
575	21590	4.33912	0																	
876	38759	4.69694	0																	
194	20757	4.29493	4																	
495	23553	5.00000	6																	
191	35438	4.55957	3																	
741	26450	4.84180	0																	
989	40523	3.54772	0																	
350	43189	4.70767	0																	
779	24818	4.62289	0																	
703	34034	4.57568	2																	
469	25306	3.86435	5	24579	0.01181					93	0.01499									
543	37336	4.00413	1																	
181	28542	4.80892	0																	
93	24391	4.24443	5																	
478	26578	4.29647	0																	
10	38908	3.98275	3																	
770	42681	4.35373	4																	
893	24802	4.71179	0																	
504	38241	4.36274	6																	
93	24508	4.60886	0																	
668	28097	3.35608	0																	
218	24656	4.89257	3	23769	0.00548					55	0.00522									
246	28236	4.30478	0																	
570	38324	4.14881	0																	
319	28777	4.01807	0																	
414	21792	4.40859	0																	
575	20791	4.27456	0																	
95	37484	4.35540	5																	
322	27025	4.31864	4																	
60	20967	4.69854	0																	
918	41179	3.78119	0																	
806	34609	5.00000	0																	
512	37187	4.89221	0	33738	0.18730															
654	41576	4.36170	0																	
396	39990	3.28444	3																	
860	41247	4.68963	0																	
741	29018	4.75988	0																	
891	21917	4.79367	5	37259	0.09936					709	0.06894									
424	31663	4.82563	0	24050	0.03441	28250	0.02220	24137	0.01773	441	0.02726	710	0.01211							
807	24696	4.76283	1																	
125	34145	2.73247	0																	
410	42885	2.96473	0																	
330	24590	4.31050	0																	
590	28871	4.61693	0																	
569	40993	4.74453	0																	
21	40339	3.20729	0																	
618	36930	3.90999	0							471	0.03966	424	0.00877							
528	29717	4.61270	0																	
566	33726	4.09156	4																	
522	24442	3.65680	0	26530	0.02391															
406	29887	4.07803	0																	
567	32751	4.31968	0																	
152	32177	3.79467	4																	
511	23020	4.19026	0																	
929	21557	3.42852	0																	
594	21098	4.78618	3	22452	0.01529	25068	0.01336	21492	0.00264	414	0.05473	13	0.04544	340	0.01622					
566	24030	4.17149	0																	
400	38253	4.30684	0																	
466	38270	4.36209	0																	
779	23791	4.62959	0																	
13	25832	4.60079	0																	
526	24027	5.00000	3																	
520	32762	3.93912	0																	
230	34918	4.83955	0																	
229	22523	1.54950	0																	
505	21723	5.00000	1																	
26	24210	4.63499	0																	
339	38812	4.11204	1																	
660	39502	4.67448	0																	
597	24356	4.50000	0																	
377	23109	4.57189	0																	
681	24680	5.00000	0	24650	0.01907					760	0.02713	381	0.01244							
424	25234	4.32276	3																	
380	41717	4.43159	0																	
721	38035	4.56471	0																	
227	30612	4.36379	1	24367	0.05399					669	0.03231									
760	24048	3.97735	0																	
485	23483	4.48457	4																	
511	32187	4.47917	3																	
340	29717	4.72519	0	22554	0.01265	31854	0.00635	22164	0.00454	14	0.01455	491	0.00365							
848	25115	4.17581	0	23356	0.14356	23986	0.13111													
686	20892	4.86912	4																	
603	35427	4.22368	0																	
340	24645	4.45148	0																	
376	29761	4.65807	0																	
349	31758	5.00000	5																	
6	37529	4.42055	0																	
77	20916	4.11283	5																	
895	38894	4.64553	0	37785	0.01646					563	0.03320									
713	37073	3.48136	2																	
960	39427	4.29519	1																	
283	42073	4.47444	0																	
196	43088	4.54900	0	32109	0.00306					514	0.00797									
822	38651	4.65553	1																	
55	29685	3.73864	4	22620	0.02206	24656	0.00666			105	0.01748	137	0.01122							
350	43172	4.69268	0																	
118	35875	4.62046	0																	
813	36103	4.73484	0																	
646	27494	4.58512	0																	
444	35544	4.69749	4	39529	0.02003					648	0.06352									
397	33094	4.01391	0																	
27	25216	5.00000	1																	
320	33952	4.42991	0																	
26	37258	4.63038	0																	
173	25663	5.00000	0	25653	0.00511					340	0.02015									
882	37288	3.83782	0																	
876	40416	4.73044	0																	
514	37662	3.48524	1																	
372	28370	4.18384	0																	
142	37673	4.29682	3	41044	0.01095					882	0.03327									
160	36875	2.98848	4	37297	0.04039	37178	0.01189	37266	0.00652	92	0.03044	446	0.03021	307	0.01213					
424	40682	4.67462	0	39384	0.00849	37474	0.00746			490	0.00957	142	0.00818							
124	24078	4.20936	5																	
869	33653	4.40555	1																	
746	34266	4.79711	0																	
221	28026	4.38335	3	24525	0.02626					863	0.06166									
544	40153	4.85022	4	25791	0.00908	26076	0.00207			340	0.01756									
102	38033	4.34910	0																	
570	23791	4.09806	0																	
811	37836	4.27697	0																	
348	23301	4.44731	0																	
172	38161	4.03674	0																	
622	38717	4.52524	0																	
848	24589	4.67194	2	25663	0.00640	24592	0.00510	25637	0.00466	340	0.04721									
367	41265	4.03175	0																	
105	35068	4.66279	0																	
779	23078	4.62316	0																	
728	36902	4.29983	0																	
335	21919	4.26760	0																	
50	37183	4.78903	0																	
175	23923	4.19237	0																	
522	24427	5.00000	3																	
951	43666	4.46023	0																	
678	22544	5.00000	0							283	0.03994									
723	22703	4.09151	2																	
882	23850	3.84722	0																	
863	27153	3.90408	3							812	0.05728									
643	34568	3.35963	0	35906	0.05095															
180	36363	4.34569	0																	
382	34350	4.14470	5	29684	0.06715					530	0.02828	58	0.02468							
741	29966	4.74752	0																	
866	33154	3.86094	3																	
987	28798	4.10070	0																	
278	22656	4.61759	0																	
621	21778	4.26372	0																	
385	24300	4.00666	0																	
514	42492	4.14630	0																	
760	24491	4.50276	0																	
397	25008	3.93611	0																	
781	27008	4.47569	4																	
278	24110	4.46589	0																	
295	31459	4.87943	0																	
219	40682	4.78756	0																	
356	34250	4.57349	0																	
542	35000	2.39951	4																	
882	27154	3.66308	0																	
884	20188	5.00000	5																	
235	35448	3.76498	4																	
340	23261	5.00000	0	25791	0.00799	29762	0.00291	22439	0.00256	570	0.03206									
514	40814	4.03600	0																	
663	42906	4.53288	2																	
664	32546	4.67743	0																	
363	41976	3.63745	0																	
664	25345	4.29918	0																	
463	25224	4.62266	0																	
848	24239	4.92351	4																	
322	23624	4.55439	2																	
286	23220	4.56593	0																	
409	30680	4.69688	0																	
237	35129	4.70683	0																	
514	38960	4.30349	0	41252	0.02065					388	0.01846									
983	42232	4.60188	0	24681	0.01132					70	0.05074									
570	23835	3.79098	1																	
258	31472	4.44680	0																	
159	24675	4.76298	0																	
525	28812	4.19195	0																	
874	22207	4.53556	0																	
505	22386	4.56486	0																	
936	31743	4.79326	0																	
377	28085	4.53874	0																	
372	29019	4.25853	0																	
861	22436	4.94973	2																	
244	42114	2.38965	0																	
832	28939	5.00000	2																	
936	36967	4.50437	6																	
340	23328	4.78993	3	23327	0.21056					135	0.01940									
441	23864	4.51827	0																	
982	36286	4.55227	0																	
930	39017	3.33826	0																	
784	26076	3.78082	0	34551	0.02839	24589	0.00118			544	0.09253	340	0.02770							
690	38368	5.00000	1	35695	0.06159					79	0.06977									
624	39163	5.00000	1																	
14	23927	4.61620	0																	
604	33077	4.80346	2																	
406	24712	4.29183	0																	
340	25548	4.86023	1																	
992	23481	2.40494	0																	
535	28769	4.21677	0																	
81	23688	4.53007	1	34107	0.09187	23900	0.06010	38908	0.05792	908	0.04075	723	0.02418	340	0.00894					
71	26490	4.67119	0																	
26	29603	4.64148	0																	
486	29772	4.69603	5																	
866	32128	4.16438	0																	
619	37620	4.20661	0																	
523	23407	3.72060	0																	
986	24078	4.16077	5							556	0.03556	382	0.02773							
569	26043	5.00000	5	30281	0.00315					491	0.00596									
471	39839	3.98107	0																	
407	35777	3.88291	0																	
356	24004	4.75241	0																	
337	31976	4.44585	0																	
896	31235	4.08310	0																	
81	34398	4.65085	0																	
399	25118	4.70913	0																	
334	22621	4.40944	2	22620	0.00849					471	0.02030									
887	36946	3.85801	2																	
403	24636	3.84526	0																	
680	26075	4.03935	0																	
81	30325	4.58145	0																	
430	24761	5.00000	3																	
784	24590	3.72355	0																	
841	23567	4.49844	0																	
808	21099	5.00000	2																	
889	39477	4.62740	5																	
941	23831	5.00000	1																	
393	36317	4.29380	0																	
141	39654	3.39965	0																	
283	24293	4.41951	0																	
677	39137	4.04636	0																	
619	40453	4.27469	0																	
150	25084	4.42756	0																	
310	27112	4.73650	0																	
29	25306	4.32251	5	21979	0.06072	24579	0.01181			93	0.11114									
741	27385	4.73898	0																	
61	21098	5.00000	3																	
760	22620	4.72451	5	24650	0.00206					227	0.00883									
581	32902	4.65531	0																	
154	43030	4.59521	0																	
514	35379	2.66145	0	35875	0.25339															
397	35816	4.51945	6																	
574	27536	4.91292	0																	
648	37996	2.42636	0																	
360	38530	5.00000	0																	
570	37848	4.12849	0																	
356	32025	4.65947	0																	
145	36707	4.56234	0																	
250	23560	3.31151	1	23448	0.01670					669	0.02637									
779	25479	4.62767	0																	
356	23852	4.78068	2																	
570	33262	4.09253	0																	
377	23784	4.52375	0																	
848	35393	4.89650	1																	
835	22716	4.33301	0																	
923	33098	4.43279	0																	
795	27158	4.91833	0																	
484	33925	3.82576	6																	
594	23923	4.40687	0																	
981	33676	4.44204	0																	
343	25331	4.62759	1	25240	0.04716					602	0.07436	827	0.06072	248	0.03188					
117	41075	3.44614	1							408	0.01399									
611	25591	4.67173	0																	
750	23835	4.56667	1																	
848	38789	4.54154	0																	
415	43143	4.52417	0																	
105	27543	4.84762	1																	
204	26636	4.84916	5																	
389	21630	4.09696	0																	
424	37758	4.34898	5							84	0.01479									
414	40897	4.48567	6																	
503	33078	4.69543	0																	
505	30608	4.60612	0																	
746	42305	4.35902	0																	
567	27536	4.23709	0																	
370	27661	5.00000	0																	
567	32839	3.88104	1																	
377	23522	4.60764	0																	
769	26207	4.90722	0																	
794	26103	4.74479	0																	
620	40102	4.35923	0																	
813	25993	4.75138	0																	
973	43318	4.52809	0																	
180	28635	4.39159	0																	
385	31011	4.06512	0																	
588	21044	4.35495	3	21061	0.02448					168	0.07040									
111	28930	4.08772	0																	
594	38406	4.84636	6	23367	0.00428	25308	0.00265	22452	0.00163	340	0.01622									
531	31797	4.73623	0																	
408	41086	4.40845	0	38098	0.00567					292	0.00429									
100	22003	4.59525	2																	
385	29427	4.08578	0																	
694	25331	4.40465	1	32210	0.00416					488	0.02347									
262	23232	4.92126	6																	
765	36075	4.61074	2																	
340	20609	4.07342	2	25509	0.02638	22452	0.01432			763	0.01775									
678	30202	4.81220	0																	
401	24039	4.55558	5																	
104	20549	4.39327	0																	
340	24404	4.52957	0																	
882	20339	3.86913	0																	
787	21099	5.00000	2																	
760	26511	4.46082	0																	
334	35844	4.07416	0																	
283	43660	4.47494	0																	
777	24843	4.07936	0																	
741	29122	4.85211	0																	
704	23965	4.45698	0																	
945	33786	3.64297	2																	
963	40447	5.00000	2	39535	0.01593					176	0.01494									
900	33719	4.83996	0																	
13	31229	4.61045	0																	
254	31823	4.64298	0																	
53	40387	4.34628	0																	
298	39248	3.35049	0																	
736	26472	4.55688	0																	
229	22451	4.73789	0																	
983	24688	4.63170	0																	
583	42781	4.42866	6																	
18	33014	5.00000	6																	
589	40816	3.46288	1																	
972	39567	3.20887	0																	
514	42452	4.04744	0																	
315	37785	4.70842	0																	
514	42044	4.06084	0																	
959	28309	3.51288	0																	
919	34565	4.72350	0																	
637	21533	5.00000	0																	
268	23487	5.00000	0																	
763	34551	3.99175	0	21491	0.03641					94	0.06102	303	0.05778							
340	20948	4.47528	0																	
68	32044	4.90224	0																	
38	37474	3.35077	5	38223	0.07994	38169	0.00560	35489	0.00525	424	0.02468									
313	23450	5.00000	5																	
85	27988	4.03548	0																	
29	33409	4.06609	0																	
952	24137	4.01932	0																	
102	24687	4.29750	0																	
360	42527	5.00000	2																	
618	30748	4.36019	3																	
469	36408	3.68012	4																	
648	35292	3.90333	0																	
4	27892	4.61266	0																	
646	32569	4.50834	0																	
370	31823	5.00000	0																	
227	22562	4.12349	0																	
530	36906	2.69221	0																	
264	36662	2.88349	6							982	0.05719									
790	35561	4.68775	0																	
184	40755	3.90615	0																	
6	38098	3.86190	1	31025	0.01253					981	0.03165	292	0.01222							
423	42286	3.01195	0																	
77	41619	4.44410	6																	
3	34266	4.27525	0																	
485	38687	4.66913	0																	
882	24599	3.80654	0																	
14	23302	4.64678	0																	
648	38363	3.82154	0																	
227	22621	4.43120	2	22620	0.00849	25262	0.00712	25369	0.00578	471	0.02761									
879	31858	5.00000	4																	
638	41285	4.63096	4																	
488	27313	3.96724	0																	
673	25032	4.67249	0																	
330	23900	3.70481	4	31131	0.00471	24914	0.00325			181	0.04772	81	0.01097							
769	30053	4.93646	0																	
271	35357	4.37161	0																	
946	23317	4.75234	0																	
6	37053	4.65297	4																	
155	23529	4.81415	0																	
341	25646	4.53530	0																	
570	24770	4.43414	6							501	0.03071									
181	29217	4.87337	0																	
995	34760	5.00000	0																	
54	37297	2.86425	5							92	0.04293	160	0.02793	142	0.02416					
181	24620	4.81091	0																	
180	30574	4.33457	0																	
787	22571	4.66007	0																	
82	20030	4.34658	0																	
599	42828	5.00000	0																	
330	24589	4.58172	2																	
102	37099	4.27009	0																	
260	40124	4.65186	0																	
779	24777	4.71916	0																	
124	35438	4.08339	3																	
13	25824	5.00000	0																	
570	21566	3.90895	1																	
514	22386	4.08427	0																	
227	35697	4.01962	6	25262	0.00830	25369	0.00617	24650	0.00584	471	0.02761	381	0.00603							
388	43125	4.54814	1																	
514	41911	4.04868	0																	
340	22218	4.52360	0																	
866	34173	4.01960	0																	
77	20941	4.27028	0																	
77	37737	4.20455	0																	
233	29215	4.14968	0																	
810	26076	5.00000	0	21492	0.00241					340	0.00147									
793	42427	3.62899	0																	
514	21372	4.08759	0																	
340	24590	4.50953	0																	
741	42920	4.83988	0																	
340	25060	4.51973	0																	
474	24047	3.97069	0																	
747	36319	4.40451	1																	
485	25224	4.59518	0																	
904	41493	3.83026	1																	
230	33006	4.64976	0																	
418	39603	4.90211	0																	
514	41683	4.18316	0																	
811	33014	4.55351	6																	
544	21245	4.23694	1																	
689	20408	4.09807	0																	
81	20322	4.10540	0	25308	0.09059															
22	28026	4.83790	3																	
813	33991	4.79240	0																	
904	41348	3.75730	1																	
555	23958	4.46822	0																	
879	32674	4.12576	5																	
105	21241	4.95328	2																	
488	37260	4.05008	0																	
898	28769	4.24355	0																	
985	27806	4.63151	0																	
235	34839	4.41352	5																	
729	38325	4.43015	5																	
888	27026	4.98680	3																	
813	23245	5.00000	5																	
228	30748	4.39033	3																	
321	28915	4.54437	0																	
207	41511	4.09582	5							594	0.03343									
882	40552	3.87397	0																	
424	39123	3.93182	2																	
811	39708	4.29577	0																	
979	37070	4.93569	4																	
6	36900	4.62249	6																	
835	33249	4.31267	0																	
894	41399	4.69976	0																	
468	40356	4.59772	0																	
768	23852	4.94716	2																	
221	24700	4.37915	0																	
142	40523	3.35249	0																	
807	31450	1.70310	0																	
410	24650	4.46936	4	23335	0.02598	23448	0.02236	23481	0.00287	227	0.07066	681	0.04078	792	0.03183					
905	26124	3.23910	0																	
92	34911	3.88415	0																	
779	23702	4.63250	0																	
395	31002	3.33369	0																	
860	23458	4.79192	0	23799	0.09498					369	0.03817									
137	24656	5.00000	3	24624	0.01452	22620	0.01375	29685	0.00666	105	0.04301	429	0.01766	55	0.01122					
570	38015	4.14329	0																	
64	24432	4.83211	0																	
570	23357	3.85758	0	23301	0.00368					848	0.04062									
569	33221	4.68463	0																	
669	23370	3.75106	0	23448	0.02379	23335	0.02068			410	0.08587	676	0.01408							
146	39238	5.00000	2																	
936	37663	4.06751	0																	
964	41943	3.14906	0																	
334	34897	3.80552	0																	
227	32455	4.10309	0																	
854	35348	4.74462	0																	
504	42113	2.34057	0																	
866	20896	4.07264	0																	
514	31627	4.00554	0																	
817	29761	4.58237	0																	
814	31474	4.80697	0																	
540	35589	4.70812	0																	
962	23197	4.86848	0																	
386	24368	4.21172	1																	
213	24761	4.77939	3																	
872	24791	4.93833	2																	
651	24674	4.61980	3																	
292	37266	3.50004	5	25031	0.01432	22004	0.01428	38098	0.00368	364	0.01271	408	0.00429							
328	37663	4.43840	0	37297	0.00953					142	0.00686									
691	30198	3.75329	0																	
983	23722	4.62658	6																	
340	23907	4.53393	0																	
244	24388	4.07548	1																	
13	25093	4.87443	0	30537	0.03749	21098	0.01166	22452	0.00441	330	0.04920	414	0.01786							
569	21550	4.70911	0																	
482	40044	4.09958	6																	
848	23436	3.71546	0	23357	0.26186															
569	24938	5.00000	3																	
904	39923	4.00764	0																	
91	33893	2.91747	2																	
244	22703	3.70273	2																	
329	27484	3.83980	0																	
77	26084	4.17760	0																	
565	36344	4.00486	0																	
216	38757	4.67078	0																	
130	22541	4.09184	0																	
468	31854	4.89019	1	25278	0.00578					340	0.00833									
381	22553	4.78694	1																	
329	25913	3.74604	0																	
517	21817	4.29212	0																	
236	43597	3.57111	4																	
195	30925	4.45939	2																	
848	25300	4.43279	0																	
6	37794	4.37846	4																	
254	24749	4.84223	0																	
520	40862	3.91907	0																	
167	32600	4.25021	0																	
982	33206	4.39708	0																	
758	24361	4.33491	0	21099	0.00192					283	0.01622	340	0.00703							
50	24846	4.80429	0																	
386	28826	4.20375	0																	
337	23239	4.84126	6																	
597	25499	4.46904	0																	
26	32149	4.62805	0																	
668	39987	4.37348	0																	
160	32013	3.72738	0																	
164	33313	4.32955	0																	
682	24579	4.21979	6	24559	0.03327					29	0.03031	381	0.01858							
609	22412	5.00000	3																	
303	23491	4.15308	0																	
545	21846	4.56686	0																	
490	36332	4.45415	4	40761	0.02665	40682	0.00197			485	0.03440	142	0.02633	871	0.00763					
12	40491	3.41513	0																	
732	40552	3.47775	0																	
58	23093	5.00000	3																	
569	32025	4.80447	0																	
562	43965	4.75531	5																	
549	27276	4.55567	0																	
397	21994	4.06112	0																	
407	37898	2.88703	0																	
437	43002	3.77200	0																	
391	26114	4.59654	0																	
356	32905	4.07111	5																	
222	29579	4.68742	0																	
848	22533	4.55914	4	24270	0.06039	24290	0.02918	24272	0.01953	381	0.08129									
569	20055	4.70542	3	23871	0.01142	23231	0.00331			882	0.04647									
594	23403	3.87004	2	32579	0.03651	21492	0.01240	22452	0.00202	521	0.02052	340	0.01622	309	0.00323					
889	34192	4.58433	2	31903	0.01919	25259	0.01532	39787	0.00486	491	0.03841	107	0.02505							
518	25700	4.13123	4	32564	0.15276	25703	0.08709			32	0.57310									
103	26345	4.90733	0	23852	0.04962					317	0.03036									
524	41887	4.66554	0																	
891	24240	4.36837	4																	
661	22656	4.72062	0																	
142	40745	3.11031	2	40525	0.04151	37049	0.00848	37297	0.00842	995	0.02443	92	0.01554	491	0.01248					
423	43277	3.25159	0																	
400	21274	4.63034	0																	
514	33566	3.75303	0	34266	0.01463															
28	43264	3.59593	0																	
984	26393	3.70990	0																	
409	26269	4.54368	0																	
283	40947	4.41274	0																	
505	30607	4.64713	0																	
264	36331	3.57250	3																	
813	35310	4.78422	0																	
880	22669	4.26640	4																	
815	38086	4.90661	0																	
779	30739	4.68381	0																	
219	40745	3.70656	2																	
377	26369	4.77626	6																	
286	23212	4.64092	0																	
59	41603	4.01367	0																	
340	25871	4.51343	0																	
869	42477	3.69648	5																	
496	27217	3.98335	0																	
330	33017	4.28993	0																	
227	32587	4.05517	0																	
205	31459	4.96682	0																	
911	33412	4.23887	0																	
330	24271	4.39006	0																	
59	36479	4.38770	3																	
893	36656	4.60677	0																	
334	30157	4.08326	0																	
51	23638	4.22351	3																	
525	26531	4.11289	0																	
704	32748	4.81405	5																	
424	21492	4.80661	2																	
46	24755	4.70750	0																	
570	24287	4.59549	1																	
330	24375	4.70396	1																	
19	31573	2.98912	4																	
283	23554	2.81815	0																	
81	22616	4.68917	0																	
474	23765	4.76612	0																	
772	24365	4.11495	5																	
880	31966	3.90696	0																	
149	41753	4.72939	0																	
502	36274	4.85100	0																	
95	38107	4.43425	0																	
676	43678	3.36884	5																	
875	38336	4.49133	3																	
48	24644	3.77770	0																	
637	41482	5.00000	0																	
648	38369	4.01011	0																	
186	24656	5.00000	3																	
656	33917	4.75031	5																	
351	23020	4.93201	0																	
414	29217	4.39285	0																	
106	24620	4.17819	0																	
741	37533	4.47282	6																	
303	41099	4.07910	0																	
594	35243	4.64673	6																	
420	21421	5.00000	0																	
26	34588	4.68948	0																	
810	39277	5.00000	0																	
522	27460	4.45399	4	22421	0.24423	22356	0.20859			240	0.23805	534	0.17204							
610	33057	3.71587	0																	
654	40688	4.40932	0																	
858	37784	4.91719	0																	
578	35026	4.09402	0																	
601	29768	4.32166	0																	
107	37876	3.98488	0	37664	0.17626	34192	0.02030			408	0.02450	960	0.02363	642	0.00906					
340	25067	4.96344	4	22552	0.07134	22524	0.04716			449	0.01120									
870	31460	3.67961	0																	
335	31003	4.51693	3	30147	0.03208					365	0.02473									
544	41291	4.47927	0																	
207	27788	3.37963	0																	
761	22279	4.56404	0																	
436	33935	4.38975	0																	
407	21506	4.06477	0																	
676	23476	4.22122	0																	
175	41615	4.26162	0																	
643	36490	3.68948	1																	
864	38908	3.32343	3	36930	0.00778					471	0.03356									
564	39877	4.82322	0																	
319	24110	3.97963	0																	
811	39021	4.30396	0																	
890	31003	4.08817	3																	
70	25516	5.00000	3																	
412	24934	5.00000	1																	
181	35451	4.75876	0																	
861	32489	4.47839	0																	
862	37131	4.65703	0																	
779	25835	4.67948	0																	
904	40610	3.96533	0																	
452	35913	3.78583	4																	
894	21554	4.99624	4																	
668	21262	4.74559	3																	
570	36224	4.18080	0																	
986	24761	4.57323	3																	
89	33738	4.26344	0	37187	0.18730	37707	0.06436													
169	41096	4.66587	2	40682	0.01330					490	0.03086									
788	28118	4.69589	0																	
602	29996	5.00000	5																	
4	22738	4.58209	0																	
655	25615	4.50234	2																	
303	40443	3.30040	2																	
283	43987	4.42714	0																	
70	38456	4.79918	0																	
763	35627	3.59629	0																	
808	22129	4.83992	0																	
424	38457	4.74230	1																	
636	25095	4.08099	0																	
160	34791	3.19452	2	37266	0.01419	37297	0.01365			92	0.03044									
186	40366	5.00000	5																	
773	33683	4.68650	0																	
749	38625	4.71115	6																	
45	24473	4.82720	0																	
861	32140	4.42547	0																	
873	37784	4.65282	0																	
539	22645	4.59459	0																	
466	38025	4.32828	0																	
539	33277	4.56500	0																	
340	37924	4.45695	0																	
514	21045	4.40501	3	21061	0.01001					168	0.01204									
246	23941	4.53700	4																	
220	24398	4.93784	0																	
516	38445	5.00000	2																	
669	31663	4.15374	0																	
234	43248	4.76591	0																	
733	24030	3.90469	0	24047	0.02991															
393	38345	4.21531	0																	
332	42154	4.71772	0																	
953	43095	4.83718	0																	
618	24049	3.67240	5							424	0.00877									
842	36509	4.48246	0																	
385	23676	4.09582	0																	
944	37152	4.66553	0																	
227	24472	4.86559	1							676	0.01665									
375	24004	4.51576	0																	
973	34352	4.58416	0																	
479	22706	4.74673	0																	
130	28298	4.42304	6																	
621	23959	5.00000	6																	
813	34053	5.00000	4																	
354	40759	4.80707	0																	
178	26302	4.94900	0																	
951	42161	3.59563	0	41097	0.00593	42115	0.00585													
76	33403	4.91413	6																	
696	22663	4.90098	0																	
270	40835	4.76160	0																	
388	28080	4.47193	1	24889	0.02519					443	0.03425									
340	21855	4.93847	0	24361	0.00717	22524	0.00349			283	0.01355									
790	24666	5.00000	2																	
424	43784	4.37737	0																	
302	36176	4.14114	0																	
172	36924	4.06046	0																	
17	37993	4.96888	0																	
612	28010	4.69296	5																	
522	23023	4.50988	0																	
24	37169	4.84691	0																	
873	31744	4.40660	3	27227	0.05351					567	0.05297									
160	36939	2.60071	0	37266	0.02504															
478	26090	4.21544	0																	
334	22727	4.01662	5	22722	0.01484	20916	0.00973			538	0.05756									
763	33220	3.73709	0	34045	0.00920					813	0.02377									
495	23697	5.00000	3																	
840	36110	4.80270	0																	
278	22371	4.90065	5																	
292	24039	4.48609	5																	
504	36967	3.61520	6	36946	0.00071					514	0.00603									
353	36657	1.96770	0																	
664	34137	4.73522	0	24237	0.10923					846	0.13392									
142	38467	2.61358	0																	
322	31554	4.16301	0																	
237	42966	4.67384	0																	
866	21297	4.17996	0																	
634	33608	4.62467	2	35237	0.32387	33055	0.20557													
818	26297	4.66285	0																	
84	26043	4.86615	5	27887	0.00382					491	0.01736	424	0.01479							
207	41534	3.58046	0																	
170	43136	4.53648	0																	
40	38223	2.77467	0																	
875	31685	4.19124	0																	
514	22703	3.90003	2																	
491	43052	4.20488	0																	
872	40464	4.74956	0																	
206	29716	4.38202	0																	
748	22517	4.74455	0																	
102	38588	4.30818	0																	
384	24437	4.52340	6																	
227	24484	3.99751	1							676	0.01665									
145	27464	4.85312	3																	
26	35586	4.65930	0																	
129	30833	4.36459	1	25031	0.02327					231	0.02319	860	0.01346	491	0.00497					
26	34943	4.70740	0																	
41	30640	4.89034	1																	
133	21661	4.52769	0																	
573	31828	4.58701	2																	
68	32126	4.70457	3	34627	0.03902															
682	20744	4.80220	0																	
880	27257	3.65279	0																	
236	24777	4.16139	0																	
264	32297	3.68554	0																	
430	34540	4.54083	3																	
741	25103	4.82570	0																	
811	41778	4.27135	0																	
530	36800	4.41078	0																	
441	24237	4.89234	0																	
329	25770	4.60078	0																	
860	24004	4.76513	0	23799	0.16813					369	0.03817	358	0.02729							
514	33210	4.07026	0																	
558	23831	4.98803	1																	
89	35509	4.43808	0																	
813	39670	5.00000	1																	
983	23257	4.71202	0																	
142	36875	3.07848	4	37049	0.07822	37297	0.04039	36332	0.00487	92	0.01554	446	0.01509	485	0.01408					
60	22373	4.42634	5																	
904	39156	4.24645	0																	
746	33206	4.92829	0																	
805	21275	4.35973	0	21522	0.00331					424	0.01001									
53	36743	4.40202	0																	
334	22740	4.14423	0																	
23	38098	3.78551	1	37642	0.06154					249	0.08208	491	0.00856							
625	42614	3.63621	1																	
193	32501	3.98700	0																	
994	37733	4.03460	0																	
388	23140	4.37647	2																	
292	40803	4.30762	0																	
484	38298	2.87045	0																	
819	35579	3.73304	0																	
525	30412	4.67717	0																	
462	21014	4.76311	0																	
971	22571	4.59981	0																	
412	21491	4.75249	3	21492	0.01832					309	0.00820									
218	25422	4.43982	0																	
230	35650	4.66691	0																	
505	20255	4.71993	0																	
662	40590	4.27901	0																	
913	35448	3.22778	4																	
637	33820	5.00000	0																	
557	31783	4.96598	0																	
570	34944	4.50886	5	30755	0.00627					594	0.01026									
863	26645	4.15955	4																	
251	24566	4.68628	0																	
196	23113	4.40965	2																	
658	42012	4.68470	0																	
628	30485	4.07686	0																	
530	37297	3.80795	5																	
397	31766	4.37231	1																	
345	34350	3.91768	5																	
891	37758	3.93575	5																	
485	36050	3.51549	3	40761	0.04181															
339	32210	4.48048	5																	
598	34911	3.07867	0																	
150	25022	2.95866	0																	
888	35012	4.51100	0																	
854	26073	4.98244	0																	
343	30973	4.58231	2																	
258	23223	4.73401	2																	
380	39384	3.35875	0	38223	0.03246	28250	0.00567	21522	0.00398	726	0.03245	424	0.02145							
158	26083	4.64607	0																	
889	38046	3.89617	6	39787	0.21286					960	0.03548									
501	43599	4.55727	0																	
340	24259	4.50620	0																	
538	23166	4.30830	0																	
739	43478	4.01955	0																	
784	24592	3.65313	0	24589	0.00510					340	0.02770									
216	38622	4.64413	0																	
710	26135	4.23103	0																	
538	22268	4.34376	0																	
514	42802	4.07544	0																	
319	39370	4.09385	0																	
245	27536	5.00000	0																	
340	32433	4.45703	0																	
926	24570	5.00000	2																	
580	34839	4.35439	5																	
809	32459	4.04878	0																	
774	22517	3.78655	0																	
74	42352	3.70061	0																	
514	40204	4.40446	3	40262	0.17128					242	0.01420									
588	31523	4.04936	0																	
935	32674	4.20713	5																	
149	38908	4.42049	3																	
29	23605	3.90079	0																	
555	24026	4.38594	0																	
414	21793	4.31170	0																	
570	23860	3.31873	0																	
456	33263	4.87762	0																	
388	42234	4.14344	2																	
987	20885	3.96263	0																	
287	37524	4.30903	0																	
741	33636	4.86275	0																	
192	34834	4.68044	0																	
481	38119	3.41665	1																	
772	30612	4.53386	1																	
541	35307	4.15089	0																	
70	28200	4.78007	0																	
706	24218	4.65834	0																	
403	23852	4.45368	2	28874	0.01098					758	0.03060									
492	24521	4.67915	0																	
248	26544	5.00000	2	26530	0.05208	22356	0.03403			522	0.07641									
99	30139	3.44719	1																	
241	37276	4.78362	0																	
81	21071	4.89799	1	21033	0.03531	24493	0.02484	24534	0.00691	13	0.04515									
494	23063	4.89017	0																	
514	29516	4.03930	0																	
227	24048	3.75796	0	25262	0.03302	40447	0.01890	25369	0.00807											
479	32493	4.84703	0																	
14	33502	5.00000	0	23358	0.03711					76	0.07951									
