634	42416	4.95933	0																	
168	24873	4.90113	6	24147	0.00998					813	0.02749									
570	23279	3.89721	0																	
508	21377	4.34067	0																	
741	33694	4.73939	0																	
471	31012	4.60632	0																	
944	29753	3.75637	0																	
538	20916	4.22728	5	22722	0.02546					334	0.10634									
414	21793	4.45677	0																	
669	23335	3.02779	4	23370	0.02383					410	0.09689	676	0.03899							
21	32958	3.18566	4																	
478	29655	4.75236	6																	
619	34989	4.18803	0																	
365	20994	3.80082	0																	
335	24427	4.45307	2																	
904	39156	3.79928	0																	
381	24828	4.44567	0																	
306	20385	4.95859	2																	
376	29761	5.00000	2	26645	0.10505					817	0.21233									
399	25118	4.79798	0																	
983	24239	5.00000	0																	
659	40550	3.88673	6																	
81	24534	3.86969	1	35551	0.01450	25093	0.00238	21071	0.00196	13	0.07919	514	0.00850							
542	31472	3.67178	0																	
662	40590	4.36578	0																	
132	23852	3.87675	1																	
490	38531	4.45153	2																	
77	42001	4.12416	1																	
20	24410	4.61742	2	24085	0.02469	22620	0.00879			334	0.06059	471	0.02460							
13	25618	4.72591	0																	
895	39753	4.92186	0																	
541	21848	4.50425	0																	
340	24608	4.76896	4																	
520	40862	3.93670	0																	
618	31900	3.51050	0																	
758	20599	3.99684	0																	
384	30796	5.00000	1																	
350	43189	4.65989	0																	
166	25465	4.83582	0																	
59	23556	4.12083	0																	
952	39204	5.00000	3																	
227	27868	4.06913	0																	
655	25615	4.72045	2																	
44	20366	4.35234	0																	
314	22197	4.44133	0																	
987	38429	4.15178	0																	
227	28737	4.05322	0																	
813	35399	4.75172	0																	
345	30862	5.00000	5																	
457	20555	4.76623	0																	
960	39427	4.24689	1																	
741	24532	4.92793	6							813	0.00233									
677	40267	4.66257	0																	
741	26184	4.72065	0																	
98	26530	4.88831	3																	
572	33027	5.00000	3																	
866	29931	4.23007	3							248	0.13056									
428	35524	4.89371	1																	
179	37906	4.15338	0																	
429	35697	4.68420	6																	
340	24797	4.91711	1																	
364	36939	4.35237	3	37266	0.01750					642	0.03618									
283	24737	4.46831	4	21492	0.05024					399	0.00563									
562	40581	4.32015	0																	
473	27228	3.14896	0																	
872	40845	4.84168	0																	
575	21482	4.31138	0																	
356	32025	4.55737	3																	
688	38775	4.53450	0																	
283	24293	4.44830	0																	
721	38676	4.12312	0																	
856	23651	4.89550	5																	
659	24391	3.90480	0																	
18	37175	4.80081	0																	
790	35561	4.96116	0																	
933	37881	4.92527	6																	
283	28623	4.53927	0																	
570	23860	3.29868	0																	
746	36093	5.00000	5																	
556	29684	3.49791	2	24078	0.03512					382	0.07277									
81	27768	4.62183	0																	
631	23014	4.63367	0																	
332	22620	4.98049	5																	
929	21557	4.30025	0																	
322	28887	4.25534	0																	
453	35687	4.18256	0																	
441	31663	4.09073	0																	
848	22533	4.47744	0	24270	0.02749	24290	0.01023	24272	0.00852	381	0.12156									
25	41947	3.98185	0																	
437	23902	5.00000	0																	
787	22571	3.95937	2																	
439	33482	4.77349	0																	
171	30986	4.80750	0																	
808	26312	4.64830	0																	
340	23324	4.51213	0																	
443	40586	4.77996	0	23993	0.04777	25259	0.04336			292	0.08677									
162	23665	4.43094	6																	
249	33557	4.71522	0																	
57	36655	4.71682	0																	
908	23688	4.42233	1							81	0.04331									
319	30665	4.26641	0																	
50	43371	4.62199	0																	
505	25936	4.59711	0																	
524	40082	4.78949	0																	
592	36213	4.66624	0																	
357	33448	4.69021	0																	
407	38908	4.20470	0																	
799	23337	4.99544	0																	
168	24730	5.00000	0																	
866	28253	4.26596	0																	
253	39578	4.89613	1																	
914	23349	4.61250	0																	
618	35940	3.97485	0																	
400	41581	3.76140	6																	
511	36023	4.29690	0																	
602	25240	5.00000	0	25331	0.05920					827	0.03166	343	0.00686							
514	39812	4.18147	0																	
741	29018	4.68479	0																	
575	25808	4.34856	0																	
340	25639	4.50954	0																	
865	40057	4.70286	0																	
871	39238	4.59584	2																	
243	33826	2.56107	0																	
784	24590	4.24279	0							340	0.04645									
21	36068	3.54466	0																	
687	41336	4.91861	2																	
444	35000	4.39284	0																	
8	28190	4.38323	0																	
147	41045	4.63878	5	37753	0.02117															
740	38098	3.25792	1																	
429	38607	4.76466	0																	
813	25993	4.80409	0																	
340	25507	4.60356	0																	
567	24749	4.37385	0																	
55	38840	2.80618	0																	
594	25068	4.26899	1	21492	0.01445	21098	0.01172	22452	0.00524	414	0.02320									
848	41915	4.47375	0																	
503	38341	5.00000	4																	
867	32458	3.99712	0																	
889	39868	4.39259	0																	
162	20184	4.24229	0																	
291	32603	4.29985	0																	
896	31235	4.74020	3																	
47	32177	3.10630	3																	
81	27752	4.68654	3																	
98	37736	4.74494	0																	
647	22862	4.05496	0																	
514	38654	4.22415	3																	
861	22436	5.00000	2																	
353	37263	4.08511	2																	
93	31758	4.04942	3																	
857	34392	3.55456	1																	
558	20361	4.45180	3	26042	0.02633					465	0.04088									
700	21594	3.21122	0																	
42	39015	2.94371	0																	
976	31515	3.86163	0																	
594	33776	4.54802	0																	
478	38318	4.52452	0																	
424	37926	4.31480	0																	
56	36839	5.00000	0																	
161	23447	4.42199	0																	
488	25358	4.15994	1																	
124	24078	4.57253	5																	
317	29886	4.41531	0																	
320	21554	4.44142	3																	
951	43604	4.48820	0																	
16	25567	4.74985	0																	
202	31303	3.52111	0																	
83	33168	4.51375	0																	
741	24114	4.76963	0																	
343	30973	5.00000	2																	
448	36498	4.28590	0																	
848	23841	3.69831	1	23839	0.11264	23840	0.10223	24624	0.08864	916	0.02009									
402	33715	4.93951	0																	
559	23882	4.88811	5																	
837	40447	4.39006	2																	
813	32474	4.81653	0																	
598	35919	4.38918	0																	
491	29717	4.60497	0	37043	0.00923	25259	0.00822	40745	0.00734	14	0.07571	292	0.07537							
645	29914	2.82440	0																	
82	27307	4.32152	0																	
101	43079	4.18257	0																	
661	31886	5.00000	0																	
13	24493	5.00000	3	25093	0.00399					81	0.07919									
174	24465	4.49150	2																	
479	32897	4.59994	4																	
601	37533	4.26386	0																	
576	25427	4.65146	0																	
146	26305	4.77209	0																	
385	25514	4.28719	0																	
8	33165	4.35490	0																	
83	29996	4.69269	3																	
592	25040	5.00000	6	21099	0.00439					758	0.01158	340	0.00684							
303	33608	4.57213	1																	
442	22048	4.72123	0																	
266	25516	5.00000	0																	
654	41756	4.61968	0							514	0.03504									
891	21922	4.37432	0																	
887	36868	4.62483	0																	
309	21505	5.00000	3							424	0.00599									
569	28224	4.73116	0																	
142	40306	3.60692	1	40745	0.00980					889	0.06786									
262	37880	3.63359	0																	
546	36609	4.82810	1																	
340	36971	4.59031	0																	
594	23399	4.66672	6	21492	0.04005	24147	0.00710	23403	0.00553	340	0.02638	810	0.00393							
394	24317	4.98670	3																	
534	37491	4.73530	0																	
641	29925	4.64902	0																	
664	27465	4.45540	0																	
145	36707	4.51290	0																	
680	36111	4.55538	0																	
192	38278	4.80060	0																	
760	22620	4.96910	5							227	0.01021									
986	22719	3.85171	1	22729	0.08614					835	0.08589									
567	30939	3.09493	4																	
393	38345	4.33996	0																	
340	38217	4.52362	0																	
544	21140	4.54340	0																	
117	31033	4.67363	0																	
604	22341	4.64087	3																	
497	33241	4.76097	1																	
135	23327	4.55209	0																	
813	25331	4.82308	3	23232	0.02372	32084	0.01924	25040	0.00267	486	0.03376	366	0.01460	768	0.00811					
81	21035	4.90363	4																	
557	25365	4.54618	1																	
252	26894	4.86906	0																	
56	43127	4.44862	0																	
743	40386	5.00000	3							882	0.02352									
152	29180	4.24047	0																	
952	31661	4.37868	0																	
848	24592	4.79936	2	24589	0.01224					340	0.02483									
396	42527	2.64241	0																	
414	40244	4.54387	0																	
81	21036	4.55130	0																	
848	23930	4.55477	2																	
142	33738	3.46580	4																	
585	37996	4.62654	0																	
394	33715	5.00000	0	21429	0.11243					846	0.31841	424	0.01917							
542	33638	4.24113	0																	
584	21254	2.79301	0																	
911	33412	4.24666	0																	
59	25086	4.14303	1	24460	0.02853					13	0.02962									
490	42600	4.72450	1																	
979	38986	4.61936	3																	
561	22417	4.55346	0																	
718	36068	4.79112	0																	
340	23928	4.84085	0																	
631	29975	5.00000	1	31876	0.13368	26043	0.01758			796	0.16567									
741	37436	4.82002	6	37519	0.02778					524	0.13863									
424	42113	3.37894	0	39850	0.08911	24071	0.01176													
361	25331	4.74361	3																	
505	22979	4.54440	0																	
604	37071	4.39951	1																	
175	23923	4.23760	0																	
188	30147	4.89902	3																	
795	29851	4.45303	0																	
652	41943	4.62526	0																	
264	32385	4.46893	2																	
793	40761	3.73812	3																	
960	38046	4.17146	0	37564	0.06586															
340	29717	4.75151	0	22554	0.01728					14	0.01577									
823	34048	4.91008	4																	
473	25069	2.80542	5																	
64	40937	4.91350	4																	
120	28807	5.00000	3																	
724	37758	2.32440	5																	
505	30096	4.63316	0																	
110	34587	4.46803	4																	
964	41943	3.59052	0																	
340	23859	4.54242	0																	
811	39598	3.98685	0																	
137	29685	4.46930	4	24656	0.01841					105	0.04505									
554	41297	3.99113	3																	
292	38098	3.61717	1	41086	0.02767	25259	0.01050	35748	0.00821	882	0.06968	408	0.03438	889	0.01925					
848	34878	4.37216	0																	
653	39598	4.08805	0																	
195	32674	4.67737	4							879	0.24172									
401	36290	4.11958	0	35748	0.05083	20328	0.02694													
277	20444	5.00000	0																	
897	32133	4.39129	0																	
250	21254	4.66486	0																	
984	25158	3.83055	0																	
923	26526	4.67927	2																	
181	23841	4.12957	1																	
805	29955	4.01449	0																	
70	22168	4.96975	0																	
602	21522	4.32778	5	25331	0.05138															
853	30748	4.93768	3	30672	0.06310	30147	0.03018			153	0.04858	228	0.02154							
920	25639	4.12404	0																	
973	34352	4.50697	0																	
911	36309	4.35940	0																	
218	23113	4.86204	2																	
631	35549	4.89543	2																	
848	35393	4.74390	1																	
505	31817	4.67476	0																	
181	29217	4.84414	0																	
231	24606	4.70527	0																	
741	30042	4.71377	0																	
575	22583	3.94181	1																	
340	40153	4.78221	0	25791	0.09293	26076	0.05501			544	0.02586									
340	20674	4.41039	4	21492	0.01238															
314	42948	4.57683	0																	
503	36480	4.86888	0																	
882	33787	3.17013	6	37673	0.01708					643	0.03551									
417	36694	4.85685	0																	
848	37417	4.53478	0																	
282	29455	4.82468	0																	
571	21599	4.89045	1	24435	0.12546	24896	0.12294			78	0.24473									
386	22704	3.88842	0																	
20	24323	5.00000	3	23769	0.01112	22620	0.00549			55	0.01513									
105	24776	5.00000	2																	
882	23231	3.45613	3	23871	0.01693					569	0.05097									
162	23631	4.33225	0																	
824	27969	4.19724	0																	
4	31007	4.57874	0																	
468	25791	5.00000	0																	
585	35437	4.36500	0																	
380	42487	4.11218	0																	
491	37876	3.72049	0	34192	0.03789					107	0.03017									
29	24579	4.35580	4	25306	0.01681	21979	0.01032			381	0.05221	682	0.04823							
21	38081	3.07104	3																	
567	23852	3.82970	1							103	0.01603									
361	35483	4.69075	0																	
530	36906	3.37610	0																	
430	31462	4.72430	0																	
514	43088	3.12873	0	32109	0.12022															
484	33925	3.29249	6																	
648	34418	4.09735	0																	
575	25807	4.20637	0																	
983	24288	4.60637	0																	
133	42564	4.67772	0																	
241	37276	4.41934	0																	
747	36319	4.66787	0																	
649	23646	4.66659	0																	
934	32308	4.62019	4																	
761	42019	4.49794	0																	
703	23337	4.51500	0																	
858	37758	4.94003	5																	
679	21222	4.57721	2																	
522	28511	4.27993	0	26527	0.01491					330	0.05785									
716	40506	4.00990	0																	
180	26167	4.12214	0																	
882	26065	3.98599	0																	
188	30672	4.03202	5																	
514	43298	4.20327	0																	
965	24729	4.96279	2																	
841	23538	4.88711	0																	
367	41086	4.11117	0							292	0.01105									
100	22003	4.72531	2																	
207	23244	3.48828	0																	
114	29963	4.67944	2																	
659	41295	4.03205	0																	
491	31903	4.68974	1	34192	0.03191	40745	0.00883	25259	0.00880	889	0.04613									
501	34707	3.89069	3																	
911	39523	4.45187	0																	
254	32839	3.33742	0																	
209	36806	4.07058	0																	
569	21538	4.95853	6	20374	0.11961	23173	0.09076	20368	0.03607	465	0.34763									
874	22709	4.64743	0																	
523	42545	3.38182	0																	
530	29684	3.51068	2	34350	0.08737					382	0.03146	58	0.03110							
514	42114	3.75234	0	22703	0.12241															
141	35850	3.83510	0																	
424	36076	4.76733	0	24071	0.05487	24012	0.04130			514	0.04897	342	0.00992							
641	25824	4.91998	1																	
945	33786	3.95909	2																	
418	28821	5.00000	0																	
306	41047	1.57907	0																	
701	22476	5.00000	0																	
925	23221	2.78154	0																	
428	41460	4.58176	6	38315	0.06678															
254	29970	4.86496	5	21531	0.03207					160	0.02602									
613	28502	4.78264	0																	
836	31472	4.07187	0																	
967	24252	5.00000	3																	
338	25270	4.61646	0																	
212	36349	4.97082	0																	
766	41549	4.69050	0																	
643	32499	4.51215	0																	
840	36939	4.46851	3																	
578	35438	3.87717	3																	
411	38531	3.74490	2	35942	0.08501					625	0.12603									
121	21091	5.00000	0																	
82	24424	2.95392	0																	
136	40640	4.86085	0																	
376	25331	5.00000	3																	
922	27386	4.43879	0																	
514	21372	4.15920	0																	
570	25360	4.12622	0																	
319	32565	4.23762	0																	
167	34791	4.82366	5																	
591	29685	4.30022	4	24656	0.01841					105	0.07948									
648	37943	3.96164	0																	
107	35729	4.42860	0																	
414	29217	4.41247	0																	
50	22374	4.93189	0																	
546	36207	4.84476	0																	
541	31688	4.50036	0																	
854	35348	4.78074	0																	
741	24675	5.00000	5																	
336	36275	3.18817	1																	
472	28135	5.00000	4																	
388	36839	4.86591	0																	
848	25805	4.47846	0																	
820	35866	4.61921	6																	
68	32044	4.83370	0																	
340	23327	4.64179	0																	
740	30281	3.49545	2																	
360	42527	4.92459	0																	
29	40949	4.44008	0																	
934	37308	4.75543	0																	
227	37297	3.19763	5	21531	0.01194					446	0.01593	142	0.01365	594	0.00774					
983	23480	4.50684	0																	
848	32294	4.42701	0																	
550	38926	5.00000	1																	
81	34703	4.64016	0																	
441	26043	4.51882	5							424	0.01446									
326	24962	3.32987	6																	
254	24749	5.00000	0																	
407	38415	4.20766	0																	
230	24697	4.71706	0																	
81	25451	4.22342	3																	
649	30049	4.58903	0																	
386	24272	4.21019	6	28227	0.03902					440	0.09173	848	0.01481							
137	24666	5.00000	2	22620	0.01496					471	0.01339									
972	39567	3.39441	0																	
525	37543	4.01551	0																	
264	31007	4.24665	0																	
388	41111	4.16754	0																	
128	40918	4.88285	0																	
659	30662	4.00089	0																	
283	28817	3.59533	4	28401	0.03694	41234	0.02737	29686	0.02733	624	0.08688									
250	23560	4.30810	1																	
746	29674	4.84292	0																	
160	37290	3.15038	5	37266	0.06111	37297	0.05434	34791	0.01873	92	0.08352									
514	40438	4.18521	0																	
13	30537	4.31527	3	25093	0.05419	25903	0.00869			81	0.07919									
863	22440	4.53523	2	28026	0.04293					567	0.03920									
72	34284	4.83747	0																	
982	34897	4.34092	0																	
431	29263	4.31293	0																	
624	33077	4.86875	2																	
811	33455	4.65691	4																	
783	42972	4.53723	4																	
93	24479	4.55623	0																	
340	25870	4.56598	0																	
468	35610	4.70634	0																	
92	29012	5.00000	0																	
861	32489	4.61759	0																	
790	24666	5.00000	2																	
591	22553	5.00000	1																	
705	24078	4.69565	5	30672	0.08107					228	0.05378	382	0.02398							
157	33854	4.64361	0																	
295	31459	5.00000	0																	
581	32192	4.34797	0																	
668	21262	5.00000	3																	
26	34476	4.65079	0																	
303	34551	4.63661	0																	
326	30273	3.68100	0																	
162	23959	4.17279	2																	
301	21337	4.91355	0																	
384	21592	4.96730	0																	
181	27782	4.88448	0																	
925	37642	3.78070	1							23	0.18454									
505	22976	4.62863	0																	
787	28253	4.56981	0																	
354	43105	5.00000	0																	
283	21870	4.48210	0																	
292	25031	4.51548	1	32677	0.02676	23993	0.02458	37043	0.01514	231	0.09833	491	0.07537	14	0.02633					
910	27414	4.84806	0																	
980	39535	4.48994	2																	
853	27944	4.75233	0																	
362	29216	4.54355	0																	
70	41256	4.85137	0																	
863	21049	4.09162	0																	
206	21302	4.50747	0																	
902	23492	4.82651	0																	
774	38535	4.55882	0							514	0.01360									
545	23259	4.69340	3																	
514	37300	4.14919	0																	
151	22129	4.32153	0																	
882	22190	3.99250	1																	
884	20188	5.00000	5																	
330	24295	4.12483	0	24589	0.00480					848	0.05986									
904	39098	4.03259	0																	
676	26645	4.12537	4																	
514	35994	4.17088	0																	
72	34518	4.77624	0																	
149	38908	4.63527	0																	
793	25040	4.37994	6							741	0.07548	594	0.02038							
584	24761	2.30233	3																	
573	31828	4.30147	2																	
448	32749	4.34648	0																	
303	26075	4.73842	0																	
478	41272	4.58097	1																	
283	37453	4.45181	0																	
357	25360	4.78770	0																	
676	22709	3.98945	0																	
388	24434	4.10872	0																	
505	22158	4.52465	0																	
42	37758	4.14421	5																	
598	34661	3.63950	1	35906	0.04026					62	0.02453									
529	25004	5.00000	0																	
415	40919	4.41564	0																	
514	40097	3.95237	0																	
822	38651	4.82201	1	39516	0.04473					153	0.08842									
490	39857	4.25903	3																	
866	31430	4.08728	0																	
860	38437	4.83452	0																	
709	21917	5.00000	3	37259	0.01036					891	0.03367									
438	32308	4.34510	4																	
398	36811	4.80292	0																	
708	34783	4.78447	0																	
181	31204	4.80741	0																	
8	22459	4.32285	0																	
347	41921	4.58958	0																	
759	33102	3.53638	0																	
107	33048	4.30262	0																	
430	24761	4.55686	3																	
930	24372	3.32189	0																	
989	28173	4.39803	0																	
574	36946	4.17154	4																	
749	28501	4.73738	0																	
815	35338	4.01280	0																	
948	39181	4.63527	0																	
618	30748	4.00068	3																	
143	33990	4.57547	0																	
669	23448	2.88391	0	23370	0.04066					410	0.09689									
982	33206	3.88996	4																	
541	32382	4.74207	4							782	0.22717									
218	28250	5.00000	5																	
464	25229	4.40362	0																	
813	34045	5.00000	2	33220	0.02141					763	0.01230									
699	42505	5.00000	0																	
55	24656	4.45171	4	22620	0.02914	35438	0.00554			891	0.03354	137	0.02156							
188	26753	4.46027	0																	
223	23184	4.84523	6																	
945	25334	4.64072	1																	
959	28309	3.86794	0																	
553	21221	4.83919	3																	
340	24655	4.02555	3	22164	0.06015	23688	0.02479													
696	24579	4.84865	4																	
873	28044	4.76695	1																	
570	25883	4.16734	0																	
105	26645	4.69664	4	24650	0.02480					792	0.02824									
357	27709	4.82001	0																	
882	28126	3.63408	4	31462	0.05760	31026	0.02703			879	0.05586									
2	29773	2.85586	0																	
812	29767	4.96875	0																	
341	23835	4.62856	2																	
576	32210	4.40652	5							424	0.01315									
880	30862	4.82642	5																	
340	20301	4.61077	0																	
526	36441	5.00000	0																	
514	39806	4.23949	0																	
505	20707	4.54267	0																	
607	35936	4.77573	0																	
606	26237	3.85615	0																	
195	33246	4.51515	0																	
407	37898	3.26266	0																	
880	43205	4.32205	0																	
570	43738	4.26358	0																	
741	20677	4.76066	0																	
146	25269	4.49821	2	25065	0.10936					430	0.00380									
777	37576	4.29221	0																	
410	35801	3.93748	0																	
893	35316	4.52194	0																	
933	37065	4.63718	0																	
760	21237	4.51350	0																	
987	20885	4.25079	0																	
774	23339	3.99996	0																	
533	24530	4.47045	0																	
432	35317	4.39070	0																	
567	32793	4.09864	0																	
880	27053	4.54289	3							248	0.18385									
493	32481	4.25022	0																	
480	20068	4.43300	0																	
550	33039	4.84903	5																	
661	22656	4.48526	6																	
962	23197	4.75479	0																	
811	36892	4.38885	0																	
575	30553	4.40600	0																	
87	39595	3.80826	1	39337	0.00447					811	0.13782									
613	25899	4.86255	0																	
59	41603	4.14341	0																	
651	24674	5.00000	3																	
644	21240	4.71304	0																	
194	36856	3.97129	0																	
681	22584	4.90902	2	32116	0.02926					649	0.06026									
227	28457	4.11723	0																	
175	26610	4.21989	0																	
206	29716	4.50261	0																	
587	22173	4.68284	0																	
89	33738	4.29084	4	37187	0.29985					512	0.05078									
889	43114	4.18025	6																	
401	29996	4.26294	3																	
291	31558	3.57212	0																	
793	30732	3.95236	0																	
529	36296	5.00000	0																	
710	24071	4.53416	5	24137	0.04662					38	0.02252	424	0.00882	171	0.00709					
393	37043	4.35754	0																	
893	33477	4.87035	3																	
400	23477	4.24632	0																	
816	27374	4.90900	0																	
385	25376	4.17440	0																	
664	34137	4.69639	0	24237	0.06913					846	0.12004									
312	31057	4.68117	0																	
202	20490	3.60556	0																	
954	34266	4.66409	0																	
485	23434	4.33243	1																	
544	31243	4.40695	0																	
806	35884	4.97164	0																	
567	32546	3.65790	0							833	0.03030									
540	35589	4.78489	0																	
882	20055	3.81260	3							569	0.05097									
278	22371	4.89888	5	21098	0.00334					594	0.00422									
26	36584	4.66907	0																	
105	24695	4.76014	2																	
696	40572	4.29303	2																	
212	29679	5.00000	0																	
471	38908	4.48453	0	36930	0.02621					864	0.02073									
594	22412	4.74222	1																	
594	36967	4.71174	0	37297	0.00222					514	0.01620	504	0.00601							
514	44018	4.13065	0																	
922	37251	4.40903	0																	
30	26313	5.00000	4																	
36	30455	4.27409	0																	
913	22440	4.43600	2																	
6	30367	4.29641	0																	
416	24457	4.81153	2																	
349	32187	4.94255	1																	
269	24344	4.60885	0																	
501	25273	3.89765	0																	
548	25426	4.27514	0	25427	0.06213					82	0.33944	81	0.04181							
531	39032	4.79636	0																	
882	40529	4.05687	0																	
81	24522	4.54574	0																	
811	39213	4.31391	0																	
230	33540	4.75148	3																	
390	27795	4.71169	0																	
11	24012	3.97222	3							695	0.08696	832	0.04025	38	0.03211					
763	37785	4.02402	0	37880	0.06791					315	0.01096									
208	26233	1.64852	4																	
521	23403	4.21476	3	32579	0.00308					594	0.04334									
904	39424	3.89868	0																	
168	26695	4.83514	1																	
299	25595	4.06776	0																	
873	24808	4.64697	0																	
792	23852	4.67746	1																	
505	28782	4.32224	2																	
667	23419	4.73946	0																	
340	24803	4.61717	0																	
518	25700	4.28405	4	25703	0.08902					32	0.52874									
64	24432	4.81574	0																	
472	26348	4.11666	0																	
89	36491	4.62723	4	36186	0.08132	36402	0.07682	37187	0.02612	815	0.20483									
741	20139	4.78954	0																	
216	38757	4.80017	0																	
792	26128	4.41160	4																	
911	43611	4.31864	0																	
547	30796	4.91484	1																	
407	37857	4.11535	0																	
828	21901	4.37976	0																	
313	23450	5.00000	5																	
19	31462	4.68077	0	32220	0.09420	31026	0.03554			590	0.10394	882	0.01626	879	0.01478					
85	31002	4.81003	5																	
429	24656	5.00000	4	24624	0.03268					137	0.02585									
703	24611	4.63823	0																	
141	26331	3.96338	0																	
514	42161	3.90746	4	42115	0.05101	41097	0.00892			951	0.02490									
243	43001	1.69930	0																	
373	38626	4.84985	0																	
115	24530	4.54668	0																	
340	25548	4.76537	1																	
741	37533	4.74564	0																	
301	29936	4.97971	0																	
523	23321	3.33330	0																	
713	21130	3.60919	0																	
340	23246	4.65202	0																	
728	42057	4.33763	0																	
230	28478	4.83764	0																	
569	20355	4.83655	0																	
196	23113	4.68640	2																	
851	31987	3.84217	5																	
477	36408	3.65317	2																	
848	22476	4.63811	0							676	0.03931									
750	38852	3.49828	6																	
48	23470	5.00000	0																	
387	26673	3.46412	0																	
478	35326	4.48171	0																	
504	36735	2.94025	6																	
579	32394	4.60255	0																	
595	43658	4.85602	0																	
570	22439	3.74764	0	24287	0.02044					340	0.09037	97	0.04523							
490	37297	3.95338	5							142	0.01444	92	0.01190	160	0.01114					
295	26271	5.00000	5																	
860	25031	4.98606	1	30833	0.04493	37043	0.01514	25063	0.01307	14	0.06873	491	0.06356	231	0.03059					
283	40037	4.42561	0																	
181	24147	5.00000	6	25040	0.00640					340	0.01229	813	0.00512							
137	27025	5.00000	1																	
275	20057	5.00000	3																	
746	36665	4.89231	0																	
944	24045	4.91691	0																	
317	23852	4.56467	1	26345	0.04033					103	0.11674									
81	39470	4.62507	0																	
412	27969	4.50987	0																	
882	38674	3.95139	0																	
497	32655	4.57088	0																	
168	27011	4.85272	0	37138	0.00601					55	0.06980									
471	40584	4.60433	3																	
983	31512	4.58224	0																	
303	39597	4.13801	0																	
218	23769	4.86195	0																	
954	29955	4.48423	0																	
501	20010	4.50151	0																	
230	25550	4.71886	0																	
72	30636	4.30512	0																	
906	40231	4.53796	0																	
311	21280	5.00000	5																	
340	23326	4.55891	0																	
236	39304	4.47287	0																	
334	31002	4.58303	5																	
340	24823	4.60728	0																	
505	20709	4.58917	0																	
491	38098	3.63378	1	40745	0.02735	25259	0.01050	34192	0.00376	889	0.04613	882	0.01925	408	0.01622					
115	22660	4.92985	1																	
388	30982	4.16082	0																	
478	34354	4.39933	0																	
321	20137	4.70196	0																	
322	22264	5.00000	1																	
330	26530	4.15753	3							248	0.04274									
794	26103	4.79382	0																	
705	29684	4.02926	2	30672	0.03307					382	0.02398									
577	24932	4.26251	3																	
974	30472	4.73777	0																	
594	22445	4.98297	4																	
963	39200	4.87863	1																	
466	37896	4.24869	0																	
80	25626	4.40105	4																	
841	23567	4.84342	0																	
576	24252	4.32083	3																	
141	35249	3.80428	0																	
795	36478	4.29912	0																	
863	21272	4.36269	4																	
341	34205	4.62055	0																	
182	29421	4.31519	0																	
222	29579	4.79314	0																	
527	24131	4.42502	0																	
779	24820	4.58078	0																	
53	23657	3.51380	6																	
237	38080	4.72038	2																	
888	30520	4.55618	0																	
6	36900	4.29294	6																	
31	31026	4.77055	2																	
721	40712	4.14022	0																	
547	28109	5.00000	5																	
747	31843	4.65756	0																	
813	34571	4.79448	0																	
664	26276	4.42105	0																	
264	34762	4.03083	1																	
789	23335	4.50641	4	24650	0.00559					410	0.01285									
142	40257	3.81317	1																	
811	39695	4.37152	0																	
356	23852	4.18247	1																	
414	24985	3.84955	0	22452	0.02253	21098	0.00643													
713	37073	2.78803	2							471	0.03752									
475	23874	4.52300	0																	
456	28026	4.83669	0																	
505	21944	4.54676	0																	
704	23965	4.55974	0																	
332	27029	4.68599	0																	
774	43431	4.02802	0																	
337	31976	4.69321	0																	
928	30790	4.77113	0																	
324	24334	4.88534	0																	
580	34839	4.15979	5																	
478	38016	4.52367	0																	
77	37737	4.21748	0																	
761	34888	4.60665	0																	
811	20011	4.27816	3	39337	0.17910					87	0.13782									
961	38059	3.71818	0																	
893	33907	4.50630	0																	
773	31136	4.79728	0																	
554	35779	4.16289	0																	
397	23670	3.79355	1																	
514	30228	4.22731	0																	
664	32546	4.16411	0																	
741	22070	4.74332	0																	
569	26056	4.67924	0																	
797	31445	4.48815	0																	
144	24749	5.00000	0																	
531	32692	4.77596	0																	
19	20056	4.25196	0																	
180	28523	4.16296	0																	
266	41253	4.73420	0																	
953	42756	4.77364	0																	
485	23483	4.32867	4																	
230	27464	5.00000	2																	
538	23166	4.14117	0																	
213	30399	5.00000	1																	
811	36001	4.35907	0																	
337	23239	5.00000	3																	
374	38052	3.76462	0																	
570	23511	4.07271	4																	
107	39787	3.90862	1	41075	0.09800	34192	0.02550			889	0.03935									
873	24887	4.60480	0																	
195	32905	4.37771	0																	
26	35586	4.70859	0																	
835	34987	4.26680	0																	
648	20366	3.99861	0																	
699	22552	5.00000	2																	
918	21292	3.77125	0																	
28	43264	3.75111	0																	
436	28925	3.98423	0																	
81	22538	4.61558	0																	
807	24696	4.54434	1																	
888	30361	4.66197	0																	
81	24517	4.55738	0																	
535	21969	4.14963	0																	
279	35692	3.97246	6																	
265	24532	4.73812	6																	
325	26645	4.47967	4																	
328	37297	4.53211	5																	
507	39053	4.00246	0																	
323	43127	4.01914	0																	
468	25278	5.00000	1																	
18	23478	3.81020	0																	
613	40554	4.80213	0																	
49	24761	4.79966	3	24254	0.11684					998	0.12164									
745	39331	4.82342	0																	
741	30313	4.75255	0																	
26	37318	4.69255	0																	
513	32385	4.08522	2							655	0.07131									
478	35363	4.50992	0																	
59	40585	4.10814	0																	
494	29996	5.00000	3																	
880	27026	4.28701	0																	
848	25637	4.32019	4							340	0.02483									
81	38908	4.45596	0	34107	0.11508	32109	0.08299	24347	0.00902	908	0.04331	181	0.02847							
886	25979	4.70214	0																	
93	24391	4.25749	0																	
478	39849	4.43007	0																	
994	36420	3.97725	0																	
514	41163	4.16110	0																	
246	26779	4.39310	0																	
133	23137	4.68162	0																	
283	24339	4.52959	5																	
534	22421	5.00000	2	27460	0.10013					240	0.35141	522	0.11899							
117	20389	4.57764	0																	
664	30243	4.65282	1																	
269	29845	4.63752	0																	
538	28072	4.20203	0																	
283	24361	4.82342	6	24646	0.00485	29686	0.00365	21492	0.00231	813	0.03701	340	0.03466							
424	24137	4.24552	0	24071	0.04662	24012	0.04036	37474	0.02845	38	0.03911	171	0.01619	695	0.01396					
544	31088	4.47631	0																	
491	23210	4.53200	6																	
911	36442	3.62058	2																	
618	35489	4.34593	5	38169	0.01843					38	0.08815	344	0.04468							
886	25985	4.66412	0																	
676	22670	4.03512	0																	
115	25231	4.51574	0																	
453	25500	4.26922	0																	
514	33357	4.11108	0																	
787	27210	4.51492	0																	
774	38332	3.91419	0																	
619	37620	4.06604	0																	
760	23349	4.63716	0																	
615	37290	3.13773	5	37049	0.06646	37876	0.01309			92	0.02775									
909	31277	4.22956	0																	
905	32223	3.92463	1																	
875	30862	4.69014	5																	
4	22727	4.74556	5																	
189	38396	4.50200	3																	
938	23600	4.72976	4																	
175	21221	4.05047	3	22452	0.02166					414	0.03283									
758	24252	4.21755	3	28874	0.06600					120	0.10939									
881	33512	4.33924	0																	
294	34687	4.04194	0																	
365	30147	5.00000	3							866	0.13598									
37	36275	4.10258	1																	
573	21269	4.27580	6																	
424	39105	3.39466	0	35253	0.09610	37793	0.05741													
248	25240	5.00000	0	25331	0.05920					827	0.01716	343	0.01277							
338	33121	4.42106	4																	
490	26635	4.63534	1																	
556	26637	3.51995	1																	
81	24538	4.50677	0																	
289	27543	4.86007	0	28864	0.01202					574	0.14431									
347	42777	4.71456	0																	
84	26042	5.00000	6	26043	0.02141					401	0.00940									
501	24263	4.93260	1																	
36	40961	4.20260	0																	
299	25654	4.60739	0																	
377	30993	4.53909	0																	
980	39205	4.35302	0																	
875	39422	4.17983	0																	
620	39102	4.37508	0																	
511	36875	3.48513	0																	
514	40847	4.17663	0																	
488	32210	4.37105	5	25331	0.01266					694	0.00391									
110	41672	5.00000	0																	
65	22384	4.69887	4																	
538	26377	3.75325	5																	
838	43564	4.78066	0																	
340	23240	4.56959	0																	
478	36844	4.44766	0																	
570	25770	3.71803	0																	
330	24442	4.56890	2	26527	0.03641					522	0.05785									
630	21381	4.89196	0																	
70	32672	4.86838	0																	
559	24257	5.00000	6	29914	0.20339					809	0.48414									
798	43897	4.68640	0																	
654	41576	4.30538	0																	
135	23325	4.64476	0																	
167	32600	4.83455	0																	
424	40682	4.54384	0	39384	0.01308					142	0.01344	490	0.00460							
741	20141	4.71113	0																	
252	27659	4.84094	0																	
204	23280	3.99846	0																	
659	28662	4.01691	0																	
842	36509	4.46543	0																	
447	37758	4.15074	5																	
312	30972	4.68249	0																	
13	21033	4.85129	3							81	0.07919									
439	22296	5.00000	6																	
14	22605	4.72476	0																	
973	43318	4.54235	0																	
963	23769	5.00000	0							55	0.02868									
14	23350	4.74323	0																	
628	37065	4.58828	0							982	0.04805									
102	38517	4.67093	0																	
107	28007	4.30719	0																	
456	28388	4.52908	0																	
471	35697	4.74187	6	40912	0.05342	39535	0.03142	25262	0.01030	577	0.05902	227	0.04001							
0	36819	4.53243	0																	
145	23684	4.54578	0																	
811	21099	4.62784	2							340	0.00711									
514	44006	4.21517	0																	
207	41511	3.75143	5							594	0.08161									
865	43144	4.55359	0																	
363	27960	3.97383	0																	
594	37143	3.86077	0																	
524	41402	4.85433	0																	
407	35777	4.13564	0																	
514	39652	4.15440	0																	
604	20792	4.66244	0																	
397	36480	3.94579	0																	
856	21729	4.71519	0																	
811	38559	4.29634	0																	
538	25661	4.25754	0																	
994	37881	4.18331	6																	
248	22356	4.46227	0																	
966	26449	4.21771	0																	
173	25663	5.00000	0							340	0.02988									
810	39277	4.94601	0																	
124	30672	4.25307	5																	
168	21061	4.86272	0							514	0.01900									
160	37178	4.06332	5							307	0.01880									
531	28936	4.77225	0																	
735	36245	4.47115	0																	
397	20063	3.74394	6							654	0.12766									
985	27806	4.59785	0																	
786	41731	5.00000	2																	
19	20356	4.40013	3																	
355	26636	4.63212	3																	
274	35144	4.56075	0																	
448	24258	4.11273	0																	
81	29879	4.55212	0																	
741	20097	4.75624	0																	
293	34557	5.00000	2																	
82	20029	4.48033	0																	
435	29509	4.82608	0																	
729	38304	4.17849	0																	
322	31554	4.17058	0																	
425	22565	4.46194	0																	
113	23126	4.57955	0																	
360	41086	5.00000	0																	
882	41837	3.66479	5																	
143	38951	5.00000	5																	
283	23275	4.39505	0																	
721	28228	3.35622	0	28468	0.01657															
744	36502	4.40880	0																	
955	39062	3.50263	0																	
611	31385	4.67752	4																	
6	37569	4.32000	0																	
741	21376	4.73006	0																	
283	21099	4.73364	2	21492	0.00981					340	0.03466	758	0.00849							
541	29762	5.00000	0							340	0.00155									
522	22356	4.13818	0																	
14	23390	5.00000	5																	
107	24076	4.35217	0																	
602	24447	4.93204	0																	
873	22814	4.66864	0																	
120	35965	5.00000	2																	
567	34540	4.13034	2																	
634	39633	4.87856	0																	
547	26072	4.93887	2																	
347	26311	5.00000	0																	
391	21441	5.00000	0																	
570	25072	4.06794	0																	
407	38892	4.13910	0																	
648	38369	3.99340	0																	
448	33684	4.21468	0																	
283	24338	4.26174	1	28401	0.08877	21492	0.00322	22524	0.00246	918	0.04629	340	0.03466							
546	34477	4.78245	0																	
576	21253	4.19408	0																	
330	31131	4.27534	4							181	0.00725									
825	34587	4.51595	4																	
153	42447	4.33260	0																	
563	37764	4.32707	0																	
803	38625	5.00000	4																	
912	43597	4.79334	0																	
978	36490	4.05529	0																	
725	41199	4.53362	0																	
340	20302	4.56258	0																	
778	26382	4.53503	6																	
763	21275	4.03322	0	34551	0.03795	34627	0.00654			94	0.11259	334	0.03382	628	0.02634					
831	24256	3.97802	0																	
527	37826	4.64256	0																	
352	23215	5.00000	3																	
527	40456	4.02357	0																	
992	23481	2.36267	1																	
70	21974	4.86643	0																	
462	41313	4.62009	0																	
321	37436	4.84250	6																	
22	23246	4.83976	0																	
980	40967	4.32556	0																	
969	41684	3.80368	0																	
194	37419	3.92866	0																	
173	40681	4.69654	0																	
622	38239	4.13822	0																	
102	34733	4.68120	0																	
397	39557	3.92955	0																	
563	37168	4.31790	0																	
354	40759	4.73310	0																	
538	23430	4.23612	5																	
588	33621	4.33281	0																	
340	25071	4.82342	0	21098	0.00932					832	0.00343	741	0.00265							
610	31648	3.55126	0																	
719	38316	4.69539	0							514	0.00245									
81	25421	3.96556	0	25427	0.13903	34107	0.09214	25426	0.05474	82	0.05972									
969	37776	4.33454	2																	
64	34512	4.56340	0																	
460	22490	4.78123	0																	
424	39894	4.37121	0																	
70	36594	4.90307	0																	
13	21098	4.86876	6	25089	0.01534	22452	0.00159			594	0.07186	414	0.05388	340	0.00821					
538	27365	4.11667	0																	
514	30668	4.20156	0																	
569	37261	4.94270	4																	
644	21238	4.89746	6	27543	0.02740					574	0.02915									
26	24210	4.74135	0																	
4	27892	4.49831	0																	
227	25369	3.94102	2	22620	0.01440	24650	0.00752	25262	0.00499	471	0.04001	678	0.01297	55	0.00748					
188	27493	4.54769	0																	
860	25056	4.75657	0																	
601	42062	3.86777	2																	
697	39286	4.08171	0																	
340	38406	4.91169	5	23403	0.03148	24147	0.01003	21098	0.00799	594	0.02638									
271	35542	4.24861	0																	
26	32621	4.64972	0																	
697	42329	4.19110	0																	
26	36928	4.68145	0																	
99	33015	3.58240	0																	
298	28426	3.62028	0																	
387	26720	3.44911	0																	
851	30281	5.00000	2																	
274	35610	4.48870	0																	
812	21272	5.00000	4																	
341	28965	4.65338	0																	
640	30709	5.00000	6																	
215	24071	4.48146	5	24012	0.09630	34266	0.00160			342	0.04376	38	0.01431	424	0.00655					
505	24269	4.64061	0																	
937	23348	5.00000	4							397	0.11111									
763	23364	3.76289	0																	
665	25034	4.68099	0																	
531	30465	4.72696	0																	
142	37663	2.85319	1																	
702	42292	4.82957	0																	
244	42305	4.53296	4																	
340	22592	3.64036	0	22452	0.02167	21624	0.00919	24272	0.00662											
319	30410	4.37487	0																	
910	21285	4.77599	0																	
336	34897	4.07168	0																	
687	39791	4.89309	0																	
397	23396	3.73355	4							492	0.27765									
570	25879	4.42138	6	25812	0.00984	25791	0.00871	29762	0.00794	340	0.09037									
385	21572	4.16495	0																	
500	23240	3.73666	0																	
59	41298	4.33553	0																	
82	32933	4.46727	0																	
891	37202	4.39550	0																	
14	22528	4.73453	0																	
179	27367	4.05213	0																	
958	31663	4.10358	0																	
358	23357	4.54301	0																	
648	37880	3.24519	0																	
223	22655	4.51187	0																	
58	24380	5.00000	0																	
700	28555	3.35388	0																	
174	26142	4.35475	0																	
716	41661	4.91148	1																	
283	40112	4.41812	0																	
706	34394	4.73180	0																	
300	26086	5.00000	2																	
350	43232	4.35430	3																	
29	33409	4.38102	0																	
524	40837	5.00000	1																	
109	36236	4.70884	0																	
302	24176	5.00000	2																	
412	25040	4.87757	6	21492	0.01437	20063	0.00568			340	0.02055	758	0.01313	429	0.00742					
811	36319	4.39381	0																	
357	20798	4.72408	0																	
643	36968	4.48191	0																	
983	26043	4.87450	5	25031	0.00377					491	0.01240									
40	38223	1.81609	0																	
541	26449	4.36022	0																	
70	43490	5.00000	0							283	0.05692									
971	29647	4.58384	0																	
295	29924	2.15327	0																	
546	30248	4.83128	0																	
81	28026	4.71465	0	25522	0.07097					863	0.03875									
333	21265	4.38443	6	21248	0.02363					574	0.19098									
926	23594	4.88954	0																	
476	39813	3.29300	0																	
882	36395	4.00078	0																	
518	25698	4.31003	4	25703	0.18935					32	0.52874									
505	20594	4.56846	0																	
575	22549	4.36761	1																	
356	34250	4.38715	0																	
530	37297	3.99588	5																	
501	21616	4.55892	0																	
514	21199	4.12119	0																	
315	34678	4.29137	0																	
388	29887	3.93675	2																	
160	36939	3.64488	3	37266	0.01750					642	0.00602									
758	23852	4.09083	1	28874	0.01360	25040	0.00150			181	0.00770									
70	28200	4.93255	0																	
688	33893	3.93269	0																	
890	36068	4.46665	0																	
683	35697	4.28863	6																	
519	31699	4.28050	5																	
388	34892	4.19772	0																	
276	43685	4.47633	0																	
761	37394	4.58168	0																	
458	42061	4.29588	0																	
381	24650	4.75668	4	24680	0.05151	22533	0.01661	35697	0.00360	105	0.06181	760	0.06152	410	0.04128					
493	29149	4.35345	0																	
923	33098	4.44628	0																	
712	40744	4.73094	0																	
274	26743	4.64297	0																	
100	32983	4.69977	5																	
234	43248	4.82999	0																	
90	25073	3.44321	5							926	0.34862									
627	37053	3.46241	5																	
799	24360	5.00000	0																	
202	35493	3.49514	0																	
59	34597	4.18266	0																	
93	24559	4.52766	3	25306	0.04337	21979	0.04259			682	0.05008	469	0.04898	381	0.02960					
593	27548	5.00000	0																	
347	20601	4.63158	0																	
829	26791	4.11587	0																	
356	33590	4.48142	0																	
873	29728	4.60943	0																	
710	32939	4.29875	2																	
491	37642	4.03111	1																	
845	39706	4.99494	0																	
882	27154	3.81141	0																	
564	36408	4.08170	2	21299	0.09098					681	0.10374									
54	36875	2.18645	0							92	0.09574	142	0.04805	446	0.01174					
8	41316	4.47480	0																	
712	36376	4.74173	0																	
848	26230	4.51700	0																	
628	22724	4.34119	0																	
848	20275	4.67013	6	25663	0.01124					340	0.02483									
678	30202	4.85030	0																	
488	34637	3.93133	0																	
709	34916	4.56109	0																	
466	38185	4.35498	0																	
741	29122	4.66272	0																	
26	31487	4.70765	0																	
570	25926	4.24190	0																	
968	41846	4.81411	0																	
17	40084	4.94564	0																	
608	25404	4.29706	2																	
408	37664	4.23229	2	37266	0.02070	41075	0.01784			107	0.02013									
172	37043	4.35616	0																	
81	22616	4.64687	0																	
328	37266	3.97899	5																	
356	32358	4.36505	0																	
677	39715	4.54386	0																	
107	37071	4.27073	1	41345	0.02863					860	0.02216									
105	27425	4.73382	4																	
865	42854	4.64748	0																	
264	30245	4.18215	0																	
312	24340	4.72902	0																	
594	23923	4.65748	0																	
793	36050	4.05328	3																	
860	42899	4.67877	6																	
424	39104	4.40697	0																	
240	22356	4.15054	0																	
27	25404	4.09328	2																	
779	20333	4.58168	4																	
62	41959	4.24633	1																	
742	26305	4.43109	0																	
848	33800	4.38914	0																	
179	22047	3.97070	0																	
848	25639	4.48573	0																	
760	24048	4.59352	5	24650	0.00706					227	0.01021									
996	24054	4.27097	0																	
469	24579	3.37777	4	24559	0.08955	25306	0.01681	24624	0.00720	381	0.02459	137	0.01318	682	0.01117					
414	40897	4.54535	6																	
198	37857	4.97372	0																	
486	24417	4.40200	0																	
668	24437	4.62532	6																	
593	24751	5.00000	0																	
640	39165	4.70554	0																	
66	32554	5.00000	1	25065	0.02817					835	0.08724									
514	42259	4.21450	0																	
162	22582	4.27928	0																	
741	20024	4.65907	0																	
283	42605	4.51351	0																	
646	32569	4.89787	0																	
889	39477	4.26375	5																	
505	22386	5.00000	0																	
330	24695	4.18949	2																	
741	34741	3.50884	6	38268	0.03299															
634	40182	4.86631	0																	
191	35438	4.41242	3																	
75	24655	4.16637	3																	
691	20155	4.56104	0																	
19	30925	3.44880	4	31026	0.05172					879	0.01478									
983	24681	4.72482	0																	
587	23223	5.00000	2																	
402	26637	4.29770	1																	
530	36825	4.18105	3																	
81	27096	4.56542	0																	
705	23086	4.93883	0	30672	0.02693					568	0.02094									
545	40963	4.28496	0																	
746	35157	4.89141	1																	
227	23420	3.89320	0	24367	0.01813	24650	0.00962			410	0.02670									
183	25420	4.81396	0																	
825	34570	4.81667	0																	
561	33637	3.21794	0																	
424	24027	4.38195	3																	
928	21125	4.89808	0																	
858	37784	5.00000	0																	
577	39532	3.86130	6																	
31	28950	3.66446	0																	
500	25345	4.50999	0																	
14	26754	4.72694	0																	
83	31460	4.64687	3																	
379	33920	4.54537	0																	
610	31696	3.49803	0																	
896	35347	4.78601	4																	
524	39494	4.88997	0																	
129	25031	4.35603	1	30833	0.04493					231	0.09059	491	0.05210							
102	39992	4.55839	0																	
72	35482	4.76532	0																	
668	24752	4.64918	0																	
429	27483	4.87453	2																	
570	34815	4.22866	0																	
236	32415	4.51045	0																	
105	27543	4.88587	0	21241	0.02609					644	0.09759									
490	36332	4.74544	4	40761	0.01375					485	0.10419	142	0.01444							
923	35120	4.23140	0																	
781	24686	4.14077	0																	
522	24443	4.42193	0																	
501	28918	4.58468	0																	
340	25614	4.43653	0	24589	0.02350	25663	0.01049	24272	0.00561	848	0.02483									
347	24673	4.70371	0																	
478	40549	4.50321	0																	
273	31981	4.06343	1																	
357	25421	4.02322	0																	
15	38842	4.58896	3																	
76	23874	4.61534	0																	
201	28497	4.76023	5																	
848	23301	4.56262	0	23332	0.05054					570	0.03111									
168	26382	4.59303	6																	
983	22627	4.66320	0																	
594	29926	4.44003	0																	
848	23357	4.11070	0	23436	0.24926	23269	0.22446	23332	0.00758	570	0.03111									
526	30987	4.87662	2																	
356	34290	4.51454	0																	
340	24532	4.74791	6	24147	0.01000					813	0.01501									
69	32518	4.06270	0																	
904	41479	3.56240	3																	
93	25020	4.00786	4																	
162	23485	4.86449	4																	
741	29236	4.69426	0																	
997	25891	4.52231	0																	
514	41158	4.16021	0																	
736	26472	4.86897	0																	
648	33251	3.55723	1																	
633	32791	4.14292	0																	
652	40525	4.81031	0							424	0.00082									
26	27616	4.64591	0																	
262	33241	4.07829	1																	
549	28108	4.84201	0																	
830	37929	4.31123	0																	
658	40417	4.63978	0																	
912	38208	4.47902	0																	
340	20436	4.59945	0																	
230	41915	4.84619	0	33006	0.00562					514	0.01577									
283	30204	4.47507	0																	
882	39814	3.99302	0																	
848	22129	4.53388	0																	
826	29502	4.86411	0																	
437	42374	5.00000	1																	
610	31939	3.59687	0																	
449	25459	4.39784	0																	
848	30662	4.54218	0																	
71	25993	4.46356	0																	
422	21441	4.84589	0	36616	0.02323					811	0.22414									
26	32149	4.69273	0																	
589	24071	4.42338	5																	
637	21533	4.75543	0																	
93	29773	3.84252	0																	
540	34501	4.97821	4																	
411	37071	3.77149	1																	
207	23455	3.62030	0																	
170	29908	4.76763	0																	
862	42645	4.67756	3																	
14	33502	5.00000	0	23358	0.03812					76	0.13443									
624	24353	4.65650	0																	
664	22532	4.40265	0																	
194	23252	3.16839	0																	
408	37876	4.36706	0	37266	0.03732	41075	0.01667			107	0.02013									
673	30975	4.54370	2	34192	0.05142					491	0.02936									
808	22129	4.65386	0																	
746	26205	5.00000	5																	
651	27045	5.00000	0																	
779	23882	4.73599	5																	
593	25183	5.00000	3																	
49	25388	4.79427	0																	
604	37561	4.79906	0																	
627	40745	3.04840	0																	
332	23558	4.21749	0																	
157	42482	4.63313	0																	
748	22517	4.97266	1																	
813	22418	4.85283	0																	
866	20993	4.21289	5																	
440	28782	4.47698	2																	
793	34526	3.93460	0																	
469	25369	3.47715	2	25262	0.00499					471	0.03405									
388	38948	4.21418	0																	
878	37049	3.65495	0							566	0.04583	92	0.01125	142	0.00995					
501	30816	4.65844	0																	
590	28871	4.64730	0																	
848	22620	4.70688	5	24624	0.03091	22475	0.00226			227	0.04375	20	0.01298	137	0.01292					
396	42132	2.38440	5							424	0.01046									
35	41915	5.00000	0	36967	0.00395					514	0.00628									
748	25040	4.95414	6	25921	0.01571	25487	0.00120			429	0.07346	81	0.04838							
132	26635	4.18673	1																	
306	31058	2.11197	0																	
775	28864	4.78629	1																	
190	20371	4.58674	0																	
585	34647	4.49336	0																	
645	28026	3.80699	0																	
344	36275	3.75067	1	35553	0.02009					511	0.17500									
443	38881	4.89701	0																	
505	26461	4.66510	0																	
97	37565	4.06895	4	37254	0.05538	36887	0.03295	38084	0.01739	446	0.04334									
564	26033	4.51656	0																	
535	28769	4.40123	0																	
145	20584	4.75131	0																	
81	25432	4.54827	0																	
14	33048	4.77989	0																	
866	20981	4.14499	0																	
160	37254	3.27144	1	37297	0.02178	21531	0.01075			446	0.02548									
334	34897	4.36040	0																	
982	34425	4.09410	0																	
416	22581	4.94298	0																	
58	23093	5.00000	3							891	0.01627									
943	21896	4.36985	0																	
190	25373	4.79982	6																	
965	32985	4.52457	0																	
131	43868	4.59284	0																	
753	34127	4.72793	0																	
811	38969	4.32373	0																	
570	36224	4.20852	0																	
328	39612	4.99323	5																	
13	25096	5.00000	3	21071	0.01202					81	0.07919									
893	39637	4.52700	0																	
604	36528	4.98662	0																	
75	25331	4.81837	3																	
227	22621	4.43540	2	25262	0.02995	22620	0.00985	40447	0.00929	471	0.04001	334	0.00585							
81	23270	4.59023	0																	
321	34774	4.71886	0																	
818	26297	4.96969	0																	
648	40868	4.01124	0																	
308	42952	4.89173	0																	
246	23941	4.30575	4																	
164	33313	4.42282	0																	
166	36389	4.83288	0																	
518	32564	5.00000	4	25703	0.11599					32	0.52874									
698	43790	4.92248	0																	
741	27385	4.70398	0																	
173	31708	4.58362	0																	
570	30755	3.94801	2							594	0.02855									
618	36765	4.06238	0																	
194	23657	3.51158	6							340	0.03153									
9	31629	4.44765	0																	
216	39657	4.73689	0																	
811	34343	4.29131	0																	
622	37038	5.00000	3																	
410	23481	2.77548	1	23448	0.09103	23370	0.01139	24367	0.00873	250	0.05939									
920	25638	3.10104	6							340	0.04842									
776	26363	4.62110	0																	
514	40814	4.12028	0																	
70	24681	4.94549	0																	
162	40718	4.35765	0																	
247	37411	4.96453	2																	
393	36317	4.21412	0																	
275	36846	4.88409	0																	
29	35697	4.53616	6							381	0.05221									
450	28312	4.85651	0																	
227	29015	3.62603	6	20316	0.27133	20330	0.25128			434	0.12959									
170	39456	4.63415	0																	
684	24823	4.59774	0																	
779	24257	4.84021	6																	
41	37967	4.71773	0																	
763	26086	3.91644	2																	
774	25216	3.93867	3																	
592	24240	4.96937	3																	
365	23270	4.69851	0																	
316	27454	4.78807	0																	
973	35343	4.59985	0																	
569	24938	4.97107	3																	
118	32173	5.00000	0																	
348	23301	5.00000	0																	
106	24620	4.40003	0																	
660	38908	3.82312	0																	
504	25616	3.54919	1																	
481	38119	3.58203	1																	
15	38198	4.88194	0																	
771	35634	5.00000	2																	
218	24656	4.84955	4																	
0	20362	4.58472	6																	
986	24078	3.99001	5							382	0.02575									
848	43242	4.47521	0																	
845	39200	5.00000	1																	
594	32021	4.50800	0																	
689	41953	3.83946	0																	
365	31003	5.00000	3																	
405	34542	3.57040	1																	
122	30975	4.19354	2	23096	0.01522					491	0.06710									
859	22015	4.18001	0																	
905	24646	3.65170	6																	
648	40729	3.85927	0																	
444	35079	4.93848	4																	
485	23543	4.41565	0																	
843	23055	4.87207	0																	
396	41045	2.41377	5							514	0.01043									
356	33510	4.42605	0																	
527	37071	3.93330	1																	
89	37707	4.38384	0	37187	0.09055					2	0.10992									
880	24855	3.76862	0																	
424	21275	4.97878	0	34266	0.05263	21522	0.03314	24012	0.02530	215	0.00655	805	0.00637	628	0.00362					
514	43956	4.25794	0																	
407	37755	4.15946	0																	
340	31066	4.93565	0	24646	0.00628	22524	0.00620			283	0.03466									
366	24383	4.60456	0																	
324	40572	4.31334	2																	
217	36490	3.53485	0																	
171	26288	5.00000	3																	
284	24817	4.43902	0																	
569	30588	4.76856	0																	
574	27536	4.88512	3																	
300	38327	4.56966	0																	
594	23276	4.38672	0																	
105	21130	4.65068	0																	
536	21099	4.73877	2																	
414	35551	4.86339	3							81	0.02376									
461	38865	4.63449	0																	
428	40044	5.00000	3																	
81	28266	5.00000	2																	
996	31512	4.39216	0																	
408	39038	4.27886	5																	
166	31799	4.78476	0																	
142	34758	3.94683	1																	
737	25522	4.16780	3																	
866	34173	4.07801	0																	
81	28782	4.25301	2																	
833	34190	4.47580	0																	
882	42172	3.70360	3																	
938	24923	4.45563	0																	
162	43466	4.26909	0																	
549	21763	4.76571	0																	
227	27532	4.15233	0																	
523	23407	3.52894	0																	
570	23271	4.07031	4	23383	0.05573					429	0.05802									
186	24656	5.00000	4																	
588	21061	4.01966	0																	
553	31501	3.64148	0																	
619	36421	4.03742	3																	
377	28495	4.51905	0																	
986	22725	3.88107	0																	
811	42600	4.44815	1																	
982	32810	4.25496	0																	
362	30165	4.46623	0																	
367	41265	4.23520	0																	
582	23215	4.74478	3																	
784	24589	3.82906	0	24592	0.01224	26076	0.00434			340	0.04645									
940	40296	4.87334	0																	
420	43460	4.60049	6																	
385	28340	4.17451	0																	
351	23021	4.96999	0																	
604	37663	3.97272	1																	
658	42521	4.66424	0																	
514	41581	3.62796	6	41670	0.08413					865	0.00883									
218	23900	4.24160	5																	
79	42126	4.55692	0																	
913	38654	4.11059	3																	
403	21208	4.12009	2																	
836	31573	3.34817	0																	
849	40963	4.83921	0																	
575	25817	4.41647	0																	
288	42498	3.66764	1																	
522	26530	4.59823	3	26526	0.10546	26544	0.01134			248	0.28492									
800	35852	4.39331	0																	
150	25082	4.78354	5	25084	0.29478					636	1.00000									
720	38223	3.91210	0																	
979	36623	4.48701	0																	
460	22083	4.81715	0																	
917	21492	5.00000	6							283	0.06390									
566	39038	4.30390	5																	
0	32672	4.61806	0																	
600	40731	4.47502	3																	
218	21504	4.43804	0																	
577	33726	3.29483	0																	
927	32603	4.13621	0																	
350	43247	4.59838	0																	
441	23864	4.18077	0																	
612	22814	4.70535	0																	
951	38694	4.52699	0																	
474	24379	4.22707	0																	
302	32892	4.84118	0																	
52	24170	5.00000	2	24165	0.06216					339	0.24423									
684	36139	4.59283	0																	
508	40319	4.23603	0																	
222	23993	4.82571	1																	
340	34010	4.57449	0																	
13	25081	4.56346	0																	
523	31985	3.39876	0																	
340	23367	4.77851	5	23403	0.01530	22452	0.00467	25040	0.00191	594	0.02638									
247	37864	4.78823	2																	
983	24634	4.61855	2																	
414	31388	4.57733	0																	
599	43304	4.88002	0																	
26	21973	4.71143	0																	
221	37178	4.22344	5																	
291	38109	4.50325	1																	
42	40381	4.48038	0	41045	0.00451					514	0.01536									
340	31854	4.68725	1	22164	0.04972	22452	0.01702	21098	0.01653	14	0.01577	414	0.01332	519	0.01251					
471	34675	4.61231	0																	
569	29611	4.84877	0																	
501	23799	4.69495	0																	
282	26667	4.79273	0																	
656	41097	4.87343	0																	
668	39672	4.65642	0																	
426	37178	4.57748	5																	
52	30159	4.98883	0																	
763	21491	3.08339	3	34551	0.02677					94	0.11259									
340	25477	4.60500	0																	
142	35182	3.85073	0																	
92	34911	3.68195	0																	
216	38131	4.72165	0																	
62	34456	4.23077	0	35906	0.01548															
340	27285	4.90112	3	22452	0.00477					414	0.01332									
848	24593	4.53213	6							340	0.02483									
26	34058	4.72900	0																	
866	34616	4.23897	1																	
581	32748	4.56029	5																	
618	36906	3.17350	0																	
769	43936	4.93684	0																	
710	32158	4.49605	0																	
95	37484	4.21612	5																	
643	34568	3.53871	0	35906	0.06794															
896	32897	4.39650	4																	
243	25697	4.14263	0																	
79	38368	4.02614	5							690	0.10321									
268	23281	4.84835	6																	
102	29395	4.69146	0																	
873	32782	4.72809	0																	
722	21735	4.59543	2																	
848	21400	4.39239	0																	
608	37634	4.63128	0																	
283	41844	4.46242	0																	
732	37876	2.88276	0							960	0.12447	642	0.04918	107	0.03859					
804	35634	4.71370	2																	
105	21289	4.62287	0																	
362	22571	4.39558	2																	
55	29685	3.85851	4																	
340	20947	4.56114	0																	
388	33220	3.93679	2																	
711	36478	4.22832	0																	
674	23637	4.63876	6																	
182	28007	4.36098	0																	
985	40153	5.00000	0																	
222	25009	4.69265	0																	
811	33014	4.52230	3																	
209	39811	4.03028	0																	
180	27786	4.13187	0																	
533	20019	4.52088	2	37266	0.00654					107	0.03963									
779	24702	4.57636	0																	
265	43488	4.48165	0																	
424	24050	3.95106	0	28250	0.06296															
240	26544	4.62562	2	22323	0.04030	27460	0.03037	22421	0.01815	522	0.50653									
356	34144	4.11669	0																	
424	38160	4.30643	0																	
981	43297	4.16260	0																	
359	24289	4.47874	2																	
596	27060	3.43884	6																	
411	35746	3.56047	6																	
538	22268	4.22230	0																	
981	38098	3.32711	1	39578	0.00680					995	0.02477	889	0.01095							
324	34972	4.84508	0																	
370	27661	4.83500	0																	
162	20377	4.33331	0																	
913	32840	3.85156	0																	
279	34675	5.00000	0																	
866	32128	4.13649	0																	
848	28847	4.44337	0																	
414	27238	4.28875	5																	
68	32126	4.53190	3	34627	0.06068															
751	42550	4.73369	0																	
461	42071	4.60720	0																	
400	38832	3.26878	0	37753	0.00271															
313	23448	4.28655	0																	
280	27964	4.72182	0																	
93	21978	4.39821	0																	
338	21951	4.58456	0																	
291	35371	4.39347	0																	
417	24534	3.86868	1																	
317	28274	5.00000	2																	
877	37071	5.00000	1																	
102	32296	4.65030	0																	
107	42315	4.44685	0																	
897	21521	3.69871	0																	
252	24221	5.00000	1																	
216	38622	4.81147	0																	
511	34762	4.40136	1	22438	0.15385															
455	33529	4.61394	0																	
146	40500	4.85953	0																	
569	26058	4.81282	0																	
171	24012	4.98935	3	24071	0.09630	24137	0.04036	23769	0.01255	695	0.09726	342	0.04836	38	0.04019					
548	25487	4.70147	3	34107	0.01813					81	0.04181									
514	24097	4.32106	1																	
589	40147	4.32085	0																	
628	30485	4.40690	0																	
567	24065	3.94323	0	28026	0.06881					863	0.03920	514	0.01418							
639	38484	3.42606	0																	
6	38098	3.71696	1																	
26	35396	4.64886	0																	
26	30851	4.64724	0																	
421	32042	5.00000	3																	
247	40550	4.82935	6																	
758	24361	4.30883	6	21099	0.00488					340	0.00938	813	0.00643							
461	39557	4.60874	0																	
514	36367	4.21432	0																	
193	41769	4.13589	0																	
779	27280	4.50984	0																	
21	30672	3.73596	5																	
408	37049	4.44673	0	37266	0.04029	38233	0.02213	38098	0.00795	990	0.15543	142	0.04097	92	0.02140					
741	20132	4.69617	0																	
13	23184	4.89204	6																	
541	23834	4.77686	6							340	0.00155									
763	33077	3.93656	2																	
488	38534	3.85593	0																	
88	28534	2.77945	3																	
