97	38084	4.58546	0	36887	0.01724					142	0.11442									
728	36075	3.89528	6																	
927	34627	3.61479	2																	
562	40581	4.45652	0																	
254	31823	4.60456	0																	
746	36093	4.99439	5																	
330	25093	4.73852	3	24914	0.01257					81	0.02110									
50	42600	4.39649	1																	
398	35789	4.99515	0																	
8	22447	4.47485	0																	
982	34497	3.31422	5																	
891	21917	4.60178	4	37259	0.11449	24656	0.01465			709	0.08172	105	0.02674							
238	33346	4.04736	0																	
960	37664	5.00000	1	37876	0.15438	39038	0.01188			642	0.06612	408	0.03130	107	0.01883					
181	27741	4.81869	0																	
583	42188	2.73550	0																	
655	36442	3.67684	0																	
741	37966	4.80933	0																	
478	39996	4.36606	0																	
422	36616	4.99491	1																	
471	39839	4.42522	0																	
891	21279	4.47114	5																	
882	20995	3.87854	0																	
773	33683	4.81312	0																	
381	35697	4.08405	1																	
105	27543	4.82248	1																	
181	31204	4.76991	0																	
388	37826	4.36176	0																	
549	30582	4.69196	0																	
355	23940	4.63653	0																	
168	24873	5.00000	6							813	0.00936									
258	21269	4.43075	4																	
582	30539	4.57842	0																	
703	25039	4.90943	2																	
298	38329	3.45897	0																	
676	41635	4.02867	0																	
340	25549	4.58227	0																	
92	34791	4.54291	2	37266	0.01580	36875	0.00647	37290	0.00387	160	0.02852									
175	41615	4.24306	0																	
569	26056	4.84064	0																	
429	25921	4.91971	5																	
994	37881	4.45627	3																	
787	27210	4.54541	0																	
991	39612	3.49832	1																	
569	26043	5.00000	6	24578	0.02609					401	0.03454	491	0.00902							
900	28240	4.83670	0																	
385	25603	4.31759	0																	
128	40918	5.00000	0																	
768	34762	4.16134	1																	
261	21580	4.25693	0																	
983	24634	4.70186	2																	
303	38315	4.23619	0																	
233	41537	4.49387	0																	
262	23232	5.00000	6																	
815	36491	4.93105	0																	
397	23286	4.00762	0																	
488	40572	4.16192	2																	
669	23370	4.15443	0	23335	0.03320	23448	0.03101			410	0.10160	676	0.02532							
595	24006	4.17629	0																	
320	32958	3.49245	0																	
45	24082	4.83737	0																	
610	34439	3.67364	0																	
758	21492	4.75288	2	25040	0.01654	24361	0.00154	21099	0.00124	283	0.02225	340	0.01670	412	0.01325					
569	30588	4.73293	0																	
882	27151	3.97142	4																	
480	21752	4.15617	0																	
485	40266	4.70915	0																	
230	30027	4.74347	0																	
648	35880	3.82489	0																	
81	29321	4.66387	0																	
20	24624	4.09644	0							848	0.00426									
137	24624	4.15046	0	24579	0.03604					469	0.00848	848	0.00354							
567	22440	4.57145	1																	
466	38270	4.22860	0																	
432	37784	4.30963	0																	
287	37524	3.71117	0																	
0	30279	4.75875	0																	
322	34910	3.89035	5	23624	0.01418					424	0.00837									
373	37554	4.78653	0																	
688	43742	4.48198	0																	
165	21613	2.92916	0																	
505	24269	4.48390	0																	
397	35915	3.93529	0																	
283	27564	4.66329	6																	
403	24268	3.75672	0																	
566	24030	4.37646	0	33726	0.05466															
595	43728	4.43174	0																	
988	24807	4.67223	0																	
585	32873	3.61119	0																	
141	33642	3.79945	2																	
116	35751	4.69974	0																	
340	43338	4.50565	0																	
484	33925	3.19740	6																	
436	22004	4.70914	2							292	0.03945									
30	28868	5.00000	2																	
935	22561	5.00000	6																	
216	41368	4.73821	0																	
434	20330	5.00000	5																	
414	24985	3.77778	0	25068	0.01681	22452	0.01649	21098	0.01110											
10	32177	3.52431	3	24620	0.03169					29	0.01648									
14	24039	4.66056	6	29717	0.00338	25031	0.00158			292	0.04336									
624	35449	4.49579	0																	
538	23528	4.12152	0																	
93	21979	5.00000	6	24559	0.03782					29	0.09450									
340	24646	4.13548	6	24338	0.00883	22524	0.00882	21099	0.00548	283	0.04479									
613	28502	4.84745	0																	
538	27108	4.06649	0																	
931	37684	4.87486	0																	
570	28992	4.25505	0																	
329	28207	3.82404	0																	
889	43114	4.17524	6																	
969	33241	3.90370	1																	
377	23109	4.60664	0																	
452	38743	4.30496	0																	
774	32223	4.37891	5																	
367	35775	2.25177	2																	
340	37924	4.61537	0																	
505	26474	4.53733	0																	
973	34352	4.54243	0																	
175	25132	4.20182	0																	
534	37491	4.71944	0																	
575	25329	5.00000	4																	
20	24323	5.00000	3	22620	0.01411					55	0.04015									
468	43677	4.75344	0																	
297	39389	4.92761	0																	
432	29007	4.51357	0																	
514	33495	3.61786	0	32210	0.06902	24065	0.04902	31474	0.01899											
531	30776	4.83451	0																	
504	37785	4.17738	0																	
429	23383	4.73532	0	23271	0.00601					570	0.04950									
474	24379	4.17605	0																	
486	24417	4.61589	0																	
40	38223	2.78876	0																	
848	24239	4.81417	4																	
708	34069	4.29586	0																	
813	24732	4.69093	0																	
352	35524	4.49034	1																	
570	25858	4.18198	0																	
1	36875	4.03398	0																	
951	42015	4.36602	0																	
914	22314	4.17474	0																	
514	41591	4.22517	0																	
10	35704	3.95120	0																	
488	31727	4.18472	1																	
215	24071	4.53666	5	24012	0.03356					38	0.00961									
634	33609	5.00000	0																	
340	30475	4.48899	0																	
324	40921	4.63038	0																	
4	22734	4.69065	0																	
424	43965	4.87185	6																	
856	24488	4.45228	0																	
466	38840	4.18162	0																	
463	25224	4.66795	0																	
376	25331	4.60758	3																	
282	39139	4.74625	0																	
48	28762	5.00000	0																	
505	26577	4.53062	0																	
965	20338	4.49799	0																	
548	25421	4.16443	0	25426	0.01506	25427	0.01124			81	0.09030	82	0.04608							
710	32405	4.45685	0																	
588	23243	3.54184	1																	
418	39603	4.90290	0																	
283	22544	4.61423	5																	
485	25224	4.65917	0																	
44	20366	4.26427	0																	
93	24391	4.77774	5																	
87	20011	5.00000	3																	
965	24969	4.55837	0																	
602	29996	5.00000	5																	
424	39104	4.48036	0																	
879	30925	5.00000	2	31462	0.02270	31026	0.01408			19	0.06051									
107	41345	3.66881	1																	
70	22168	4.83278	0																	
625	39857	3.82513	3																	
861	28701	4.62202	0																	
162	40314	4.26573	0																	
94	21491	4.06417	2	26075	0.03231	21275	0.01543	34551	0.00898	763	0.06623									
340	25639	4.84559	0	25636	0.15344	25638	0.11054	24592	0.01881	848	0.05400	920	0.03211							
17	29984	4.88578	0																	
131	43868	5.00000	0																	
774	28146	4.07892	0																	
866	23697	4.44065	2																	
492	23443	4.95769	0																	
70	28200	4.81179	0																	
258	31472	4.36842	0																	
501	25427	5.00000	3	25040	0.00451					81	0.00179									
760	24523	4.62401	0																	
873	32326	4.53123	0																	
381	24579	3.92601	4	24559	0.03939					469	0.02553	29	0.02103							
620	39102	4.42680	0																	
224	31549	5.00000	5																	
900	23900	4.46239	5																	
644	27543	4.91063	1	21238	0.03119					574	0.08962									
514	43374	4.10847	0																	
40	35913	2.64947	0																	
793	32550	3.62219	0																	
477	36408	3.31561	2																	
554	43806	4.40756	0																	
762	31474	5.00000	3																	
174	24881	4.34697	0																	
570	23375	4.15261	0																	
407	35551	4.52442	3							81	0.00782									
757	33564	4.80008	0																	
221	24525	4.61939	4																	
808	26312	4.75059	0																	
863	21049	3.64310	0																	
107	37071	3.95395	1																	
248	26530	5.00000	0	22356	0.00477					522	0.07267									
340	25316	4.56597	0																	
906	39112	4.61778	0																	
529	38433	2.90556	0																	
228	30748	5.00000	3	30672	0.01813					853	0.03503									
458	41820	4.10876	0																	
507	39053	3.82006	0																	
751	29607	4.51544	0																	
741	26184	4.70753	0																	
252	27841	4.79728	0																	
191	35438	4.40643	3																	
820	31468	4.61656	0																	
181	28542	4.79552	0																	
392	31025	5.00000	1																	
570	21524	4.19095	0																	
429	35697	4.63021	1																	
661	31828	5.00000	2																	
13	25618	4.54167	0																	
942	23246	5.00000	6																	
168	26520	4.76365	0																	
192	38278	4.81493	0																	
540	34501	4.83092	0																	
230	35650	4.69268	0																	
594	35243	4.58192	0																	
303	41099	4.59037	0																	
330	30638	4.30157	0																	
500	23240	3.49429	6							340	0.00690									
87	39337	4.99699	1																	
102	29335	4.58472	0																	
195	33246	4.63663	0																	
438	24049	4.12008	5																	
276	28592	4.06657	0																	
610	33057	3.65138	0																	
694	25331	5.00000	3																	
744	36398	4.55250	0																	
120	24252	4.73290	0																	
246	23938	4.30669	0																	
53	23497	4.23563	0																	
674	21266	4.29762	0																	
615	23826	4.86314	5																	
383	29637	4.49184	0																	
912	41933	4.41944	0																	
8	22459	4.57149	0																	
931	42706	4.88623	0																	
573	32515	4.84175	3																	
44	30281	4.06181	2																	
340	20817	4.48619	0																	
41	28759	4.73823	0																	
348	23368	5.00000	5																	
319	31824	4.19484	0																	
779	22376	4.86605	2																	
403	28874	4.03309	1																	
79	31553	4.54093	0																	
514	43717	4.19685	0																	
961	43231	3.99760	1																	
440	23245	4.93074	6																	
769	26207	4.98235	0																	
820	24872	4.52631	0																	
377	28495	4.67842	0																	
434	20316	5.00000	5																	
227	22621	4.09937	0																	
676	26043	4.53466	6																	
750	23835	5.00000	0																	
37	35243	4.86312	0																	
741	31277	4.70255	0																	
595	43658	4.51590	0																	
530	34910	3.84083	5																	
70	43883	4.89839	0																	
813	26617	4.61383	0																	
321	39690	4.50449	0																	
812	21272	4.60482	4																	
866	26234	4.26428	0																	
103	23829	4.56237	0																	
882	34557	4.03049	2																	
172	36566	4.56695	0																	
696	24579	4.71623	4																	
618	30748	4.19087	3																	
291	35157	4.25445	4																	
614	38812	4.10407	2																	
366	24374	4.58765	0																	
768	25331	4.69702	3	32084	0.02266					486	0.05637									
281	40230	5.00000	0																	
103	32210	4.66670	2																	
574	43231	3.91658	1	21265	0.08931					112	0.12136									
468	25278	5.00000	1							340	0.02169									
648	41095	3.88309	0																	
514	38983	4.15372	0																	
754	29885	4.66871	0																	
385	24749	4.35291	0																	
384	30796	4.91787	1																	
135	23328	5.00000	6							340	0.01314									
882	28437	3.84004	0																	
55	30147	4.78173	5	39516	0.15314					153	0.03348									
882	22190	3.67826	1																	
503	36480	4.36629	0	38341	0.04044															
514	42573	4.14057	0																	
246	27497	4.28602	0																	
228	24078	5.00000	1																	
203	25572	5.00000	5																	
484	37474	2.59955	5																	
762	21702	5.00000	0																	
718	36068	3.60375	0																	
343	25331	4.74056	3	25240	0.07933					602	0.11111	248	0.04353	827	0.01357					
514	37914	3.47407	0																	
568	28939	4.36501	3							986	0.19778									
961	42115	3.63610	0																	
95	37457	5.00000	1																	
11	21273	3.68927	0																	
335	21919	4.32010	0																	
813	25706	4.62058	0																	
701	22476	5.00000	0																	
703	23232	4.94597	6							340	0.00174									
510	20399	4.85014	0																	
679	22273	5.00000	2																	
811	34343	4.18212	0																	
468	29033	5.00000	0	26273	0.00470					848	0.02416									
14	23302	4.64870	0																	
913	35448	3.41991	0																	
67	22412	4.19340	5																	
424	37758	4.19589	5	26043	0.02574	21492	0.00196			84	0.00987	703	0.00316							
414	32057	5.00000	1																	
343	30939	4.06220	3																	
1	25061	5.00000	0																	
544	26076	4.61472	2	34551	0.05736	40153	0.00514			784	0.03894	340	0.01049							
779	24433	4.52336	0																	
345	32531	4.60538	4	28939	0.15696															
291	37729	4.17704	0																	
883	38447	4.92548	0	41285	0.00255					514	0.00468									
608	37634	4.46302	0																	
332	43193	4.78712	0																	
811	36077	4.29596	4																	
935	32674	4.54670	5																	
388	34892	4.25564	0																	
478	36844	4.31851	0																	
460	22083	4.85198	0																	
366	24383	4.59469	0																	
866	30530	3.92660	2																	
656	33917	4.68618	5																	
213	28782	4.68135	5																	
403	23238	3.83816	6																	
469	24050	3.09886	5																	
520	32762	3.68615	0																	
334	22736	4.04673	0																	
819	22151	4.25935	5																	
159	24698	4.87324	0																	
863	28026	4.07572	3							81	0.03594									
388	24045	4.24937	0																	
966	25916	4.41226	0																	
604	37663	4.08310	0																	
958	30796	5.00000	1																	
678	22619	4.90128	0																	
609	22412	5.00000	5																	
883	40491	4.36195	2																	
70	35289	4.77934	0																	
584	28097	3.02841	6																	
943	21896	4.70694	0																	
618	37073	3.94102	1																	
340	24590	5.00000	0	26076	0.08571	24592	0.07384	24589	0.04019	784	0.02874									
395	35770	3.13278	0																	
951	41972	4.47748	0																	
416	22581	4.98859	0																	
951	43757	4.47773	0																	
340	28817	4.52571	0	24338	0.01410	21099	0.00680			283	0.04479									
704	32748	4.10162	5																	
853	30147	4.82800	5	30748	0.04282	30672	0.01585			153	0.07157	188	0.02884							
947	39269	4.19690	1																	
510	29234	4.76652	0																	
251	24376	4.99758	5																	
917	30372	4.66844	0																	
925	35906	3.75837	1																	
571	23688	4.01854	3							340	0.01731									
807	30502	4.40138	0																	
785	30740	4.16875	0																	
944	29753	3.23284	0																	
8	28190	4.48567	0																	
632	36523	2.89711	0																	
78	22780	4.28496	0																	
588	21061	3.82439	0	21044	0.02564					168	0.12434									
951	43866	4.46600	0																	
404	20834	4.81563	0																	
951	41097	4.16545	0	42161	0.01367					514	0.01871									
332	27029	4.85756	0																	
181	22856	4.82838	0																	
570	23601	4.31706	0																	
800	28866	4.19056	0																	
26	31557	4.75430	0																	
696	25086	5.00000	0																	
12	24377	4.68644	1																	
620	35646	4.53171	0																	
292	41345	4.21998	1	41086	0.03263	37043	0.00194			367	0.03642	860	0.01605							
131	35117	5.00000	0																	
861	22436	4.95544	2																	
179	22047	4.20807	0																	
458	42061	4.19266	0																	
792	23852	4.79490	1																	
790	24666	5.00000	4																	
385	24319	4.08787	0																	
49	24254	5.00000	3	24761	0.13281					998	0.17217									
428	38315	4.90773	0																	
790	35561	5.00000	0																	
180	28342	4.26318	0																	
811	37046	4.23841	0																	
212	20739	3.99096	0																	
90	24924	3.90878	5							926	0.39803									
317	23852	4.02959	1	28274	0.02477					132	0.15925									
863	24065	4.22031	0																	
407	24651	4.94101	0	42439	0.01444					514	0.05931									
76	33403	4.82686	6																	
504	20175	3.68820	0																	
176	39535	3.72145	2							471	0.02147	963	0.01556							
688	43449	4.50157	0																	
818	26297	4.92453	0																	
340	25872	4.54085	0																	
654	41401	4.67978	4																	
340	43460	4.69633	5																	
16	24743	4.82653	0																	
514	40491	3.55541	2	40381	0.07925	41045	0.02889			42	0.02286									
286	23220	4.28607	0																	
624	38575	4.48717	0																	
26	28019	4.73645	0																	
922	24655	4.61945	1																	
81	22539	4.69683	0																	
154	43030	4.58506	0																	
514	42090	4.14769	0																	
811	22524	4.26667	0																	
50	29136	4.52883	0																	
283	28614	4.54075	0																	
26	26347	4.75034	0																	
547	30796	4.76159	1																	
564	35697	4.54987	1																	
148	28050	4.96934	0																	
407	40216	4.41952	6							839	0.00241									
522	24443	4.53968	0																	
779	20136	4.60102	0																	
491	31903	4.69204	1	25259	0.01208	34192	0.01040	40745	0.00918	889	0.03868									
911	24862	4.36522	0																	
415	40919	4.41542	0																	
860	42899	4.60238	6																	
485	41558	4.78230	0																	
340	24639	4.54232	0																	
250	23448	4.91993	0	23481	0.01515					410	0.02772									
20	24085	4.91566	5	24410	0.00517					334	0.02032									
456	33001	4.70559	0																	
406	22703	4.13702	0																	
518	25703	4.81953	4	25698	0.15021	32564	0.12346			32	1.00000									
575	24302	4.40203	0																	
689	40548	4.03215	0																	
26	34952	4.76949	0																	
90	24966	3.85421	2																	
944	24045	4.41329	0																	
628	30485	4.40191	0																	
145	30460	4.41324	0																	
181	29217	5.00000	3																	
586	42224	5.00000	0																	
175	22452	4.38525	1	23923	0.01285	22371	0.00773	24272	0.00257	594	0.07535	340	0.05567	414	0.04215					
891	21922	4.46165	0																	
668	35256	4.74409	0																	
912	38208	4.38106	0																	
406	24712	4.37246	0																	
55	38467	3.86419	0																	
569	21548	4.77555	0																	
81	21505	4.25062	3																	
741	38268	5.00000	6																	
26	32683	4.71875	0																	
664	21234	4.09507	4	25304	0.04052					575	0.06191									
577	39532	4.18940	6																	
896	32897	4.17713	4																	
412	27969	4.38105	0																	
471	25262	4.82746	3	25369	0.02198	40447	0.00894	22620	0.00646	227	0.03343	469	0.01988							
873	22814	4.74469	5																	
747	33739	4.77859	0																	
338	33121	4.81079	0																	
350	43232	4.31351	3																	
340	30028	4.58874	0																	
527	37826	3.22188	0																	
764	39798	5.00000	6																	
519	31854	4.70854	3							340	0.01226									
975	24847	3.95137	0																	
275	25038	5.00000	6																	
339	38812	4.58457	2																	
347	41578	4.60641	0																	
904	32693	3.79875	0																	
21	35963	3.53815	0	37065	0.00988															
329	33623	4.06200	3																	
997	23930	4.27828	0																	
9	30708	5.00000	0																	
166	25465	4.89568	0																	
125	32167	1.99210	0																	
481	38119	3.63927	1																	
344	35489	4.70523	5	34877	0.02526					618	0.04669									
937	23348	5.00000	4	23292	0.01578					397	0.06818									
418	37776	4.94018	1																	
55	38840	4.27046	0																	
522	26544	4.69685	3	22356	0.02970					248	0.07267									
4	22738	4.69459	0																	
895	33346	4.41987	0																	
340	25060	4.51858	0																	
89	37916	4.60177	0																	
8	23505	4.43652	0																	
246	24762	4.36335	0																	
26	34558	4.73947	0																	
848	25805	4.51262	0																	
319	30856	4.19359	0																	
947	22707	5.00000	4																	
39	29392	4.73968	0																	
687	41336	4.17042	2																	
792	22623	4.77464	0																	
710	32158	4.46840	0																	
524	38897	4.88869	0																	
227	21280	4.13553	0																	
230	24697	4.76875	0																	
33	23469	4.25301	0																	
483	33806	4.15058	0																	
227	24729	4.34558	2	24650	0.01000					19	0.00845									
65	24247	4.55310	0																	
256	34408	4.41411	0																	
0	37254	3.99636	1																	
164	35902	4.32670	0																	
405	23557	3.90099	1																	
14	25494	4.67657	0																	
166	34630	4.82496	0																	
325	32084	5.00000	1																	
300	38327	4.78529	0																	
554	35779	4.43212	0																	
971	25331	4.87333	3																	
340	25507	4.53236	0																	
536	24071	4.17015	5																	
13	24460	4.57438	0																	
835	33249	4.38810	0																	
196	27543	4.44525	1																	
951	29135	4.41119	0																	
0	23511	5.00000	0																	
380	42487	3.79935	0																	
957	21521	3.56357	4																	
64	21303	4.79325	0																	
82	25426	4.78862	3	25427	0.09989	25421	0.01506			81	0.05425	548	0.04608							
385	23676	4.24181	0																	
943	41960	4.77118	6																	
501	27584	4.63679	0																	
513	36442	2.53216	0																	
520	40862	3.65785	0																	
320	36192	4.30260	1																	
44	31025	4.76769	1	32220	0.00504					19	0.10697									
431	23399	4.51536	6																	
381	22533	4.07488	0	24270	0.00797	24272	0.00712			848	0.04093									
506	23877	3.98303	0																	
29	24797	4.43120	1																	
319	43124	4.23970	0																	
731	35899	4.29234	0																	
50	43042	4.49551	0																	
745	34497	3.85374	5																	
514	32315	4.15763	0																	
887	41871	4.57759	0																	
70	40682	4.77571	3																	
152	24075	4.13586	6																	
882	36505	3.88585	0																	
465	21538	4.76905	3	23173	0.03214					569	0.19610									
377	35233	4.62092	0																	
848	33800	4.59507	0																	
889	41456	4.21528	0																	
163	33432	3.68248	0																	
562	39857	3.33577	3																	
227	32455	4.15824	0																	
761	24046	4.66522	4	23105	0.00542					676	0.01907									
853	22620	5.00000	5																	
643	34456	5.00000	0	34568	0.16225	35906	0.02379			62	0.17672									
763	22452	3.82433	1							340	0.01578									
648	37794	3.54477	5																	
340	20609	4.42739	2	20597	0.01932	25509	0.00814			763	0.01578									
567	27536	4.20177	6																	
24	37169	4.89101	0																	
558	23831	4.70926	4																	
604	39990	3.62094	6																	
58	23093	5.00000	3	24240	0.01064					891	0.02102									
457	25052	4.55771	0																	
758	23852	4.44953	1	25040	0.00969					181	0.00098									
741	37436	4.93021	4	36744	0.04688	37519	0.03196			524	0.13058	321	0.08024							
168	26382	4.77016	1																	
240	22323	3.09019	0	22421	0.03659	27460	0.02184													
381	24680	4.55293	0							848	0.04093									
357	25360	4.63371	0																	
428	36662	4.42795	4																	
146	39203	4.32655	5																	
362	21533	5.00000	4																	
538	25664	3.28978	0																	
428	35524	4.34064	1																	
247	33733	4.32867	0																	
319	29439	4.13984	0																	
471	24666	4.79687	4	22620	0.01232	40447	0.00170			761	0.00663	137	0.00549							
129	26042	4.60304	6																	
245	27536	4.99249	6																	
64	40937	4.68306	4																	
471	22621	4.53206	0																	
424	41285	4.43555	4	42132	0.08777	37793	0.00275			514	0.03446									
763	37785	4.06764	0																	
125	34145	2.89945	0																	
525	27453	4.02247	0																	
401	36735	4.09200	6																	
330	24271	4.31098	0																	
23	39007	3.61505	4																	
429	24624	4.02515	0																	
814	24695	5.00000	0																	
338	20406	4.75640	0																	
623	22357	4.48377	0																	
319	43903	4.14717	0																	
407	37469	4.33689	1																	
947	36662	4.09817	4																	
918	24338	3.76558	0																	
340	24347	4.75194	3	24147	0.03520	25308	0.00985	25040	0.00782	81	0.01210	181	0.00079							
68	29711	4.62141	0																	
289	25331	4.63327	3																	
26	30579	4.66929	0																	
27	25216	5.00000	1	25404	0.06043					774	0.06412									
291	37321	4.03712	0																	
430	24761	4.75996	3																	
587	26043	5.00000	6	23223	0.00722					983	0.07402									
723	23900	4.02625	5																	
546	36609	4.78802	1																	
300	24534	4.47095	1																	
474	35356	4.10758	0																	
789	23692	4.55476	0																	
465	20368	4.79630	3	20374	0.02578					569	0.19610									
424	43077	4.42510	0																	
367	43031	3.57845	0																	
680	23941	5.00000	2																	
246	22960	4.36390	0																	
498	33128	4.67531	0																	
853	28986	4.75015	0																	
157	33854	4.48268	0																	
741	20123	4.73414	0																	
363	34199	3.95847	4																	
577	42477	2.91207	4							346	0.04151									
658	40417	4.54587	0																	
984	23657	3.36046	6	24361	0.00395					340	0.01016									
89	36930	4.43523	5																	
424	35253	3.63016	1	39105	0.05965															
340	20302	4.50715	0																	
835	25065	3.84969	1																	
514	21199	4.12977	0																	
575	23336	4.21382	0																	
648	37880	3.38587	0																	
972	39429	4.04083	0																	
985	24361	5.00000	6							340	0.01586									
354	40952	4.79691	0																	
252	23852	4.93788	1																	
360	32939	4.38981	0																	
891	38807	4.40364	0																	
424	39123	3.72387	2																	
403	25703	3.97729	4																	
491	28845	4.73106	2																	
570	34994	4.31814	0																	
510	40383	4.74384	0																	
564	21299	3.70611	4																	
877	38812	5.00000	2																	
538	22727	4.28604	5							334	0.06169									
377	24614	4.56799	0																	
514	35875	3.68786	4	36086	0.05368	34266	0.00326			759	0.04096									
569	23226	4.75373	0																	
59	35031	4.19216	0																	
79	42001	4.44615	4																	
869	24382	4.35414	0																	
321	20137	4.61092	0																	
86	25065	3.08614	1																	
356	23852	4.34496	1																	
650	25978	4.41460	5							638	0.18787									
760	24103	4.62116	0																	
514	29430	4.17436	0																	
247	43398	4.27900	4																	
811	21099	4.53541	2																	
447	37758	3.94027	5																	
14	25063	4.82323	1	23927	0.04787	29717	0.03079	23845	0.02963	860	0.09123	375	0.06935	491	0.06285					
367	41959	4.00433	1																	
514	38429	3.39020	6																	
51	36275	4.29623	1																	
583	42224	4.18369	0																	
484	38223	3.12321	0																	
506	23217	3.92565	0																	
283	41234	4.86308	4	28817	0.05543					624	0.07464									
692	36331	4.82296	4																	
377	41345	4.55365	1																	
577	39384	3.66122	5	42614	0.01970					424	0.01510									
283	35584	4.49968	0																	
260	21129	4.54294	0																	
107	42315	4.20718	0																	
20	23982	4.69742	0																	
181	26910	4.91593	0																	
575	24591	4.41507	0																	
463	34501	4.62231	0																	
676	24472	4.27007	1							227	0.02177									
270	37520	4.73048	0																	
480	24275	4.25391	0																	
283	31066	4.98961	5	23266	0.01709					505	0.03193									
882	22005	3.90023	0																	
33	33764	4.13580	0																	
39	22552	4.79164	2							340	0.00122									
254	29970	5.00000	5	21531	0.01467					160	0.03329									
81	21070	4.57686	0																	
26	39662	4.69566	0																	
718	22205	5.00000	0																	
577	41526	4.20225	0																	
171	24012	4.88685	3	24071	0.03356	23769	0.02358			695	0.06305	38	0.04124	424	0.02710					
982	37065	4.79468	0	36662	0.05592					618	0.09222	628	0.04137							
399	24737	5.00000	0	21492	0.00200					283	0.00275									
393	36317	3.93497	0																	
299	26104	4.59042	2																	
26	31591	4.68036	0																	
594	37143	4.07947	0																	
848	22475	4.12049	0																	
787	30259	4.52370	2																	
934	32308	4.23821	4																	
644	32460	4.77334	0																	
760	24680	5.00000	0							848	0.01165									
118	32173	4.95472	0																	
411	35775	3.35643	2																	
733	24047	4.68488	3																	
310	27112	4.89905	0																	
779	24818	4.52597	0																	
490	26635	4.32979	2																	
514	33078	4.16202	3																	
229	22523	4.53216	0																	
491	37876	3.95301	0	38098	0.01074	34192	0.00393			107	0.02804	615	0.01319	408	0.01259					
28	43264	3.49197	0																	
193	32501	4.63249	0																	
222	22190	4.97047	1																	
271	35041	4.16227	0																	
132	35023	3.19916	4																	
234	43248	4.81437	0																	
146	40745	3.88388	0																	
866	20844	4.25361	0																	
226	38908	4.60564	2																	
174	38429	3.71596	6																	
715	24290	4.99661	3	24272	0.02083					381	0.11669									
784	24593	4.55433	0	24592	0.00602					848	0.03407	340	0.02874							
340	23553	4.91741	2																	
893	39637	4.61611	0																	
81	21035	4.80999	4																	
979	38986	4.47967	3																	
806	34609	5.00000	0																	
642	37266	4.10283	5	36939	0.01556	37876	0.01385			408	0.06878	160	0.01978							
765	41670	4.76975	0																	
283	29686	4.80946	4	28817	0.05573					624	0.07464									
514	39502	3.55602	0																	
450	40242	4.79588	0																	
571	24896	4.17153	0																	
142	41044	3.20793	0																	
771	37880	4.67242	0																	
879	32674	4.31077	5																	
514	43301	4.24297	2																	
303	39597	3.90019	0																	
600	42498	2.88386	1																	
732	37664	2.75332	1							642	0.05775	408	0.04057	107	0.03767					
340	36230	4.56156	0																	
303	33608	4.28533	1																	
29	33409	4.05270	0																	
575	33455	4.29661	1																	
81	25487	4.19049	4	25426	0.22136	25427	0.11513	34107	0.11462	548	0.09030									
284	38223	4.85705	0																	
911	33237	4.37909	0																	
381	24650	4.40098	4																	
524	39668	4.84601	0																	
891	38926	4.29790	1	38862	0.04076					577	0.03047									
176	42477	4.25251	4	40447	0.01902															
741	25103	4.65641	0																	
374	38052	4.27018	0																	
979	40366	4.19006	0																	
414	35551	4.81725	3	25093	0.00932					81	0.03386									
437	23902	4.75076	0																	
512	43765	5.00000	0																	
214	26134	4.52856	0																	
453	35687	4.20983	0																	
645	29914	2.63730	0																	
789	24129	5.00000	5																	
409	30680	4.86762	0																	
610	31696	3.67498	0																	
798	40423	4.85097	0																	
6	32983	3.86330	4																	
959	24361	5.00000	6																	
407	38892	4.06952	0																	
711	39300	3.50010	5																	
569	20364	4.78731	0																	
514	41252	3.32053	0	38960	0.01053															
648	41688	3.86104	0																	
866	34145	4.30460	0																	
589	40147	4.04768	0																	
667	23659	4.64023	0																	
980	38646	3.64217	0																	
568	29684	3.67284	2																	
559	23902	4.33805	0																	
77	22707	5.00000	4																	
613	20584	5.00000	2																	
866	23615	4.31857	0																	
643	36968	4.58618	0																	
52	30159	4.82711	0																	
13	23417	4.56779	0																	
81	38908	4.48641	2	23688	0.03475	34107	0.02611	24347	0.01694	908	0.09239	181	0.02772	407	0.00782					
324	34972	4.99919	0																	
453	33703	4.31958	0																	
514	22510	4.09687	0																	
380	25522	4.25326	3																	
669	24367	3.39720	0	23448	0.03764	23335	0.01863	30612	0.00233	410	0.10160	227	0.01698							
81	23900	4.24801	5	24914	0.01523	25308	0.00857	24347	0.00349	181	0.02772	440	0.01101							
505	30834	4.55286	0																	
181	33066	4.86671	0																	
397	30644	3.89928	0																	
779	20009	4.80650	6																	
713	21130	3.11360	4																	
105	35068	4.77684	0																	
981	39578	3.46146	0																	
141	35249	4.06227	0																	
622	44001	4.65902	0																	
21	36068	2.80066	0	30672	0.07994															
340	40513	5.00000	0	21098	0.01228	31854	0.00815	22452	0.00447	414	0.04691	514	0.00075							
424	36599	4.68426	0																	
709	32904	5.00000	5																	
653	39516	3.67100	2																	
448	43923	4.24254	0																	
170	38293	4.66942	0																	
618	36501	3.15699	0	37065	0.06739															
505	21943	4.55043	0																	
576	21253	4.08225	0																	
535	23249	4.29754	0																	
330	35139	4.37746	0	28511	0.11617					923	0.09790									
986	20916	4.67521	5																	
330	30332	4.83970	6																	
608	37882	4.31120	0																	
501	25454	4.72875	0																	
777	37576	4.23798	0																	
654	35557	4.65934	0																	
862	25579	4.42271	0																	
746	31003	5.00000	3	34579	0.05003					891	0.03505	335	0.01389							
631	31876	3.42524	1	29975	0.17722					796	0.21073									
126	41882	4.81714	0																	
162	33905	4.22595	0																	
654	31701	4.64038	0																	
64	26107	5.00000	2																	
505	21758	4.54175	0																	
178	26451	4.93025	5																	
550	38646	4.05404	0																	
355	21242	4.60664	0																	
794	26103	4.89997	0																	
361	35483	4.90256	0																	
654	41870	4.74784	6																	
959	26656	5.00000	1																	
813	21511	4.76831	2	25331	0.11727					361	0.00952									
385	34736	4.25775	0																	
58	28010	5.00000	5																	
388	33220	4.41551	2																	
811	33634	4.27600	0																	
75	25331	5.00000	3																	
403	24239	3.79722	4																	
314	43137	4.57497	0																	
569	26061	4.79854	0																	
951	34615	4.55741	2																	
26	32149	4.75224	0																	
858	34542	4.08408	1																	
410	24029	4.02669	0																	
658	40443	3.99383	2																	
514	40146	4.10835	0																	
324	35367	5.00000	0																	
811	37836	4.22033	0																	
135	23325	4.91453	0																	
779	23702	4.61284	0																	
424	38325	3.93986	5																	
321	35124	4.70182	6																	
741	24675	4.77787	5																	
538	22268	4.16617	0																	
162	20377	4.23161	0																	
525	26531	4.00713	0																	
385	28732	4.12109	0																	
685	28868	2.49675	2																	
860	31469	4.63408	0	41345	0.08147					855	0.08514									
882	20345	3.47806	2																	
56	43127	4.94319	0																	
309	21500	4.15843	3	21491	0.00792					832	0.01554									
592	42238	4.75180	0																	
202	38017	3.75563	0																	
569	23217	4.72776	0																	
567	31744	4.72035	3	27227	0.00855					873	0.07132									
811	20011	4.40717	3																	
811	37333	4.18892	0																	
893	35023	3.63068	4																	
378	35524	4.09485	1																	
575	30553	4.38328	0																	
340	20674	4.33799	4	23657	0.08763	21492	0.01708													
283	42655	4.59966	0	43490	0.02871					70	0.06047									
502	36375	4.90451	0																	
273	32308	5.00000	4																	
514	38559	4.77856	1																	
384	21592	4.84989	0																	
471	43699	4.60753	0																	
222	29579	4.82048	0																	
357	26275	4.88887	5																	
396	39990	2.65983	6																	
983	24688	4.20821	1																	
565	36344	4.25716	0																	
552	35746	3.93863	5																	
741	34741	3.50649	6																	
360	42527	5.00000	2																	
514	32622	4.22285	0																	
731	35773	4.29925	0																	
407	40661	4.12402	0																	
388	39770	4.25837	0																	
502	34169	4.79617	0																	
601	27338	4.33520	0																	
481	39038	3.65247	0																	
639	43102	4.56912	0																	
274	36186	5.00000	0																	
171	24137	4.58961	2	24071	0.03426	23769	0.02677			695	0.06305	38	0.04124	424	0.02710					
401	26042	5.00000	6	25622	0.06424	26043	0.05402			558	0.05284	84	0.05025							
978	26042	5.00000	6																	
335	34667	4.16093	0																	
125	30672	3.87013	0																	
529	21190	3.66782	0																	
960	38046	4.18300	0	37564	0.02853															
792	26128	4.78599	0																	
817	23090	4.58747	0																	
102	37099	4.49805	0																	
964	41943	3.37422	5																	
338	21951	4.72621	0																	
334	22620	4.42627	5	24410	0.02626	22615	0.00799			137	0.05034	471	0.02096	20	0.02032					
866	28148	4.33871	0																	
472	33786	5.00000	3																	
570	34944	4.28108	5							594	0.01746									
292	40586	4.46999	1	23993	0.04038	25259	0.03610	25031	0.00976	443	0.05870	860	0.01605							
429	22707	5.00000	4	21127	0.05568					86	0.13388									
59	28198	4.10836	0																	
4	31007	4.53342	0																	
10	39904	4.00380	0																	
397	23600	4.18915	6																	
746	36665	4.75922	0																	
981	40745	3.39327	0	38098	0.03539	39200	0.00169			430	0.03198	995	0.03041	491	0.00268					
473	25069	3.69814	0																	
793	20956	3.67459	0																	
930	39017	3.31947	0																	
598	34911	2.86553	0																	
904	39098	3.71464	0																	
813	41302	4.63841	0																	
81	25039	4.99646	2	25903	0.03872					429	0.02499									
741	26686	4.79385	0																	
848	23357	4.10107	0	23269	0.21224	23436	0.10918	23332	0.00276	570	0.04814									
705	29684	4.21478	2																	
292	31025	4.82808	1	38098	0.01314					981	0.00842	6	0.00193							
311	21280	4.81302	0																	
59	21185	4.06697	0																	
895	37785	5.00000	0	38894	0.05198					563	0.38632									
659	24384	3.92316	2																	
240	26544	4.16541	3																	
389	21630	4.10950	0																	
767	34762	3.73754	1																	
779	26866	4.55637	0																	
152	24655	4.10118	1																	
892	43815	4.26166	0																	
414	24458	4.53752	0																	
283	20435	4.59255	0																	
743	40386	4.77222	3	42255	0.00539					882	0.03225									
848	24290	4.73123	3	24270	0.06387	23986	0.03383	24272	0.02083	381	0.04093	108	0.02402							
712	40716	4.65683	0																	
514	24649	4.17809	0																	
124	30672	4.08348	0																	
274	33946	4.82081	0																	
367	40525	3.60191	0																	
239	34978	5.00000	0																	
514	42258	4.13462	0																	
130	33121	4.46552	0																	
462	23184	4.30787	1																	
385	24860	4.41789	3																	
78	24368	4.49256	1																	
760	29397	4.64686	0																	
469	41620	3.89875	0																	
268	23487	4.99028	0																	
181	33470	5.00000	4																	
736	25364	4.42025	2																	
401	29996	5.00000	5																	
281	40909	5.00000	0																	
937	23443	4.84518	0																	
570	43498	4.30382	0																	
905	21287	2.88318	0																	
361	34792	4.47756	2																	
699	25404	4.49349	0																	
570	25906	4.23719	0																	
753	26498	4.73514	0																	
340	25663	4.83885	0	25653	0.09801	24593	0.02139	24589	0.01476	848	0.05400	173	0.02457							
267	35866	5.00000	0																	
569	26047	4.80381	0																	
603	30439	4.48906	0																	
883	37716	5.00000	1																	
26	34908	4.73665	0																	
649	23849	4.36367	0																	
397	35815	4.05202	0																	
570	22400	4.59451	0																	
456	41401	4.77783	4																	
911	36442	3.19780	0																	
197	25882	4.93170	0																	
617	39578	3.92945	0																	
514	39652	4.25444	0																	
514	37752	4.17893	0																	
81	28782	4.53035	5	25308	0.02326					440	0.01101									
434	29015	5.00000	5																	
151	41225	4.61800	0																	
866	30147	4.54059	5	34369	0.02585					365	0.07056									
237	42966	4.87482	0																	
372	30375	4.17112	0																	
557	31783	4.87317	0																	
424	43669	4.47950	0																	
533	20019	4.77916	0																	
248	26527	5.00000	0	22356	0.02353					522	0.07267									
95	38112	4.01325	0																	
414	35001	4.46351	0																	
604	35882	4.47415	0	37071	0.06426					877	0.02805									
882	38347	2.87413	0																	
240	22356	4.23650	0	27460	0.00446	22421	0.00220			522	0.13264									
292	32677	4.40066	0																	
70	37389	4.81738	0																	
703	39300	4.17992	5																	
893	33477	4.95155	3																	
414	20060	4.55280	0																	
796	26043	5.00000	6	29975	0.01201					631	0.21073									
756	37703	5.00000	3																	
681	24680	5.00000	0																	
832	36946	4.15785	4																	
334	20916	4.56736	5	22722	0.00777	21275	0.00599			538	0.06169	628	0.00542							
237	35129	4.80465	0																	
283	43660	4.60396	0																	
340	25662	4.94824	1	25365	0.04211	25278	0.03814			50	0.02449									
504	36967	3.93773	0	36946	0.00217					514	0.00633	594	0.00600							
88	24479	3.45346	5	28534	0.06886					93	0.27126									
848	20275	4.79606	6	25637	0.01290					340	0.05400									
729	32982	4.19700	0																	
727	24460	4.83980	0																	
76	33502	5.00000	0	23358	0.01573					14	0.10163									
561	33637	3.27263	0																	
93	31140	4.33570	0																	
102	38588	4.49212	0																	
254	33643	4.63698	0																	
663	42906	4.72980	2																	
283	40947	4.55778	0																	
443	32099	4.80217	0																	
283	24953	4.97870	4																	
570	24770	4.36914	6							501	0.04217									
46	41277	4.86127	0																	
181	21075	4.78252	0																	
43	34615	4.52328	2																	
339	24165	4.60597	6																	
876	38759	4.61445	0																	
252	27645	4.90186	0																	
898	42167	4.41423	4																	
423	33363	3.53651	0																	
374	36331	4.47158	4																	
577	40330	3.98457	0																	
888	37144	4.59383	0																	
386	28227	4.24097	5	24272	0.03646					440	0.06925									
443	36777	4.72766	0																	
315	37880	4.11807	0																	
403	36967	3.57262	0																	
401	20328	5.00000	3	36290	0.01635					882	0.08044									
733	24030	4.15235	0																	
721	31171	4.42578	0																	
541	25040	4.90877	2	30755	0.00221					594	0.03824	340	0.02346							
236	39304	4.33647	0																	
848	24626	4.24365	4																	
983	24681	4.73933	0							70	0.09959									
230	33006	4.79553	0																	
882	23231	3.73958	3							569	0.06617									
634	21531	4.85985	5																	
127	32690	4.80808	0																	
179	27367	4.03479	0																	
114	29963	4.18015	2																	
244	22703	4.32301	0							514	0.02028									
813	34706	4.62142	0																	
340	23692	4.53279	0	23243	0.03729					535	0.01243									
514	40847	4.19827	0																	
340	32433	4.49798	0	29762	0.01427	23261	0.01176	25879	0.01036	570	0.06306									
435	23198	4.94295	0																	
538	27552	4.25844	0																	
194	37880	3.74582	0																	
419	35715	4.54753	0																	
502	36274	4.79034	0																	
570	36224	4.16366	0																	
294	34687	4.09862	0																	
483	36688	4.22065	0																	
424	37877	2.85295	0	26043	0.06177	23624	0.02353													
829	32464	4.96088	0																	
26	31717	4.73913	0																	
129	25031	4.47678	1	30833	0.08366					231	0.18156	860	0.05929	491	0.03322					
676	24484	3.68983	1																	
811	20363	4.45809	5																	
142	37297	3.33005	4	36875	0.05466	37049	0.03443	37663	0.01930	446	0.04529	328	0.03021	92	0.01798					
694	37706	5.00000	0							514	0.00416									
485	36076	4.82332	0	36946	0.00415					514	0.00360									
474	23765	4.61581	0																	
183	25517	4.80874	0																	
59	25086	4.17171	0																	
78	24896	4.32280	0																	
514	37276	3.69818	3																	
412	26077	4.72377	0																	
180	28635	4.28281	0																	
424	40525	4.37373	0	21492	0.01636	37474	0.01080	40682	0.00340	142	0.02353	652	0.00570							
563	36331	4.48478	4																	
602	24447	4.79879	0																	
221	23566	4.34039	1																	
283	33919	4.49350	0																	
705	24078	5.00000	1																	
764	24620	4.98014	0																	
485	23543	4.69350	0																	
739	23885	4.09955	0																	
251	31474	4.82785	3																	
397	23396	3.82141	4							492	0.25755									
326	23427	3.57735	0																	
659	34383	3.85149	0																	
873	29666	4.76763	6																	
173	25092	4.66333	0																	
678	22607	5.00000	6																	
970	40833	5.00000	6																	
514	38105	3.81789	3	36086	0.02920	36076	0.01705	34266	0.00846											
685	26359	2.43484	5																	
618	22726	3.99869	2																	
792	23448	4.73188	0	24650	0.00950					410	0.01086									
822	39516	3.51755	2	38651	0.08158															
488	25331	4.21037	3																	
208	26233	2.31364	4																	
92	40745	4.58292	0	37290	0.01033	37266	0.00888	36875	0.00682	142	0.01798	491	0.00330							
774	38447	4.25155	0	38989	0.03721					893	0.06815	514	0.01245							
929	22412	4.85260	5																	
752	21451	4.88361	0																	
982	33206	3.61262	4																	
843	23054	4.85026	0																	
283	25005	4.54519	0																	
997	27979	4.56413	0																	
164	35521	4.23122	0																	
568	23086	3.92599	0																	
541	35307	4.46096	0																	
160	37254	2.48348	1	21531	0.02309					446	0.01338									
47	32177	3.35545	3																	
283	24361	4.93351	6	21099	0.02276	21492	0.00154			340	0.04479	758	0.02225							
624	23265	4.45625	0																	
566	24749	4.95113	0																	
146	38206	4.80712	0																	
913	32840	4.09553	0																	
747	36319	4.85143	1																	
514	33701	4.14571	0																	
651	29685	3.72893	4																	
601	40551	4.30757	0																	
24	41569	4.84485	0																	
471	39912	4.41737	5	39850	0.02290	36930	0.01744			424	0.02436									
330	24589	4.63305	0	24590	0.04019					848	0.07935	784	0.06392							
589	40816	3.82535	1																	
829	21134	4.94521	0																	
514	34705	3.84692	0																	
846	24237	5.00000	1	34137	0.06127					664	0.27839									
630	27371	4.81948	0																	
745	39269	4.16732	1																	
648	34672	3.90899	0																	
525	28812	4.02274	0																	
242	40204	4.63644	0							514	0.02401									
97	22439	3.64754	6																	
29	32016	4.25296	3																	
283	39802	4.53227	0																	
24	41390	4.96151	3																	
543	37134	3.67122	4																	
254	24749	4.86064	0																	
873	32782	4.63128	0																	
514	38918	4.27747	0																	
847	28571	3.90170	0																	
913	38654	4.02917	0																	
342	24071	5.00000	5	24012	0.03356					38	0.02176									
382	25369	4.99719	5																	
142	33738	3.58120	0																	
624	28401	4.95980	0	28817	0.02198					283	0.07464									
448	24451	4.21574	0																	
90	28613	3.79565	0																	
389	21407	4.11290	0																	
357	25421	4.20656	0																	
14	25658	4.59266	0																	
438	35932	4.34317	0																	
471	31012	4.60133	0																	
722	21735	4.70253	2																	
310	32878	4.82062	0																	
813	23176	4.68419	0																	
514	44015	4.13851	0																	
860	23799	4.82995	0	24004	0.13930					358	0.02857	369	0.02570							
676	24384	4.19033	2																	
840	36939	4.89251	3																	
368	32228	4.10060	0																	
811	21447	4.22564	0																	
282	30026	4.81644	0																	
379	28197	4.67405	0																	
610	35323	3.77875	0																	
13	30537	3.91289	0																	
965	24753	4.59442	0																	
377	35047	4.74243	0																	
4	27892	4.73589	0																	
777	35888	4.23815	0																	
241	35888	4.49777	0																	
235	42176	5.00000	0																	
610	33963	3.64959	0																	
83	26128	4.37531	0																	
681	36408	4.04938	2																	
382	30672	4.26418	0																	
473	39447	3.69481	0																	
277	27263	5.00000	0																	
569	20537	4.79166	3																	
490	38531	4.12907	2																	
872	40223	4.90079	0																	
441	28250	4.56309	5	26043	0.00334					424	0.04546									
594	25295	4.51133	0																	
197	22192	4.74902	0																	
141	20937	3.99167	0																	
760	26511	4.68354	0																	
569	29785	4.77822	0																	
55	28939	4.40791	3																	
85	32805	4.27563	0																	
76	23454	4.70888	0																	
678	36850	4.84314	1																	
570	28227	4.34660	5																	
13	25096	4.58163	0																	
371	41075	3.04412	1																	
435	29509	4.86818	0																	
514	32109	4.54959	3	43088	0.04938					196	0.02566									
380	38223	4.55020	0	39384	0.05498					726	0.00501									
871	37596	4.71710	0																	
322	31554	4.34968	0																	
227	37297	3.17277	4	26274	0.00952					328	0.03542	446	0.02243	594	0.01265					
811	39231	4.28319	0																	
493	32481	4.24130	0																	
611	42600	4.21615	1																	
165	27238	3.22286	3																	
748	25487	4.32205	4																	
254	33653	4.36225	4																	
26	32684	4.71439	0																	
370	32329	4.18025	0																	
514	36358	4.22895	0																	
531	36388	4.79172	0																	
810	39277	4.98176	0																	
388	34813	4.08944	4																	
813	35594	4.04867	6																	
439	21222	4.77299	6																	
848	22129	4.73113	1																	
238	32520	5.00000	5																	
643	32499	4.68226	0																	
994	37425	4.17722	0																	
744	29487	4.87416	0																	
746	42305	4.07867	0																	
424	24071	4.23201	5	24049	0.04482	24137	0.03426	24012	0.03356	38	0.06467	146	0.03285	171	0.02710					
210	24436	4.30069	0																	
153	42420	4.42712	0																	
282	26173	4.77007	0																	
205	32612	4.75542	0																	
492	39765	4.97991	0																	
252	27659	4.79548	0																	
250	23560	4.15601	1	23481	0.15928															
0	24395	5.00000	1																	
540	36202	4.72514	0																	
82	30891	4.45645	0																	
447	22584	4.41560	3																	
989	24240	4.31687	3																	
66	25065	4.15514	1																	
544	31243	4.68592	0																	
779	24777	4.87468	0																	
604	33077	4.76868	2																	
567	24749	4.41015	0																	
690	35695	3.64617	1	38368	0.05392															
340	24608	4.75994	4																	
865	38812	4.91340	2																	
592	43301	4.85752	2																	
787	28253	4.52432	3																	
860	23458	4.85709	0	24004	0.12434					369	0.02570									
265	43488	4.36520	0																	
505	20708	4.54475	0																	
453	35738	3.74675	5																	
569	26290	4.79567	0																	
779	24397	4.59204	0																	
879	28126	5.00000	3	31026	0.01439	31462	0.00258			882	0.02697									
664	25599	4.34982	0																	
750	38961	5.00000	1																	
918	28401	3.87191	0																	
162	41615	4.18313	0																	
124	34621	4.86009	0																	
264	24531	3.93958	0																	
995	34760	5.00000	0																	
634	35268	5.00000	0																	
265	28235	4.33181	0																	
429	21492	5.00000	2	21127	0.01622					977	0.02647									
162	34717	4.25650	0																	
330	24442	4.57487	2	28511	0.04173	26530	0.02256	26527	0.02183	522	0.16134									
160	37297	3.22247	4	37266	0.02001					92	0.02852	871	0.01921	446	0.01338					
556	24078	3.68805	1							382	0.08298	986	0.02462							
175	25386	4.20217	0																	
741	23264	4.29413	3																	
763	33220	3.59434	2	34045	0.01639					813	0.02383									
618	24049	3.35028	5	36930	0.01538					424	0.05332									
525	32546	1.68747	0																	
471	37073	4.82261	1	24410	0.05150					713	0.02436									
340	24926	4.54438	0																	
14	25338	4.60078	0																	
448	33684	4.24452	0																	
633	22439	3.81364	6																	
942	23686	4.80260	0																	
979	37078	4.37870	0																	
622	38717	4.63175	0																	
670	34818	4.36779	0																	
514	44018	4.23581	0																	
248	26526	5.00000	0																	
682	24559	4.85759	3	24579	0.03939					93	0.06506	469	0.02623							
793	41290	3.57741	0																	
313	23448	3.70255	0																	
29	35697	4.31623	1																	
347	21991	4.61983	0																	
691	23404	3.90691	0																	
530	34350	3.84792	5							382	0.04558	58	0.02564							
356	33700	4.41775	0																	
364	36939	4.61142	3	37266	0.01556					160	0.00370									
64	42239	4.78935	0																	
561	32550	4.80491	0																	
833	34190	4.92097	0																	
882	20339	3.87282	0																	
999	27193	4.63530	0																	
779	24130	5.00000	0																	
846	33715	4.64936	1	21429	0.11579					394	0.25182	424	0.01498							
889	38098	3.81305	0	40745	0.03539	25259	0.00465	34192	0.00097	292	0.03988	491	0.03868	995	0.01926					
813	32084	5.00000	1	25331	0.02266					486	0.01454									
93	29812	4.47954	0																	
909	31277	4.79882	0																	
52	24170	5.00000	2																	
89	36491	4.59392	0																	
14	23401	4.71001	0																	
684	24664	4.50967	0																	
415	43143	4.24450	0																	
657	21309	3.82379	0																	
511	32187	4.65118	3																	
715	31160	4.87224	0																	
758	24252	4.38993	0	24361	0.10677					967	0.10342									
335	32425	4.23719	0																	
997	28788	4.67107	4																	
537	27543	5.00000	1																	
542	35000	2.34910	4																	
848	37490	4.49587	0																	
865	40057	4.76957	0																	
230	29944	4.80161	0																	
818	22151	4.26373	5																	
478	34076	4.42178	0																	
800	32490	4.19789	0																	
397	21123	4.09505	0																	
787	27060	3.85667	0																	
959	24309	5.00000	5																	
387	20237	3.80371	0																	
180	28523	4.28645	0																	
894	21554	5.00000	4																	
418	40401	5.00000	5																	
31	25411	4.06544	3																	
641	23397	4.52555	0																	
230	41915	4.61362	0																	
502	35705	4.84992	0																	
356	34144	3.65483	0																	
13	25129	4.47649	0																	
244	26646	4.67360	3																	
951	42115	4.44381	0	42161	0.00778					514	0.01871									
142	38098	3.18352	0	40745	0.03539	41075	0.01048	40525	0.01026	408	0.04506	995	0.03858	882	0.02812					
875	32116	4.23542	4																	
377	30992	4.55361	0																	
238	21275	4.95156	0																	
498	28037	4.79160	0																	
813	25040	4.99320	2	24147	0.01812	24361	0.01287	25331	0.00991	758	0.02762	340	0.02631	741	0.01576					
442	30387	3.66622	2																	
43	36299	4.47287	0																	
611	20315	4.31698	0																	
745	38491	4.76864	0																	
756	42938	4.78092	0																	
340	22365	4.56380	0																	
28	38112	4.03796	0																	
29	36812	3.76702	0																	
638	42748	5.00000	0																	
569	23977	4.72204	0																	
81	24517	4.55785	0																	
105	35093	4.67635	0																	
246	26340	4.32830	0																	
659	37611	3.83253	0																	
866	34616	4.52294	1																	
626	35751	4.80485	0																	
700	21594	3.51192	0																	
424	32210	4.54142	2	24012	0.01679					514	0.03446	576	0.00709							
678	24680	5.00000	0	27548	0.02174					848	0.02661									
92	34911	3.91962	0																	
940	37469	4.65563	1	34627	0.00372															
686	21058	4.94359	5																	
581	32748	4.38378	5																	
377	29073	4.68966	0																	
29	25306	4.42381	3	24579	0.03909					93	0.09450	469	0.03431							
61	33241	4.17954	1																	
741	21098	5.00000	6	25071	0.01487	24532	0.00977			340	0.02749	832	0.01980	594	0.00259					
662	26474	4.42895	0																	
569	21154	4.82013	0																	
443	28080	4.82322	0	24889	0.02585					388	0.03079									
44	38548	4.31164	0																	
726	39269	4.65474	1																	
62	41959	5.00000	1																	
71	26490	4.58229	0																	
835	27172	4.46849	0																	
195	30925	4.73350	2	31987	0.02479					19	0.12748									
540	32098	4.76392	0																	
561	37542	4.80993	0																	
648	37604	3.93336	0																	
514	42521	3.80359	2																	
803	23916	5.00000	6																	
523	24883	3.53313	0																	
594	21492	4.96577	2	23403	0.02056	25040	0.01654	22452	0.01136	340	0.05605	414	0.05320	309	0.01055					
894	42734	4.83341	0																	
509	22887	4.56462	0																	
490	36875	2.53314	0	38735	0.01892	40761	0.00367	40682	0.00252	17	0.07066	142	0.05975	485	0.04844					
810	21492	5.00000	2							340	0.01630									
710	26135	4.40591	0																	
436	33935	4.39529	1																	
254	28799	3.28994	0																	
164	35951	4.34493	0																	
550	38898	4.68330	0																	
570	35531	4.23206	0																	
466	38025	4.08571	0																	
362	30165	4.64964	0																	
491	43052	4.38184	0																	
867	24012	4.55476	3	24240	0.03246					695	0.07260									
564	40550	4.36399	3																	
863	27153	3.67685	3																	
587	26067	4.80259	4																	
444	35079	4.95736	4																	
822	38862	5.00000	1							466	0.15236									
445	21287	2.87939	0	23839	0.03550	23840	0.01103													
26	37318	4.72215	0																	
852	43344	3.51557	0																	
888	35012	4.59720	0																	
664	26276	4.38054	0																	
13	25086	4.57438	0																	
881	35147	4.27529	0																	
860	43179	4.56259	0																	
359	24289	4.23617	2																	
538	23425	4.08876	0																	
19	31573	3.25338	4																	
429	25040	5.00000	2							81	0.02499									
491	32677	4.30536	0																	
35	26235	4.56849	0																	
844	30243	5.00000	1																	
570	26725	4.21486	0																	
411	38531	3.83779	2	35942	0.15924					625	0.19557									
485	36192	4.83234	1																	
524	40837	5.00000	1																	
514	33306	4.16860	0																	
356	33833	4.45408	0																	
982	32810	4.38488	0																	
182	28007	4.07493	0																	
880	27469	3.95232	4							676	0.06932									
355	33474	5.00000	0																	
340	24268	4.52847	0																	
811	39598	3.97553	0																	
541	25716	4.43503	6																	
46	22180	5.00000	1																	
162	23631	4.27100	0																	
696	24644	4.55733	3	21956	0.07536					48	0.07407									
843	23055	4.89167	0																	
873	22571	4.62075	0																	
676	22709	3.97968	4																	
514	42334	4.11626	0																	
811	21441	4.50387	0																	
331	39269	4.27800	1																	
385	27544	4.26605	6																	
865	23243	4.63909	1																	
871	37199	4.29603	3																	
122	25104	5.00000	4																	
417	36694	5.00000	0																	
282	22331	4.82485	0																	
456	27903	4.60043	0																	
848	33611	4.52344	0																	
911	43611	4.39303	0																	
113	21925	4.84875	0																	
107	24076	4.25821	0																	
748	21532	4.66259	0																	
528	29717	5.00000	0																	
892	25906	4.27591	0																	
983	24406	4.58397	0																	
567	24377	4.50820	1																	
433	29937	4.32158	0																	
107	20019	4.56970	0							566	0.00613									
75	36587	4.97585	0																	
158	23388	5.00000	1																	
584	24761	2.98897	3																	
570	20518	4.14910	0																	
353	34059	3.54481	0																	
87	39595	4.04736	1																	
648	38921	2.75002	0																	
319	20560	4.20407	0																	
401	36875	3.66069	0	24039	0.00968															
246	24549	4.35100	0																	
377	23784	4.67764	0																	
676	23860	3.00350	0																	
889	40913	4.22212	0																	
510	24208	4.82831	0																	
82	24128	4.49149	4																	
594	26448	4.45200	0																	
471	41050	4.48382	0																	
575	24534	4.13821	1																	
334	34399	4.13921	0																	
846	36155	4.84579	0																	
340	31066	4.92539	5																	
569	30390	4.78448	0																	
779	21569	4.57964	0																	
274	35144	4.81127	0																	
248	27438	5.00000	3																	
408	38812	5.00000	2																	
914	23349	3.86251	5																	
145	25143	4.47862	0																	
741	35663	4.79715	0																	
22	26635	5.00000	2	24141	0.08943					644	0.24437									
337	24159	5.00000	5																	
978	26041	4.70552	3	36490	0.19355					217	0.37433									
618	31900	3.37811	0																	
380	21522	4.57495	3	28250	0.02664					424	0.02303									
610	35321	3.62340	0																	
766	42514	4.81552	0																	
246	24894	4.61608	6																	
605	41486	4.75899	0																	
79	27020	4.29588	1																	
567	32546	3.10165	0																	
307	37484	4.40552	5																	
397	35816	4.18846	6	20063	0.05357					654	0.03451									
400	27503	4.26187	0																	
742	22914	4.69702	0																	
358	23357	4.58476	0																	
403	34839	4.00449	5							81	0.04243									
795	36478	3.59160	0																	
460	27704	4.86494	0																	
162	24914	4.67256	0																	
431	29263	4.41193	0																	
31	28950	3.23228	0																	
535	25069	4.42024	0																	
519	26479	4.46350	3																	
651	30672	3.33133	0																	
501	25765	4.70069	0																	
469	21247	3.66865	4																	
283	24956	4.52532	0																	
13	25089	3.22169	0	22452	0.04119															
269	29845	4.57855	0																	
241	25522	3.97421	3																	
741	29122	4.75560	0																	
414	40244	4.48772	0																	
490	40634	4.02993	0																	
741	25218	4.76770	0																	
142	36987	3.08359	0	37049	0.04042	36875	0.01090													
202	35493	3.90092	0																	
569	20055	5.00000	3	23871	0.02094					882	0.06617									
174	26142	4.32861	0																	
370	31823	4.89369	0																	
538	26217	4.23868	0																	
710	24137	4.13224	2	24071	0.03426	31663	0.00244			695	0.04219	424	0.01228	38	0.00360					
81	21069	4.60980	0																	
622	33540	5.00000	3																	
81	30537	4.01754	0	24914	0.01385															
728	42057	4.33709	0																	
170	36624	5.00000	0																	
77	37737	4.48464	0																	
98	27419	4.71448	0																	
350	43247	4.69258	0																	
889	40306	3.28682	0	40745	0.00800															
267	34546	4.78226	0																	
283	27467	5.00000	1																	
548	27293	4.85961	0																	
41	21256	4.70057	0																	
816	27372	4.84659	0																	
884	22332	4.94225	3																	
983	25848	4.62418	0																	
577	40912	4.20126	2							471	0.03392									
679	28358	5.00000	2																	
653	28300	4.77410	0																	
13	25132	4.60823	0																	
430	25269	4.73004	5																	
142	40626	3.50413	1	40745	0.10147	41075	0.04172			237	0.02357									
678	22543	4.50597	0																	
455	38812	4.98785	2																	
168	31776	4.78548	0																	
568	30672	3.50583	0																	
619	34989	4.37922	0																	
381	24316	2.98378	0	24270	0.01585	24272	0.00156													
680	26476	5.00000	5																	
495	28722	3.62553	0																	
413	28959	4.93310	3																	
720	25626	4.21158	1																	
478	37287	4.32775	0																	
385	29415	4.16614	0																	
634	21230	5.00000	0																	
575	25808	4.36106	0																	
157	39728	4.54734	0																	
833	32546	3.13847	0																	
14	31854	4.97325	3							340	0.01303									
37	41285	4.47509	4																	
6	37525	4.21136	0																	
340	24645	4.53687	0																	
168	23553	5.00000	2																	
687	41195	4.44786	0																	
354	43943	4.84236	0																	
59	24460	4.20441	0																	
849	40963	5.00000	2																	
882	20318	3.88604	0																	
544	21315	4.71164	0																	
167	32600	4.20154	0																	
659	40550	3.60538	3																	
671	35600	3.95068	0																	
920	25637	4.67858	0	25639	0.00771					340	0.03211	848	0.02915							
755	24386	4.55663	0																	
81	25096	4.60667	0																	
283	43957	4.51705	0																	
180	28636	4.25928	0																	
366	24375	5.00000	0																	
583	41897	3.73344	1																	
562	36495	4.15324	2																	
81	24534	4.34537	1	25903	0.01164	21033	0.01024	34839	0.00576	13	0.11086									
96	42117	4.24628	0																	
774	29034	4.10952	0																	
845	39706	4.95031	0																	
92	29012	5.00000	0																	
570	24287	4.62423	1																	
212	36349	3.97261	0																	
273	31981	5.00000	1																	
250	21254	5.00000	0	35253	0.08814					584	0.12560									
501	20010	4.72589	0																	
423	42286	3.42377	0																	
340	20301	4.57772	0																	
531	35865	4.73700	0																	
491	33786	4.55886	3							160	0.00672									
465	20361	4.83269	2	26042	0.05689	20374	0.02113	23173	0.00299	569	0.19610	558	0.14046							
505	30608	4.53871	0																	
340	20761	4.54258	0																	
325	38264	4.37707	0																	
813	33991	4.61453	0																	
896	35347	4.35381	4																	
107	41075	4.21106	1	37664	0.01730	37876	0.00482			408	0.05730	117	0.03682	142	0.00680					
253	39477	3.97245	0																	
469	40572	3.73699	2							893	0.03755									
81	22654	4.60885	0																	
491	22164	4.56699	1							340	0.00433									
631	35549	4.64352	2																	
14	22190	4.81697	1																	
866	28022	4.23315	0																	
307	36875	4.07296	0	37178	0.01049															
993	31158	4.76861	0																	
944	29574	4.39223	0																	
522	26526	5.00000	0	28511	0.10891					923	0.17610									
231	28938	4.94934	1	23993	0.01189					443	0.05573									
514	41606	4.11240	0																	
103	23852	4.53815	1																	
142	34758	3.74534	1																	
165	23769	3.42609	0							171	0.05128	218	0.03554							
267	33558	4.79787	0																	
581	31886	4.24424	5																	
330	32591	4.39583	0																	
427	40501	4.87993	0																	
983	39200	4.56502	0																	
385	24247	4.20489	0																	
881	33512	4.20584	0																	
140	38960	3.15149	0							388	0.17704									
643	36843	4.61701	0																	
328	37882	5.00000	0																	
527	36839	3.68251	0																	
338	26983	4.71166	0																	
462	21014	4.43385	0																	
514	24071	4.21029	5																	
661	30475	4.83107	0																	
277	37878	5.00000	0																	
94	23238	4.95475	6																	
334	22621	3.92974	0																	
