227	25309	4.28548	0																	
868	25024	5.00000	0																	
523	42545	3.53426	0																	
414	29217	4.50592	4																	
385	25514	4.18918	0																	
648	34645	3.90532	0																	
538	26217	4.07247	0																	
246	24894	4.34825	0																	
377	30993	4.62255	0																	
689	40548	3.91256	0																	
414	21657	4.45529	0																	
725	30835	4.89686	5																	
471	40447	4.50265	2	39535	0.08468	25262	0.00950	22620	0.00933	227	0.04971	176	0.03213							
549	27276	4.82982	0																	
624	23256	4.74155	0																	
566	33726	3.97728	4																	
882	40631	3.57272	6																	
471	37073	4.04542	1																	
330	26530	4.39232	2	26527	0.03164					522	0.08271									
483	34144	5.00000	0																	
538	23528	4.22096	0																	
223	22655	3.68712	0																	
240	22421	4.71952	2	22323	0.05570	26544	0.05330			522	0.34488									
575	21590	4.31532	0																	
883	41285	4.45067	4																	
338	20406	4.91188	0																	
935	32674	4.89525	4																	
881	21539	4.19125	0																	
957	30399	3.68004	3																	
238	21275	4.95765	4																	
379	24261	4.45029	0																	
372	28370	4.06851	0																	
393	38345	4.21445	0																	
684	24664	4.58333	0																	
106	25308	4.91508	5																	
38	38223	3.93827	0	37474	0.03759															
623	29481	4.65049	0																	
379	28294	4.50117	0																	
982	36332	3.64858	0																	
252	25240	5.00000	3																	
277	37878	4.92629	0																	
491	23096	4.14153	4	30975	0.11024	29963	0.02537			117	0.04597	122	0.01800							
696	21956	4.96455	0																	
880	33157	4.29786	0																	
695	24012	3.76937	3	23769	0.01339					867	0.07183	171	0.06160	342	0.03177					
602	24447	4.75922	0																	
570	25811	4.16684	0																	
575	22549	4.08525	1																	
282	30026	4.77306	0																	
678	30202	4.96350	0																	
670	39292	4.41487	0																	
77	31913	4.29743	0																	
83	29996	4.53405	5																	
569	30281	5.00000	5																	
397	21994	3.98348	0																	
51	34579	3.85981	3																	
95	38107	4.63047	0																	
250	23481	4.12087	0	23560	0.11619															
600	36247	4.59119	2																	
166	33555	5.00000	0																	
605	41486	4.78133	0																	
741	23917	4.70219	0																	
585	35437	3.82135	0																	
424	40682	4.51926	3	39384	0.00588					490	0.01017									
141	34911	2.79817	0																	
618	35489	3.86031	5							344	0.03065									
522	24442	3.74645	0	26527	0.03606															
570	23261	3.57236	6							340	0.05360									
215	24071	4.73563	5	24012	0.06438	21275	0.00240			38	0.06770	171	0.03373	342	0.02744					
933	29684	3.56961	2																	
246	28507	4.38246	0																	
750	38961	4.95291	1																	
478	32882	4.48572	0																	
475	23926	4.38020	0																	
316	41728	4.87382	0																	
760	26511	4.48767	0																	
661	22656	4.50484	6																	
322	21393	4.36325	0																	
813	23176	4.83256	0																	
820	31468	4.74816	0																	
31	25234	4.30000	0																	
888	30361	4.62972	0																	
70	29482	4.78653	0																	
424	21429	4.05225	0	33715	0.11204					394	0.02105									
620	21298	4.49246	0																	
385	28340	4.22865	0																	
101	24975	3.98213	0																	
365	30147	5.00000	3																	
377	31940	4.61379	0																	
55	25369	4.23294	5																	
406	24712	4.46470	0																	
813	37851	4.80012	0																	
188	30147	4.68276	3							853	0.02485									
430	25269	4.74313	5	40745	0.00776					146	0.00802									
471	38223	3.85195	0																	
777	24843	3.94803	0																	
292	35882	4.56459	1																	
863	24525	4.39499	0	28026	0.02018					221	0.03388									
365	34369	5.00000	3																	
577	40330	3.98321	0																	
624	21267	4.76871	0																	
864	38908	3.94293	2	36930	0.00719					471	0.06798									
982	36286	4.18435	0																	
424	43965	4.32167	6																	
953	43095	4.75341	0																	
93	24508	4.48567	0																	
882	26063	4.05323	0																	
128	40918	5.00000	0																	
598	24028	4.22204	0																	
820	24872	4.65442	0																	
145	23947	4.85427	0																	
412	34137	4.42788	0																	
809	29914	4.09091	0	24257	0.04621					559	0.14081									
505	20253	4.58494	0																	
310	32878	4.97187	0																	
634	21531	4.57623	1																	
965	24729	4.96942	5																	
624	39163	5.00000	1																	
710	32405	4.63349	0																	
92	34911	3.76444	0																	
514	28037	4.20289	0																	
798	20513	4.77725	0																	
818	35817	4.06191	2																	
443	30583	4.70368	0																	
928	30936	4.93863	0																	
907	34752	4.75186	0																	
534	27460	4.73468	2																	
514	42982	4.03898	6																	
354	40480	4.67377	0																	
355	39274	4.44176	0																	
692	33652	4.80192	0																	
514	24065	4.40831	3	33495	0.01930	32210	0.00342			567	0.01958									
310	23674	5.00000	0																	
142	38119	3.15635	1	41075	0.01521	37049	0.01050			408	0.01337									
319	30238	4.15323	0																	
435	39322	4.87998	0																	
469	33726	3.07085	4																	
168	21061	4.96632	0							514	0.02620									
377	24614	4.60460	0																	
91	32529	3.35356	0																	
178	26451	5.00000	5																	
882	20339	4.03974	0																	
436	37266	4.02398	1																	
377	26377	5.00000	5																	
491	25105	4.33590	4																	
162	23485	4.20594	0																	
26	34240	4.70702	0																	
301	21335	4.53889	0																	
101	23368	3.93701	0																	
772	24484	4.60304	1																	
424	32210	4.32564	0	25345	0.03089					103	0.01681	514	0.01559							
678	22619	4.88733	0																	
882	38065	4.02863	0																	
353	37263	4.32628	0																	
196	28034	4.27717	0																	
159	24675	4.66088	0																	
845	39200	5.00000	4																	
888	31900	4.40316	3																	
494	22151	5.00000	4																	
952	39204	4.96365	3																	
618	36067	3.97373	0																	
622	37038	5.00000	3																	
570	23601	4.16166	0																	
648	37943	3.86757	0																	
313	23450	5.00000	5																	
514	36488	4.15337	0																	
479	37748	4.86540	0																	
546	34477	4.78277	0																	
392	30796	4.28981	4																	
905	32223	3.68167	1																	
292	41086	3.81267	2																	
838	43564	4.84254	0																	
866	28145	4.41400	0																	
86	21128	4.14945	0																	
648	37880	3.60640	2																	
167	34791	4.99251	5																	
606	25040	4.45655	2																	
539	20807	4.81905	0																	
34	28470	4.61895	0																	
842	40905	4.21607	0																	
588	32588	4.05137	2																	
316	27454	4.94608	0																	
356	34250	4.12301	0																	
124	30672	4.24225	0																	
813	21489	4.79000	0																	
774	39384	3.53927	5																	
420	43460	4.83057	0																	
787	32084	4.76808	1																	
105	22266	3.84944	0																	
741	40065	4.78133	0																	
793	41045	4.00203	5							514	0.00691	594	0.00123							
880	30862	4.13410	4																	
720	38223	3.88904	0																	
885	24245	5.00000	6																	
874	22207	4.15102	0																	
832	26080	4.82566	0																	
514	42114	3.58788	0	22703	0.06784															
19	31573	3.66189	0																	
882	30985	4.04472	0																	
758	22440	4.11747	1																	
340	28817	4.97361	0	22524	0.01056	24361	0.00642	24646	0.00358	283	0.04871									
357	33448	4.54401	0																	
501	26275	4.78115	1																	
36	41491	4.35144	0																	
779	20009	4.87852	6																	
963	39535	4.77201	2																	
340	23255	4.60511	0																	
481	38119	3.41659	1							408	0.09344									
329	24806	3.70058	0																	
81	24485	4.59192	0																	
409	30393	4.67390	0																	
407	41045	4.58453	5	37753	0.03497					594	0.04997	514	0.04406	147	0.03543					
64	35448	4.26659	0																	
979	37078	4.51383	0																	
882	36505	4.04218	0																	
514	38918	4.06058	0																	
81	34398	4.69115	0																	
524	40782	4.72788	0																	
569	23227	4.70540	0																	
463	21949	4.72047	0																	
403	21208	4.28751	2																	
514	37662	3.80684	1																	
13	30537	4.34291	3	25093	0.02154	21071	0.01224			81	0.13597									
882	27151	4.23296	4																	
414	24985	3.69950	0	21098	0.00756	22452	0.00606	25068	0.00518											
752	32572	4.80197	0																	
283	24953	4.46077	0																	
980	40967	4.15647	0																	
914	22314	4.69901	0																	
514	37752	4.13216	0																	
557	31783	5.00000	0																	
198	37857	5.00000	0																	
569	20368	4.92364	6	20374	0.10604	21538	0.10458			465	0.20212									
287	40626	4.61743	1																	
334	31558	4.06538	0																	
492	23396	4.71277	4	23292	0.03255	23338	0.01798			397	0.15099									
676	42701	3.88313	0																	
246	26781	4.47691	0																	
884	22332	5.00000	3																	
526	24534	4.19184	0																	
569	24005	4.77882	0																	
880	20966	4.32484	0																	
182	37758	3.28149	0																	
929	24678	4.72116	4																	
400	37067	3.69912	3																	
87	38325	3.94259	5																	
741	31277	4.93586	6																	
951	41151	4.39640	0																	
634	39633	4.91668	0																	
538	20916	4.42174	4																	
491	31903	4.82619	1	38098	0.01112					889	0.03785									
358	37178	4.49876	5																	
340	25850	4.58136	0																	
860	25031	4.93423	1	30833	0.02712	25063	0.02098	23845	0.01601	14	0.10814	292	0.09842	491	0.08089					
514	41581	4.01252	6	36967	0.04171					400	0.00874									
485	23434	4.76362	1																	
751	22180	5.00000	4																	
423	22571	4.77598	0																	
546	30248	4.78116	0																	
388	33220	4.27225	2																	
161	30620	4.49389	4																	
595	43863	4.61590	0																	
26	34943	4.62860	0																	
124	24078	4.62009	2																	
889	36939	3.57255	0																	
424	40525	4.22992	0	37474	0.01882					142	0.00772									
154	43030	4.64787	0																	
53	42162	4.00213	0																	
174	21913	4.45189	1																	
534	22421	4.81324	2																	
107	33048	2.94167	0																	
160	37049	4.18357	0	37266	0.04617	37297	0.02006	34791	0.01724	142	0.08577	92	0.05437	566	0.02396					
848	24589	4.53679	0	24592	0.09047	28238	0.01232	24272	0.00580	340	0.07493	330	0.02631	784	0.02234					
811	39551	4.32581	0																	
887	36868	4.67506	0																	
25	41947	4.06073	0																	
505	21354	4.56992	0																	
842	37873	4.43856	6																	
340	25645	4.62714	0																	
689	38239	3.76796	3																	
421	32001	4.70144	0																	
920	25638	2.75702	0																	
430	34540	4.84555	3																	
505	22386	4.56341	0																	
570	22394	4.13794	0																	
410	23335	4.14573	1	24367	0.07088	23370	0.04316	22476	0.01941	669	0.10433	676	0.08401							
563	40491	3.81724	0																	
389	20686	4.41390	0																	
328	37297	4.22861	5	37266	0.00879	39612	0.00586	37663	0.00249	142	0.01893	160	0.01472	92	0.00778					
181	26910	4.90153	0																	
34	26078	4.57677	0																	
142	40682	4.08210	3	37297	0.00589					490	0.00589									
741	35648	4.77435	0																	
904	39375	3.63062	0																	
340	27948	4.65325	0																	
424	36076	4.31310	2	24071	0.02309					342	0.00208									
576	21575	3.81383	3																	
106	24457	5.00000	2																	
424	32701	4.19669	0																	
120	35965	5.00000	2																	
414	34287	4.57345	0																	
569	30588	4.74314	0																	
546	32379	4.62784	0																	
246	24401	4.37152	0																	
782	32632	4.30105	0																	
908	32109	4.25228	0							81	0.06401									
171	30986	4.69619	0																	
286	23212	4.37042	0																	
213	24761	4.53588	2																	
514	40262	3.78813	5																	
248	27438	4.98687	3																	
471	25369	4.62789	5	25262	0.02704	24410	0.02004	22620	0.01647	227	0.04971	469	0.02356							
401	20328	5.00000	3	36290	0.00777					882	0.03595									
227	21531	3.53818	1																	
689	41953	3.87775	0																	
181	38470	4.81061	0																	
466	38270	3.95194	0																	
991	23087	4.18633	0																	
486	24417	4.49370	0																	
750	23835	5.00000	0																	
356	33700	3.93825	0																	
346	35288	5.00000	0																	
423	33363	4.22352	0																	
162	22582	4.19797	0																	
600	40910	4.78653	0																	
485	37158	4.60596	0																	
64	36077	4.73628	1																	
873	41621	4.62284	0																	
597	24356	4.61482	0																	
401	25643	4.36347	0	25622	0.12179					582	0.04578									
468	25278	5.00000	1							340	0.00763									
413	28959	4.71191	3																	
848	25639	4.01214	6	24272	0.00823	25614	0.00652			340	0.07493									
779	31412	4.58153	0																	
194	20674	4.04977	4	21492	0.00216					340	0.04960									
334	22615	3.95243	4	22620	0.00829					137	0.01448									
283	31066	4.84785	5	21855	0.01418	22524	0.00901	24646	0.00320	340	0.04871	505	0.02426							
538	31024	4.13971	0																	
522	23023	4.42963	0																	
172	38161	4.39909	0																	
254	27761	4.72712	0																	
231	32024	4.06780	0	23993	0.05295	25031	0.02744													
247	35743	4.12270	0																	
525	24568	4.14518	5																	
105	21241	4.90555	2	27543	0.04224					644	0.02727									
861	27015	4.47571	0																	
105	27425	4.60068	4																	
478	29655	4.78565	6																	
276	24558	4.51840	0																	
416	24457	5.00000	2																	
982	35692	3.18818	5	36662	0.07345															
570	38015	4.20759	0																	
55	28939	4.19742	3																	
880	27257	4.12351	0																	
26	34952	4.69709	0																	
376	29761	4.19534	0																	
174	24465	4.65027	2																	
741	25103	4.77465	0																	
479	28175	4.80186	0																	
615	23826	5.00000	5																	
705	24078	4.31725	2	30672	0.02668					382	0.09220									
542	33638	4.15587	1																	
558	26042	4.52072	6	25622	0.00574					401	0.01289									
835	33249	4.41837	0																	
967	24252	5.00000	3																	
973	38846	4.57430	0																	
327	34763	4.90507	0																	
681	32116	3.35844	5	22584	0.03109	24650	0.01249			227	0.00819									
872	40464	4.81919	0																	
822	39516	5.00000	2																	
21	36029	3.64352	0																	
69	32518	4.46463	0																	
264	38315	4.12563	2																	
843	23055	4.73255	0																	
107	39787	3.01139	0	41075	0.07672															
340	43338	4.62065	0																	
666	24339	4.56748	0																	
465	26067	4.75553	4																	
505	28504	4.50502	0																	
117	33403	4.65248	1																	
844	32798	4.68986	0																	
302	24176	4.78447	2																	
324	24334	4.48160	0																	
388	31787	3.92564	0																	
605	39216	4.91945	0																	
75	36587	4.99203	0																	
221	22640	4.16175	0																	
164	33313	4.54707	0																	
77	38120	4.21592	0																	
480	21752	4.29120	0																	
26	34588	4.68101	0																	
678	36850	5.00000	1																	
424	38105	3.58291	3							466	0.03727									
59	36479	3.86579	3																	
45	23537	5.00000	6																	
668	24752	4.67120	0																	
757	33564	4.63909	0																	
89	22205	4.20399	5																	
230	41573	4.81524	0																	
318	35124	5.00000	4																	
334	28934	4.22154	0																	
763	26075	3.64021	0	21491	0.01760					94	0.03710									
984	23657	2.39853	6	24361	0.00881					340	0.00328									
530	34350	3.50651	5							58	0.01746	424	0.00625							
811	36582	4.35107	0																	
604	20792	4.33599	0																	
904	39187	3.72679	0																	
918	21292	3.60479	0																	
774	28146	3.86431	0																	
514	39626	4.23373	0																	
710	24071	4.80762	5	24137	0.04179					38	0.05962	171	0.03141	424	0.01728					
70	38530	5.00000	2																	
763	25039	3.98630	2																	
779	25476	4.51544	0																	
71	26490	4.59309	0																	
298	37008	3.40489	0																	
608	29504	4.73608	0																	
107	37664	3.63250	1	37876	0.17656	41075	0.02536			408	0.03061	642	0.02368							
424	36930	4.40160	0	39912	0.03670	39850	0.03471			471	0.04744									
81	21035	4.90619	4																	
170	36013	4.72945	0																	
283	42605	4.49111	0																	
577	24932	3.73789	0																	
74	37297	3.58865	5																	
924	35484	4.72395	0																	
340	25507	4.65721	0																	
55	23624	4.74733	1							424	0.01581									
676	41214	3.73953	0																	
920	25639	2.79795	6							340	0.01871									
431	20773	4.45960	0																	
386	24534	3.73400	0																	
175	22371	4.20774	6																	
461	42071	4.76867	0																	
602	25331	4.62508	2	25240	0.01151					248	0.01516									
170	43341	4.66137	0																	
326	24962	3.27714	6																	
17	40084	4.76433	0																	
81	28782	4.57801	5	23900	0.02999	25308	0.02494			440	0.01311									
920	25637	3.25096	0																	
340	24404	4.65284	0																	
848	22620	4.73196	5	24624	0.03373					227	0.03109	137	0.01166	20	0.00970					
213	28782	4.57476	5																	
746	33206	5.00000	6																	
840	37043	5.00000	0																	
846	33715	4.76790	1	21429	0.11204					394	0.22669									
761	40921	4.21401	0	23105	0.01501	23840	0.01154			848	0.05899									
385	31188	4.14959	0																	
951	32706	4.47620	0																	
73	43150	4.52627	0																	
567	32793	4.37451	0																	
572	36957	4.77581	0																	
569	28224	4.68307	0																	
991	23095	4.09542	0																	
583	41897	3.59569	1																	
847	28571	3.99891	0																	
589	40147	4.19267	0																	
227	25105	4.42865	4																	
881	35147	4.12294	0																	
569	26290	4.79791	0																	
541	27553	4.53691	0																	
200	39151	3.92225	0																	
457	20555	4.76298	0																	
585	32873	3.73199	0																	
620	34314	4.54071	0																	
628	30485	4.47009	0																	
246	33077	4.37791	3																	
380	28250	5.00000	2	39384	0.00700					424	0.00436									
201	38144	4.78860	0																	
207	23485	3.25674	0																	
665	31956	4.70770	0																	
904	41479	3.48149	3																	
793	34526	3.86040	0																	
464	24659	4.51823	0																	
509	33774	4.75274	2																	
643	34832	4.40387	0																	
347	43184	4.50898	0																	
289	25331	4.68054	2																	
677	40267	4.55993	0																	
388	26345	4.10947	0																	
196	36976	4.20347	0																	
45	24473	4.79611	0																	
575	24953	4.27291	0																	
813	23245	4.99648	5																	
881	24730	4.15909	0																	
350	34587	4.58519	0																	
17	38735	5.00000	3																	
6	36900	4.36862	6																	
594	34944	4.62801	0																	
696	40572	4.62657	2	24579	0.00826															
148	21192	5.00000	0																	
206	36148	4.35788	0																	
107	35775	3.50481	1																	
267	33558	4.72035	0																	
634	35268	4.93142	0																	
175	21624	4.47939	6							340	0.03188									
779	25483	4.54871	0																	
983	42232	4.62780	0																	
174	38429	4.58836	0																	
655	38294	5.00000	1																	
979	38044	4.53650	0																	
624	28817	5.00000	0	28401	0.00389					283	0.16325									
227	20330	4.18904	0																	
370	31823	5.00000	1																	
19	31462	4.54525	0	32220	0.14000	31026	0.03767			590	0.05573	879	0.04374	882	0.01986					
761	40447	4.39162	2							227	0.07099									
58	24240	5.00000	3	23093	0.00315					891	0.06888									
676	26233	2.99231	0																	
608	37882	4.66312	0																	
79	42126	4.73692	0																	
476	39595	4.60756	1																	
836	31472	4.54959	0																	
424	36086	4.03141	0	37793	0.00712					514	0.01559									
269	31317	3.96751	0																	
531	35865	4.77569	0																	
944	26514	4.71073	0																	
340	36971	4.61621	0																	
601	42300	4.21967	0																	
781	24686	4.13046	0																	
514	33357	4.11951	0																	
954	34438	3.21124	0																	
648	37794	3.56808	5																	
570	34944	4.16894	0																	
826	21998	4.48985	0																	
709	37259	5.00000	3	21917	0.00692					891	0.04403									
42	37758	3.68379	0																	
124	34621	1.50604	0																	
340	23772	4.56644	0																	
870	31460	4.13094	0																	
514	29430	4.15817	0																	
766	42514	5.00000	0																	
873	36906	3.86162	5																	
109	26078	4.37109	0																	
424	25234	4.31536	0																	
997	28788	4.44659	0																	
688	43742	4.58641	0																	
246	24549	4.43468	0																	
234	43248	4.82314	0																	
296	22584	5.00000	2																	
434	20320	4.39655	0																	
176	42477	4.96643	4	39535	0.05617					346	0.12180									
283	41789	4.48317	0																	
407	36812	4.38902	0																	
931	44026	4.67247	0																	
505	24269	4.50725	0																	
504	37363	4.04271	0																	
811	39598	4.16841	0																	
721	38676	4.39173	0																	
424	43669	4.16357	0																	
128	39585	5.00000	0																	
918	41179	3.80044	0																	
793	27494	3.69018	4																	
450	28312	4.85201	0																	
591	22553	5.00000	1																	
746	26205	4.89058	0																	
593	27887	4.25883	0																	
710	26135	4.75156	0																	
340	22552	4.77709	2	21099	0.04815					39	0.00136									
126	36192	4.63739	4																	
463	25224	4.54843	4																	
986	29684	3.48846	2	24078	0.07048					382	0.04949									
403	24108	4.24676	0																	
12	40276	4.19738	0																	
19	31781	4.33720	0																	
793	23917	3.91567	0																	
695	24137	3.40869	0	23769	0.00825					171	0.06160	38	0.02353							
414	26329	4.52592	0																	
72	39156	4.38439	0																	
168	21044	5.00000	1																	
385	34364	4.17700	0																	
361	25331	4.57697	2							813	0.07698									
684	22021	4.49352	0																	
431	25254	4.46831	0																	
334	26205	4.16380	0																	
339	37263	4.55608	0																	
425	39533	4.79223	0																	
381	22553	4.56281	1																	
340	25509	4.15528	0	20609	0.02027	22452	0.00296													
905	21287	2.22371	0																	
176	40572	4.96651	2																	
81	21033	5.00000	1	25093	0.03620	25903	0.03502	24493	0.02421	13	0.13597									
501	28918	4.61974	0																	
873	25183	4.50629	4																	
763	34615	3.46149	2																	
26	32621	4.61038	0																	
964	38357	3.13712	0																	
838	41519	4.85090	0																	
942	23686	4.77820	0																	
815	37187	4.58520	0	36491	0.04806	36766	0.02043	36402	0.01407	89	0.29155									
385	29415	4.13437	0																	
162	40314	4.28144	0																	
199	38346	3.74942	5																	
893	20979	5.00000	3							866	0.10723									
81	25427	5.00000	0	25426	0.08068	34107	0.02152	25040	0.00174	548	0.05560	82	0.03003	501	0.00510					
411	38531	2.93580	2	35942	0.06107					625	0.13662									
794	24722	4.80876	0																	
567	27536	4.28143	6																	
233	21294	4.16510	0																	
586	42224	4.74577	0																	
397	30644	4.12071	0																	
347	31886	4.31654	0																	
26	40850	4.66237	0																	
304	39427	4.38899	1																	
203	22384	5.00000	4																	
741	25071	3.89624	3	21098	0.01084					832	0.02196									
609	20241	4.70465	0																	
189	29299	4.81914	0																	
55	38467	4.12740	0																	
106	24620	4.68702	0																	
544	24735	4.39311	0																	
541	29644	4.47088	0																	
994	37425	4.07969	0																	
130	27545	4.39469	0																	
381	26237	4.39735	3																	
535	23390	4.54370	1																	
227	21081	4.11787	0																	
505	31714	4.57375	0																	
485	40758	4.53692	0																	
524	39118	4.83198	0																	
492	39765	4.63071	0																	
951	42015	4.44951	0																	
334	20916	3.99486	4	25291	0.06458	21275	0.00653			628	0.00412									
291	31558	4.15586	0																	
729	39079	4.17279	0																	
634	35237	4.60427	0	33055	0.29446	33608	0.27755													
36	40961	4.44151	0																	
965	24969	4.50343	0																	
848	24680	4.51473	5	24270	0.06721	27548	0.04362	22533	0.01977	381	0.06562	678	0.03019							
501	23799	4.74993	0																	
340	20302	4.62722	0																	
146	25065	4.47304	1	25269	0.12960	39203	0.03372			86	0.09149									
321	42402	4.70629	4																	
283	35584	4.47639	0																	
19	24729	5.00000	5	24650	0.01018					227	0.00856									
315	34678	4.59162	0																	
956	21558	5.00000	1																	
570	26506	4.15779	0																	
93	24546	4.51250	0																	
750	38852	3.37069	6																	
779	25479	4.59496	0																	
479	32897	4.60667	0	35347	0.14851					896	0.28541									
32	25698	5.00000	4	32564	0.24601	25700	0.22942	25703	0.12770	518	0.74815									
424	21505	4.38311	3																	
180	27786	4.22415	0																	
710	32158	4.69297	0																	
26	31557	4.75217	0																	
744	29487	4.46476	0																	
356	32905	3.94657	5																	
13	24534	3.63679	0	25903	0.00975					81	0.13597									
889	40745	2.88619	0	38098	0.02809	34192	0.00495	40306	0.00328	142	0.10664	491	0.03785	995	0.03500					
698	43790	5.00000	0																	
142	37565	3.63358	4	37297	0.03447	36875	0.02718			446	0.02567									
461	38865	4.75619	0																	
160	35000	3.32215	0																	
216	38131	4.80424	0																	
891	39437	4.44361	3	38246	0.05143	38862	0.04293			466	0.08782									
664	24237	4.34666	0							846	0.24630									
724	39839	2.96695	2																	
643	32499	4.31259	0																	
168	26382	4.96866	1																	
178	25867	4.46557	6																	
220	25409	4.86715	0																	
153	39516	5.00000	2																	
354	43105	5.00000	0																	
144	24700	4.19855	0																	
867	30862	4.02686	4																	
142	39578	3.88063	3																	
961	43231	3.42176	1																	
808	22129	4.78815	0																	
309	21491	4.89687	2	21492	0.01716	21500	0.00692			832	0.07304	412	0.00882							
706	34394	4.77537	0																	
713	22264	4.35210	0																	
589	23800	4.21551	0																	
59	39146	4.12811	0																	
789	24650	5.00000	4																	
740	30281	3.70921	5																	
178	26302	4.79292	0																	
998	24761	4.80056	2	24254	0.10211					49	0.16074									
741	20110	4.70562	0																	
283	23554	3.40545	0																	
65	42406	4.55672	1																	
569	21520	4.74557	0																	
626	35751	3.28193	0																	
514	41551	3.99648	1																	
179	33341	4.61740	0																	
97	22439	3.66833	0	24287	0.00693															
16	25018	4.71951	0																	
741	29033	5.00000	0																	
109	33470	4.62824	4																	
483	33806	4.49477	0																	
594	21501	4.49331	0																	
816	26643	4.89924	3																	
337	21764	5.00000	6																	
428	36662	4.72491	4																	
312	31515	4.50664	1																	
389	37048	4.42529	0																	
570	25634	4.28807	0																	
521	23403	3.99542	3	32579	0.00465					594	0.02787									
175	21221	4.15222	3																	
137	29685	4.73856	6	24656	0.06498					105	0.03321	591	0.02362	55	0.01766					
570	21524	4.25686	0																	
62	41959	5.00000	1																	
81	25487	4.60630	4	34107	0.10188	25426	0.08881			548	0.05560									
951	43666	4.53100	0																	
930	24561	3.96493	0																	
795	38513	5.00000	6																	
644	26635	5.00000	1	24141	0.12489					22	0.23801									
891	39631	3.94616	0																	
835	22716	4.78835	5	22727	0.02032					334	0.03941									
544	21140	4.63653	0																	
982	34516	4.29524	0																	
761	22279	4.40085	0																	
389	42689	4.41124	0																	
763	34551	3.27460	0	21491	0.02031					94	0.03710									
26	32718	4.71434	0																	
136	40640	4.88837	0																	
874	32869	4.28282	0																	
210	24467	4.65575	0																	
827	25331	4.85270	2																	
162	20639	4.24527	0																	
162	33880	4.20504	0																	
60	20967	4.78360	0																	
713	24410	4.76931	2																	
347	27212	4.52166	0																	
558	25744	4.28394	0																	
505	20257	4.49075	0																	
93	24479	4.42636	0	29773	0.18632															
59	24460	4.21002	1	25086	0.00752					13	0.06160									
960	38046	4.15330	0																	
194	36856	4.01352	0																	
335	24878	4.61287	0																	
250	21254	4.67105	0	35253	0.07809					584	0.07182									
514	42115	3.93914	2							951	0.03078									
987	20176	4.55317	0																	
283	39802	4.49946	0																	
679	21222	4.80008	2																	
576	21253	4.40142	0																	
662	35098	4.43401	0																	
811	22524	4.24198	0							340	0.00227									
811	38559	4.25395	0																	
66	29624	4.70558	0																	
771	27057	5.00000	0																	
189	38396	4.39148	3																	
963	23624	5.00000	1																	
760	24103	4.46909	0																	
246	25751	4.44138	0																	
850	22898	4.82759	0																	
856	22583	4.92005	4																	
168	27185	4.62662	0																	
862	37131	4.94013	0																	
873	24032	4.61109	0																	
377	29073	4.60876	0																	
340	25637	4.93951	0	25614	0.01461	25663	0.01267	24272	0.01207	848	0.07493									
643	36968	4.42529	0																	
141	39654	3.85852	0																	
863	27153	4.05291	3							812	0.12887									
981	39578	3.82682	3	39200	0.05525					617	0.02012									
204	41045	4.51963	5																	
181	28542	4.85498	0																	
570	39361	3.75791	6																	
79	35695	4.45566	5	38368	0.14921					690	0.19125									
741	38464	5.00000	0																	
873	42565	4.57964	0																	
477	35634	4.77952	2																	
9	34210	4.53935	0																	
808	26695	4.89776	6																	
155	24899	4.42192	0																	
779	20136	4.54877	0																	
659	24402	3.73327	0																	
424	24012	4.72622	3	24071	0.06438	34266	0.04840	37474	0.03444	171	0.03316	215	0.01564	38	0.00790					
498	25331	4.45025	2																	
569	26119	4.82512	6																	
363	41976	3.70765	0																	
982	34497	3.38702	2																	
413	26072	4.10919	4																	
19	30925	3.70319	4	31026	0.05377					879	0.04374									
865	38812	4.88542	1																	
81	21262	4.91909	6																	
575	21956	4.18597	0																	
882	26512	3.97845	0																	
468	43677	4.70588	0																	
514	36076	4.11502	2	24071	0.02309					342	0.00403	485	0.00264							
114	31469	4.68193	1																	
166	31799	5.00000	0																	
971	24388	4.62726	5																	
833	25371	4.73082	0																	
492	24521	4.49306	0																	
618	36930	3.86877	0																	
819	22151	4.97396	4																	
889	25259	4.18811	0	38098	0.00781					292	0.00401									
247	37864	4.03748	2																	
891	24656	4.62652	4	35438	0.00716	21917	0.00581			105	0.02708	55	0.01869							
79	27020	4.70994	1																	
49	22366	4.93182	0																	
779	23565	4.46739	0																	
486	34616	4.64513	5	32084	0.05910					415	0.05322									
485	33638	4.51035	1																	
16	25567	4.88585	0																	
701	22476	5.00000	0																	
292	24039	4.33127	6	25031	0.00988					117	0.05276	14	0.03833	160	0.01562					
292	40745	2.92379	0	38098	0.02809	31025	0.01482	22004	0.01101	491	0.05307	92	0.03059	995	0.00678					
478	40549	4.43457	0																	
514	28572	4.09769	0																	
882	39599	3.68073	0	38098	0.01089					292	0.00391									
219	40682	4.99992	3																	
206	35539	4.34758	0																	
643	35906	4.30641	1	34568	0.05217	34702	0.01945			62	0.19875	598	0.04592							
538	22722	4.16603	5	22727	0.01135					334	0.02614									
39	41343	5.00000	0																	
109	24653	4.97291	2																	
948	41272	4.42255	3																	
283	27564	4.49699	6																	
488	25358	4.47758	1																	
555	22018	3.73869	0																	
14	39951	3.93190	2	25063	0.03012	25031	0.00950	29717	0.00658											
699	22552	5.00000	2																	
280	38659	4.76848	0																	
618	35940	4.10160	0																	
334	32997	4.10258	0																	
104	37582	4.37163	0																	
742	22914	4.29501	0																	
283	43395	4.50345	0																	
554	41297	3.88924	3																	
142	32615	3.61874	0																	
282	26667	4.79877	0																	
332	43193	4.76217	0																	
532	24438	3.81652	2																	
421	25335	4.79403	4																	
941	24518	4.85003	0																	
156	30243	3.73382	1																	
679	20988	4.53617	0																	
458	41820	4.13885	0																	
535	39625	4.20947	0																	
424	21492	4.50201	2																	
414	24622	4.68805	5																	
347	40848	4.51398	0																	
369	24004	4.87764	3	23799	0.10437					358	0.14758									
652	41286	4.60848	0																	
697	42329	3.78959	0																	
175	41112	4.03415	0																	
882	35748	3.72851	6							401	0.03595									
819	22139	4.75604	0																	
505	31817	4.60364	0																	
329	25770	4.34875	0																	
874	31500	4.27588	1																	
741	30313	4.72508	0																	
514	38315	3.97767	2																	
856	31426	4.42183	0																	
514	36217	4.14815	0																	
77	39065	2.76389	0	41619	0.02092															
805	24899	3.97895	0																	
646	28848	5.00000	0																	
779	28166	4.54543	0																	
172	36924	4.41997	0																	
424	42132	4.07817	6	42760	0.08917					607	0.03780									
514	32622	4.19702	0																	
142	33738	3.27280	0																	
252	24221	5.00000	1																	
337	23239	5.00000	3																	
322	22264	4.35335	0																	
26	29573	4.66806	0																	
569	29904	4.78927	0																	
449	22552	4.81441	2																	
654	41401	4.72642	4																	
182	28007	3.37177	0																	
945	35563	4.93930	0																	
183	25504	4.82862	0																	
769	25226	5.00000	0																	
936	37663	4.02214	0																	
201	25667	4.79515	0																	
582	23215	4.61695	1																	
885	21440	5.00000	0																	
939	41285	4.38141	4																	
889	39787	3.07003	0																	
335	31003	4.65228	3	34579	0.01271					746	0.06000	891	0.04589							
505	20936	4.53652	0																	
983	24406	4.65624	0																	
13	24915	4.88788	2																	
579	30540	4.19786	0																	
656	23713	4.45651	0																	
403	25864	4.31914	0																	
893	35316	4.53950	0																	
405	31609	4.69027	3																	
581	32860	4.49573	0																	
99	30139	3.51394	1																	
953	42696	4.82472	0																	
443	28044	4.89750	3																	
675	37044	3.85403	1																	
774	38989	3.74196	2	38447	0.03286					893	0.07166									
59	40585	4.05790	0																	
684	24660	4.59196	0																	
570	25858	4.14990	0																	
321	37436	4.77019	0																	
384	24242	4.24586	0																	
514	42678	4.15324	0																	
340	30709	4.71628	6																	
858	37758	3.44269	0																	
14	26754	4.68287	0																	
330	24695	4.26774	2																	
77	23160	4.13386	0																	
882	39688	4.06596	0																	
407	38535	4.79945	0							514	0.04406									
488	31727	4.32259	1																	
404	36262	4.74800	0																	
102	29365	4.58789	0																	
892	35879	4.18549	0																	
37	41285	4.58888	4																	
410	42885	3.01986	0																	
471	36495	4.06437	6																	
424	21272	4.35124	3																	
222	22190	4.81723	1																	
954	29955	3.71986	6																	
12	40491	3.67778	0																	
213	30819	4.64865	0																	
14	26924	4.67143	0																	
142	38098	4.08549	1	40525	0.03719	40745	0.02809	41075	0.00689	889	0.10664	882	0.06702	995	0.03089					
156	24097	4.11481	0																	
564	39877	4.76357	0																	
624	38575	4.79020	0																	
478	26700	4.39730	0																	
121	32126	4.05359	3																	
448	38464	4.31200	0																	
689	27467	3.54035	0																	
356	33832	4.17023	0																	
563	36331	4.35309	4																	
451	29368	4.68652	0																	
893	35023	3.97443	2																	
659	37611	3.74639	0																	
340	43460	4.61874	0																	
87	35338	3.62166	0																	
146	26305	5.00000	2																	
900	33719	5.00000	0																	
490	36875	3.40760	4	40761	0.01405					485	0.02741	446	0.01159	142	0.00589					
396	41285	3.85639	4																	
900	31305	5.00000	0																	
951	41097	4.28966	0							514	0.03078									
532	22705	4.35758	3																	
784	24593	4.48755	0							848	0.02234	340	0.02100							
418	28821	4.91176	0																	
608	25404	4.45718	0																	
767	34762	3.94743	1																	
688	25664	5.00000	5																	
762	31474	4.33293	3																	
756	42938	4.65943	0																	
352	28947	5.00000	0																	
570	41043	4.11631	0																	
194	23184	4.08220	1																	
514	43013	4.17258	0																	
610	31024	3.57229	0																	
571	24276	4.49441	0																	
105	27519	4.62480	0																	
514	41670	4.18096	6																	
83	37785	4.10616	0																	
785	30740	4.15155	0																	
81	24347	4.82239	4	25040	0.00386					181	0.00705	340	0.00341							
825	34615	4.32665	2																	
175	22705	4.25914	3																	
693	37177	4.65829	0																	
306	20385	4.86763	0																	
282	29455	4.86426	0																	
774	25404	3.47633	0	25216	0.17522					27	0.20307									
522	22356	4.42237	0	26544	0.08364	27460	0.03871	26530	0.03574	240	0.34488	248	0.18686							
514	42452	4.07480	0																	
360	42527	5.00000	2																	
225	41536	4.83281	0																	
741	38268	5.00000	2	34741	0.00787					407	0.07759									
29	30471	4.33633	0																	
845	42065	5.00000	0																	
501	25273	3.65057	0																	
334	34897	3.24845	0																	
616	25548	5.00000	6																	
418	40401	5.00000	5																	
443	28938	5.00000	1	23993	0.01202					231	0.02635									
801	29280	4.06310	0																	
26	27934	4.64162	0																	
67	22412	4.35078	1																	
228	24078	4.07509	2	30672	0.02668					382	0.01134									
173	25091	4.57324	0																	
403	24636	4.24819	0																	
81	25421	4.04049	0	25426	0.11986	34107	0.03952			82	0.03003									
79	39670	4.97935	6																	
744	36241	4.39274	0																	
414	21221	4.53371	3	21098	0.02581					832	0.01191									
405	34542	4.29601	1																	
340	23859	4.54419	0																	
703	20188	4.77586	2																	
341	23835	4.56247	0																	
709	34369	5.00000	3																	
627	40386	4.84163	2																	
26	36928	4.72239	0																	
753	26498	4.73778	0																	
424	24137	4.05545	0	24071	0.04179	24049	0.02318	37474	0.01796	171	0.03316	710	0.01728	38	0.00790					
575	20304	4.30065	0																	
191	36029	4.68271	0																	
514	29516	4.18233	0																	
97	37565	4.11859	4	37254	0.05632					446	0.05200									
957	21537	3.61732	0																	
592	36213	4.79574	0																	
926	24924	4.74530	0																	
403	25334	3.84004	1																	
541	30755	4.71770	5							594	0.00412									
196	23113	4.00170	2																	
570	24610	4.22998	0																	
343	25331	4.62920	2	25240	0.01151					248	0.03467									
26	39077	4.63582	0																	
917	24631	4.44051	3																	
642	37266	4.48195	1	37876	0.01391	36939	0.00380			408	0.04706	160	0.02739							
395	31002	2.77043	0																	
164	35951	4.50164	0																	
860	24068	4.58273	0																	
862	42645	5.00000	3																	
405	25451	3.87819	3																	
294	26019	3.53848	0																	
93	21978	4.36113	0																	
676	24002	3.91089	0																	
356	33590	3.94482	0																	
699	42505	5.00000	0																	
888	35012	4.60006	0																	
102	38517	4.55662	0																	
805	26555	3.93436	0																	
385	25603	4.12779	0																	
292	35748	4.10995	6																	
81	27752	4.63364	3	25451	0.04024	28026	0.01166			567	0.05359									
501	20010	4.52078	0																	
175	25066	4.20210	0																	
848	24626	4.63836	4																	
970	40833	5.00000	6																	
984	20595	3.98497	5																	
889	38046	3.16794	0																	
38	34910	3.10414	5	24071	0.00381					424	0.00790									
157	39728	4.64553	0																	
866	27443	4.31071	0																	
570	25879	4.41463	6	25791	0.00568					340	0.05360									
553	33638	5.00000	1																	
758	28874	3.93823	1	23852	0.05069					120	0.10095	403	0.01337							
944	29753	4.09849	0																	
393	36317	4.20889	0																	
761	24666	4.61890	2																	
17	36875	3.47882	4																	
817	28266	4.17536	3																	
575	25808	4.29332	0																	
340	20817	4.59581	0																	
258	31472	4.31507	0																	
514	38198	4.11683	4							648	0.01194									
610	30158	3.57406	0																	
403	34839	4.27622	5																	
12	42113	2.74323	0																	
574	27543	5.00000	1	21238	0.01361					644	0.16541									
514	28794	4.12159	0																	
505	22158	4.58437	0																	
25	41322	4.75685	0																	
913	38294	3.56470	1																	
993	43171	4.73406	0																	
649	30049	4.77126	0																	
983	36134	5.00000	5	25031	0.05518					364	0.02080									
826	29502	4.73850	0																	
574	28864	5.00000	1																	
879	28126	5.00000	3	31462	0.01685	31026	0.00442			882	0.05112									
89	36186	4.40310	4	36402	0.06607					815	0.29155									
511	30754	4.23873	0																	
103	23829	4.76153	0																	
385	21267	4.21173	0																	
803	38625	5.00000	4																	
388	38921	3.09287	0																	
226	34615	4.56980	2																	
238	32520	5.00000	5																	
435	23198	4.89328	0																	
283	34934	4.45744	0																	
406	29887	4.48267	0																	
347	30701	4.59717	0																	
538	23166	4.20593	0																	
741	36744	5.00000	4																	
842	42098	4.51261	5																	
38	35489	4.63467	5																	
19	20373	4.40678	0																	
388	28080	4.14525	1	24889	0.02545					443	0.03432									
549	28108	4.72449	0																	
334	20489	4.10769	0																	
836	31573	3.77612	0																	
55	22620	4.43193	5	23769	0.03399	30147	0.02744	24323	0.02185	20	0.05891	853	0.04063	137	0.01766					
842	31887	4.33409	0																	
811	33455	4.60164	4																	
274	36186	4.97442	4																	
822	39152	5.00000	2																	
669	23448	3.53624	1	23560	0.14779					250	0.03890									
860	39427	4.02704	1																	
468	32748	5.00000	0																	
470	25258	4.15761	0																	
340	23688	4.74148	3	24655	0.04152	22164	0.01847			571	0.02080	81	0.00341							
452	36402	4.16524	0																	
900	28240	5.00000	0																	
490	42600	4.30332	1																	
372	28369	3.91067	0																	
448	27373	4.24860	0																	
355	23940	4.43988	0																	
488	39451	4.35369	0																	
20	22296	4.98347	2																	
513	32531	3.69153	5							345	0.14066									
652	41943	4.61214	0																	
469	40447	3.72527	2	25262	0.00950					227	0.06063									
951	34615	4.36586	2																	
567	32273	4.55940	0																	
779	27280	4.55491	0																	
763	41025	3.76255	0																	
78	24388	4.26799	5																	
913	40027	3.12991	2																	
522	28511	4.32336	0	26526	0.11825	26527	0.02721			330	0.08271									
430	30281	5.00000	5																	
294	34687	3.34128	0																	
577	39532	4.37855	6																	
362	25351	4.88646	0																	
274	36093	4.84974	4																	
848	24290	3.99740	3	24272	0.19897	24270	0.11395	23986	0.01220	381	0.06562	108	0.02036							
56	38429	4.65383	0																	
434	20330	4.34307	0																	
514	22386	4.12234	0																	
567	22440	4.66430	1	24065	0.03704	28026	0.02518			863	0.08132									
871	36332	4.01468	0	37297	0.00281															
874	23183	4.01560	0																	
320	36192	3.90080	4																	
79	37716	5.00000	6	38447	0.05581					883	0.05500									
495	28722	3.72573	0																	
168	26695	4.79699	6																	
142	34321	3.96961	0																	
283	23886	4.70989	0																	
443	31762	4.84292	0																	
131	43868	4.72454	0																	
984	27086	3.83279	0																	
264	34788	4.27713	0																	
813	24866	4.82847	0																	
768	25331	4.73057	2	32084	0.02380					486	0.04000	813	0.01291							
702	42292	5.00000	0																	
321	31391	4.45881	0																	
618	38169	4.15868	6																	
853	37666	5.00000	5	37489	0.13221					530	0.05245									
467	20916	4.86824	4																	
455	35276	4.26950	0																	
805	24894	3.71097	0																	
827	25240	5.00000	3																	
415	40899	4.28217	0																	
44	33759	4.22129	0																	
968	41846	5.00000	0																	
489	33010	4.87827	0																	
29	32177	3.99829	3	24620	0.01609															
811	36337	4.32729	0																	
400	38268	4.48680	2	37753	0.00930					407	0.05078									
613	20584	5.00000	2																	
81	22604	4.65129	0																	
520	32762	3.89167	0																	
742	25039	4.50819	2																	
334	31002	4.32530	0	22727	0.06342					4	0.03721									
329	20241	3.82133	0																	
909	28220	4.78279	0																	
498	28037	4.58973	0																	
243	33826	4.38749	0																	
410	23448	3.77873	1	24650	0.00700					792	0.00923									
222	23526	3.15086	0																	
848	22546	4.38581	0																	
511	34762	2.89879	1																	
669	25331	4.26644	2																	
107	32327	4.26766	0																	
153	42236	4.76350	0																	
616	23626	5.00000	0																	
283	24737	4.67215	4	21492	0.03276					399	0.00957									
848	23301	4.47081	1																	
244	24388	4.36080	5																	
381	24579	4.36606	4	24559	0.08821	35697	0.00419			29	0.04447	682	0.01952	469	0.00862					
618	37474	3.21918	5							424	0.00642									
15	27473	4.53480	0																	
951	42279	4.54553	0																	
566	20019	5.00000	2	37049	0.00564					107	0.00385									
145	30460	4.68245	0																	
340	25870	4.54801	0																	
175	39701	4.35376	0																	
340	25040	4.85903	2	21492	0.01772	29762	0.01322	21099	0.01310	594	0.04720	813	0.03328	541	0.02653					
26	37258	4.67965	0																	
723	23688	4.51942	3							81	0.01077									
926	25073	3.60805	0																	
317	29886	4.25575	0																	
299	25654	4.50699	0																	
283	28614	4.49542	0																	
538	28072	4.24553	0																	
264	28132	4.00833	0																	
278	21098	4.91339	6																	
741	21729	5.00000	1																	
791	24243	5.00000	1																	
868	39649	5.00000	0																	
621	21778	4.28593	0																	
63	32028	4.78184	0																	
569	23173	5.00000	6	20374	0.22751	21538	0.06888			465	0.20212									
471	22273	4.16833	6	28358	0.60348					679	0.13376									
44	31025	4.77872	1	32220	0.03374					19	0.07591									
859	39795	4.70413	0																	
994	37733	4.03127	0																	
628	34266	4.38353	0	21275	0.03641					215	0.02101	424	0.00442							
729	37505	3.99417	0																	
388	41016	4.13154	0																	
757	30355	4.66362	0																	
340	25653	4.99410	5	25663	0.06110					173	0.01896									
882	35398	4.13262	0																	
272	36987	2.56149	0																	
817	29761	3.20159	0																	
505	30096	4.57658	0																	
227	24484	4.19548	1	35697	0.08500	24472	0.01037			676	0.03675	296	0.00627							
834	29757	4.47286	0																	
339	32139	4.60703	0																	
218	25422	4.57467	0																	
321	39121	4.44214	0																	
491	30281	4.55283	5																	
871	37596	4.63247	0																	
230	24697	4.82827	0																	
978	26046	4.67738	0																	
436	29750	4.45672	0																	
360	43684	5.00000	0																	
48	21956	4.77003	0																	
773	33683	4.84086	0																	
330	33017	4.21997	0																	
274	34328	4.76973	0																	
364	37266	3.67937	1	25031	0.00669					160	0.04344									
377	41345	4.11014	1	29717	0.01308															
865	41581	4.86872	6																	
574	21265	4.64278	5	43231	0.18081	21248	0.12903			333	0.19002									
761	37394	4.41886	0																	
546	36609	4.81819	1																	
317	23852	3.75675	2	26345	0.00802	28274	0.00558			103	0.12132	132	0.09144							
407	40216	4.42286	6																	
78	24708	4.05672	0																	
527	37826	4.02627	0	36839	0.02817					388	0.06948									
811	41011	4.25698	0																	
81	23270	4.63269	5																	
779	30739	4.49741	0																	
595	26183	4.67091	0																	
93	28534	5.00000	0	25020	0.06667	29773	0.05830			88	0.12903	152	0.11098							
274	26743	4.77568	0																	
8	24006	4.07915	0																	
610	34439	3.65772	0																	
567	30349	4.30346	0																	
291	35157	4.18166	4																	
403	24239	4.62112	0																	
904	39823	3.61673	0																	
678	24650	5.00000	4	24680	0.01363	25369	0.00448			381	0.05714	760	0.03738	227	0.00270					
511	22438	3.53978	0																	
400	33528	4.18754	0																	
575	31380	4.29853	0																	
465	20361	4.92821	2	21538	0.02237	20374	0.00608			569	0.20212									
544	41291	4.60882	0																	
253	39477	3.89553	0																	
45	24082	4.90383	0																	
514	41285	4.26299	4	43301	0.02463	35875	0.00635			424	0.01559	592	0.01390							
283	42655	4.60830	0	43490	0.00701					70	0.05765									
58	24380	5.00000	0																	
630	27371	4.76588	0																	
365	20116	4.84497	0																	
524	43708	4.71979	0																	
739	43478	4.10432	0																	
271	35041	4.17344	0																	
356	24004	4.16122	3																	
478	40428	4.42540	0																	
968	38902	5.00000	0																	
463	21455	4.67206	0																	
892	25906	4.23567	0																	
248	27391	5.00000	0																	
429	23383	4.96224	0							570	0.02795									
378	22190	4.75623	1																	
176	36365	5.00000	0																	
583	42919	4.27108	0																	
340	37504	4.52764	0																	
149	25154	4.63555	0																	
897	26696	4.41721	0																	
741	23891	4.68642	0																	
353	34350	4.18437	5																	
424	24027	4.23631	3																	
852	35140	3.50863	0																	
411	37071	2.73049	1																	
200	39054	3.73308	0																	
655	24791	5.00000	3																	
601	37533	4.26218	0																	
491	25259	4.20109	0	37043	0.01853	29717	0.01672	22004	0.01386	292	0.05307									
999	24830	4.27242	0																	
741	29966	4.83787	0																	
739	23690	4.17645	0																	
921	30917	5.00000	0																	
610	32993	3.74156	0																	
668	38842	5.00000	3																	
541	22397	4.57539	0																	
241	25522	3.99434	3																	
340	23399	4.37717	1	26076	0.05939	21492	0.02073	38406	0.01491	594	0.04720	18	0.01406	810	0.00366					
599	42828	5.00000	0																	
82	27721	4.39254	0																	
769	30053	4.96662	0																	
13	26571	4.55586	0																	
381	24316	3.48115	0	24270	0.00853															
408	41086	4.23830	2	39038	0.10526															
266	20563	4.71409	0																	
154	43687	4.62546	0																	
505	20256	4.59135	0																	
179	22047	4.51111	0																	
14	23358	4.84656	1	33502	0.02082					76	0.09122									
514	43321	4.19548	0																	
594	26448	4.62869	0																	
375	24938	4.98276	3																	
837	41320	4.97727	0																	
641	23397	4.53156	0																	
374	41174	3.65365	0																	
674	25559	4.24897	1																	
616	23557	5.00000	2																	
248	26527	5.00000	0	26526	0.05052	26530	0.03164	26544	0.00404	522	0.18686									
81	29440	4.65542	0																	
83	26128	4.69887	4																	
334	22736	4.25675	0																	
567	32839	3.89386	1	24749	0.05299					254	0.01841									
579	38253	3.61501	0																	
979	38986	4.67861	3																	
684	27565	5.00000	0																	
255	21275	4.96348	4																	
152	24932	3.77263	0																	
963	23769	5.00000	0																	
887	41871	4.62395	0																	
254	33643	4.72664	0																	
904	38509	3.76024	0																	
570	32853	4.19581	0																	
216	41368	4.74292	0																	
266	41253	4.63433	0																	
866	34616	4.47118	5																	
579	32394	4.17834	0																	
272	39038	3.10259	0																	
95	38740	4.59460	0																	
693	37877	3.57324	0																	
334	30157	4.43730	0																	
741	34978	4.41150	1																	
161	23494	3.80637	1																	
339	24165	4.71200	6	24170	0.20118					52	0.27616									
146	38206	4.93905	0																	
136	37562	4.87918	0																	
501	26652	4.54153	0																	
947	39529	4.89407	4																	
922	37251	4.44104	0																	
958	24023	5.00000	0																	
901	39691	4.13537	0																	
763	23364	3.64806	0																	
538	23430	4.69728	5																	
758	22547	4.00785	0																	
227	24047	4.86474	3	25262	0.03963	24048	0.01268	25369	0.00363	469	0.06063									
904	41068	3.71139	0																	
898	28769	4.05257	5																	
335	32425	4.27503	0																	
631	29975	5.00000	1	31876	0.11844	26043	0.03452			796	0.10944									
605	38432	4.91351	0																	
573	32515	4.46662	3																	
853	39269	4.40694	0																	
997	23930	4.04439	0																	
620	26705	5.00000	0																	
361	35483	4.64497	0																	
340	23907	4.64906	0																	
388	37802	4.05986	0																	
848	24594	4.48645	0																	
181	28788	4.83634	0																	
880	20975	4.51690	3							248	0.12337									
367	40525	4.06948	0																	
909	23828	4.74088	0																	
570	26269	4.28639	6																	
7	22596	4.72440	0																	
391	20385	4.59450	0																	
466	38271	3.98250	0																	
570	23301	4.17850	1																	
628	36275	2.40910	1																	
792	22623	4.52196	0																	
367	41959	3.98910	1																	
575	24591	4.18205	0																	
530	36825	3.79469	3																	
466	38110	4.14777	0																	
329	22588	3.75521	0																	
90	28613	3.85594	0																	
283	22544	4.51325	5	22543	0.06407					678	0.04259									
516	38445	4.95366	2																	
514	42848	4.09073	0																	
873	37784	4.73471	0																	
547	28109	4.86832	5																	
882	23871	3.93966	3	23231	0.02313	20055	0.01361			569	0.07454									
553	21221	5.00000	3																	
741	37533	4.71794	0																	
247	43398	4.07500	4																	
351	22438	4.30198	0																	
456	27903	4.65477	0																	
569	23013	4.78936	0																	
466	38228	4.21842	0																	
175	23923	4.38448	5	32579	0.02843					594	0.05236									
367	41345	3.15807	1																	
297	27079	4.64751	0																	
741	29018	4.73421	0																	
171	21279	4.92755	3																	
469	21141	3.68013	0																	
569	23016	4.70130	0																	
414	27285	4.80562	6	40513	0.01602					340	0.02707									
340	24926	4.59685	0																	
538	20497	4.27442	0																	
388	38838	4.15512	0																	
813	34493	4.77268	0																	
478	38016	4.48578	0																	
737	25522	4.00010	3																	
514	31627	4.08531	0																	
848	31970	4.54366	0																	
397	35915	4.09026	0																	
421	32042	4.93059	3																	
595	43728	4.69840	0																	
266	23799	4.95735	0	23458	0.22919					369	0.51698	860	0.09363							
515	25037	5.00000	0																	
741	27397	4.77352	0																	
340	23328	4.65944	3	23327	0.30789					135	0.02480									
541	28707	4.53074	0																	
407	38690	4.34230	0																	
26	36181	4.66111	0																	
689	20408	3.89906	0																	
347	38951	4.66979	5																	
734	38130	4.81966	0																	
524	37519	4.17639	0	37436	0.02348					741	0.15619									
326	25423	2.77569	0																	
93	29812	4.51849	0																	
322	40284	4.34814	0																	
610	35322	3.57988	0																	
90	24924	3.88332	0																	
23	35906	3.91444	1	37642	0.10712															
673	38080	5.00000	1																	
763	34045	3.61356	6	33220	0.00309					813	0.02226									
811	39021	4.28928	0																	
648	34148	3.81669	0																	
380	21522	4.93527	3							424	0.00436									
969	23481	4.27406	0																	
568	23086	4.22039	0							705	0.14200									
181	20333	5.00000	5																	
983	24267	4.70800	1																	
70	21974	4.82862	0																	
641	23314	4.43875	0																	
751	42550	4.86845	0																	
227	24925	4.28639	0																	
491	37290	2.88769	0	33786	0.01615	34192	0.00875	40745	0.00127	615	0.01971	92	0.01124							
748	25487	4.65862	4																	
813	22418	4.82362	0																	
946	24060	4.83423	0																	
795	29851	4.81635	0																	
748	22517	5.00000	1																	
570	20204	4.21046	0																	
501	33014	4.44594	1																	
514	43956	4.17771	0																	
891	37177	3.71113	0																	
676	23476	3.90370	0																	
940	36259	5.00000	0																	
664	21234	4.01571	4	25304	0.02100					575	0.07628									
866	20993	4.35629	5																	
893	34935	4.50535	0																	
530	36800	3.97867	0																	
987	38429	4.71664	0																	
168	25492	4.62482	0																	
802	39395	4.53040	0																	
206	32028	4.42432	0																	
912	41933	4.46832	0																	
406	24289	4.73987	4																	
577	41526	3.89725	0																	
393	37043	4.48525	0																	
963	40447	4.91288	2																	
13	22452	4.43914	5	25132	0.02754	25089	0.02623	21098	0.00993	175	0.06146	594	0.05564	340	0.01011					
607	34819	4.87858	0																	
448	21795	4.27595	0																	
944	34417	4.64928	0																	
545	23259	3.94991	3																	
79	33622	4.67390	0																	
505	21349	4.55139	0																	
44	31858	4.37890	4																	
689	36980	3.64393	3																	
283	21099	4.79083	2	24361	0.00675	21492	0.00271	21855	0.00257	340	0.04871	758	0.01379							
813	35594	4.27858	6	25040	0.01037					501	0.00258									
982	37065	4.91096	0	36662	0.03737					628	0.11520	618	0.06640							
49	24317	5.00000	3																	
91	23945	3.22994	0																	
116	41611	4.22339	0																	
10	39904	3.98301	0																	
796	29965	4.65118	0																	
732	33787	3.74031	3							882	0.07019									
175	25406	4.20175	0																	
561	22417	4.42857	0																	
793	42427	3.93598	0																	
764	39798	4.79375	6																	
594	26274	4.95803	4							227	0.00663									
163	26311	4.03608	5																	
848	30626	4.47109	3																	
283	38617	4.54487	0																	
603	35427	4.35153	0																	
140	38960	3.49657	0																	
737	27159	5.00000	6																	
570	24770	4.27291	6																	
797	32036	4.40751	0																	
153	32385	4.76590	4																	
450	40242	4.83411	0																	
556	24078	3.82916	2																	
676	27011	4.02061	3																	
188	34615	3.99026	2																	
30	24147	5.00000	6																	
417	34828	4.99950	0																	
436	22004	4.98349	2							491	0.04369									
28	37880	4.77877	2																	
577	38926	4.12890	2	38862	0.04315					891	0.02562									
155	23089	4.12023	0																	
974	38740	4.71295	0																	
168	24730	4.67960	0																	
407	37142	4.36217	0																	
956	20372	4.64034	0																	
124	35438	5.00000	3																	
334	35609	4.20956	0																	
511	24416	4.32357	0																	
105	24695	4.64925	2																	
827	27011	5.00000	3																	
648	41688	3.89817	0																	
340	31367	4.59138	0																	
987	28798	4.46810	0																	
945	25334	4.68860	1																	
586	27887	4.28072	0																	
651	30672	4.20014	0																	
424	37758	3.34151	0	26043	0.01839					84	0.02284									
49	25388	4.77702	0																	
13	25832	4.57324	0																	
142	36332	3.34213	0	37297	0.00281															
733	33072	4.55180	0																	
556	29684	3.55872	2																	
912	24343	4.55937	0																	
575	30022	4.35514	0																	
874	26174	4.24011	5																	
215	33155	4.72662	0																	
953	42756	4.85771	0																	
882	38527	3.37010	3																	
891	37758	3.77571	0																	
662	26476	4.80350	4																	
741	29122	4.81419	0																	
892	22194	4.29051	0																	
448	36498	4.25198	0																	
535	22641	4.22390	0																	
377	23784	4.68824	0																	
152	26723	3.73615	0																	
59	34597	3.98149	0																	
92	35952	5.00000	1																	
487	26618	4.67276	0																	
202	38017	3.95091	0																	
6	37529	4.35935	0																	
168	24147	4.98034	6	24873	0.00743					813	0.05443	340	0.04331							
983	23223	4.85353	2	26043	0.03358					587	0.02502									
710	31524	4.78404	5																	
811	36336	4.30105	0																	
944	24045	5.00000	0																	
129	25031	4.37270	1	30833	0.02712					231	0.09615	491	0.03564							
71	25993	4.86322	6																	
440	24272	4.93394	6	28227	0.01254					386	0.06649	340	0.00491							
86	22707	3.56802	4							429	0.02836									
491	32677	4.03993	0	25031	0.01798	29717	0.01731	37043	0.00734	292	0.05307									
225	35789	5.00000	4																	
469	21309	3.42690	0																	
838	43224	4.82484	0																	
195	32339	4.50342	0																	
590	28871	4.64984	0																	
451	29499	4.61885	0																	
377	23522	4.59915	0																	
283	29297	4.48591	0																	
913	39852	3.70112	0																	
85	32059	4.23032	0																	
914	23349	4.33927	5																	
336	34616	4.18180	5																	
741	26184	4.76683	0																	
416	28616	4.91402	5																	
676	24497	3.88670	0																	
50	42600	4.63807	1																	
69	26727	4.37942	0																	
563	35407	4.53190	0																	
655	42752	4.79424	0																	
983	23955	4.32207	0	29186	0.03850					8	0.09254									
986	28939	3.95093	3																	
758	24252	3.89745	3							120	0.10095									
407	38832	3.65969	6	37753	0.03284					400	0.05078									
741	29236	4.71872	0																	
488	37668	4.09667	0																	
407	37880	4.16890	2	37469	0.00551					763	0.02600									
81	25039	4.85336	2	25903	0.03497	25040	0.00488			429	0.03736									
716	41577	4.41181	0																	
821	37178	4.44669	5																	
448	24258	4.26887	0																	
966	23313	4.33726	0																	
562	40581	4.49973	0																	
753	33279	4.73516	0																	
160	21531	3.89461	1	29970	0.09945					254	0.07790									
848	34885	3.66479	2																	
601	42345	4.25634	0																	
466	37703	3.92916	0																	
763	21275	4.06676	4	21491	0.01658	34627	0.00189			94	0.03710	334	0.03450	215	0.02602					
514	35910	4.20468	0																	
306	31058	4.84805	0																	
789	23692	4.94654	6																	
330	24295	3.86423	0							848	0.02631									
486	24878	4.93296	0																	
982	36766	3.66966	1																	
703	23232	4.74008	6							340	0.00411									
362	22419	4.15636	2																	
340	34010	4.65342	0																	
860	24004	4.70442	3	23799	0.10437	25063	0.03210			358	0.03710	375	0.01427							
390	27509	4.82041	0																	
768	23852	4.12365	2																	
29	40949	4.35346	0																	
803	23916	5.00000	6																	
904	40436	3.52571	0																	
444	39529	5.00000	4	35544	0.01956					648	0.09510									
941	23831	4.52603	1																	
29	36812	4.18180	0																	
505	26474	4.28804	5																	
82	30891	4.40918	0																	
174	22104	4.50433	0																	
594	22371	4.69499	6																	
973	32350	4.95518	0																	
588	23243	3.84005	6																	
10	35604	3.95658	0																	
39	29392	4.88641	0																	
889	42232	4.11214	0																	
741	24532	5.00000	6	21098	0.00500	25040	0.00409			813	0.00457	340	0.00263							
382	34350	4.34229	5	29684	0.05617					58	0.00433									
474	32780	4.67534	2																	
422	36616	5.00000	1	21441	0.02865					811	0.06253									
292	40586	4.53765	1	25259	0.03872	37043	0.03385	23993	0.01401	443	0.13745	860	0.09842							
153	30147	5.00000	3	30748	0.02891					853	0.06241									
340	25638	3.88209	0																	
963	24317	5.00000	3																	
415	43143	4.43935	0																	
266	25516	5.00000	0																	
560	37753	4.46756	3																	
487	36329	4.53318	0																	
20	24765	5.00000	3																	
70	42232	4.83417	0																	
242	40204	5.00000	0																	
568	30672	3.85300	0							705	0.14200	382	0.06994							
162	26382	4.32209	1																	
476	39813	3.77733	0																	
514	34266	4.14759	0	33566	0.01195	35875	0.00355			424	0.01559									
485	36332	4.07416	0	40761	0.00915															
559	23902	4.70551	0																	
462	21014	4.49302	0																	
386	32057	4.54986	1																	
407	40643	4.41708	2																	
221	24568	4.24414	5																	
565	35376	4.13189	0																	
828	21901	4.45335	0																	
876	38759	4.58782	0																	
535	30552	4.15765	0																	
276	25020	4.74380	4																	
303	41099	4.69615	0																	
715	31160	4.06158	0																	
731	35773	4.20609	0																	
145	23684	4.65522	0																	
622	38717	4.89850	0																	
928	30790	4.89258	0																	
570	30755	4.36798	5																	
721	31171	4.39231	0																	
918	24338	3.42981	0							283	0.04071									
659	25428	3.76874	0																	
994	36149	4.10738	0																	
568	28939	4.27041	3																	
181	23852	4.40047	2	25040	0.01247					758	0.00584									
514	33210	4.12754	0																	
524	40837	5.00000	1																	
385	24247	4.27888	6																	
13	24098	4.59040	0																	
770	41794	4.28759	0																	
703	25040	4.75654	2	21492	0.01772	25039	0.00488			429	0.02646	758	0.01037	412	0.00268					
681	24680	5.00000	5	24650	0.01363					760	0.02079	381	0.01838							
319	30665	4.19473	0																	
462	24626	4.66874	4																	
414	25093	4.67885	0	21098	0.00669					81	0.02898	13	0.00240							
348	23368	4.89895	0																	
784	24590	4.54511	0	24589	0.02669	26076	0.01645	24592	0.01365	330	0.04289	340	0.02100							
569	23786	4.78167	0																	
