357	25360	4.80850	0																	
634	33055	4.78881	0																	
899	40098	4.05010	0																	
283	23886	4.65369	0																	
466	38185	4.29237	0																	
488	32210	4.43127	5	25331	0.00436					694	0.01404									
618	35963	3.98633	0																	
166	31799	4.83566	0																	
206	35539	4.43083	0																	
560	23252	4.46550	0																	
350	43247	4.75932	0																	
723	34839	4.14983	2							81	0.03461									
763	41025	3.76863	0																	
180	27786	4.21087	0																	
474	21534	5.00000	2																	
403	24239	3.98426	0																	
152	24932	4.24235	0																	
904	41348	3.24570	1	41493	0.09524					899	0.13158									
194	23252	4.02413	0																	
241	35888	3.91654	0																	
364	38140	4.81896	0																	
491	30833	4.15151	0																	
417	36694	4.90510	0																	
365	31003	5.00000	3																	
893	33907	4.60184	0																	
718	36068	3.60003	0																	
760	21237	4.69255	0																	
340	20656	4.53030	0																	
59	28198	4.21757	0																	
558	26042	4.27485	0	25622	0.05168					401	0.06122									
102	38517	4.43503	0																	
105	24678	5.00000	1																	
471	24666	4.74707	6	40447	0.03814					761	0.01887									
241	38055	4.77263	0																	
986	22725	3.82810	0																	
632	23436	3.03719	0							848	0.02607									
330	24695	4.35693	2																	
763	33077	3.74270	2																	
71	25993	4.46044	0																	
505	21758	4.65449	0																	
832	24012	4.47417	3																	
796	26043	5.00000	4	29975	0.02542	31876	0.01876			631	0.20219									
465	21538	4.91775	3	20374	0.02290	20368	0.01581			569	0.31364									
59	41603	4.32420	0																	
624	29686	4.37582	0	41234	0.02410	28401	0.01010			283	0.10990									
191	36029	5.00000	0																	
422	28309	4.67680	0																	
654	41401	4.53587	4																	
133	26843	4.24472	0																	
339	24170	4.45641	0																	
330	24295	4.38576	0																	
793	40761	3.40964	4							485	0.10879									
535	23249	4.18476	0																	
368	31804	4.15143	0																	
624	26313	4.55999	0																	
893	35316	4.60792	0																	
525	24568	4.25550	0																	
259	42691	3.99732	0																	
848	24270	4.42347	6	24272	0.03226	24680	0.03165			381	0.02129									
133	23137	4.36682	0																	
99	24726	4.20610	0																	
570	32275	4.18382	0																	
53	41267	3.79016	0																	
889	41210	4.08202	3																	
248	25240	5.00000	0																	
683	30484	3.47396	0																	
429	27483	4.90825	2																	
34	26763	4.46260	0																	
848	23840	3.85282	6	40921	0.01072					761	0.05822									
330	25093	4.72248	3	24914	0.00860					13	0.04424	81	0.03860							
723	22703	4.21119	0																	
40	37758	2.24146	5																	
910	23434	5.00000	4																	
364	36939	4.71107	0	37266	0.04994					642	0.04364	160	0.02591							
685	25308	3.59057	5							81	0.03982									
74	41829	3.68824	2																	
763	26075	2.62210	0																	
922	24655	5.00000	1																	
340	31854	4.62558	1	22164	0.06683	25278	0.06038	40513	0.02465	414	0.05102	519	0.01841	468	0.01674					
559	23882	4.99970	5	24257	0.02532					779	0.10432									
768	25331	4.82692	1																	
609	23205	4.72178	0																	
569	23173	4.71710	0																	
804	23902	4.41127	0	37882	0.05714					566	0.06897									
82	24128	4.47415	4																	
501	25427	5.00000	0																	
663	26243	4.64950	0																	
634	40182	4.63530	0																	
514	24065	4.45348	3	33495	0.04984	31474	0.01270	32210	0.01240	567	0.03169									
608	25404	4.21494	0																	
643	33787	4.07056	3							882	0.02351									
403	24268	3.96387	6																	
775	41180	4.80311	0																	
437	42374	5.00000	1																	
733	24030	4.66171	0																	
541	29644	4.55212	0																	
505	31751	4.65782	0																	
43	37094	4.00837	0																	
192	34834	4.55754	0																	
33	23469	4.21903	0																	
976	24684	4.37546	0																	
145	25040	4.70891	2																	
342	36076	5.00000	0	24071	0.00671	24012	0.00567			424	0.01275	514	0.00410							
388	36839	4.16254	6																	
889	34192	4.51790	2	31903	0.03361	40745	0.00783	38098	0.00414	491	0.04104	107	0.02742							
860	25031	4.95935	1							14	0.02393									
583	41960	3.62434	0																	
385	28308	4.20748	0																	
700	28555	3.50999	0																	
340	25548	4.65985	1																	
443	31727	3.88204	0																	
633	24131	4.75414	0																	
872	40845	4.85244	0																	
451	29369	4.33767	0																	
562	39857	3.78009	3																	
552	37171	5.00000	0																	
0	33783	4.65192	0																	
76	33403	4.83343	0																	
813	39694	4.60839	0																	
424	36930	4.25113	0																	
449	25459	4.13577	0																	
340	20436	4.59378	0																	
64	26107	5.00000	2																	
676	24472	4.09847	1							227	0.04631									
772	23624	5.00000	1																	
290	41342	4.80536	0																	
217	36490	3.37762	1																	
495	32354	4.48095	0																	
996	21986	4.34666	0																	
281	40230	5.00000	0																	
177	43002	2.58917	3																	
912	24914	4.69635	0																	
813	34571	4.70030	0																	
428	40044	5.00000	3																	
283	38910	4.53401	0																	
128	40918	5.00000	0																	
177	43032	2.99628	0																	
615	37290	2.90649	5	37049	0.01253					92	0.01677									
340	32433	4.51267	0	23261	0.01444					570	0.03271									
577	40912	3.69297	2	35697	0.00787					471	0.02876									
19	33486	4.43791	0																	
118	32173	5.00000	0																	
938	24651	5.00000	0							514	0.00582									
741	24149	4.81318	0																	
236	41434	4.31781	0																	
962	23197	4.73142	0																	
511	35274	4.01635	0																	
395	31002	2.94985	5																	
15	38842	4.55145	0																	
86	39203	4.95462	5																	
227	25262	3.69084	3	24048	0.05811	25369	0.03822			469	0.06509									
514	33006	3.98190	3	41915	0.02513					230	0.01406									
142	36875	2.78075	4	37049	0.08812	37297	0.05477	40745	0.00338	446	0.05594	92	0.01611							
385	37367	4.23339	0																	
175	24159	4.17457	1																	
901	39691	4.11658	0																	
138	38268	4.99510	0																	
575	26274	4.49944	5																	
44	20366	4.24104	0																	
815	38086	4.93173	0																	
857	33637	3.69173	0																	
491	33786	3.30908	3																	
283	40112	4.60127	0																	
452	36738	4.20086	4																	
319	28030	4.25115	0																	
753	33279	4.75877	0																	
965	32985	4.56354	0																	
246	29950	4.26991	0																	
568	22266	4.18842	4	28939	0.04979															
153	42420	4.33195	0																	
569	23217	5.00000	3	23231	0.11307					506	0.12694									
887	41396	4.57719	0																	
142	34765	3.98198	0																	
425	29357	4.50940	0																	
392	24377	4.63579	3																	
910	20454	4.65093	0																	
403	23852	3.40018	2	28874	0.00690					758	0.05539									
54	37071	2.28074	1																	
875	27919	4.33004	0																	
793	23140	3.54103	0																	
650	29522	3.91573	0																	
531	35071	4.79763	0																	
463	34501	4.62133	0																	
81	24468	4.61764	0																	
505	31039	4.60982	0																	
914	42062	4.88740	6																	
2	37707	3.28425	0																	
354	43105	4.85916	0																	
893	38447	5.00000	0																	
644	21241	5.00000	4	27543	0.02017					105	0.04005									
501	24263	5.00000	1																	
826	29502	4.72671	0																	
517	36413	4.28461	0																	
12	28631	3.91355	0																	
175	41615	4.70977	6																	
386	25564	4.25652	0																	
964	38357	3.15530	0																	
664	33969	4.03774	0																	
741	26406	4.67805	0																	
292	35882	4.47095	3																	
95	38740	4.43061	6																	
406	25635	4.38142	0																	
162	43466	4.19854	0																	
149	38908	4.54601	3																	
248	26527	5.00000	0	26526	0.06707	26530	0.05759	26544	0.04624	522	0.20887	330	0.05215							
579	23033	4.65876	0																	
514	38316	4.07052	0																	
392	31766	5.00000	4																	
994	37881	4.42058	3																	
832	21098	4.93100	6																	
340	23657	3.41601	0	21492	0.02372	24361	0.01925													
317	23852	4.00825	2	28274	0.02267	26345	0.01330			103	0.15831	132	0.06965							
488	40572	4.07255	2																	
180	26167	4.12698	0																	
547	33788	4.48916	0																	
491	25031	4.40928	1	29717	0.00543	26043	0.00316			14	0.09459	983	0.01166							
383	27728	4.69539	0																	
674	25247	4.60865	0																	
618	33414	3.80904	0																	
189	29759	4.06985	0																	
181	27782	4.89236	0																	
569	28224	4.69091	0																	
548	25487	4.69707	3							81	0.05161									
168	31330	4.64908	0																	
493	32481	4.08983	0																	
596	34114	3.14739	0																	
471	39839	4.31338	0																	
478	34076	4.36789	0																	
377	41345	4.25138	1	29717	0.01110															
874	31500	4.62010	1																	
20	24410	4.68025	2	24085	0.00508					334	0.08302									
280	38659	4.67606	0																	
514	40745	4.06673	0	24071	0.02107					491	0.01047	146	0.00575							
73	40895	5.00000	0																	
194	37880	3.71905	0																	
424	26043	4.79255	4	28250	0.01645					401	0.01662	441	0.00912							
676	23860	2.82325	0																	
248	27438	5.00000	3																	
443	35833	4.69744	0																	
576	32410	4.26841	0																	
5	32418	4.65620	0																	
848	24290	4.07569	3	24272	0.02692	24680	0.01493			381	0.02129									
741	34741	4.82441	6																	
793	20956	3.62614	0																	
832	24137	4.49656	0																	
318	26576	5.00000	4																	
469	24050	2.99632	0																	
68	32044	4.75426	0																	
811	39659	4.29159	0																	
540	32098	4.71113	0																	
913	32840	3.82268	0																	
397	24412	3.97601	0																	
466	39437	4.50066	3	38246	0.01858					891	0.06607									
356	34290	4.05990	0																	
248	25331	4.54997	1																	
504	36967	4.27337	0	36946	0.00490					594	0.00447	514	0.00324							
291	37729	3.97344	0																	
102	37099	4.55035	0																	
604	40097	4.64219	0																	
13	23417	4.63462	0																	
23	38098	2.51282	1	37642	0.04570					249	0.12232	491	0.01658							
384	24242	4.21536	0																	
462	21014	4.49221	0																	
530	34910	4.02196	5							424	0.00809									
570	27561	4.21164	0																	
244	42114	2.89430	0	22703	0.01425															
526	30987	4.73998	2																	
952	31661	4.11763	0																	
514	38315	3.88984	2																	
311	22728	4.75710	0																	
466	37973	4.30269	0																	
283	25005	4.52818	0																	
485	41558	4.47468	0																	
761	42019	4.51078	0																	
624	35449	4.49617	0																	
283	35584	4.57191	0																	
724	39501	3.11519	0																	
278	22656	5.00000	5																	
619	36421	4.03043	3																	
598	35919	4.43684	0																	
575	24302	4.12146	0																	
58	24388	5.00000	6																	
641	24115	4.95299	6																	
933	29684	3.10927	1																	
396	41285	4.04654	5							424	0.03245	514	0.00058							
774	38447	4.69506	0							514	0.01574									
522	24446	4.57414	0																	
377	30992	4.38264	0																	
320	32958	3.97085	0																	
351	29691	4.96530	0																	
643	34456	4.75021	0	35906	0.03291					62	0.05749									
842	31887	4.50734	0																	
741	20512	4.76852	0																	
817	29761	2.83634	0	28266	0.06497															
381	24650	4.50250	4	24680	0.04418					681	0.05525	760	0.03681	105	0.01562					
835	22719	5.00000	6																	
340	25791	4.60835	0	25278	0.06842	40153	0.06826	26076	0.01942	544	0.03046	468	0.01674							
217	26041	4.18520	0																	
713	21130	3.48639	4																	
505	21350	4.60646	0																	
514	42298	3.37504	0																	
628	20916	4.73663	5	21275	0.00225					334	0.00506									
301	29936	4.95002	0																	
388	37826	3.89949	0																	
850	35145	4.78768	0																	
659	30289	4.05123	4																	
763	21491	2.88741	3	34551	0.03358					94	0.05700									
653	39516	3.83854	2																	
779	27309	4.60544	0																	
268	23487	4.84285	0																	
131	35117	4.60970	0																	
519	26479	4.17795	3																	
779	23565	4.58861	0																	
170	43341	4.60247	0																	
218	23769	4.86073	0	24656	0.00199					55	0.02874									
334	32126	4.10806	3																	
593	25183	5.00000	3																	
813	25040	4.94460	2	24361	0.00243					340	0.01179									
761	37394	4.54699	0																	
951	43866	4.45604	0																	
882	38674	3.99582	0																	
168	25492	4.71421	0																	
26	25347	4.65470	0																	
660	38721	3.72697	0																	
624	24353	4.54796	0																	
4	22734	4.49742	0																	
93	24559	4.51016	3	25306	0.03303	21979	0.00386			469	0.07651									
860	41247	4.60846	0																	
518	25700	4.71337	4	25698	0.28571	32564	0.10687			32	0.88442									
160	37290	3.77373	5	37297	0.06305	37266	0.02931			92	0.02836									
991	28010	4.38770	5																	
980	38646	3.00247	1																	
648	38733	3.93805	0																	
710	26135	4.47512	0																	
89	37707	3.54222	0																	
286	26042	4.33055	0																	
866	27908	4.19103	0																	
792	26128	4.53072	0																	
296	24484	4.99794	1																	
514	41756	4.65005	2	42646	0.02165	41045	0.00757			654	0.01647	793	0.00498							
81	24522	4.67463	0																	
159	23184	4.67726	6																	
471	22620	4.83661	5	35697	0.00488	22621	0.00378	25369	0.00227	334	0.03194	227	0.03150							
500	23239	3.37390	1																	
204	41045	4.09105	5																	
257	24027	4.87101	5																	
196	32109	4.73691	3							514	0.03157									
606	26237	3.83568	0																	
433	33623	4.30871	2																	
873	22571	4.86324	0																	
81	21529	4.61354	0																	
719	38316	5.00000	0																	
142	34321	3.92693	0																	
570	20518	4.18041	0																	
407	38892	4.24824	0																	
889	25259	4.10854	0	31903	0.03195	40745	0.01665	38098	0.01345	491	0.04104	292	0.01639							
386	24368	4.12076	0																	
871	35775	4.23406	1	37049	0.00718					107	0.01810									
848	21400	4.42655	0																	
340	36230	4.59027	0																	
848	24627	4.55135	0																	
385	23712	4.26617	0																	
42	37758	3.80939	5																	
340	25645	4.47974	0																	
951	42279	4.53209	0																	
50	42255	4.27362	2																	
954	34438	4.55215	0																	
313	23448	3.71911	0																	
73	40951	4.99862	0																	
78	24368	4.13585	0																	
418	39603	4.81620	0																	
841	23538	4.61158	0																	
97	24287	4.09844	0																	
261	21580	4.33406	0																	
704	23300	4.41680	0																	
752	32572	4.78986	0																	
601	29768	4.14216	0																	
371	25105	2.40648	2																	
617	39200	5.00000	4																	
93	24391	4.78274	5																	
608	37634	4.63376	0																	
514	21199	4.19279	0																	
235	34839	5.00000	2																	
529	21190	4.37539	0																	
259	41879	4.24120	0																	
900	23900	4.30812	5																	
684	24823	4.43655	6																	
944	30104	4.71166	0																	
264	32297	4.18195	0																	
570	41043	4.17500	0																	
81	22370	4.60347	0																	
774	32223	4.59093	5																	
254	29970	4.91768	5	21531	0.02166					160	0.03108									
745	34497	4.60807	5																	
853	30748	4.92085	3	30672	0.05525	30147	0.03051			153	0.03545	228	0.02523							
814	24695	5.00000	2																	
619	37620	4.04051	0																	
856	29635	4.50038	0																	
835	22731	4.46826	0																	
974	38241	5.00000	2																	
77	31778	4.36181	0																	
350	43067	4.69414	0																	
461	36374	5.00000	5																	
414	24985	4.27159	0																	
168	24730	5.00000	0																	
199	39569	2.71325	0																	
731	35023	3.58301	2																	
745	39272	5.00000	0																	
569	20364	4.74465	0																	
423	43277	4.53068	0																	
14	23845	4.99450	1	25063	0.02247					860	0.02393									
874	22207	4.34355	0																	
891	39631	3.66859	0																	
340	23478	4.04910	3	21492	0.01146															
111	20496	4.31288	0																	
357	26275	4.98889	5																	
207	23455	3.17079	0																	
377	23824	4.50179	0																	
170	38293	4.51524	0																	
471	28358	4.66246	6																	
811	39695	4.28801	0																	
162	20184	4.30999	0																	
246	26340	4.21685	0																	
290	36430	4.74293	0																	
701	30282	4.83612	0																	
241	37880	4.85547	0																	
505	20709	4.64380	0																	
283	43490	4.67936	0	42655	0.01575					70	0.04126									
819	35579	4.87049	0																	
763	31828	4.11040	4																	
109	24653	4.76627	2																	
362	24380	4.72363	5																	
577	24932	3.81609	0																	
116	35751	4.41638	2																	
741	31277	4.93124	6																	
882	37808	4.12938	0																	
792	27242	4.61262	0																	
54	37049	2.79465	0							92	0.07649	142	0.04562	566	0.02732					
41	30640	4.69772	1																	
594	23923	5.00000	5	22371	0.04494	32579	0.02857	22452	0.02844	175	0.07461									
491	27887	3.62612	0	24570	0.05811															
159	24698	4.64386	0																	
779	25396	4.55903	0																	
259	42255	3.69259	2																	
21	30672	2.72577	1																	
26	34476	4.70421	0																	
214	32515	5.00000	3																	
162	21764	4.23352	0																	
505	27599	4.57503	0																	
753	32950	4.75150	0																	
305	25243	5.00000	4																	
436	34936	4.35649	0																	
524	37661	4.76479	0																	
194	20674	4.26349	4							340	0.00064									
295	29924	5.00000	0																	
297	38842	4.45812	0																	
16	25567	4.86449	0																	
493	40525	3.87713	0																	
975	24847	4.24189	0																	
389	39204	3.98998	0																	
124	30672	4.01891	1	24078	0.04170					228	0.04695	382	0.03495							
590	28871	4.45725	0																	
440	25308	4.92795	5	28782	0.00940	23900	0.00171			81	0.03347	340	0.01505							
70	40817	4.90027	0																	
485	36946	3.60160	2																	
904	40610	3.78982	0																	
117	33403	4.45861	0																	
594	24985	4.53385	0	41511	0.07619															
952	43714	3.91549	0																	
29	33409	4.29862	0																	
733	24047	4.74734	3																	
961	42632	3.98917	0																	
363	38249	4.43346	0																	
86	33432	3.71750	0																	
866	26234	4.09349	0																	
303	34551	4.40106	0																	
340	24593	4.61948	0																	
299	25595	3.90867	0																	
873	34403	4.55009	0																	
715	24272	4.23570	5							381	0.19126									
575	24953	4.39931	0																	
541	30755	4.68212	0							570	0.03618	594	0.01045							
490	42645	4.27022	4							64	0.04108									
980	35968	3.58676	1																	
813	32084	5.00000	3																	
540	36202	4.70480	0																	
82	27307	4.25962	0																	
162	31544	4.26463	0																	
53	23451	4.20163	5																	
721	28228	3.82528	0																	
107	37266	3.57760	5	20019	0.03505	37664	0.02711	41075	0.02212	533	0.09292	408	0.03707	92	0.03116					
55	28939	4.26713	2																	
410	35801	3.99232	0																	
533	24530	4.80421	0																	
372	28371	4.30145	0																	
146	25065	4.15909	0	25269	0.07331															
611	42600	4.69742	1																	
882	27154	4.09903	0																	
93	24579	4.64645	6	25306	0.00625					469	0.07651									
658	42012	4.44414	0																	
73	37065	5.00000	0																	
282	30026	4.71954	0																	
566	24030	4.73360	0	33726	0.05458															
88	32016	3.69621	3																	
559	25518	4.56256	0																	
641	23300	4.75215	0																	
869	37784	4.83217	0																	
340	20761	4.59965	0																	
145	36707	4.62634	0																	
547	30796	4.62448	4																	
449	22524	4.12442	1																	
563	26324	4.35391	0																	
227	23413	3.92622	0																	
75	34366	4.65524	0																	
54	22999	2.57869	0																	
164	30971	4.73321	0																	
340	25812	4.52853	0																	
44	31858	4.52695	4																	
648	37604	3.88512	0																	
62	34568	5.00000	6	35906	0.00357					643	0.05749									
510	41157	4.62371	0																	
908	23688	4.53601	1	38908	0.00751					81	0.05873									
743	39348	4.72375	0																	
514	43665	4.28229	0																	
390	28320	4.82535	0																	
185	26593	3.54153	0																	
468	29033	5.00000	0	26273	0.00915					848	0.01471									
994	36149	4.20844	0																	
661	24637	4.46229	0																	
97	22439	3.47135	0																	
932	37266	4.67819	5	37049	0.01802					160	0.03504	408	0.01663	92	0.01367					
349	31758	4.99901	5																	
583	41897	4.13038	1																	
405	34542	3.74372	1																	
158	21542	4.80446	0																	
769	43936	4.83832	0																	
283	25012	4.55514	0																	
29	32895	4.13356	0																	
673	34192	5.00000	2																	
966	24449	4.55458	0																	
377	24614	4.52203	0																	
227	21531	3.79416	1							160	0.03462									
273	31981	4.14197	1																	
266	23458	4.73320	0																	
319	35656	4.28019	0																	
300	31866	4.52890	0																	
181	31131	4.82844	0	23900	0.01500					330	0.00846									
574	21248	5.00000	5																	
490	40634	4.19615	0																	
399	21492	4.97674	6	24737	0.00367					283	0.07215									
703	23232	4.82996	6							340	0.00245									
741	36744	4.91264	4	37436	0.06395					321	0.02227									
407	24534	3.97514	1	34839	0.00730	35551	0.00521			81	0.02916									
298	38329	3.41136	0																	
898	26448	4.10821	0																	
401	20328	4.50817	0																	
514	25936	4.18669	5							505	0.02134									
331	38315	4.42144	2																	
367	42852	3.62915	0																	
570	23385	4.11024	0																	
854	26074	4.82307	0																	
705	23086	4.62992	0							568	0.09019									
811	39595	3.98814	5	39337	0.04301					87	0.15029									
355	23940	4.47228	0																	
237	35129	4.75084	0																	
366	23232	4.50921	6																	
283	33919	4.52724	0																	
86	22707	4.31703	4	21127	0.00750					429	0.05226									
79	31553	4.41536	0																	
334	24101	4.21951	0																	
994	37897	4.13038	0																	
297	27079	4.53114	0																	
514	41606	4.20448	0																	
26	27641	4.71605	0																	
282	36471	4.75961	0																	
793	24978	3.93469	0																	
385	31188	4.17246	0																	
813	34045	5.00000	2	33220	0.04728					763	0.05313									
705	30672	4.00347	1	24078	0.04170					568	0.09019	382	0.08754							
540	32137	4.75811	0																	
580	34839	3.92260	2																	
250	35253	4.12350	5																	
774	29034	3.96909	0																	
134	33055	3.52728	0																	
659	40550	3.58793	3																	
181	22856	4.91231	0																	
587	26043	5.00000	4	23223	0.01175					983	0.05746									
94	26075	3.52818	0																	
986	28011	4.04561	0																	
36	42477	3.08348	1																	
197	35629	4.87128	5																	
8	33165	4.47866	0																	
930	39017	3.47080	0																	
355	26636	4.46611	0																	
106	24457	4.96222	2																	
866	20993	4.08529	5																	
570	34994	4.14384	0																	
832	25071	4.50999	0																	
21	36068	2.81733	0																	
753	34101	5.00000	2																	
891	33154	4.92545	3																	
711	26643	4.57703	0																	
81	20929	4.53568	0																	
574	29010	5.00000	0																	
400	36967	4.13556	0																	
397	28948	4.07208	0																	
148	21192	5.00000	0																	
514	30228	4.12756	0																	
963	23769	5.00000	0																	
635	41285	4.77187	5																	
286	23221	4.50084	0																	
524	34656	4.79711	0																	
514	37706	3.56220	0	32210	0.11340															
343	30973	5.00000	2																	
112	41709	3.89955	0																	
411	38448	3.80045	0																	
848	24630	4.54866	0																	
33	32761	4.25083	0																	
610	32993	3.51900	0																	
408	37876	4.59258	3	37664	0.18455	37266	0.05447	39038	0.01633	642	0.03042	960	0.02201							
330	24271	4.36127	0																	
812	29767	5.00000	0																	
951	38694	4.52156	0																	
194	26912	4.12073	0																	
207	41675	3.07836	0																	
982	36766	3.83948	4																	
981	39200	4.26613	4							430	0.00734									
13	25078	4.62039	0																	
110	42119	5.00000	0																	
634	42416	4.68803	0																	
787	28253	4.73446	3																	
76	24724	4.73025	0																	
295	26271	5.00000	5																	
338	25270	4.67521	0																	
423	33363	4.43570	0																	
569	26038	4.81779	0																	
593	27887	4.21859	0																	
813	21511	4.99336	2																	
456	33075	4.67987	0																	
581	40010	4.33330	0																	
498	33241	4.74595	1																	
104	37582	4.39161	0																	
960	38046	4.50254	0																	
230	27464	5.00000	2																	
746	36665	4.79875	0																	
559	21251	4.56601	0																	
61	21098	5.00000	6																	
471	36495	4.29561	6																	
6	38539	4.33905	0																	
475	20019	4.66675	2																	
74	42352	3.86353	3																	
703	24611	4.59465	0																	
479	22706	4.86990	0																	
291	36766	2.74920	4																	
164	26500	4.64830	0																	
614	25622	4.49197	0																	
222	22190	4.99756	1																	
531	39032	4.79324	0																	
218	23900	3.82067	5																	
584	21254	2.74402	0																	
808	26312	4.69238	0																	
557	28497	4.63564	1																	
621	21666	4.16714	0																	
779	26359	4.81519	0																	
340	29717	4.82982	0							14	0.00741									
941	25015	4.71257	0																	
99	38733	4.13082	0																	
594	26448	4.71888	0																	
55	35438	4.11285	1	24656	0.00551					891	0.01349									
339	32139	4.54851	0																	
981	40673	4.30972	0																	
604	20792	4.58323	0																	
786	24075	4.71105	0																	
218	22649	5.00000	5																	
781	24686	4.31975	0																	
457	41455	4.38439	0																	
675	41756	4.86428	2																	
880	33157	3.74053	0																	
177	43005	3.15104	0																	
882	30985	4.03589	0																	
581	32860	4.32709	0																	
23	39007	4.01645	4																	
363	27960	4.42482	0																	
880	27026	3.73068	0																	
54	21269	2.51092	4																	
774	25404	3.90542	0	25216	0.10811					27	0.21290									
880	26993	3.89091	0																	
137	29685	5.00000	6	24656	0.05698	22620	0.01167			55	0.05333	591	0.02227							
325	32084	5.00000	3																	
551	36259	4.37558	6																	
485	36332	4.44963	0																	
283	42073	4.46174	0																	
511	32187	4.19957	3																	
668	39672	4.74932	0																	
770	34341	3.75517	0																	
744	27957	4.11289	0																	
749	38089	5.00000	6																	
760	23593	4.62231	0																	
146	42113	3.15755	0																	
865	40057	4.73431	0																	
464	25501	4.73906	0																	
221	31448	4.41380	0																	
788	28118	4.72752	0																	
168	38262	4.68161	0																	
89	37187	3.98006	4	36402	0.02500					815	0.33277									
551	20447	4.14513	0																	
329	29710	4.03838	0																	
906	42774	4.32896	0																	
514	22579	4.18476	0																	
792	22284	4.59855	0																	
136	40640	4.88561	0																	
792	23448	4.49911	0																	
484	33925	2.42584	6																	
618	37065	4.28917	0							982	0.09742	21	0.08047							
689	40548	3.87904	0																	
366	26635	4.84084	2																	
738	29048	4.82822	0																	
864	38646	3.82712	1																	
13	25824	4.72986	0																	
181	28788	5.00000	2																	
44	30281	4.34188	2																	
850	29672	5.00000	4																	
365	20116	4.84490	0																	
98	26530	5.00000	0																	
502	21208	4.00630	0																	
181	31204	4.90355	0																	
369	23799	5.00000	1	23458	0.02817					860	0.15385									
69	30260	4.22766	5																	
340	23238	5.00000	0																	
204	26636	4.26680	0																	
631	27876	4.63715	0																	
768	34762	5.00000	1																	
659	37611	3.93431	0																	
168	27185	4.76754	0																	
779	23789	4.62074	0																	
164	37067	5.00000	6																	
530	36906	3.65895	0																	
653	39598	3.92760	0																	
848	22620	4.83905	5	22475	0.00954					227	0.02699									
443	36795	4.71533	0																	
813	35399	4.75089	0																	
912	43597	4.80038	0																	
983	23955	3.78910	0	29186	0.03599					8	0.06214									
482	43023	4.64593	0																	
585	37996	4.11081	0																	
175	23390	4.72580	1																	
604	22341	4.50329	3																	
679	22273	5.00000	2																	
505	31714	4.67964	0																	
514	43046	4.13662	0																	
36	40961	4.08134	0																	
440	24622	5.00000	3																	
574	21265	4.55631	5	43231	0.31884															
855	31469	3.52985	0																	
110	41672	5.00000	0																	
410	24650	4.24145	4	23335	0.07649	23420	0.00645	23481	0.00222	227	0.09340	681	0.04455	789	0.03713					
845	39597	3.59220	0																	
381	35697	4.14759	6	24559	0.01425					29	0.02358									
624	24021	4.47399	0																	
493	29149	4.15018	0																	
105	35068	4.66382	0																	
86	25065	3.78964	0																	
676	39040	3.85254	0																	
101	43079	4.36172	0																	
81	24492	4.62258	0																	
471	36930	4.54612	0	38908	0.10914					864	0.00909									
495	24149	4.51912	0																	
951	28379	4.52933	0																	
328	37882	5.00000	2																	
755	24386	4.52104	0																	
945	31516	4.79542	0																	
469	40572	3.79618	2	24579	0.01035					893	0.02949	696	0.02550							
666	24294	4.91103	0																	
414	25068	4.36503	1	22452	0.00950					594	0.02348									
761	27242	4.50851	0																	
70	43658	5.00000	3																	
648	38921	3.04386	0																	
447	37187	4.78126	4																	
514	43055	4.18333	0																	
55	37138	4.53743	3	27011	0.01899					168	0.02077									
955	39062	3.54580	0																	
389	36101	3.87916	0																	
335	21617	4.20296	0																	
479	34577	4.83237	0																	
988	30225	4.96603	0																	
594	25295	4.57348	0																	
70	38456	4.76636	0																	
490	36875	3.36622	4	38735	0.02149					17	0.05600	92	0.00994	446	0.00487					
763	21275	4.20935	0	34551	0.02503	34627	0.00283			94	0.05700	334	0.05227	215	0.05070					
424	34266	4.54121	0	21275	0.05646	24071	0.02154			514	0.06453	215	0.01716	94	0.01075					
892	30462	4.33535	0																	
105	23706	4.60745	0																	
904	39923	3.49573	0																	
824	27969	3.98838	2																	
891	36825	4.46645	5																	
604	38235	4.57800	0																	
146	39850	4.58968	2	24071	0.00466					424	0.00442									
456	42982	4.99571	0																	
648	35470	3.84043	0																	
444	35544	5.00000	4							648	0.06612									
594	37143	4.77638	0																	
424	35253	4.36981	5																	
623	23385	4.73075	0																	
784	24593	4.12304	0																	
882	37288	4.09103	0																	
19	23228	4.34344	0																	
917	21492	4.97309	6																	
898	21067	4.15908	0																	
868	37457	4.33069	5																	
514	29516	4.20336	0																	
688	38775	4.54282	0																	
966	22854	4.59337	0																	
82	27689	4.34206	0																	
162	26168	4.35672	0																	
107	35729	4.21579	0																	
107	37876	4.02526	3	37664	0.18455					960	0.04053	642	0.01140							
953	31969	4.70691	0																	
424	39105	3.45561	0	37793	0.05076															
81	25427	5.00000	0	25421	0.08187	34107	0.06648	25426	0.06357	548	0.05161	82	0.02577							
105	29685	5.00000	6	24656	0.05698					591	0.02677	55	0.01336							
480	21752	4.30743	0																	
569	21520	4.67158	0																	
997	24915	4.90119	1																	
999	30612	4.23913	2																	
889	29859	3.94704	0																	
340	24797	4.79437	1																	
514	42867	4.13290	0																	
741	31702	4.69873	0																	
634	33609	4.67409	0																	
337	21764	4.85044	0																	
717	40589	4.45288	0																	
610	31648	3.62013	0																	
242	40204	5.00000	0																	
997	27979	4.46393	0																	
388	34813	3.88239	4																	
283	24746	4.59406	0																	
893	38989	4.95641	1																	
107	37071	4.24052	1	35775	0.02276					411	0.05927									
56	39692	4.78932	6																	
665	24856	4.54741	0																	
356	34144	3.60080	0																	
979	38044	4.58093	0																	
82	27710	4.42005	0																	
618	36765	3.80824	0																	
491	30975	4.67262	2							122	0.07288									
811	21441	4.30879	0	36616	0.15929					422	0.08289									
524	43708	4.79570	0																	
258	21269	4.62076	4																	
677	39400	4.18057	0																	
26	29603	4.72652	0																	
503	33078	4.82677	0																	
227	20330	3.97023	6	20316	0.38245					434	0.07663									
57	35047	4.85925	0																	
59	34597	4.31905	0																	
589	40147	4.22352	0																	
248	29931	5.00000	3																	
884	20188	5.00000	5																	
469	40447	3.89564	2							176	0.03412	471	0.00485							
52	31938	4.93235	0																	
487	25940	4.61390	0																	
527	25351	3.36391	0																	
848	23930	4.79087	2																	
316	27454	4.81921	0																	
213	28782	4.45564	5																	
78	24388	4.37810	6																	
173	39448	4.65978	0																	
605	41486	4.76217	0																	
613	20584	4.78429	0																	
386	24272	4.28555	5	28227	0.04697	23356	0.01305			440	0.06619	848	0.01905							
610	33259	3.52276	0																	
848	23986	4.22164	3	25115	0.21951	23356	0.13953													
684	27565	5.00000	0																	
443	28044	4.79994	3																	
442	22048	4.71134	0																	
592	41285	4.66167	5	43301	0.00341					514	0.02259									
933	37877	2.86474	0																	
575	22583	3.98617	1	22549	0.14354					856	0.08852									
248	20990	4.40041	0																	
100	22003	4.86881	2																	
196	28034	4.39481	0																	
744	29190	4.19810	0																	
363	34199	5.00000	4																	
471	39858	4.50123	0																	
514	22510	4.08951	0																	
514	35770	3.18173	0																	
755	20023	4.51426	4																	
845	42065	4.78556	0																	
24	41569	4.92610	0																	
448	21825	4.41462	0																	
12	40491	4.11022	0																	
130	28298	4.45789	6																	
575	30022	4.14770	0																	
929	22536	4.61163	4																	
161	30531	4.37688	0																	
882	36505	4.05532	0																	
121	21091	4.79922	0																	
648	36002	4.01108	0																	
578	35438	3.93979	1																	
620	39102	4.39271	0																	
424	24137	4.68770	0	24012	0.07748	24071	0.03744	24049	0.03741	171	0.02818	710	0.00775	695	0.00433					
19	24650	4.46627	4																	
103	23829	4.78035	0																	
60	36102	4.78070	0																	
424	43077	4.55007	0																	
403	25334	3.64369	3							81	0.02340									
471	41050	4.58832	0																	
52	24170	4.93991	0																	
164	36722	4.80370	4																	
101	35000	4.05395	0																	
88	28534	2.59798	3																	
182	29421	4.21631	0																	
378	35882	4.68857	3																	
972	39429	4.23393	0																	
505	20936	4.56237	0																	
404	42174	4.65522	0																	
807	24696	4.32538	1																	
484	24579	2.63232	6																	
340	24259	4.56202	0																	
873	32326	4.51718	0																	
567	34540	4.32986	2																	
14	23927	4.79423	3																	
546	27749	4.81119	0																	
71	38268	4.95413	0																	
610	30158	3.38899	0																	
604	36528	5.00000	0																	
607	42132	4.37538	5	42760	0.01356					424	0.02655									
741	26804	4.77333	0																	
800	28866	4.30872	0																	
322	22562	4.54866	5																	
142	38084	3.51574	1	36887	0.10476					97	0.08617									
648	33251	3.90407	0																	
162	22582	4.22724	0																	
283	39227	4.55567	0																	
763	26086	3.86549	2																	
848	24316	3.78397	0	24680	0.05016	24272	0.00915													
763	34615	4.14124	6																	
542	33638	4.33057	0																	
296	35697	4.59268	6																	
995	34760	5.00000	0																	
491	22164	4.68233	4																	
162	31307	4.30259	0																	
483	26042	3.90822	0																	
968	41846	4.70375	0																	
967	40097	5.00000	0																	
676	22709	3.86289	4																	
514	24453	4.20984	0																	
865	36995	4.67824	0																	
524	39253	4.93305	0																	
567	24749	4.79271	0																	
397	39557	3.86752	0																	
699	26637	4.39748	1																	
651	30672	3.51505	1																	
658	38758	4.39952	0																	
781	27008	4.33318	4																	
708	34783	4.88254	0																	
940	34627	3.91477	2	37469	0.01304					763	0.09642									
873	29728	4.54208	0																	
388	36776	4.12057	0																	
292	22004	4.50454	2	29717	0.01303	37043	0.00792	38098	0.00411	491	0.10060									
469	21247	3.87841	4																	
144	24700	4.31567	0																	
6	37053	4.30017	4																	
81	22654	4.60222	0																	
763	25039	4.17783	2																	
466	38840	3.46834	0																	
152	24075	4.17124	0																	
246	24894	4.63569	6																	
501	34266	4.81253	0																	
166	33555	4.78685	0																	
13	25618	4.64775	0																	
584	24761	3.00382	3																	
581	32453	4.54773	0																	
471	25262	4.59645	3	25369	0.03822					469	0.00485									
746	42305	4.25593	0																	
478	34354	4.40145	0																	
323	43127	4.22008	6																	
81	25075	4.59192	0																	
264	34762	4.21658	1																	
604	39489	4.53982	0																	
602	25240	5.00000	0	25331	0.01705					827	0.02614									
369	24004	5.00000	0	23458	0.03158					860	0.15385									
193	35594	4.88056	6																	
729	38325	4.63989	5																	
983	22627	4.53071	0																	
393	38812	3.76214	1																	
518	25703	5.00000	4	32564	0.13710	25698	0.04898			32	0.88442									
340	22439	3.77214	0	29762	0.00364															
863	21049	4.00934	0																	
383	28124	4.56215	0																	
879	32674	4.43985	4	30925	0.05570					195	0.17349									
572	33027	5.00000	3																	
26	35146	4.61193	0																	
811	39708	4.18121	0																	
334	32997	4.21312	0																	
62	35524	4.44881	1																	
213	23638	5.00000	6																	
227	24729	4.20464	2																	
668	38842	4.79547	0																	
73	41494	5.00000	0																	
859	30218	4.33434	0																	
0	20362	4.42304	6																	
670	33039	4.74899	2																	
268	23665	4.18686	0																	
569	26043	5.00000	4	24578	0.01484	30281	0.00933			401	0.03971	491	0.01309							
514	34597	4.15167	0																	
168	26382	4.66577	6																	
535	30552	4.15726	0																	
491	29963	4.55998	0							117	0.03533									
10	32177	3.58288	3	24620	0.01794					29	0.01849									
407	37753	4.04078	3							400	0.02670	147	0.01882							
661	30475	3.88609	0																	
340	21099	4.85940	2	22552	0.04286	24361	0.01226	25040	0.00985	283	0.04085	39	0.00938	758	0.00558					
631	31999	4.59023	0																	
883	40491	4.34734	0	38447	0.00774					514	0.02415									
182	37143	4.22553	0																	
340	24639	4.56871	0																	
379	28197	4.73505	0																	
58	24240	4.90835	3	23093	0.00963					891	0.03991									
340	20759	4.49440	0																	
598	34936	4.41165	0																	
635	39163	5.00000	4																	
335	34579	4.07157	3	31003	0.03661					746	0.02649	891	0.01451							
5	42413	4.73139	0																	
383	29637	4.55881	0																	
986	21277	4.60950	5																	
816	26643	4.70794	0																	
929	22412	4.68877	2																	
676	23105	2.81654	6							761	0.05774									
107	33048	3.17185	0																	
26	34750	4.62318	0																	
950	26884	4.88924	0																	
407	24535	4.38733	0																	
49	25388	4.79204	0																	
938	40675	4.35760	0																	
397	35815	4.10505	0																	
215	24012	4.42666	3	24071	0.06045	21275	0.00601			38	0.02273	342	0.02222	424	0.01716					
214	21517	5.00000	1																	
325	35912	4.41968	0																	
209	26011	4.34644	0																	
680	26075	3.30678	0																	
882	20345	3.58803	2																	
340	22646	4.56835	0																	
81	30169	4.68918	0																	
501	26169	4.68482	0																	
312	31057	4.49750	0																	
319	28959	4.25185	2																	
340	36971	4.51092	0																	
242	40262	5.00000	0																	
774	28146	4.03080	0																	
93	31140	4.61435	0																	
385	28340	4.22407	0																	
522	22421	4.89168	4	27460	0.20690	26544	0.08025	22356	0.02360	240	0.28160	534	0.04453							
293	33642	3.25307	0																	
514	28722	4.12891	2																	
347	40848	4.61295	0																	
105	21289	4.62287	0																	
822	38081	4.92439	0	38862	0.01806					466	0.04132									
340	37924	4.48809	0																	
340	24646	4.10244	6	24361	0.00489	24338	0.00338	21492	0.00319	283	0.04085									
102	32296	4.44095	0																	
911	33412	4.26916	0																	
421	30618	4.52936	0																	
941	23831	4.39420	1																	
987	20176	3.39672	0																	
559	22408	4.51416	0																	
569	20057	4.84590	1																	
982	33639	4.50913	0																	
119	40864	4.21603	0																	
549	27276	4.70378	0																	
49	24254	5.00000	3	24761	0.10959					998	0.07514									
479	40666	4.83015	0																	
656	30517	4.79448	0																	
373	32695	4.89994	0																	
869	42477	3.93989	1																	
505	22979	4.69867	0																	
951	33663	4.44229	0																	
400	41581	4.24287	0																	
676	24749	4.22123	0																	
392	30796	4.87292	4																	
753	30368	4.67713	0																	
77	25533	4.29539	0																	
334	25369	4.71851	2	22621	0.02679	24410	0.01630	30672	0.01288	471	0.03194	227	0.02086	55	0.00688					
840	37043	4.87092	0																	
599	42828	5.00000	0																	
546	34634	4.82026	0																	
811	36319	4.35556	2																	
220	25409	4.81833	0																	
34	23928	5.00000	6																	
461	37130	4.60625	0																	
964	33951	2.87096	0																	
414	21792	4.53336	0																	
538	30421	4.30355	0																	
340	24645	4.65795	0																	
873	37199	4.20401	4																	
181	28542	4.81916	0																	
17	34918	5.00000	0																	
137	27025	5.00000	1																	
390	27795	4.82404	0																	
450	33795	4.86674	0																	
491	20337	4.30355	0																	
491	41897	4.29090	1	38098	0.01440					408	0.00690									
696	25086	5.00000	0																	
40	35913	2.57798	0																	
514	42802	4.24052	0																	
882	24501	4.04804	0																	
321	34774	4.74492	0																	
571	22164	5.00000	4																	
848	22188	4.66223	5																	
571	24655	4.95358	1																	
227	24365	4.28175	2							772	0.08819									
319	30238	4.38727	0																	
779	24433	4.63550	0																	
86	34102	4.50395	0																	
501	26275	4.98465	5																	
13	24493	4.93472	3	25093	0.02128	21033	0.01932	25096	0.01544	81	0.12276									
601	42345	4.22013	0																	
741	21098	5.00000	6	25040	0.00118					340	0.03941									
865	43329	4.77107	0																	
740	30281	3.33275	2																	
221	37178	4.34707	5																	
331	39269	4.27215	0																	
882	20055	4.05744	0																	
817	32780	3.93142	0																	
283	43241	4.57371	0																	
875	39422	4.29420	0																	
570	23375	4.20846	0																	
571	22553	5.00000	6																	
81	25432	4.55535	0																	
514	38654	3.71339	3																	
320	36192	3.91675	1																	
815	36186	4.48594	0	36766	0.07650	36491	0.05473	36402	0.01072	89	0.33277									
340	25614	4.28934	0	25639	0.02572	24589	0.01044			848	0.06307									
471	34675	3.85203	0																	
33	33764	4.26857	0																	
45	24935	4.74322	0																	
361	25331	4.68962	1																	
13	24059	4.65746	0																	
522	24443	4.45341	0																	
514	23130	4.20735	0																	
466	38375	4.39075	0																	
963	23624	5.00000	1																	
504	35775	3.96421	1																	
181	24147	5.00000	0							340	0.00252	594	0.00119							
813	41619	5.00000	6							77	0.13836									
785	30628	3.96533	0																	
708	34069	4.90656	0																	
569	20348	4.75965	0																	
181	25020	4.51231	5																	
379	28294	4.67143	0																	
145	28212	4.51218	0																	
987	20885	3.47365	0																	
710	31078	4.48663	0																	
357	26804	4.66300	0																	
848	22533	4.55567	0	24680	0.03085	24272	0.02367	22476	0.00928	381	0.02129	410	0.01527							
955	36398	2.72500	0																	
618	36930	4.10486	0																	
137	24624	4.18370	0							469	0.00632									
58	34350	4.27500	5	29684	0.07051					530	0.07588	382	0.03306							
586	29684	4.17600	1																	
882	23413	4.01160	0																	
385	24704	4.16910	0																	
14	26754	4.67919	0																	
447	37758	4.98403	5																	
943	21896	4.40933	0																	
926	24924	4.44633	0	25073	0.30114															
20	24624	4.13493	0																	
432	35317	4.39395	0																	
340	20301	4.60674	0																	
819	22151	4.42802	4																	
465	23173	4.52354	0																	
340	23239	4.64472	1																	
283	31066	4.84779	6	21855	0.03137					340	0.04085									
175	21221	4.20579	0																	
82	30891	4.42694	0																	
102	28515	4.52807	0																	
319	41340	4.20687	0																	
734	30926	4.80804	0																	
377	35047	4.46526	0																	
336	34350	3.04700	5																	
171	31724	4.74183	0																	
692	33652	4.77183	0																	
758	24252	4.18141	3							120	0.07455									
620	38851	4.36316	0																	
343	28023	4.91313	4																	
458	42061	4.05624	0																	
952	39204	4.20915	0																	
286	23210	4.33460	2																	
347	21991	4.56214	0																	
978	26041	4.70810	0																	
602	29996	5.00000	5																	
601	26838	4.18377	0																	
400	23477	4.24465	0																	
856	23715	4.64766	0																	
954	34266	4.76436	0																	
758	25040	4.27517	2	21099	0.00985	24361	0.00243			412	0.03175	592	0.01431	703	0.00947					
569	26056	4.76625	0																	
944	37152	4.58464	0																	
20	24765	5.00000	3																	
893	20979	4.98325	3							866	0.11813									
538	23167	4.40645	0																	
888	37144	4.65593	0																	
861	32140	4.46156	0																	
373	37554	4.90384	0																	
26	27616	4.62226	0																	
530	37489	4.86748	1	37666	0.01533					853	0.11916									
142	38119	3.39944	1	41075	0.01805	37049	0.00870			408	0.01329									
266	23799	4.81203	1																	
414	21221	4.60728	0																	
808	24888	4.73859	0																	
867	32458	4.21355	0																	
763	22452	3.83810	5							340	0.04086									
644	24141	4.90861	6	26635	0.12227					22	0.08638									
588	33621	4.45696	0																	
863	27153	3.87270	0																	
181	22642	5.00000	5																	
915	23432	5.00000	2																	
882	20328	3.97330	0																	
83	26128	4.27921	0																	
18	23399	4.67866	6																	
285	40269	3.49844	0																	
719	40893	5.00000	1																	
340	23688	4.69815	1	25308	0.00638					81	0.00488									
407	34741	4.31410	6																	
400	33528	4.25746	0																	
445	23840	3.42727	6																	
779	24987	4.55938	0																	
490	40761	3.83425	4																	
443	34542	4.12783	1																	
424	33715	4.32445	0	21429	0.21247					846	0.01559	394	0.01451							
583	42899	3.60685	1																	
81	21070	4.63197	0																	
424	39104	4.36678	0																	
951	36647	4.67975	3																	
858	37784	5.00000	0																	
610	31024	2.29818	0																	
564	40550	4.50153	3																	
545	21774	4.79803	0																	
434	29015	5.00000	5	20316	0.01504					227	0.07663									
936	31743	4.25958	0																	
569	20346	4.77904	0																	
664	24282	4.09009	0																	
424	24050	2.97250	0	28250	0.04473															
570	23807	4.15279	0																	
656	41097	5.00000	0																	
68	34627	3.96541	2																	
283	34934	4.51820	0																	
928	30790	4.77234	0																	
120	28874	5.00000	1	36479	0.03805					758	0.07455									
98	27419	4.80146	0																	
977	21492	4.80675	6	21127	0.00658					429	0.02003									
121	21092	5.00000	1																	
388	24045	4.08268	0																	
656	23713	4.68540	0																	
145	20584	4.51942	0																	
749	28501	4.85482	0																	
38	38297	4.46815	0																	
540	34501	4.83082	0																	
340	22524	4.36709	1	21855	0.00955					283	0.04085									
545	27867	4.37192	1																	
501	27584	4.62893	0																	
893	38572	4.47783	0																	
225	42093	4.76701	0																	
621	27402	4.31245	0																	
953	42696	4.87621	0																	
570	26269	4.29311	6																	
321	40259	4.71529	0																	
283	38617	4.59309	0																	
794	26103	4.58606	0																	
702	41829	4.78516	2																	
445	21246	3.71212	0																	
528	29717	5.00000	0																	
514	37561	3.89086	3	42646	0.02513					654	0.01647									
620	35646	4.35636	0																	
292	37266	3.87543	5	24039	0.06917	38098	0.00952			160	0.02096	92	0.00747	408	0.00359					
873	28792	4.46533	0																	
340	28817	4.46739	0	21855	0.02122	24338	0.00442			283	0.04085									
347	27212	4.66388	0																	
985	40153	5.00000	0							340	0.01161									
763	35627	3.64949	0																	
676	24497	3.93265	0																	
663	42477	3.85308	1																	
319	20583	4.20498	0																	
151	41225	4.60466	0																	
375	25063	4.93808	1	24570	0.01005	24004	0.00493			491	0.02966	860	0.02359							
542	31472	3.70790	0																	
227	40447	4.32122	2	22621	0.00899					761	0.05176	471	0.03150							
28	38112	4.20533	5																	
340	24347	4.72128	3	25040	0.01721					81	0.00488	181	0.00252							
590	30705	4.43235	0																	
4	22727	4.53447	5							334	0.05325									
752	21451	4.85522	0																	
648	40745	4.13147	0																	
678	24680	4.99134	0	24650	0.04418					760	0.03005	848	0.02895	681	0.01605					
982	35692	3.79094	5	36662	0.07527															
745	38315	4.74045	2																	
292	25031	4.42808	1	23993	0.01452	29717	0.00543			231	0.09326	14	0.05277							
408	41086	4.81267	0	39038	0.07792	38098	0.01558			292	0.00359									
778	26382	4.57917	6																	
523	31985	3.80956	0																	
175	21624	4.42039	6							340	0.01330									
570	39407	4.22991	0																	
636	25084	4.91030	1	25082	0.13333					150	1.00000									
448	33684	4.40600	0																	
516	37643	4.75511	0																	
978	20350	4.64688	0																	
688	35682	4.37936	0																	
779	27513	4.58151	0																	
864	39015	5.00000	5																	
146	38206	4.72178	0																	
960	37564	4.54268	6																	
882	35398	4.12805	0																	
884	28658	4.97849	0																	
759	39064	4.15316	0																	
856	31426	4.45423	0																	
710	32939	3.98901	2																	
514	31627	4.20341	0																	
338	26983	4.68029	0																	
793	26767	3.74640	0																	
81	37038	4.64463	0																	
779	26636	4.60061	0																	
530	37297	3.93850	5																	
541	23680	4.49015	0																	
1	28782	4.00368	5																	
2	33738	4.21106	0																	
711	36478	5.00000	3																	
768	32084	5.00000	3																	
160	34791	4.63312	2	37266	0.00966	37297	0.00581			92	0.02836									
252	24221	5.00000	1																	
660	33855	3.64466	0																	
676	23476	3.78372	0																	
146	40500	4.66240	0																	
81	21036	4.58204	0																	
556	24078	4.00113	5							705	0.04706	986	0.04049	382	0.03738					
511	22438	3.77505	0	34762	0.13542					351	0.16533									
659	41295	3.96266	0																	
615	37876	4.52682	3																	
674	23637	4.84862	6																	
385	36609	4.17892	2																	
175	22592	4.17361	6	24272	0.02709					340	0.01330									
800	35852	4.53096	0																	
64	42239	4.87532	0																	
854	35348	4.93319	0																	
640	40583	4.71826	0																	
992	23481	2.98859	0							250	0.11705									
21	35963	3.71736	0																	
514	42848	4.09578	0																	
4	31007	4.14221	0																	
848	24593	4.62312	0																	
784	26076	4.20522	6	24592	0.00983	24589	0.00678	34551	0.00403	544	0.08556	340	0.04923							
569	30390	4.74276	0																	
48	23470	4.98883	0																	
227	24925	3.98970	0																	
559	23902	4.27274	0																	
19	25622	4.73186	0																	
676	41214	3.82074	0																	
584	35253	2.99413	5																	
882	35306	4.04639	0																	
226	38908	4.43333	3																	
299	25654	4.21310	0																	
377	28085	4.53631	0																	
782	32382	4.78188	2	34853	0.06081					541	0.24554									
572	40122	4.73167	0																	
227	22715	4.03647	0																	
570	25812	4.15681	0																	
848	24592	4.63970	2	24589	0.12472	20275	0.01404	25639	0.01061	340	0.06307	784	0.02040							
512	37187	4.07631	4																	
292	35149	4.21903	0																	
741	37966	4.69114	0																	
850	22898	4.83946	0																	
181	24620	4.99763	5	38908	0.02216					10	0.05405									
824	31474	3.81959	3																	
793	21163	3.71539	0																	
478	40549	4.36516	0																	
959	28309	4.83353	0																	
961	43231	3.61790	1																	
848	30662	4.10108	0																	
266	25516	4.79608	0																	
298	39900	3.39254	0																	
227	25309	4.21783	0																	
848	23346	4.39686	0																	
171	21279	4.91994	3																	
832	26080	4.61719	0																	
82	25421	3.57285	1	25426	0.09600	25427	0.08187			81	0.02577									
408	38233	4.96084	6	37049	0.05678					990	0.02548									
825	34570	4.61610	0																	
813	23245	4.62110	0																	
760	22620	4.91973	5	24650	0.00489					227	0.03232									
239	30672	2.83739	1							382	0.14488									
174	24465	4.56950	2																	
193	38122	4.42797	0																	
552	37102	5.00000	0																	
813	34542	4.17524	1																	
917	22520	5.00000	0																	
882	38347	3.45188	0																	
622	37038	4.87005	0																	
340	23243	4.54728	1	23692	0.02813	22452	0.02177	21098	0.00723	13	0.01017	535	0.00704							
527	36839	2.75921	6																	
779	35907	4.51246	0																	
546	34477	4.84215	0																	
570	24610	4.16324	0																	
879	31462	4.84409	2	30925	0.00978	28126	0.00588	31026	0.00381	882	0.08673	19	0.07792							
418	34615	4.74858	6																	
133	38858	3.61580	0																	
582	25643	4.71883	0																	
888	39069	5.00000	2																	
640	39165	4.56310	0																	
291	25065	3.49547	0																	
303	22004	4.55840	2																	
230	20059	4.81259	0																	
93	21978	4.63048	0																	
504	41358	3.94272	0																	
423	22571	4.93847	0																	
78	24708	4.23895	0																	
520	32762	3.85579	0																	
35	41915	5.00000	0							514	0.01188									
505	20256	4.65005	0																	
319	41504	4.30662	0																	
84	26043	5.00000	4	26042	0.01709					401	0.05015									
812	27153	5.00000	0																	
571	21599	5.00000	1	24435	0.09524					78	0.34286									
823	20764	4.08618	0																	
741	26810	4.73243	0																	
407	38268	4.37260	0							400	0.02670									
893	33477	4.53233	0																	
453	35738	3.79690	5																	
340	35227	4.54012	0																	
828	21901	4.38012	0																	
575	29762	4.69517	0																	
343	25240	5.00000	0	25331	0.01705					827	0.02804									
848	24295	4.52197	0																	
514	24534	3.53985	1							81	0.01096									
571	31071	4.33890	0																	
746	26205	4.90613	5																	
407	38535	4.71811	0	42572	0.00887	42439	0.00452			514	0.07741									
873	24850	4.60778	0																	
569	20537	4.85158	3																	
70	43883	4.88025	0																	
397	23348	4.02808	0																	
447	40631	4.84077	3																	
418	37776	4.97393	1																	
983	26091	4.60060	0																	
894	42245	4.64169	0																	
944	24045	4.51609	0																	
604	33122	4.43317	0																	
335	30147	4.47162	3																	
820	24872	4.50115	0																	
345	32531	4.69735	4	28939	0.09201															
627	40745	4.27275	0																	
505	20253	4.59213	0																	
569	37261	4.83409	4																	
634	21913	4.25526	0																	
648	20366	3.86052	0																	
676	24384	4.50409	2																	
33	29972	4.15738	0																	
217	26121	4.15248	0																	
566	24749	4.97678	0																	
162	23631	4.23709	0																	
26	34591	4.65272	0																	
436	29888	4.24512	0																	
102	24687	4.46921	0																	
316	31747	4.91024	0																	
274	33946	4.68096	0																	
276	28592	4.05708	0																	
647	42646	3.98576	0																	
639	43125	5.00000	0																	
59	24620	4.35440	5																	
648	39344	4.11039	0																	
289	24121	4.78325	0																	
499	35657	4.23660	0																	
505	31669	4.68503	0																	
44	31025	4.76494	0	32220	0.01754					19	0.10574									
407	37469	4.53968	1																	
291	38109	4.07222	1																	
505	22976	4.58644	0																	
158	23388	5.00000	1																	
469	41620	3.95469	0																	
137	31433	4.81142	0																	
908	30818	3.55374	0																	
779	24777	5.00000	0																	
514	24638	4.11750	0																	
207	23485	2.60597	6																	
788	27765	4.73275	0																	
711	22155	4.67476	0																	
397	23484	4.03159	0																	
349	33477	4.38994	0																	
111	32111	4.23883	0																	
395	32975	3.17864	2																	
465	26042	4.76094	0																	
963	39664	5.00000	0																	
401	25643	4.58308	0																	
61	33241	4.81081	1																	
424	31663	4.75246	4	21522	0.07603	24071	0.01011	28250	0.00752	441	0.00912	710	0.00775							
627	40386	5.00000	2																	
47	23987	3.11089	0																	
865	41581	4.72965	0																	
983	23164	4.52478	0																	
731	35899	3.95723	0																	
669	30612	3.45120	2																	
910	20452	4.60109	0																	
654	38004	4.41097	0																	
811	39231	4.23135	0																	
566	20019	4.86360	2	37049	0.00690					107	0.01074									
811	35881	3.62674	0																	
822	39516	4.20967	2	38651	0.06486															
194	20757	4.36661	4																	
579	34092	4.65116	0																	
848	28727	4.52552	0																	
652	41791	4.54232	0																	
848	23269	4.05840	6	23357	0.20915															
789	24129	5.00000	5																	
546	43632	4.87160	0																	
813	25331	4.70828	1																	
233	41537	4.39351	0																	
813	33991	4.71489	0																	
621	23959	4.98926	6																	
813	25993	4.76658	0																	
14	25302	4.74060	0																	
283	24956	4.54358	0																	
77	38120	4.41426	0																	
793	30732	3.59399	0																	
937	23348	5.00000	0																	
689	20617	3.83696	0																	
38	24137	4.45812	0	24012	0.07748	24071	0.03744			171	0.04382	695	0.01876	710	0.01095					
81	21262	4.68251	6																	
569	29611	4.69289	0																	
912	38208	4.36091	0																	
743	38812	4.61701	1																	
398	41056	4.86322	0																	
140	38960	3.48064	0							388	0.16129									
26	39662	4.67897	0																	
811	36077	4.22535	4																	
533	38346	3.20290	5																	
967	24361	5.00000	6																	
485	33638	4.37818	0																	
334	31558	2.65601	0																	
332	22620	4.98297	5																	
649	22584	4.17435	2							681	0.05172									
385	27983	4.19349	0																	
344	34877	1.83760	0	35489	0.00855															
589	32984	4.42562	0																	
388	30982	4.14561	0																	
164	35951	4.62099	0																	
14	23401	4.61701	0																	
501	25040	4.91298	2							594	0.06241									
737	27159	4.99996	6																	
402	33251	4.56855	0																	
35	24569	4.90747	0																	
848	31970	4.62986	0																	
865	43438	4.72458	0																	
988	30210	5.00000	3																	
14	33502	5.00000	0																	
574	30030	5.00000	0																	
254	23773	4.68878	0																	
168	29519	4.69740	0																	
787	32084	4.99410	3																	
81	27195	4.56849	0																	
521	35055	4.53816	0																	
618	35574	3.84366	0																	
565	24650	3.91863	4																	
468	32748	5.00000	0																	
340	23834	4.79958	2	29762	0.01980	25040	0.00325			541	0.01615									
983	23257	4.54411	0																	
52	24193	5.00000	0																	
326	30273	3.23752	0																	
14	34225	4.65206	0																	
986	22729	4.39168	1																	
474	32780	4.75110	0																	
385	25603	4.19361	0																	
571	24896	3.39327	0	24435	0.17872															
730	26369	5.00000	5																	
19	31781	4.45242	0																	
904	38509	3.89733	0																	
254	24749	5.00000	0																	
385	21245	4.42104	0																	
30	28868	4.97360	2																	
81	24563	4.60367	0																	
570	20204	4.11347	0																	
246	27497	4.30671	0																	
38	34910	3.86177	5							424	0.01142									
866	23697	3.96558	2																	
531	38638	4.74905	0																	
588	24747	4.41989	0																	
848	33800	4.53531	0																	
459	26441	4.12559	0																	
291	35371	3.92562	0																	
860	30833	4.63597	0																	
575	25817	4.18792	0																	
759	35379	3.65880	0																	
50	21257	4.66023	0																	
695	24071	4.13189	0	24012	0.06045	24137	0.03744	23769	0.02460	171	0.11045	710	0.05527	342	0.02649					
421	20597	4.83329	6																	
887	41871	4.50156	0																	
335	34667	4.11127	0																	
997	25891	4.48550	0																	
845	39706	4.75064	0																	
676	30290	3.81754	0																	
392	31025	5.00000	0																	
81	24285	4.72513	0																	
245	27544	4.58589	0																	
596	27060	3.28593	6																	
633	31480	4.34091	0																	
402	26637	4.13647	1																	
201	28683	3.34098	2																	
570	25791	4.19450	0																	
988	24807	4.98725	0																	
491	37876	4.09608	3																	
811	27573	4.25957	0																	
440	23245	4.67068	0																	
179	28357	3.87480	0																	
514	43321	4.14778	0																	
14	25708	4.71296	0																	
966	34885	4.98792	0																	
610	33242	3.57477	0																	
763	33566	4.30349	0							514	0.00728									
501	43599	4.75591	0																	
860	41345	4.73150	1	37043	0.02614	40586	0.02283													
287	40745	3.81833	0							142	0.07303									
922	37251	4.89639	0																	
350	43172	4.75978	0																	
514	41551	4.14281	1																	
397	23338	3.57138	4	23396	0.04926					492	0.17456									
246	24762	4.23487	0																	
501	30816	4.66535	0																	
543	36946	3.49237	2																	
429	24624	3.95750	0																	
541	22397	4.47404	0																	
611	25591	4.59073	0																	
162	34717	4.20066	0																	
514	40296	3.73042	6																	
471	39547	4.46111	0																	
319	23264	3.51291	0																	
842	36883	4.38871	0																	
278	24110	5.00000	0																	
456	28026	4.67874	3																	
813	24532	5.00000	6							340	0.01179									
793	25040	4.00560	2							741	0.06182	594	0.01762							
741	26891	4.80318	0																	
813	24147	4.98715	0	24361	0.00526	24873	0.00458			168	0.05591	340	0.01179							
142	40523	3.12908	0	40745	0.00490															
535	30716	2.83966	0																	
569	28134	4.81903	0																	
81	22540	4.61536	0																	
265	43488	4.49915	0																	
407	37142	4.38787	0																	
29	24579	4.08286	6	25306	0.00625					469	0.08000	682	0.04615	381	0.02358					
949	37276	4.60985	0																	
514	29430	4.20363	0																	
283	33574	4.52460	0																	
553	31501	3.33032	0																	
927	34627	2.91211	2																	
181	23852	4.30611	2																	
357	33320	4.76755	0																	
695	22726	4.56590	5																	
37	41285	4.60798	5																	
728	36075	3.71822	6																	
946	23729	4.81535	0																	
570	34525	4.13724	0																	
364	38539	4.83342	0																	
14	23358	4.93018	1																	
64	21303	4.79512	0																	
926	24570	4.89478	3																	
882	42255	3.25894	2	40386	0.09964					743	0.05621									
567	22440	4.50414	1	23852	0.02013	28026	0.01970	24065	0.00608	863	0.04684	758	0.00302							
388	33220	4.17626	2																	
569	20055	4.77149	0																	
627	40319	5.00000	0																	
178	25867	4.76155	6																	
21	35253	3.60935	5																	
55	38467	4.19577	0																	
505	31066	4.97787	6																	
531	38053	4.77454	0																	
514	41581	4.13070	0																	
