0.7333624338624338
0.7448522927689595
0.7276866151866151
0.7218335507719069
0.7519515111980866
0.7309391534391534
0.7256451787064032
0.7341537966537967
0.738709244959245
0.7609734369938451
0.7391685309470545
0.758893237660361
0.7385413245758073
0.73355291005291
0.7370775294244681
0.7502654625068418
0.7400605963105963
0.7096798941798942
0.7510177086707699
0.7117498369210697
0.731845912968362
0.7621819960861057
0.7596760165253316
0.7157592592592592
0.7313877865961199
0.7379879879879879
0.7440311986863711
0.7520489148040168
0.7161267681675845
0.7252591512795594
