0.6867010054145949
0.6935702516445262
0.6781875341549115
0.6696596290520095
0.7234720202510398
0.6924287780406473
0.6751512274014336
0.7004122594523512
0.6982407867820144
0.7057551645122074
0.6842756447620001
0.7219561837828591
0.705651529094684
0.7047054790455133
0.7041904401930278
0.7010170736074892
0.6859987513760254
0.6446590488808045
0.6966699549978378
0.6945154336729074
0.6916735134878126
0.7044011288825428
0.6909193826933474
0.6867345953918619
0.6979737003559641
0.6862576533585165
0.6711510007773145
0.6880917511030964
0.6676064261091461
0.6989167859844521
