0.06340
-0.24202
-0.75809
-0.50466
0.01586
0.12830
-0.19743
-0.06942
-0.03970
-0.17101
-0.40629
-0.41224
-0.05888
0.08910
0.07801
-0.04054
0.12827
0.27480
0.11843
-0.10074
0.07939
-0.51164
-0.03162
-0.87982
0.06517
0.09322
0.15244
-0.33348
0.11887
-0.16163
-0.20554
-0.32434
-0.03592
-0.19697
0.08459
0.10039
-0.23283
-0.11624
-0.05917
-0.14371
-1.28763
-0.05040
-0.17383
-0.58675
-0.15446
0.16641
0.09551
-0.49314
0.11327
-0.08206
0.17694
-0.46300
0.19320
-0.30157
-1.26427
-0.49716
0.09984
0.11879
0.21190
-0.29350
0.17381
0.03097
-0.01282
-0.18096
0.02696
-0.10868
-0.02097
-0.45814
0.15055
-0.18321
0.21948
-0.11923
0.12354
-0.02407
-0.46106
0.23382
0.03872
-0.03268
-0.24887
0.09190
-0.10864
0.13561
0.06579
-0.29318
-0.15357
-0.34221
-0.29323
0.16263
-0.66913
-0.07184
-0.94785
-1.05793
0.70804
-0.16760
0.21197
-0.10023
-0.23834
-0.21928
0.05052
-0.51296
0.11026
-0.48612
-0.01275
0.08276
-0.17669
0.07390
-0.03413
-0.10737
-0.29675
0.08494
-0.33758
-0.49939
-0.02876
-0.05347
-0.84571
-0.50238
-0.12724
0.16598
-0.19441
0.16402
0.14642
-0.29479
0.04916
-0.57028
0.13184
-0.17827
0.04208
-0.49297
-0.13831
-0.07608
-0.66241
0.08716
-0.68031
0.02529
0.07792
0.30898
-0.09266
0.07062
-0.63945
-0.52641
-0.18601
-0.02650
0.13902
0.04528
0.18042
0.11649
0.09171
-0.30900
-0.15217
-0.16788
-0.12600
-0.52870
0.04319
0.00910
-0.80508
0.12386
0.10540
-0.20537
0.01709
-0.24992
-0.10332
-0.54225
0.01836
-0.86564
0.17581
-0.53194
0.15122
0.01430
0.06327
0.02072
-0.25004
0.06690
-0.30782
-0.12651
-0.23204
-0.81036
0.03007
-0.50236
-0.14982
0.30984
-0.23016
0.10682
-0.01852
-0.45558
-0.12844
-0.17001
-0.45135
-0.46932
-0.29341
-0.18272
-0.14116
-0.34420
-0.35495
-0.39406
-0.38317
0.03720
0.11162
-0.96920
-0.14200
-0.41590
-0.05506
-0.28577
0.04851
0.01514
-0.47402
-1.13580
-0.32330
-0.11228
0.24865
-0.09764
0.04470
-0.22824
-0.18216
0.11408
-0.41359
-0.04130
0.08003
0.07197
-0.35300
-0.27459
-0.79625
0.00602
0.13654
-0.21871
-0.25541
-0.44161
-0.30050
0.18792
0.00091
-0.16853
-0.36899
0.09805
0.12491
-0.06885
0.10408
-0.16586
-0.57887
-0.22877
0.14739
-0.02166
-0.13538
-0.22694
0.06610
-0.06385
-0.14938
0.11636
0.17473
-0.22046
-0.89105
0.22069
-0.24002
0.04989
-0.09469
-0.20274
0.02656
-0.37589
-0.21050
-0.05432
-0.16890
-0.12119
-0.01792
-0.32986
-0.23276
-0.01111
0.18932
0.12615
-0.03810
0.05965
-0.27041
-0.51559
-0.54525
0.17545
0.00191
-0.30223
0.20502
-0.01385
0.02993
0.10847
-0.13524
0.17193
0.10213
-0.11441
-0.09704
-0.11941
-0.54810
0.08838
-0.05874
0.09388
-0.20194
-0.08356
-0.37331
0.06325
0.03506
0.02054
0.06567
-0.51513
0.05048
-0.09521
0.12067
-0.19918
-0.09627
0.20261
-0.28456
0.08666
0.48561
0.09475
-0.02139
0.11785
0.13370
0.02526
0.18093
-0.14318
-0.03048
0.05786
-0.15940
-0.10878
-0.16407
-0.23214
-0.14968
-0.40475
-0.07283
0.20723
-0.11096
-0.77170
0.09800
0.37748
-0.29367
-0.31996
-0.11328
0.10990
0.13555
-0.20132
-0.22869
-0.66620
-0.06577
0.08688
-0.14698
0.04101
-0.17833
0.04174
0.02496
0.10709
0.29045
0.22352
0.08107
0.01423
-0.20540
0.08727
0.18671
0.14149
0.02679
0.08873
-0.11339
-0.22509
0.05383
0.22553
-0.31924
0.17099
-0.00547
-0.11246
-0.48002
-0.17449
0.16660
-0.28169
-0.29721
-0.31430
-0.01865
0.01541
-0.80904
-0.21916
0.12104
-0.16944
-0.17602
-0.28836
0.01766
-0.23341
-0.03341
-0.06126
0.04488
-0.04122
-0.01286
-0.24216
-0.05009
-0.31006
-0.61318
-0.19531
-0.30773
0.14497
0.04543
0.10650
-0.70658
-0.10593
-1.30599
-0.86424
-0.15261
0.07013
0.06086
-0.18016
-0.34875
-0.21515
-0.25087
0.10009
-0.33455
-0.22573
-0.18260
0.42435
0.01559
-0.48246
-1.08121
-0.11823
-0.01220
-0.03611
-0.32946
0.06519
0.22439
0.09730
-0.06552
0.12533
-0.04236
-0.25097
-0.34117
0.09463
0.00794
0.10621
0.14555
0.21002
0.06638
0.06122
-0.13736
-0.08280
-0.28655
-0.13245
0.13424
-0.08590
-0.02837
-0.11939
-0.07076
0.26293
-0.18328
-0.33616
0.12725
0.17464
-0.52518
0.41361
-0.29809
-0.07110
-0.28043
0.08672
-0.17075
-0.12071
-0.44318
-0.02183
-0.15481
-0.04212
-0.08522
-0.37014
-0.36675
0.13115
0.00952
-0.20502
0.03181
-0.01310
-0.02584
-0.26105
-0.02477
0.14010
-0.59286
-0.25610
0.11757
0.00836
-0.66014
-0.00680
-0.02991
-0.27295
-0.20656
-0.06400
0.21145
-0.30576
-0.43355
0.06344
-0.21525
-0.82761
0.03382
-0.39628
-0.10291
-0.38470
0.10669
-0.30269
-0.34302
0.18623
0.07218
0.14753
-0.09470
-0.56720
-0.16387
-0.17901
-0.37420
-0.73005
0.10987
-0.02414
0.06403
-0.22155
0.06644
-0.66757
-0.34506
-0.09802
-0.48181
0.05417
-0.31166
-0.37773
-0.44115
-0.05914
0.22661
0.03748
-0.12082
0.05969
-0.34885
-0.39711
-0.03845
0.03557
-0.63761
0.24644
-0.36358
0.27994
-0.64424
-0.39580
-0.54916
-0.46610
0.20139
-0.10798
-0.31134
-0.04990
-0.18547
-0.19305
0.08870
-0.06718
-0.03913
0.20439
-0.07433
-0.85163
-0.88181
-0.22937
-0.44888
0.18232
0.19698
-0.41973
0.16116
-0.39683
-0.43936
0.21351
0.25642
-0.13603
-0.45604
-0.64509
-0.06573
-0.19385
0.01423
-0.49341
-0.22485
-0.09240
-0.13636
-0.09008
-0.25741
-0.05438
-0.14241
-0.17928
0.22785
-0.03954
-0.46392
0.05111
-0.96528
0.36273
-0.18394
-0.31699
-0.38030
-0.47024
-0.00388
-0.59057
0.00738
0.03728
-0.16692
-0.92020
-0.44856
0.35897
-0.13664
-0.29521
-0.44368
-0.10742
-0.09439
0.08768
0.28402
0.01342
-0.02921
-0.89404
0.01492
-0.17549
0.17123
0.21461
-0.15046
0.09163
-0.10147
-0.16890
0.13717
-0.15008
0.08782
-0.24501
-0.00320
-0.40678
-0.13893
0.01990
0.04650
-0.50229
0.20466
0.04746
0.21723
-0.35981
-0.30255
-0.01520
-0.27190
0.00881
-0.08038
0.05420
0.22602
0.17285
0.15601
-0.12376
0.09940
0.13949
0.11923
-0.84951
-0.58512
0.11944
-0.35464
-0.35830
-0.00317
0.14197
-0.20963
0.04035
-0.02621
0.24374
-0.03260
0.04229
-1.43313
0.10381
-0.43013
-0.26099
-0.27949
-0.23040
-0.19410
-0.14907
0.04783
0.06440
0.23695
-0.11943
-0.22325
-0.01469
-0.30870
-0.68925
0.06537
-0.07958
-0.07770
-0.18624
-0.02616
0.08514
0.07576
-0.06753
-0.61182
-0.28914
-0.23008
-0.44369
0.03433
-0.19379
-0.43257
-0.25106
-0.02257
0.20456
-0.14539
0.01237
0.04946
0.09696
-0.65939
0.04331
-1.12812
-0.06060
-0.15122
-0.02398
-0.37814
0.08203
-0.78418
0.05523
-0.05363
-0.33793
-0.49153
0.32213
-0.20925
0.12612
0.09990
-0.54562
-0.05293
0.02753
0.00411
-0.18592
0.05453
0.10870
-0.77491
-0.16018
-0.08344
-0.04252
-0.28509
0.09033
-0.46129
0.08370
-0.51359
-0.05081
-0.19149
0.19376
-0.35410
-0.02228
-0.31268
0.07869
-0.33500
-1.27654
-0.12482
0.14307
-0.16872
-0.22658
-0.31426
-0.21737
-0.34026
-0.99493
-0.10989
0.08196
-0.33214
0.07563
-0.07374
0.13449
-0.37071
-1.20812
0.17891
-0.20540
-0.05857
-0.27019
0.06476
0.32991
0.01712
0.03612
0.02885
0.28169
0.12343
0.02353
0.15843
-0.17234
0.05157
-0.05750
0.11822
-0.16372
-1.09827
-0.03684
0.00040
0.28239
-0.43615
-0.22533
-0.03693
-0.22498
-0.15528
-0.19577
0.24246
-0.45671
0.10519
-0.28074
0.12617
-0.43055
-0.00985
-0.18062
-0.43337
-0.10834
0.07360
0.11812
-0.13542
-0.31791
-0.21069
-0.42130
-0.49642
0.02182
-0.15814
0.09243
0.00814
-0.01933
-0.41991
-0.09441
-0.48871
0.13094
-0.32139
-0.11926
-0.25421
0.03838
0.05145
0.13861
-0.42357
-0.12671
-0.01846
-0.01223
-0.44174
0.08926
-0.13167
0.13539
-0.36474
0.07041
-0.10584
0.10549
0.19816
0.40294
0.21156
0.10556
-0.22346
-0.28580
-0.57219
-0.14725
0.06059
-0.02628
-0.44098
-0.54406
0.00092
0.00930
-0.02133
-0.27991
0.06687
-0.26458
-0.45573
0.04717
-0.04906
-0.02433
-0.16667
0.39415
-0.44684
0.11719
0.24276
0.24247
-0.09471
0.03310
0.06257
-0.13120
0.25095
0.15254
-0.32169
0.03276
0.07147
0.09846
-0.52132
-0.51732
0.15978
-0.01826
-0.12621
-0.13455
0.09461
-0.50359
-0.12131
-0.01810
-0.09550
-0.27670
-0.82705
0.30196
0.07308
-0.10176
-0.25952
-0.22616
-0.26132
0.26185
-0.11394
0.07605
0.06723
-0.32158
-0.00178
-0.03837
0.00437
-0.77534
-0.00505
-0.25562
-0.31970
-0.20490
-0.15732
0.02701
0.43211
0.01815
-0.03998
-0.01976
-0.07405
-0.49571
-0.07184
-0.28708
0.01762
0.05408
0.08428
-0.32010
0.01547
-0.25882
-0.35900
0.24557
-0.34736
0.11046
0.13529
-0.37565
-0.88725
-0.11554
0.15372
-0.31060
0.11638
0.04126
-0.19148
-0.14240
-0.55755
-0.11925
0.03125
-0.40061
0.09826
-0.22275
0.16032
-0.14237
-0.02910
-0.28441
-0.28614
0.06976
-1.24088
0.17143
-0.28323
-0.09761
-0.14094
-0.76697
0.10204
0.23089
-0.16969
-0.83636
0.02569
-0.44473
0.09549
-0.24001
-0.26518
-0.06124
0.17224
0.07438
-0.33851
-0.03583
-0.18285
0.17951
0.04970
0.05220
-0.96974
0.09311
-0.05616
-0.38979
0.17531
-1.05285
-0.69518
-0.33762
-0.42478
0.41741
0.11510
0.28067
-0.44019
0.13242
0.12219
-0.75993
-0.07991
-0.01095
0.01405
-0.04123
-0.13430
0.04667
-0.08837
-0.29200
-0.04088
0.07555
0.07871
-0.26312
-0.19418
0.05649
-0.06719
-0.53917
-0.18201
-0.15032
0.06043
-0.67822
-0.04774
-0.43741
-0.26655
-0.00404
-0.12229
0.03395
-0.41238
-0.67796
0.09795
-0.28974
0.41351
-0.07035
-0.06558
0.02299
-0.28910
0.30690
0.27658
-0.45255
0.38051
0.04175
0.17091
-0.26451
-0.25019
0.20881
0.38805
0.16932
0.15808
0.25824
0.35856
-0.10616
-0.26966
0.41319
0.20855
0.16675
0.04160
0.11225
0.20812
0.16614
0.33445
0.18925
-1.00064
0.38227
0.21977
0.26217
0.31415
-0.07711
-0.07129
-1.12081
0.17883
0.28745
0.26675
-0.44750
-0.33660
-0.23609
0.14310
0.36711
0.38187
0.44386
-0.45641
0.06594
-0.20809
-1.20627
0.22925
0.12310
0.22983
0.32442
0.23150
0.81166
0.11456
0.11398
0.11578
0.28853
0.17650
0.16505
0.18036
0.28296
0.08754
0.64936
0.11582
0.17520
-0.17154
0.18618
0.14359
0.44796
-0.09823
-0.02237
-0.06162
-0.03898
0.18764
0.20783
-0.34608
0.63733
0.23312
0.37194
-0.31538
-0.02245
0.20133
0.22676
-0.12649
0.42387
0.34065
0.36586
0.38568
-0.96473
-0.66136
-0.81916
-0.06734
0.08435
-0.62681
0.09176
-0.04597
-0.36445
-0.38907
0.11682
-0.13732
-0.82664
0.01960
0.09888
-0.39447
-0.24839
0.22844
0.49352
0.26492
0.32743
0.42460
-0.14311
0.64455
-0.36580
-0.04255
-0.14165
0.21035
-1.60809
-1.05475
-1.40428
0.14873
0.20351
-0.40774
-1.87459
0.34040
0.14345
0.20754
0.04024
0.11900
0.45893
0.39022
0.40177
0.29579
0.36780
0.46169
0.28235
-0.87324
0.28658
0.35677
0.33691
-0.39645
0.11357
-0.05341
0.44430
0.16071
0.33538
0.04039
0.21271
0.16888
0.27811
0.24458
0.34741
0.01020
-0.16595
0.34647
0.68079
0.54294
-0.33807
0.52436
0.49292
-0.26766
0.03683
0.17899
-0.27436
0.10517
-0.44776
0.74928
0.12239
-0.55756
0.38612
-0.19582
0.28188
0.30706
0.27588
0.16063
0.18096
0.19646
0.07152
0.09732
0.19282
-0.02639
0.32382
-0.43375
0.41473
0.47760
0.31056
-0.04681
0.00919
0.36923
0.42149
-0.30933
0.19771
-0.19733
0.02633
-0.49413
0.15056
-0.73391
-0.12701
0.12170
0.27813
0.52587
-0.02143
0.08045
-0.75675
-0.14113
0.26065
0.12224
-0.50884
0.07788
0.20261
0.23814
0.40907
0.21415
0.29072
0.15329
-0.41882
-0.03379
0.05141
0.33729
0.07510
0.16777
-0.05775
-0.02642
0.41903
-0.20901
0.05078
-0.15385
-0.33841
-0.43730
-0.03366
0.30770
0.60092
0.15394
-0.40809
-0.89822
0.16224
0.12230
0.30625
-0.01902
0.63832
-0.25483
-0.26593
-0.54932
-1.39935
0.09817
0.04401
0.17249
0.31132
-0.39928
-1.10082
0.26495
-0.64859
0.05626
0.21651
0.06567
-0.00799
-0.58143
-0.18788
0.58081
0.07912
0.01509
0.25571
-0.10937
-0.94747
-0.20818
0.26536
0.19862
0.05782
-0.43163
0.76992
0.16591
-0.06075
0.26428
-0.22078
-1.26623
0.27918
-0.04317
-0.04843
0.17527
0.29765
0.29823
0.15828
-0.22201
-0.62427
-0.43819
0.08680
0.06797
0.17489
0.21407
0.21006
-0.63323
-0.71963
0.07481
0.11667
0.12600
-0.67227
0.34836
-0.14762
-0.32807
0.16673
0.20260
0.41327
-0.41688
0.19688
-0.55604
-0.11511
-0.09871
0.26054
-0.08684
0.59798
0.45094
0.47029
0.27024
0.23971
0.48936
-0.38730
0.42018
-0.34253
0.18360
0.44308
0.21338
0.01501
0.26318
0.35387
0.02175
0.27150
0.25845
0.30460
0.15133
0.50900
0.11931
-0.53504
-0.26384
0.33531
-0.27017
-0.09967
-0.18066
-0.10496
0.12781
0.18462
0.24721
0.43183
-0.40887
0.18270
0.27887
0.11795
0.35136
0.09884
-0.77083
0.08520
0.27434
-0.29233
-0.10484
-0.45447
0.47004
0.48513
0.22520
-0.13837
-0.32902
0.26914
0.29493
-0.32444
0.06567
-0.43758
-0.05688
0.25762
0.21440
0.08438
0.37718
-0.35581
0.03372
0.03704
0.49107
0.82054
0.28510
0.51161
0.23939
-0.23012
-0.95812
0.22664
0.40642
0.06912
-0.04872
-0.68471
-0.02550
-0.42838
0.54385
0.13015
0.17808
0.17091
0.12483
0.08566
-0.04983
0.59479
-0.41948
-0.58303
0.28560
0.25250
0.34031
0.07586
-0.59745
-0.47032
0.08533
0.42794
-0.52839
0.42896
0.17201
-0.31185
-0.04960
0.27420
-0.25403
0.20545
-0.01473
0.38066
0.11708
0.16418
0.16458
0.27544
-0.63971
0.35039
0.22832
0.28450
0.17886
-0.02848
0.08969
0.32965
0.40661
0.20976
0.56607
0.66483
0.44829
0.07363
0.28250
0.09071
0.43995
0.16840
-0.06256
0.29275
0.30513
-0.09543
-0.15309
-0.55202
-0.03419
0.31881
0.37562
-0.09892
0.07788
-0.38184
0.23090
-0.68615
0.14695
0.10287
0.01615
0.29429
-0.20133
0.23108
-0.27030
0.37462
-0.16425
0.19345
0.18122
0.27393
-0.43695
0.26500
-0.27271
0.16920
0.37725
-0.77390
0.44846
-0.04737
0.17167
0.30592
0.34247
0.23553
0.23066
0.23343
0.27669
0.22621
-0.43471
-0.34145
0.67925
0.01571
0.06193
0.04303
0.68268
0.25173
0.15307
-1.01030
0.08743
0.29514
-0.49077
0.15487
0.03014
0.23370
0.42000
0.22940
0.33606
-0.40700
0.06510
0.04550
0.27043
-0.04773
0.11878
0.33170
0.35630
0.20152
0.36714
-0.39743
-0.15935
0.13247
-0.42777
0.48364
0.09914
0.11857
0.27918
-0.03107
0.32671
0.21892
-0.17218
0.59477
0.50206
0.22811
-0.11361
0.06865
0.15188
0.44932
0.45356
0.28595
0.07600
0.59720
-0.01316
-0.32910
0.48569
0.26957
0.10284
-0.12549
-0.07016
-1.40215
-0.05755
0.16920
0.06465
0.47214
0.24931
-0.50208
0.05992
0.08200
0.17898
0.07131
0.28759
-0.05711
0.42527
-0.38226
0.27673
0.38779
0.64380
-0.32637
0.15291
0.16460
0.09529
-0.35263
0.02816
0.21122
-0.19178
-0.01458
0.12339
0.12603
-0.01718
0.29758
0.01059
-0.08452
0.40790
-0.09748
-0.25545
-0.05608
-0.48705
0.20750
-0.37480
0.36793
-0.68230
-0.20012
0.25781
-0.86933
0.08848
0.26499
0.11134
-0.13474
-0.58771
0.37899
0.20737
0.14600
0.21144
0.26201
0.16950
0.09709
0.12687
0.25536
-0.51133
-0.49892
0.77792
0.14001
0.23557
-0.02223
0.41379
-0.65622
0.33770
0.15965
0.30405
-0.64812
-0.11105
0.21704
0.26598
0.39650
0.43205
-0.72886
0.03246
0.13338
0.12559
-0.09471
-0.34035
0.35093
-0.35808
0.12575
0.22212
0.19757
0.03670
-0.27147
0.25114
-0.06976
-0.27501
-0.30753
0.33848
-0.21165
-0.98852
0.05603
-0.34331
0.06204
0.10731
0.30007
-0.21717
0.13065
-0.31963
-0.06775
0.19170
0.04991
0.41220
0.20655
0.21773
0.36351
0.08289
0.35602
-0.28230
0.12699
0.28955
0.36729
-0.29237
0.09394
-0.09684
0.18792
-0.86885
0.69022
0.17478
0.43387
0.00255
-0.29810
0.22224
-0.04459
-0.34595
0.24501
0.67573
0.04723
0.35694
0.07020
0.41658
-0.60858
0.65014
0.01132
0.04681
0.55951
0.22823
0.55290
-0.20828
0.15136
-0.05035
0.14206
-0.10553
0.15721
-0.27942
0.09257
-0.10894
0.23542
0.34126
0.27558
0.29909
-0.36792
-0.49994
-0.80312
0.35146
0.16202
-0.19748
0.26507
-0.33060
0.00258
-0.10892
-0.11497
0.29551
0.20279
0.30482
0.39705
0.29190
-0.97747
0.11773
0.57411
0.46727
-0.03053
0.05601
0.47663
-0.86896
0.06645
0.26199
-0.95896
0.01038
-0.37053
0.69955
0.30433
-0.41839
0.18120
-0.28762
-0.37551
0.38746
-1.34128
0.48032
0.20762
0.37632
-1.19583
0.36409
-0.35267
0.27932
0.30541
-0.28126
0.26287
0.26260
-0.16318
0.66863
0.59876
-0.27592
-0.14850
-0.31000
0.29259
-0.28665
0.09357
-0.24174
-0.43991
0.33778
0.10617
0.30372
0.64004
0.42823
0.41467
0.22278
0.02626
0.49447
0.52418
0.14691
0.34523
-0.41597
0.14019
0.28934
0.14344
0.28070
-0.82908
0.03004
-0.72686
0.02894
0.12465
0.34408
-0.58520
0.15892
0.33982
0.25646
0.06009
0.16331
0.20050
0.52732
-0.37856
0.63806
0.49163
0.08001
0.16487
0.34321
-1.18043
0.29836
-0.96528
0.10492
0.40821
0.40600
-0.99305
0.22961
0.47165
0.13834
0.35061
0.08153
0.05179
0.32542
-0.58629
-0.44622
0.02344
0.40872
-0.00884
0.09331
-0.74647
-0.40436
0.03968
0.36074
-0.06516
0.52501
0.04777
-0.59614
0.32811
0.26529
-0.45079
-0.96374
-0.73637
-0.74641
0.37273
0.02116
0.18339
-0.76222
0.33997
0.28938
0.33926
0.72403
0.08175
-0.40998
0.13048
0.09564
0.40987
0.50307
0.26283
0.06923
0.36951
-0.20491
0.24990
0.10917
-0.04601
-0.11383
0.36506
0.07606
-1.08395
-0.35178
-0.06867
-0.23764
0.34887
-1.10665
-0.01099
0.18417
0.34427
0.13316
0.21450
-1.26386
-0.26588
-0.00284
0.12692
0.08170
0.77873
0.36999
0.12494
-0.04528
-0.74452
0.21845
0.12389
0.36237
0.21701
0.28740
-1.08632
0.25108
0.18979
-0.91782
0.02361
0.33975
-0.25680
0.17864
0.20685
0.40752
0.09969
0.01088
-0.22966
-0.00809
-0.67771
0.02980
0.29083
-0.30727
0.11337
0.35271
0.41643
0.22161
0.28572
0.03102
0.13651
-0.02105
0.24684
0.10024
0.15915
0.11045
0.17179
0.62363
-0.36590
0.30387
0.39891
0.35835
-0.43674
0.08156
0.15276
-0.00790
0.11427
-0.29524
-1.39925
-0.06618
0.25499
0.33021
0.18440
0.30483
0.19014
0.33213
0.37518
-0.03628
0.61531
0.07413
-0.09588
0.01161
0.28015
0.05382
0.00722
0.31564
0.25712
0.10034
0.23383
0.27955
0.32142
0.17524
0.46177
0.10650
0.33785
0.28486
0.00642
0.06948
-0.06663
0.00777
0.49992
-0.25502
-0.24762
0.20853
0.33390
0.18047
0.58247
0.30535
0.08958
0.41998
0.32791
0.32972
-0.06047
0.33473
0.27918
0.21285
-0.01867
0.08640
-0.34409
0.32682
0.06650
-0.68019
-0.03695
0.30620
-0.29423
0.32103
-0.00262
-0.93817
0.22123
0.63833
0.29611
0.42240
-0.31988
-0.25925
0.21154
0.12068
-0.22273
0.23333
0.33285
-0.35412
0.03448
0.22577
0.22986
0.17980
0.37254
0.22311
-0.23413
-0.06253
0.73538
0.12587
0.48437
0.12991
0.49367
0.14897
0.14088
-0.58617
-0.19050
0.69601
0.44216
0.11579
0.05281
0.03831
0.18341
0.36866
-0.02123
0.22253
0.36294
0.15844
-0.19914
0.59121
0.65320
0.02513
-1.16220
0.42615
0.12223
-0.41667
0.19375
0.30095
0.42028
0.01884
0.26612
0.19598
0.17851
0.01667
0.14783
0.53657
0.63858
0.10819
0.41203
-0.29149
0.32594
0.11417
0.28441
0.46789
0.07882
0.25596
0.06509
-0.78524
-0.29573
-0.15198
0.30995
0.07401
0.32165
0.39414
0.14466
0.33527
0.30052
-0.27777
0.06611
-0.40741
-0.04296
0.07566
0.28035
0.29863
0.17331
0.02094
0.43693
0.36955
-0.05552
-0.54499
-0.01363
0.34469
0.32738
-0.45112
0.30287
-0.09721
0.40086
-0.03600
-0.63642
0.29912
0.33791
0.31818
-0.06940
-0.08399
0.16450
0.31505
0.49287
0.24185
0.12795
0.29701
0.55716
-0.66558
0.05094
0.07310
-0.76049
0.29602
-0.41193
0.10183
0.04533
0.17668
0.20702
0.33323
0.20158
0.11581
0.21820
-0.21976
0.26504
0.11350
0.34742
0.63742
0.07563
0.27956
0.05279
0.74910
0.42136
0.28190
-0.23693
-0.55244
0.47177
0.67585
0.22956
-0.05340
0.38436
0.08303
-0.37623
0.26103
0.18241
0.08452
0.24485
0.32593
-0.45371
0.24138
0.26560
0.24939
-0.16198
0.21016
-0.59915
0.40688
-0.11039
-0.86489
-0.23226
0.17262
0.19499
0.14709
-0.61198
-0.48457
0.26954
0.33611
-0.61309
-0.39553
0.12273
0.45002
0.35873
0.26871
0.02773
-0.39811
0.42456
0.52046
0.30653
0.13130
-0.55537
0.30466
0.06633
0.31247
0.41259
-0.07199
0.33741
0.14551
0.13597
0.10497
0.59152
0.36448
0.18240
-0.32146
0.32921
-0.19814
0.13000
0.24786
0.40479
0.40180
0.72530
0.30037
0.11441
0.12347
0.32383
0.24643
-0.34693
0.06202
-0.63971
0.30420
-0.26133
0.16428
0.38027
0.10959
0.14838
-0.57600
0.26111
-0.38603
-1.13560
0.11769
-0.06707
-0.53716
0.34947
0.13801
0.33638
0.38817
0.22389
0.11828
0.14411
0.05198
-0.64339
0.47550
0.34553
0.31099
-0.43212
0.42264
0.42691
0.78256
0.18004
0.10498
0.19491
0.15641
0.37864
0.38786
0.15060
-0.71041
0.27668
-0.28464
0.44660
-0.10104
0.09126
-1.38596
-0.71770
-0.37992
0.06273
0.13731
0.00836
0.23187
-0.15470
-0.04193
0.01628
-0.16681
-1.19464
0.27360
0.47960
0.27154
-0.06625
0.17394
0.40213
0.28057
0.29869
0.22744
0.24325
0.42675
0.13755
0.25552
0.09084
-1.05391
0.43924
-0.03419
-0.13756
-0.47974
0.60075
-0.35730
0.30030
0.41708
0.41391
0.34756
0.25045
0.18192
0.21328
0.18589
-0.32564
-0.31240
0.24067
0.31710
0.24659
-0.01787
0.14789
0.00754
-0.40864
-0.32730
0.13268
-0.21259
-0.26470
-0.53259
-1.06807
0.13500
0.13077
0.18339
0.05381
0.15893
-0.56523
0.36619
0.26022
-0.23448
-0.53979
0.25480
-0.01254
0.39489
-0.87579
0.40906
-0.46229
0.27764
-0.15244
0.33406
0.20577
0.58718
0.33669
-0.30982
0.09256
0.27292
0.71209
0.23600
0.48565
0.15496
0.42645
0.62968
0.17629
-0.33117
0.27592
0.35143
-0.46916
-1.67375
0.15707
0.01682
-0.21816
0.25586
0.12922
0.10145
0.22598
0.52524
0.05310
-0.22542
0.02446
-0.00207
0.27172
-0.00266
0.17557
-0.12436
0.09153
0.46723
0.22660
-0.67900
0.39674
-1.00615
-0.42867
0.38088
-0.02159
0.29205
0.09794
-0.63183
0.29691
-1.17793
0.15697
0.30368
0.46534
0.26400
0.08969
0.28453
0.31108
-0.49932
0.14719
0.62141
0.31780
0.07258
0.30867
-0.63941
-0.35824
0.37810
-0.36879
0.34362
-0.00994
0.16944
0.17659
0.17732
0.19367
0.16510
0.08488
-0.30101
0.22953
0.08919
0.36092
-0.55954
0.19321
0.07652
0.66862
-0.36749
-0.17011
0.39382
0.11417
-0.12662
0.10195
-0.95998
0.01100
0.33959
0.22310
0.32490
0.32915
-0.25489
-0.69706
0.12606
-0.53203
-0.31263
-0.03385
0.44315
-0.25101
0.45341
-0.30967
-0.14134
-0.94718
0.08727
-0.22817
0.06858
-0.16034
0.38801
-0.14855
-0.14973
-0.08000
0.07184
0.43075
0.40972
0.41659
-0.45090
-0.79573
0.11431
-0.38615
0.27809
0.25741
0.17716
-0.51725
0.18214
-0.23754
-0.24551
-0.08185
-0.25463
-0.32427
-0.17583
0.37000
0.27445
0.04588
-0.09802
-0.16239
0.62071
0.34356
0.32861
0.29146
-0.35369
0.38020
0.42851
0.14345
0.34396
0.06271
-0.49747
-0.34359
-0.17128
0.35412
0.38192
0.35644
-0.22996
0.65981
0.14390
0.21278
-0.30391
0.19579
0.06374
-0.24520
0.09509
0.11418
0.77146
-0.36100
0.30368
-0.00962
0.18211
0.43734
0.65978
0.19971
-0.27928
0.22954
0.15640
-0.01672
-0.38519
0.21443
0.20787
-0.42613
0.32655
0.32652
-0.41849
0.28116
0.42214
0.16862
0.21684
-0.02329
0.33529
0.39891
0.17887
0.17255
0.15000
0.18528
0.16760
0.15943
0.13706
0.21906
0.16426
0.05613
-0.54681
-0.12562
-0.14579
0.10204
0.06615
0.57069
0.10681
-0.06862
0.46456
0.12245
0.14800
-0.08902
0.10998
0.22682
0.19005
-0.02071
0.41465
0.18256
0.32720
0.44313
-0.03428
0.23208
0.13816
-0.16200
-0.58915
0.11192
0.48012
-0.13278
0.11597
0.13610
0.10688
-0.34926
0.01049
0.39498
-0.15170
0.39892
0.57308
-0.14904
0.52388
-0.61897
0.06511
0.10225
0.13776
0.05625
0.16891
0.56405
0.28631
0.31667
0.36470
0.14676
-0.57690
0.09860
0.24130
0.34735
0.46294
0.06460
0.21629
0.34564
0.33775
0.12297
0.36821
0.59324
0.61552
0.43062
0.22799
-0.02612
0.36425
-0.19497
-0.22813
0.37412
0.20482
-0.28466
-0.06137
-0.57888
0.08732
0.08704
0.41570
0.19252
0.10651
-0.89200
0.01182
-0.75628
-0.03992
0.33788
0.10534
-0.32095
0.18864
0.09307
0.37285
0.28758
0.35923
0.31508
0.13234
0.28180
0.19904
-0.64049
0.21629
0.83815
-1.44200
0.21402
0.34296
0.37966
0.35973
-0.77142
0.54702
0.25325
0.13042
0.16472
-0.01592
0.36413
0.19564
0.26174
0.47853
0.00898
0.18420
0.18757
0.35720
0.04632
-0.24606
0.15214
0.34016
0.37357
-0.40652
0.34391
0.06666
-0.32026
-0.66858
-0.25701
0.07335
0.02272
0.06356
-0.17445
0.18449
0.17168
0.17351
0.17428
0.12501
0.20947
0.34313
0.27745
0.36955
0.56391
-0.74342
-0.10054
0.11744
-0.08629
0.15872
-0.13115
-0.07138
-0.13178
0.07565
0.27253
0.22387
-0.28933
0.00600
0.23268
-0.01915
0.14986
0.30186
0.05931
0.16472
0.02027
0.26500
-0.21936
-0.39601
-0.00063
-0.23275
0.50079
0.10962
-0.07692
0.22763
0.28788
-0.00440
0.04223
-1.03762
0.05640
0.48765
0.19219
-0.44498
-0.66041
0.30211
-0.09645
0.22964
0.20351
0.01494
-0.73490
0.09165
-0.04205
0.32909
-0.47775
0.35543
-0.00683
0.04326
-0.18967
0.30014
-0.10025
-1.02642
-0.04486
0.20940
0.47770
-0.09139
0.12683
0.19445
-0.66978
0.32455
0.22298
-0.33634
0.36065
0.12332
0.44360
0.08557
0.30494
0.05899
0.12748
0.40134
0.35676
0.23624
0.35347
0.14200
0.20416
0.01600
-0.52610
0.63267
0.13483
0.12180
0.05586
0.16839
0.15479
0.35723
0.15733
-0.04758
0.18267
-0.30272
-0.38867
0.51005
0.18240
-0.63574
-0.34222
0.22771
-0.98080
0.10746
0.08676
0.19103
0.53512
-0.43774
0.39038
-0.30679
-0.73625
0.18333
0.25516
0.11268
0.41552
-0.61171
0.07028
0.12676
0.09304
0.18336
0.18278
0.20593
0.49280
-0.05083
-0.74837
0.08591
0.14164
-0.49605
-0.25022
-0.08629
0.32207
0.37699
-0.02060
0.04520
-0.43651
0.66033
0.31739
0.54944
0.35518
0.31946
0.32905
0.24760
0.17788
0.11478
0.06479
0.09462
0.03866
0.36711
0.00747
0.03511
0.22954
0.43792
0.40014
0.41878
-0.39338
0.11027
-0.43579
0.30165
0.09920
0.49331
0.10041
0.22911
0.11846
0.23816
0.35945
0.09576
-1.20792
0.11535
-0.38339
-0.40234
0.22473
-0.23307
0.67577
-0.35451
0.14860
-0.24559
0.32135
0.18083
0.10228
0.20464
-0.92801
0.12728
-0.22112
0.19385
0.16180
-0.02328
0.43993
0.12169
-1.03289
0.37390
-0.70400
-0.03109
-0.32117
0.06306
0.07898
-0.00287
0.17416
-1.42544
-1.56238
0.06220
0.21610
0.30408
-0.50724
0.31383
-0.81346
0.09612
0.14028
-0.65618
0.00933
0.30964
-0.34445
-0.45598
0.14233
-0.06454
0.06472
-0.01989
-0.38517
0.11621
0.08504
-1.06536
-0.33735
0.26139
0.16560
0.26060
-0.32077
-0.45800
-0.51334
0.25314
-0.99036
0.36328
0.27526
0.20512
-0.86685
-0.41373
-1.44137
0.10855
0.15220
0.19198
0.15354
0.52481
-0.30135
0.12305
0.49110
0.20105
0.55707
-0.04620
0.35259
-0.28588
0.39150
0.83336
0.45043
-0.25748
-0.74371
0.30920
0.27247
-0.38434
-0.02392
-0.44474
0.16308
0.50701
0.56486
-0.67151
-0.74417
0.20054
-0.71256
0.42766
0.46957
-0.10630
0.46026
0.00616
0.33706
0.01106
-1.01579
-0.04217
0.71449
0.01898
-0.17365
0.43126
-0.26421
0.32565
0.30409
0.65898
0.17331
-0.01873
0.05313
0.03172
0.28864
-0.07709
-0.06805
-0.54089
0.49323
0.35655
0.50340
-0.09349
-0.12057
0.50906
-0.53368
-0.11643
0.60156
-0.03161
0.05016
0.03403
0.40945
-0.11910
0.66459
-0.43135
-0.41972
0.11128
0.34011
0.16012
0.43515
-0.60978
0.48601
0.22719
0.06174
-0.46001
0.22988
-0.60880
-0.12826
-0.09954
0.15016
-0.11890
0.26632
0.33032
-0.11614
-0.08801
0.06374
0.51094
0.19239
-0.07187
0.21044
-0.26194
0.14274
-0.96154
-0.45430
0.57307
0.13520
-0.57573
0.09639
0.06964
0.33482
-0.52751
-0.83180
0.24318
-0.29349
0.30843
0.13779
0.22276
-0.05734
-0.22490
0.39051
0.00729
0.30336
0.12571
0.22992
0.40393
-0.37124
0.39440
0.12622
0.09786
0.02291
-0.86910
0.16505
0.20422
0.11528
-0.16371
0.09315
0.00103
-0.19324
-0.03758
0.19965
-0.74014
0.34476
-0.07332
0.05111
-0.17598
-1.03917
0.02720
0.22193
0.14241
0.49431
0.17126
-0.22990
0.37518
0.04507
0.26158
0.13906
0.21302
0.13162
0.33181
-0.13945
0.07395
0.05764
0.13891
0.15328
0.30665
0.43260
0.33497
0.11110
-0.31490
0.18188
0.39858
0.23020
0.41454
-0.13512
-0.13617
0.01336
-0.92133
0.01246
0.39856
0.04558
-0.48003
-0.39245
-0.35651
0.13120
-0.79180
-0.29173
-0.02939
-0.50709
0.45535
-0.65513
0.17468
-0.75321
0.10371
0.69533
0.17295
0.13164
-0.25596
0.26896
0.27142
0.22166
-0.16089
0.36618
0.22958
-0.05747
0.04502
-0.13614
0.33182
-0.35865
0.04601
-0.12236
0.27126
-0.09169
0.08199
0.26348
0.18049
0.07643
-0.33680
-0.09772
-0.19266
0.08587
0.04064
-0.19936
-0.04511
-0.34053
0.40426
0.17818
-0.31235
0.38144
-0.05999
0.16606
0.26800
-0.28783
-0.42721
0.36097
-0.77037
0.66084
0.05929
0.06475
-0.06923
0.13625
0.38223
-0.53687
0.09177
-0.27117
0.55950
-0.10803
0.10719
-0.10171
-1.06142
-0.47534
0.00389
-0.08024
-0.18058
0.16015
0.32945
-0.08888
0.16309
-0.48104
-0.61512
-0.02508
0.11958
0.48655
-0.04083
0.42638
0.34902
0.20749
0.67757
0.12903
-0.48782
0.24269
-0.09138
0.13204
-0.07333
0.07847
0.35856
-0.89965
-0.10842
0.44530
0.05668
0.16129
0.12741
-0.30375
0.00820
-0.63528
-0.96821
0.26942
0.02740
-0.01750
0.13724
-0.35627
0.29430
-0.41561
0.47641
0.40154
0.34068
0.33100
0.05938
0.24808
-0.43960
-0.44600
0.28582
0.28401
0.06574
0.55441
0.15881
0.06180
0.00877
0.21436
0.38105
-0.38025
-1.33812
-0.47419
0.40186
0.45136
0.15982
0.53931
0.19676
0.09045
-0.17255
0.23285
0.35588
0.02404
0.13521
0.27860
0.09711
0.49293
0.26900
0.72458
0.53872
0.14044
0.71162
0.30862
0.64816
-0.15717
0.01017
0.37418
0.17411
0.07012
-0.35460
0.09804
-0.04480
0.14868
0.50099
0.23354
0.12164
-0.43877
-0.14973
0.22517
0.11417
-0.14472
0.16467
-0.00857
-0.77809
0.39971
0.25586
-0.18042
-0.11010
0.20129
-0.60107
0.13425
-0.03201
0.09307
-0.30272
-0.69542
0.55270
0.17676
-0.29602
0.28360
-0.17845
0.31148
0.27285
0.10674
-0.08036
-0.11035
0.43959
0.12491
0.36136
0.33101
0.43099
0.21757
0.12722
0.06211
0.18462
0.33652
0.28526
0.18468
0.16736
-0.79321
0.24883
0.37320
-0.20960
0.22821
-0.12096
0.34743
0.65680
0.26581
-0.10558
-0.03503
0.82240
-0.23641
-0.39515
0.25606
-0.41896
0.37897
-0.17088
0.34737
0.50249
-0.31836
0.76631
-0.38981
0.01447
0.12739
-0.41632
0.06252
0.27528
-1.03404
-0.04184
0.25147
0.10773
-0.29677
0.14201
0.12241
0.34127
0.38207
0.22335
-0.62367
0.19150
0.25847
-0.37637
0.30752
0.07210
-0.18999
0.15311
-0.27841
0.18169
-0.16585
-0.39246
-0.22820
-0.31312
-0.06471
0.09954
-0.39276
-0.96473
0.23449
-0.20727
0.35708
0.34440
0.11988
0.44742
-0.43803
-0.01402
0.20941
0.10294
-1.15985
0.27566
0.18527
-0.80831
0.25483
-0.39656
-0.33625
0.24233
0.13912
0.39476
-0.93386
0.15804
-0.61839
0.15069
0.18922
0.31367
0.22289
0.26572
0.03237
0.13346
-0.08259
-0.22015
0.11992
0.29735
-0.13922
0.16298
0.31026
0.26069
0.10602
0.00219
-0.05589
0.23262
-0.65416
0.03260
-0.18645
0.13687
0.26700
-0.95011
-0.50366
0.36108
0.34027
0.40704
0.39315
-0.26350
0.42786
0.07939
-0.32899
0.09518
-0.12294
-1.19025
-0.04782
-0.67094
0.27957
-0.63126
0.17283
-0.51525
0.09272
-0.17709
-0.22411
-0.41622
-0.04337
0.04383
0.03105
0.16513
0.20898
0.23728
-1.17603
0.31270
0.22068
0.26698
-0.20446
0.44167
-0.04214
-0.02022
0.28446
0.10484
-1.35773
-1.29483
0.18527
-0.27472
-0.43118
0.30187
0.44036
0.30081
-0.19589
0.20876
-0.64206
0.23080
0.14545
0.34372
-0.14596
0.35544
0.13345
0.25744
0.33600
0.23170
0.26130
-0.05534
-0.15811
-0.41215
0.19578
0.17146
0.01364
0.28923
0.01725
0.08231
0.29241
0.09892
-0.52855
-0.15506
-0.33485
0.31535
-0.66541
-0.17258
0.32066
0.61560
-0.18018
0.11328
0.23769
0.19376
0.12443
0.54292
0.43998
0.20080
0.09753
0.35130
0.40880
0.09001
0.12479
-0.59830
0.29618
-0.42296
-0.14624
0.24997
0.06876
-0.35033
0.04192
-0.14681
0.05743
0.34699
-0.32919
0.07280
-0.43121
0.12911
-1.54554
0.40638
0.19182
0.35267
0.36983
-1.13049
0.03870
0.27589
-0.67874
0.22531
0.27077
-0.93390
-0.42248
0.41508
0.28349
0.25511
-0.26839
0.09596
0.46119
-0.65553
0.21860
0.14850
0.10796
0.26017
0.36797
-1.42939
0.30702
0.54290
-0.07214
-0.66744
-0.04679
0.17853
-0.70364
0.18440
-0.14417
0.27120
-0.69091
-0.05918
-0.06174
-0.26226
0.43900
0.19410
0.34044
0.39459
0.12805
0.73966
0.31708
-0.39298
0.21735
-0.34265
0.24072
0.02453
0.41320
-0.29871
0.01245
-0.30282
0.08170
0.16201
0.44166
0.33814
0.46469
-0.59197
0.51537
0.21434
0.41441
-0.18616
0.51371
-0.32453
0.02530
0.05582
0.44132
0.36506
0.39101
0.31778
0.25119
0.05487
0.31193
0.09266
0.10518
-0.11926
0.27389
0.24242
0.55095
0.31176
-0.89229
-0.35300
-0.51676
0.42195
0.18697
0.13155
0.24426
0.06880
0.18540
-0.57122
0.36932
0.33259
0.39263
0.31049
0.06357
-0.18778
-0.05212
0.32953
-1.46317
0.19439
0.29156
0.09884
0.02815
-0.05340
0.38292
-0.33085
0.11162
0.52632
0.29862
0.24145
0.11153
0.16364
0.18009
-0.01889
0.13555
0.21892
0.74306
0.36686
-0.61298
0.14012
-0.05288
0.35498
0.42378
-0.33835
0.22238
0.20284
-0.01023
-0.26764
0.12430
0.44224
0.08959
-0.15163
-0.77367
0.23858
-0.61514
0.25793
0.40614
-0.11524
0.66080
0.25202
-0.30114
0.24244
0.29698
-0.60501
0.34494
0.48809
-0.32359
-1.02121
-0.26508
0.70071
-0.37858
-0.29323
0.23952
-0.77066
0.02421
0.11705
-0.92518
-0.24244
-0.05480
0.07096
-0.27754
0.24558
0.02388
0.21506
-0.38375
0.55382
0.12187
-0.46545
-0.36256
-0.45553
0.20263
-0.35770
-0.24293
0.39491
-0.26985
0.11949
0.11849
0.02173
0.27889
-0.13712
0.24902
0.27665
-1.11271
0.30293
-0.05223
0.11932
0.03119
0.05623
-0.30328
-0.07220
0.12696
-0.81673
0.16435
-0.46395
-0.14937
-0.59112
0.07459
0.30398
0.18097
0.17613
-0.74182
0.17868
0.41347
0.41326
-0.19917
-0.02305
-0.66428
-0.03749
0.19645
0.16529
0.08014
0.52152
0.02839
-0.05648
-0.19338
0.04619
-0.18334
-0.71695
0.26182
0.91709
0.00189
0.05234
-0.26044
-1.50085
0.17353
0.12367
0.01511
0.08864
-0.10347
-0.38109
-0.28687
0.20735
-1.03151
-0.17086
0.12649
0.10492
0.47778
-0.59376
0.24475
0.39015
0.28625
0.19105
-0.02612
-0.05683
0.19198
0.39774
-0.91504
0.01025
0.26715
0.42923
0.15572
0.05984
-0.71103
0.42136
-0.40345
-0.76480
0.20310
0.17221
0.09917
-0.58139
0.31851
-0.77078
-0.04181
-0.53565
0.17162
0.16314
0.36985
0.18870
0.48718
-0.08493
0.02467
-0.10225
0.12988
0.12225
0.29972
0.39220
-0.39665
0.01688
-0.15502
0.45859
-0.02958
0.16333
-0.17553
-0.70474
0.16540
0.36145
0.22913
-0.77544
-0.10236
-0.41061
-0.30956
0.05022
0.09603
0.05111
-0.30973
-0.58099
-0.63303
-1.11299
0.10747
0.58355
0.33573
0.20680
-0.46789
-0.10024
-0.01071
-0.03641
-0.40149
-0.59417
0.34534
0.15216
-0.37179
0.16480
0.18953
0.11562
-0.20397
0.06917
0.05350
0.19987
-0.26369
0.17084
0.07849
-0.90530
0.37891
-0.74017
0.23565
0.41002
0.45942
0.40082
0.11516
0.16029
0.28899
0.34726
0.58725
-0.42675
0.62731
0.33027
0.08195
0.34178
0.27379
0.19361
0.31065
0.29410
0.15946
0.21217
0.24072
-0.61572
-0.23457
-0.61271
-0.04176
0.20690
-0.23112
0.25687
-0.79219
0.44208
-0.56931
0.08578
0.32715
-0.24406
-0.37285
0.24536
-0.70024
0.19811
0.37234
-0.28296
0.08680
-0.44712
0.49007
-0.44549
0.32015
0.03933
0.03407
0.36957
0.02227
0.40771
0.22264
-0.18829
0.13482
0.19938
0.21695
-1.31180
-0.07805
0.35961
-1.01421
-0.09985
0.05541
0.52452
-0.09057
-0.08278
-0.50543
0.31793
-0.12308
0.48032
-0.15656
-0.22991
0.12642
-0.36694
0.43588
0.35676
0.28655
0.11604
0.22781
-0.19558
-0.59056
-0.19489
0.10929
-0.44920
-0.12752
0.23235
-0.23947
0.07617
0.11509
-0.64910
0.14900
-0.05220
0.08175
-0.10990
-0.50652
-0.18557
0.02208
0.18432
0.17726
0.23050
0.01757
0.31021
0.17294
-0.57834
-0.26359
0.00252
-0.50295
-0.24198
0.17421
-0.45939
0.24018
0.17132
-0.23579
0.49888
-0.56422
-0.01138
0.23450
0.17643
-0.15721
-0.48539
-0.01960
-0.52568
0.15791
-1.45867
0.50245
0.12977
-0.51887
0.30710
0.71564
-0.77484
0.17410
0.02853
0.27155
-0.05035
0.08895
0.18787
-0.02462
-0.16797
0.03096
0.30893
0.58002
-0.63179
0.20883
0.06897
0.26431
0.16453
-0.06853
-0.10022
0.07789
-0.72784
0.10764
-1.48961
-0.70439
0.50068
-0.20933
-0.86160
0.07635
0.39756
-0.03312
0.37758
-0.69854
0.05841
0.23490
-0.11659
-0.83838
-0.14688
0.33950
-0.21930
0.54776
0.01645
-0.20434
-0.86460
-1.16921
-0.32761
0.12229
0.40871
0.34793
0.39663
-1.27328
-0.41876
0.05117
0.20168
0.07891
-0.01078
-0.61591
-0.90176
-0.80024
-0.13507
0.31344
0.13491
-0.40745
0.14410
-0.51027
0.02866
-0.22573
0.31483
0.09511
-0.10577
0.31577
0.21537
-0.21145
-0.19741
-0.11114
0.26591
-0.31642
0.10382
0.33592
0.13215
-0.54197
0.56358
0.17065
0.08191
-0.14830
0.26365
0.42056
-1.05467
-0.16644
0.61652
0.09864
0.10381
-0.55222
-0.24974
-0.21042
-1.67392
0.41734
0.20694
-0.00509
-0.40403
-0.24776
0.19320
-0.77032
0.48856
0.42224
0.66379
0.42400
0.65318
-0.97663
-0.30338
0.52075
0.06126
0.02337
-0.70928
0.36736
-0.55317
-0.21099
0.04971
-0.82606
0.16295
-0.08478
0.38372
0.21537
0.26989
0.19035
0.27066
0.21578
-0.97466
0.04222
0.12603
0.08647
-0.54249
0.21493
0.13386
0.17878
0.00792
0.74362
-0.33461
-0.30060
0.21702
0.43606
0.16947
0.29413
-0.31744
0.03534
-1.01823
0.36649
-0.10259
0.12766
0.44690
0.02269
0.16892
-0.34226
0.09313
0.18399
0.10711
0.24095
-0.37565
0.20848
0.11571
-0.21084
0.08624
0.42895
-0.95062
0.17994
0.40600
0.35698
0.17690
0.16514
-0.21298
0.15831
0.44372
0.35934
0.08470
0.00581
0.35736
0.07356
-0.92578
-0.29864
0.14958
0.11007
-0.12158
-0.43250
0.06988
0.15229
0.03327
-0.08274
-0.85013
0.37536
-0.51874
-0.72058
-0.94873
0.22678
-0.55723
-0.57474
-0.33915
0.45153
-0.20494
0.08353
0.36539
0.49080
-0.48226
0.22089
0.39121
0.10960
-1.12607
0.13809
0.10694
-0.54043
-0.31508
0.47946
0.72596
-0.36724
0.16887
-0.10455
-0.40943
0.65159
0.26923
-0.22549
-1.04162
0.17557
-0.01225
-0.34521
-0.43254
-0.14103
0.18630
-0.09121
-0.12235
0.25111
-0.73550
0.41355
0.07005
0.20974
0.04094
-0.15678
-0.44162
-0.96565
-0.47418
0.49802
-0.31586
-0.29702
-0.85726
-0.29572
0.26413
-0.02847
0.07704
-0.23504
0.12697
0.49974
0.05968
0.19157
-0.18313
-0.27720
-0.72002
0.20710
0.22666
0.07370
0.36207
0.05700
-0.15397
0.37924
-0.55875
0.12257
0.13615
-0.96893
-0.16616
0.10222
0.13437
0.31384
0.07537
-0.24058
0.01089
0.29297
-0.24686
0.06738
0.30748
0.35801
0.11020
-0.59635
-0.05300
0.36210
-0.19345
0.27123
0.28102
0.08698
0.35470
0.14976
-0.69934
0.02903
0.34336
-0.22857
-0.02486
-0.04749
-0.09641
-1.08215
-0.31493
0.13556
0.71500
-1.23024
0.28941
0.05096
0.21359
0.07047
-0.26883
-0.38952
0.12259
-0.00738
0.20577
-0.39752
-1.22636
0.32091
-0.46657
-0.25461
0.59438
0.13881
0.07328
-0.14275
-0.62142
0.14384
0.28796
0.07033
-0.58087
-0.28414
0.13701
0.27174
0.42888
-0.71722
-1.00400
0.21205
-0.40159
-0.11717
-0.19652
-0.74338
0.19054
-0.31911
-0.34700
0.62533
0.47502
-0.12932
-0.23294
0.11925
-0.56179
0.31463
0.61524
-0.20435
0.08918
-1.06064
0.05051
0.20546
0.55325
-0.38054
0.27742
0.42311
0.04740
0.46739
0.03079
-0.63801
-0.41268
0.07732
0.47144
0.20334
-0.01933
0.34880
0.19538
-1.12120
0.23719
-1.22565
0.21711
0.45435
0.08700
-0.90791
0.41252
0.24008
0.17964
0.39916
0.34050
-0.04963
-0.12790
0.69619
0.57985
0.42749
0.09590
0.09392
0.02776
-0.67371
-1.15459
0.31241
-0.09159
0.21711
0.05711
-0.09852
0.28744
-0.90583
0.10903
0.33851
-0.04093
-0.78885
0.19902
-0.22332
-0.29790
-0.26090
0.10589
-0.12552
-0.05332
0.50463
0.40803
-0.69628
-0.31827
-0.88123
0.27432
0.10422
0.33745
-0.03460
0.38534
-0.25566
0.15037
0.63927
0.53245
-0.88573
-0.41853
-0.06846
0.08050
0.14077
0.57919
-0.01303
-0.10960
-0.21396
-0.41734
-0.64524
0.38905
0.21610
-0.04289
0.05043
0.16606
-0.70106
-0.18431
0.23439
0.02049
-0.55082
-0.33995
0.43665
0.32722
0.36191
-0.10988
0.03932
-0.59747
-0.24446
0.25072
0.30852
0.13917
0.12133
-0.46907
-0.10399
-0.25641
0.04452
0.27724
-1.06664
-0.22324
-1.12429
0.18418
0.44089
0.14037
0.36282
-0.24361
-0.40355
0.11323
-0.00882
-0.08812
-0.09873
-0.06102
-1.00015
-1.19663
0.04247
-0.46376
-0.75797
0.09676
-0.91408
0.05357
0.02280
0.12006
0.63715
0.48287
-0.63642
-0.25728
0.09359
0.28536
-0.69877
-0.86666
0.49115
-0.50360
0.23487
0.25191
0.16664
0.32517
0.26244
-0.02171
0.23220
0.16282
0.15264
0.29289
-0.52876
0.04263
0.11183
-0.16011
-0.77022
0.08623
0.25746
-0.32494
0.28149
0.01247
-0.33274
0.09822
0.41781
-0.11275
-0.10517
0.05546
0.33202
0.46192
0.45044
0.08433
0.42108
-0.08711
0.09935
-0.57827
-0.31014
-0.01146
-0.14406
-1.26852
-0.12642
0.15461
0.06864
0.29607
0.19924
-0.00738
-0.60908
-0.25684
-0.46824
0.09048
-0.56932
-0.59408
0.10845
0.14970
-0.31657
0.17751
0.25187
0.42507
-0.33469
-0.06519
0.14538
0.12261
0.21513
0.58304
0.22125
0.03245
-0.10801
-1.10106
-0.17150
0.39994
-0.95441
-0.02320
0.18412
-0.16021
-0.37548
0.54346
-0.63062
0.03577
0.11840
0.18774
0.61937
-0.02805
0.68139
-0.29931
0.68568
0.12930
-0.23857
0.26619
0.25863
-0.26029
-1.07517
-0.06782
-0.16249
0.24005
0.07955
0.43441
0.04090
-0.48840
-1.31841
0.26876
-0.28804
0.35622
0.22332
0.10938
0.27770
-0.08756
0.18562
-0.30111
-0.79756
0.14054
0.01091
0.77116
-0.65642
0.06254
0.31768
0.06508
0.17263
0.05499
-0.22914
0.45375
0.15993
0.06885
0.35175
-0.11736
-0.75132
-0.25128
0.10320
0.08856
0.59119
-0.44092
0.00441
0.08141
0.41448
0.29556
0.09513
0.09518
-0.45877
0.07887
0.09199
-0.68525
-0.08991
-0.55612
0.10279
-0.30551
0.30626
-0.60761
0.41102
0.37819
-0.12308
0.06058
-0.51802
0.10326
0.27749
0.64884
-0.14836
0.23712
-1.40543
0.18182
-0.03394
-0.14445
0.21452
-1.12373
-0.19475
-0.16578
-0.06289
0.39944
0.15235
-0.25083
-0.06886
-0.31476
0.46385
-0.29653
-0.07923
0.06023
-0.40003
0.18372
-1.47047
-0.28851
-0.27335
-0.15114
0.22946
0.15783
-0.84851
0.46160
0.48969
0.33209
0.17808
-0.27379
-0.71811
0.38963
-0.15657
0.11635
0.12218
-0.58113
0.15070
-0.57235
-0.33385
0.17896
0.09089
0.38795
-0.25460
-0.42209
-0.37396
0.34675
0.29114
-0.80519
0.00312
-0.28068
0.64807
0.12469
-0.90391
0.35329
0.12947
-0.46677
0.00545
0.26473
0.12289
-0.59261
-0.20306
0.08681
0.03784
0.28484
0.23340
-1.06162
0.25624
-0.27716
-1.00676
0.11752
0.80745
-0.38659
0.02873
0.41792
0.57695
-0.37462
0.35641
-0.25071
-0.29298
0.26583
-0.32406
-0.41503
0.52837
0.00353
-0.15629
0.24753
0.40653
0.15711
0.30257
0.22085
0.02598
0.30430
-0.68265
0.05647
-0.33964
-0.15447
0.23653
0.13184
0.07754
0.08499
-0.73617
0.04004
-0.03227
0.10266
0.12168
0.47898
0.29671
0.14804
-0.13697
-0.50886
0.44230
-0.12147
0.29329
0.12643
-1.12111
0.35736
0.31130
-0.31983
0.18697
0.29211
0.18703
0.53532
0.30576
-0.01959
-0.88269
-0.12255
-0.07789
-0.68073
-1.15893
-0.07451
0.02064
-0.32325
-0.84689
-0.18878
-0.29319
0.27497
-1.37197
0.20699
0.42449
-0.27300
-0.04030
0.09977
0.26637
0.17217
-0.28973
0.19984
-0.14724
0.30219
0.13953
-1.01315
0.32421
0.32593
-0.27131
0.12186
-0.02360
0.14683
-0.01855
0.15368
0.38786
0.68530
-0.19002
-0.65893
-0.18310
-0.76688
-0.38102
-0.20998
0.62434
0.13139
0.53880
-0.18319
-0.93403
0.29342
-0.00983
0.01874
0.40319
0.19164
0.44427
0.09084
0.41071
-0.57810
-0.19380
0.14688
0.27440
-0.47379
-0.29926
-0.27516
0.09588
0.13063
-0.29787
0.14309
0.10732
-0.97465
0.23146
-0.79360
0.30237
0.14056
-0.24772
-0.01022
-0.01506
0.06819
0.51418
0.04882
-0.61444
0.65370
-0.26390
0.31227
0.63470
0.11559
-0.40566
-0.10283
0.05560
-0.00553
-0.22272
0.06017
-0.27946
-0.21060
0.08351
-0.03355
-0.69865
-0.33001
0.21401
0.37105
0.04305
0.05869
-0.41183
-0.04801
0.41497
0.47630
-0.27669
-0.28568
-1.30490
0.01473
0.58362
0.52303
0.71369
-0.45359
0.24884
0.14994
-0.61169
0.31181
0.12028
-0.57003
-0.46828
0.12685
-0.50027
-0.36159
0.22731
-0.44077
-0.01909
0.36070
-0.62054
-0.51576
-0.71642
0.15140
-0.21782
0.12289
-0.40983
-0.04019
-0.30955
0.41785
-0.35414
-0.28681
0.11098
-0.20996
-0.07100
0.14750
0.30903
-0.50476
0.18943
-0.42822
0.10242
-0.33783
-0.77937
0.31991
0.08186
0.12880
-0.23680
-0.01290
0.09051
0.07847
-0.64814
0.03433
0.27530
0.38157
-1.05299
0.09497
-2.12421
0.56661
0.07154
0.12674
-0.10460
-0.00019
0.10947
0.30597
0.07936
-0.32870
-0.46046
0.46780
-0.29600
0.11469
0.12663
0.39373
-0.14560
0.24641
0.08300
-0.05804
0.11560
-0.41102
-0.35063
-0.22736
-0.73497
0.28043
0.29466
0.01736
-0.48206
0.21591
0.32153
0.52054
-0.17018
-0.20172
-0.92184
-0.15807
-0.09030
0.21632
-0.72867
-0.36045
-0.10396
-0.11771
0.12265
0.22160
0.32188
0.89743
-0.25823
-0.69038
0.09480
-0.17471
-0.38664
0.16563
-0.85240
-0.11879
0.00547
0.33839
-0.74110
0.50084
0.28792
0.67770
0.22728
-0.45974
-0.08384
-0.12979
-0.39784
0.00478
0.11921
0.16602
0.13433
-0.07559
0.08679
-0.16560
0.02352
0.27864
0.09342
-0.29629
-0.16674
0.28851
0.09396
-1.02408
0.16474
-0.76807
0.36492
0.14303
0.38131
0.07459
0.31557
0.46609
0.17508
0.02364
0.68430
-0.65225
-0.15515
0.07098
-0.85011
-0.21210
-0.09084
0.21143
0.33183
0.11247
0.15185
-0.27925
0.14114
0.12944
0.03061
0.31795
-0.26180
-0.25584
-1.30345
-0.44942
-0.04669
0.64499
0.08201
0.42086
0.11989
0.70187
-0.01729
0.03091
-0.13904
-0.42529
0.22195
0.57035
0.15059
-0.28217
0.32858
-0.11329
0.41426
0.01024
-0.34672
0.23004
0.43657
-0.55950
0.43919
0.10329
0.02493
0.14631
-0.33530
0.03249
0.06792
-0.25222
-0.26419
0.36362
-1.08409
-0.01541
0.21306
0.63258
-0.88690
-0.30998
-0.71186
-1.08148
0.42193
0.12194
-0.48011
0.16891
0.16304
0.15008
-0.92308
-0.45574
0.26116
0.20363
0.27371
-0.79282
0.72664
-0.70710
0.28892
-0.31283
-0.00614
0.32444
0.00088
-0.14329
0.28336
-0.32331
0.34019
-0.33963
-0.39207
0.12447
0.36798
0.07687
-0.91303
0.27154
0.22529
-0.02809
-0.84501
-0.64643
-0.38795
0.06215
-0.46325
0.01618
-0.54556
0.10272
-0.14809
0.03413
0.22575
0.21949
0.08007
0.19086
0.05707
0.11786
0.21444
0.23413
-0.12694
-0.25723
0.06592
0.41617
-0.20128
0.16331
0.41230
-0.01085
0.21000
0.35397
0.30309
0.13359
0.48366
-0.09844
0.07485
0.03778
0.02457
-0.24697
0.62944
0.10636
0.38757
-0.23669
-0.46623
-0.12443
0.04277
0.18102
0.12014
0.18987
-0.04183
-0.72690
-0.47938
0.11601
0.21883
-0.08550
-0.58355
-1.46827
-0.20809
0.07103
0.00743
-0.19985
-0.12828
-0.47161
0.10088
0.29122
0.03580
-0.80482
0.09315
-0.27732
-0.26208
0.41621
0.01754
-0.22814
0.54585
0.40724
0.40121
0.46619
0.26335
0.00185
-0.34116
0.40397
0.09402
0.03779
0.00925
0.31068
0.25459
-0.82509
0.01671
0.15606
0.26351
-0.00424
0.06115
-0.09296
0.33210
0.00992
0.37856
-0.11690
-0.28650
-0.43314
0.12588
-1.01027
0.13874
0.06864
-0.09442
0.07587
-0.05860
0.40339
0.32946
0.11916
0.11222
-0.40510
0.13132
-0.23655
0.37127
-1.14387
0.10313
0.06598
0.35793
-0.35893
0.57875
0.07081
0.01246
-0.32617
-0.36987
0.13572
0.00035
-0.11578
0.23675
-0.87932
0.02613
0.10284
0.08346
0.09566
0.22478
0.11976
-0.00734
-0.25117
0.23830
0.12782
-0.51060
0.23269
-0.07341
-0.24213
-0.12986
-0.01952
0.09722
-0.66738
0.33586
0.20832
0.47783
0.10665
0.08502
-0.99691
0.03091
-0.49630
-0.02523
-0.15199
-0.33912
0.24385
0.05868
0.14543
0.24819
0.27227
-0.51084
0.21739
-0.15114
0.69154
0.24861
0.46791
0.14446
0.02203
0.27997
-0.56325
-0.32166
0.30379
-0.29881
0.26817
0.30545
0.54054
0.19904
0.02197
0.13234
0.68988
0.04664
-0.49016
0.36359
0.53005
0.07002
0.19270
-0.72323
0.07789
0.19407
-0.45309
0.09175
0.17083
0.34400
-0.20123
-0.00499
-0.10533
0.33276
0.11560
-0.44429
0.50222
-0.27919
0.26850
0.10757
-0.33133
-0.95160
-0.15656
-0.10897
-0.29756
0.01337
0.09387
0.26777
0.09107
-0.23060
0.14445
0.19313
-0.35547
0.31412
-0.26525
0.03621
0.03900
-0.02689
0.29597
0.25218
0.53348
-0.55552
-0.58542
0.50876
-0.81940
0.31742
0.63841
0.10573
-0.24670
-0.62636
-0.18202
-0.25327
0.26593
0.10199
-0.20542
0.25614
-0.18806
0.17903
0.35558
0.49524
0.19976
0.08158
-0.87855
0.07623
0.23194
0.11916
0.04127
-1.65829
-1.27306
-0.00884
0.29527
0.50335
-0.46348
0.04683
0.55179
0.17356
-0.15458
0.07142
0.17290
0.22941
0.05518
-0.00749
-1.42815
0.02595
-0.60829
-0.04010
-0.17636
0.21237
0.09282
-0.37072
0.16257
-0.33199
0.13250
0.07470
0.38078
0.23134
-0.77969
0.10196
0.05819
0.05113
0.02572
0.62650
0.01382
-0.23415
0.09506
0.06698
0.00600
0.35253
0.59067
-0.57918
0.05826
0.29967
0.27065
0.06015
0.04561
0.33907
-0.41710
0.65927
-0.53074
0.06778
-0.47651
0.11915
0.25647
-0.82126
0.03738
-0.05256
-1.26988
-0.06679
0.06728
-0.13243
0.28072
-0.16530
-0.73004
-0.21876
-0.04320
0.39471
0.49278
0.67933
0.03002
0.31979
-0.31523
0.30363
0.20506
0.09980
0.09922
0.07982
-0.55787
-1.09984
-0.27600
-0.57496
0.51167
0.24386
0.24976
0.03098
0.17270
0.75098
-0.24766
-0.36011
0.00202
0.11803
0.07000
0.08194
0.08901
-0.22984
-0.30637
-0.46119
0.02279
0.06802
0.27601
0.51089
0.35183
-0.24458
-1.07742
-0.05432
-0.04672
-0.00534
0.49441
-0.07176
0.11816
-1.18629
-0.21400
0.37553
0.05737
0.08202
-0.02455
0.13394
0.19385
-0.22887
0.10165
0.19088
-0.00938
0.26462
-0.75332
-0.03326
-0.14284
0.05193
0.27705
-0.42362
-0.85531
0.72714
0.05950
0.13735
0.57449
0.11527
-0.06224
0.08970
0.06004
-0.02136
-1.18800
-0.00013
-0.67049
0.08858
-0.20447
-0.00202
0.11030
-0.01153
-0.02121
0.48582
0.39880
0.08078
-0.55933
0.25660
-0.21659
-0.01797
0.16655
0.13222
0.01622
0.10714
0.27734
0.34129
-0.44638
0.30067
0.10938
0.10533
-0.56445
0.20658
0.14549
-0.14032
-1.30884
0.32683
0.05929
-0.63642
0.13786
0.07326
0.48589
0.07364
0.06098
-0.02001
0.30834
0.03147
0.18466
0.38179
0.33084
0.35694
0.02464
0.13001
0.25054
0.15976
-0.43330
0.30806
-0.23243
0.07794
0.26807
0.17206
0.36252
-0.37152
-0.09097
-0.00580
-0.31308
0.23593
0.22240
-0.62314
-0.31348
0.69577
0.13250
0.14141
-0.09085
-0.85772
0.49087
0.13782
-0.66554
0.12355
-0.04893
0.23212
0.30540
0.11086
0.40772
-1.17558
0.09356
0.06673
-0.08889
0.21693
-0.26362
0.11183
0.30965
0.01332
-0.22878
0.10521
0.62731
-0.13299
0.50926
-1.01240
0.46451
0.10782
-0.68737
-0.26655
-0.13684
0.22582
0.56569
-0.30497
-1.16597
0.35644
0.13511
-0.65154
0.17198
0.07371
0.52191
-0.04424
0.49637
0.12164
0.12547
0.26171
0.08207
-0.37554
0.05572
0.29945
0.30805
0.19786
0.53281
0.29769
0.10450
0.09274
0.05188
0.09040
