0.15938
0.30551
-0.43536
-0.05691
0.07748
0.20140
-0.20845
0.13246
-0.04867
0.05332
-0.44759
-0.68884
-0.15205
0.08905
0.18594
0.05819
0.20403
0.22010
0.28562
-0.08784
0.16618
-0.55344
-0.00994
-0.90559
0.21511
0.25706
0.17149
-0.22914
0.16117
-0.21321
0.04219
-0.45438
-0.02078
-0.15426
0.01952
-0.13025
-0.08723
0.09261
-0.13349
0.17486
-1.17623
0.05733
-0.05617
-0.50539
-0.03298
0.24728
0.19521
-0.38722
0.30546
0.00690
-0.02426
-0.30581
0.22114
-0.36467
-1.28888
-0.29191
0.12599
0.18173
0.49011
-0.20554
0.22908
0.25303
0.34090
0.08621
0.11880
0.05491
0.08480
-0.58453
0.07346
-0.34017
0.28562
0.08519
0.36767
0.13961
-0.43296
0.15477
0.26633
-0.03549
-0.24599
-0.05571
-0.00889
0.13907
0.04634
-0.00036
0.04064
-0.24870
-0.21107
0.32144
-0.41753
0.10438
-0.69161
-0.93585
0.75279
-0.12246
0.11464
-0.16683
-0.16134
-0.08009
0.14638
-0.57621
0.32958
-0.69398
0.00832
0.05448
-0.00693
0.14589
-0.24088
-0.11718
-0.22653
-0.11892
0.19355
-0.37156
-0.48821
0.20928
0.15360
-0.54841
-0.43640
0.10811
0.10827
-0.24229
0.21929
0.23281
0.08430
0.05615
-0.24905
-0.61775
0.17127
0.00284
0.16186
-0.40552
-0.16657
-0.06952
-0.28648
0.07571
-0.52554
0.03847
0.16260
0.27995
-0.01589
-0.05558
-0.82098
-0.28585
-0.26316
0.05630
0.33015
0.04595
0.27563
0.18276
0.19594
-0.03752
-0.46552
0.08835
-0.20547
-0.46562
0.13893
0.15264
-0.84560
0.02503
0.18348
0.23733
-0.20055
-0.13386
-0.13385
-0.59717
-0.07947
-0.78382
0.33191
-0.47471
0.16208
0.31655
0.11556
0.18111
-0.15424
0.04359
-0.24926
-0.16257
0.13759
-0.82788
0.09233
-0.34130
-0.17888
0.29808
-0.28554
0.18689
-0.20726
-0.49832
-0.13444
-0.14443
-0.20204
-0.44616
-0.16981
-0.02700
0.03097
-0.38338
-0.41007
0.13671
-0.12858
0.15640
-0.02702
-1.07505
-0.71375
-0.19867
-0.34156
0.21536
-0.01673
0.00619
0.03360
-0.55305
-1.06883
-0.17193
-0.17049
0.47251
-0.25496
0.05064
-0.00113
-0.36590
0.19332
-0.28503
-0.01163
-0.15949
0.16365
-0.34860
0.08305
-0.61333
0.00546
0.20423
0.00782
-0.16380
-0.34197
-0.15792
0.25881
-0.04747
-0.05050
-0.23411
0.20877
0.30629
0.03886
0.03471
-0.00885
-0.99810
-0.17131
0.02334
0.07561
-0.17428
-0.26909
0.17324
0.01172
-0.17752
0.15545
0.10871
-0.29235
-0.80240
0.26905
0.36368
0.04347
0.02504
-0.12135
0.11462
-0.36480
-0.01155
0.10416
0.04263
-0.15406
0.02375
-0.28697
-0.12562
0.05902
0.22654
0.17074
0.13708
0.09947
-0.19156
-0.12060
-0.69559
-0.01668
0.05666
-0.28766
0.19664
-0.25592
0.22099
0.02508
0.24251
0.09759
-0.14225
-0.65856
-0.37328
-0.37023
0.29388
0.05587
0.20777
-0.12205
-0.17945
0.20314
-0.63269
0.03440
0.31041
0.08145
-0.43849
-0.06288
-0.02138
-0.14560
-0.15684
0.01346
0.38908
-0.19488
0.22159
0.50036
0.18494
0.11835
0.19606
0.05008
0.01780
-0.27707
-0.05187
-0.11708
0.16340
-0.20539
-0.03361
-0.14196
-0.11294
-0.03957
-0.27117
-0.56798
0.15924
-0.17227
-0.62757
0.27299
0.27190
-0.33104
-0.19150
0.07848
0.07036
0.20032
-0.22149
-0.22240
-0.68630
-0.00468
0.17133
0.02705
0.15459
-0.05663
0.25155
0.03545
-0.29998
0.41063
0.23821
0.10509
0.14709
-0.50010
0.24355
0.13124
0.12503
-1.07191
0.20065
-0.08922
-0.24900
0.12759
0.14579
0.15805
0.32292
-0.00742
-0.17551
-0.64413
-0.10890
0.26442
-0.05490
-0.46358
-0.36144
0.01031
0.27961
-0.71229
-0.10303
0.14093
-0.79627
-0.19403
-0.64605
0.03086
0.07873
0.01828
0.07397
0.11480
0.31511
0.10445
-0.25550
-0.11414
-0.19512
-0.50425
-0.09335
-0.31340
0.20862
0.16221
0.28491
-0.86716
-0.12248
-0.88261
-0.71000
-0.23004
0.18146
0.06818
-0.02374
-0.15044
-0.46887
-0.19900
0.20041
-0.12287
-0.23347
-0.23543
0.27085
0.05620
-0.30719
-0.39980
0.09986
0.13448
0.14201
0.00800
0.29194
0.29390
0.20577
-0.14202
0.22843
-0.05217
-0.27897
-0.64641
0.16463
0.01832
0.27079
0.21622
0.28378
0.04417
0.19202
-0.18183
0.10387
-0.06545
-0.12147
0.16848
-0.27051
0.13786
-0.13304
0.03917
0.13096
-0.07730
0.10598
0.14116
-0.11436
-0.49894
0.62033
-0.32857
-0.14819
-0.18256
0.20688
-0.12219
-0.30010
-0.23393
-0.10272
0.16208
0.09353
-0.14753
-0.39542
-0.49375
0.15009
0.20105
-0.17717
0.11402
-0.10465
-0.03132
-0.13863
0.12767
0.26080
-0.32446
0.17026
-0.44019
-0.62341
0.00442
-0.15392
-0.14084
-0.63229
-0.09881
0.30575
0.23546
-0.38853
0.14178
-0.28317
-0.75141
0.14195
-0.22178
0.04497
-0.44399
0.20048
-0.36482
-0.10562
0.27521
-0.31258
0.20424
-0.14080
-0.07265
-0.10053
0.02935
-0.26778
-0.43994
0.14298
0.19010
0.19120
-0.30304
0.09324
-0.26053
-0.35372
-0.19369
-0.06352
0.23499
-0.00659
-0.17486
-0.39957
-0.10350
0.19195
0.03418
-0.11728
-0.14869
-0.04406
-0.37034
0.00033
0.08315
-0.54453
0.26456
-0.24423
0.18275
-0.65474
-0.06151
-0.20441
-0.42282
0.22781
-0.06328
-0.43479
-0.00278
-0.04103
-0.19522
0.27183
-0.09029
0.15148
0.23502
-0.13032
-0.55998
-0.59729
-0.05731
-0.32121
0.20740
-0.06273
-0.52197
0.08429
-0.44932
-0.44800
0.33881
0.41995
-0.17449
-0.57451
-0.47246
0.02813
-0.38285
0.06318
-0.53092
-0.17385
-0.02384
-0.15091
-0.12811
-0.48305
-0.04282
-0.23540
-0.29631
0.23695
-0.08505
0.29691
0.15752
-0.62881
0.35883
-0.18005
-0.10991
-0.29758
-0.38644
0.08961
-0.24752
-0.04135
-0.04033
-0.08364
-0.84422
-0.57161
0.63539
-0.05267
-0.26422
-0.44507
0.19273
0.03869
0.18679
0.53095
0.03550
0.02238
-0.78786
0.05767
-0.13052
0.20530
-0.08730
-0.08481
0.12026
0.21100
0.11443
0.21162
0.08021
0.32057
0.02665
0.03772
-0.39913
-0.03789
0.30809
0.13831
-0.41392
0.06500
-0.02833
0.14157
-0.35313
-0.33465
-0.01196
-0.06981
-0.15253
0.02518
0.08093
0.19597
0.23318
-0.11869
-0.09706
-0.29862
0.21682
0.24197
-0.90058
0.06678
0.15650
-0.37338
-0.41263
-0.03151
0.25575
-0.01199
0.15072
0.04979
0.04426
0.01681
0.14019
-0.72512
0.20914
-0.12929
-0.34336
0.04785
-0.34563
-0.09355
-0.05535
0.12007
0.06513
0.24145
-0.11999
-0.23968
-0.01979
-0.23524
-0.68178
0.20701
0.06548
0.08585
-0.22038
0.11155
0.21621
0.03417
0.12211
-0.50083
-0.14884
-0.42712
-0.24973
0.02649
-0.13972
-0.33975
-0.29915
0.14617
0.23176
-0.20888
-0.06804
0.27105
0.15124
-0.91585
0.06071
-1.04867
0.04303
-0.05408
0.18091
-0.40394
0.53312
-0.62827
0.19416
0.01665
-0.02214
-0.52502
0.44361
-0.49153
0.19909
0.16451
-0.34175
0.01436
-0.02243
0.10522
-0.16968
-0.17127
0.21248
-0.61872
-0.15460
0.02417
0.03629
-0.12712
0.11783
-0.60505
-0.14377
-0.43734
-0.34244
-0.18991
0.19220
-0.21378
0.11585
-0.18442
0.08850
-0.15117
-0.74774
-0.00697
0.36540
-0.09233
-0.14906
-0.33995
0.01857
-0.24585
-0.80168
-0.19001
0.19090
0.04617
0.17316
-0.07278
0.18836
-0.17986
-0.91865
0.22646
-0.11053
0.01546
-0.14740
0.28332
0.31479
0.15373
0.12533
-0.03294
0.37140
0.21824
0.20287
0.22596
-0.27507
0.06620
-0.01403
0.12016
-0.31233
-0.77252
0.06575
0.08825
0.27421
-0.43475
-0.10894
-0.05189
0.06771
-0.09930
0.08959
0.34829
-0.50910
0.17751
-0.05359
0.23287
-0.27000
-0.02006
-0.05757
-0.49773
-0.26779
0.04868
0.02763
-0.25050
0.14768
0.08850
-0.45112
-0.22769
0.11830
-0.06408
0.08821
-0.07907
0.05826
-0.57705
0.02520
-0.42432
0.29883
-0.42316
-0.06061
-0.09557
0.19492
0.05806
-0.20220
-0.09502
-0.31049
0.01349
-0.26230
-0.33167
0.24276
-0.15621
0.24116
0.28391
0.22309
-0.10535
0.18315
0.18337
0.07235
0.27368
0.22988
0.38135
-0.24828
-0.74073
-0.08901
-0.09738
0.27023
-0.35100
-0.50438
0.05180
-0.04238
0.08090
-0.30257
-0.33460
-0.13856
-0.24496
0.26271
0.17414
-0.30447
-0.09369
0.25595
-0.48900
0.22402
0.24050
0.04777
-0.01982
-0.19683
0.20253
-0.08018
0.29805
0.08597
-0.35818
0.06797
0.06233
0.18713
0.04416
-0.46828
0.29163
0.04893
0.38818
-0.08222
-0.26256
-0.85309
-0.23805
-0.04162
-0.06281
-0.16650
-0.21236
-0.41855
0.12912
-0.10664
-0.25917
-0.28687
-0.26684
0.28889
0.26962
0.19796
0.16794
0.11355
-0.18992
-0.03183
0.06384
-0.75310
-0.01578
-0.14205
-0.26254
-0.18055
-0.08802
0.06782
0.42667
0.07267
-0.03755
0.01722
-0.10268
0.00016
0.04115
-0.33065
0.19443
0.14887
0.22263
-0.29641
-0.01520
-0.19092
-0.34247
0.31365
-0.50789
0.20529
0.23418
-0.14643
-0.79610
-0.05859
0.21236
-0.18119
0.26580
0.03397
0.01003
-0.08053
-0.46300
0.10716
0.09984
-0.03429
0.15174
-0.22088
0.17522
-0.35108
0.05439
-0.46452
0.09128
0.10199
-1.01020
0.21176
-0.35595
0.02624
-0.11728
-0.50029
0.18811
0.49380
-0.14907
-0.83978
0.19932
-0.39214
0.16160
-0.16221
-0.76747
0.17712
0.20517
0.13593
-0.25917
0.12770
0.06832
0.19772
-0.18537
-0.12995
-0.54672
0.26553
0.04870
-0.40555
0.23115
-1.00471
0.12013
0.03158
-0.67102
0.38086
0.27339
0.63250
-0.21499
0.10583
0.21091
-0.77638
-0.09263
0.21468
0.02499
-0.19831
-0.36190
0.00160
0.04707
0.10134
0.08376
0.06694
-0.29596
0.05165
0.10658
0.04382
-0.26987
-0.06956
-0.04705
-0.06926
-0.44807
0.01915
-0.42057
-0.23122
0.16315
-0.26124
0.23154
-0.27915
-0.80779
0.21344
-0.29397
0.31433
-0.05057
0.04233
0.22467
-0.12911
0.23806
-0.42709
0.46670
0.29682
0.13955
-0.21550
-0.22347
0.16713
0.44043
0.16394
0.11763
0.31261
0.67021
0.13418
-0.28057
0.18159
0.52047
0.17038
0.17375
-0.05243
0.15011
0.42049
0.20210
0.18459
0.41664
0.18511
-1.10477
0.52387
0.26406
0.23287
-0.08123
0.35478
0.23119
0.09549
-0.17203
-1.10777
0.36351
0.30043
0.32439
0.28211
-0.44624
0.36276
0.05640
0.31977
0.33343
0.55640
-0.37840
0.31892
0.44276
-0.43277
0.19713
0.06445
-1.08375
0.65651
0.24816
0.08373
-0.07833
0.21116
0.18872
0.17911
0.15390
0.01883
0.39212
0.12675
0.13569
0.01506
0.57461
0.13173
-0.35296
0.22254
0.15325
-0.09961
0.19211
0.39463
-0.02438
0.03003
-0.08029
0.12523
0.19410
0.11328
-0.30194
0.68671
-0.07261
0.27022
0.06502
0.41082
-0.37519
0.08776
-0.03376
0.14560
-0.18333
0.48622
0.57979
0.37302
-1.06587
-0.78629
-1.05294
-0.12466
0.05149
-0.64253
0.17163
0.15034
-0.30302
-0.49336
0.02520
-0.76410
-0.00805
0.22186
-0.65300
-0.07350
0.53189
0.27245
0.53577
0.33817
0.37363
0.02537
0.54928
-0.38174
0.19124
-0.22863
-0.08014
0.24650
-1.80271
-1.20215
-1.60211
0.06983
0.22342
-0.59448
-1.93205
-1.15842
0.35236
0.23108
0.59908
0.02387
0.06622
0.54118
0.06153
0.31584
0.32821
0.48381
-0.22474
0.45046
0.23419
-1.21350
0.28323
0.32369
-0.40364
0.14427
0.07784
0.42066
0.21149
-0.03628
-0.03773
0.12219
-0.05422
0.52050
0.11337
0.28237
0.12487
-0.14051
0.39607
0.68311
0.53569
0.09078
-0.35877
0.56557
0.44365
-0.00604
-0.10773
0.12792
-0.33251
0.13422
-0.42146
0.14626
0.33408
-0.67427
0.47561
0.34107
-0.48748
-0.42750
0.31931
0.30458
0.34493
0.59423
0.23617
0.04433
0.24337
0.07475
0.13731
0.17229
-0.10191
0.36156
-0.48774
0.37498
0.60542
0.54422
0.26632
-0.10992
0.27470
0.38053
0.22900
0.15655
0.25722
-0.27729
0.45642
-0.92320
0.31865
-0.14662
-0.38566
0.12980
0.27141
0.16302
0.33463
0.02947
-0.56016
-0.84794
0.29568
0.19866
-0.32389
0.29226
0.19671
0.28083
0.21291
0.33966
0.26591
0.19343
0.03677
-0.26731
-0.19390
0.08209
0.21942
0.27958
0.45428
-0.10260
0.19805
0.19658
-0.07042
-0.04130
0.31819
-0.11341
-0.09318
0.04448
0.10263
0.10844
-0.19835
0.30456
0.75123
-0.09897
0.18334
-0.42340
-0.74932
0.10555
0.39880
-0.02489
0.27470
0.51441
-0.28638
-0.41183
0.30772
0.18168
-0.04027
-1.60549
0.40768
0.39334
0.31091
0.30929
-0.46009
0.52594
-0.75333
0.02124
0.28672
0.12221
0.13898
0.70643
0.03063
0.04366
0.24806
-0.04499
-1.09088
-0.17797
0.63791
0.71840
0.14310
-0.49208
0.78143
-0.68082
0.09295
0.26069
-0.54336
0.27480
-0.71737
-1.01326
0.19081
0.02982
0.29218
0.32644
0.34843
0.10152
-0.58851
-0.17856
-0.63909
-0.01408
0.07323
0.32465
0.41775
-0.22291
0.21218
-0.62791
-0.81945
0.13587
0.14185
-0.67444
0.37937
-0.02705
-0.00623
0.13114
-0.40608
-0.42279
0.35247
0.14373
-0.75214
0.00405
0.06648
0.25204
0.33515
-0.11604
-1.03690
0.43486
0.43021
0.58928
0.05975
0.32207
0.51902
0.68990
-0.55160
-0.52199
0.35202
-0.34266
-0.13500
0.10516
0.22360
0.29031
0.29328
0.01893
0.46610
0.42748
0.13029
0.32064
0.11378
0.37202
0.31170
0.58267
0.37390
-0.81470
-0.34205
0.34428
-0.36740
0.00750
-0.20603
0.34684
0.38010
0.33964
-0.42050
0.10843
0.39752
0.42495
0.40933
0.13422
-0.89492
0.09759
0.34023
0.26889
-0.43760
0.44955
0.55878
0.27630
-0.26038
0.29781
0.34109
-0.44045
0.13210
-0.43497
-0.43240
0.36546
-0.05527
-0.09322
0.20296
0.07682
-0.06926
0.50381
0.47974
-0.33219
-0.32983
-0.00936
0.46733
0.74994
0.33449
-0.43306
-0.16777
0.15475
0.38259
0.54024
0.04667
-0.05263
-0.62490
-0.19863
-0.43528
0.45457
0.10452
0.18543
0.18059
0.16137
0.07450
-0.23289
0.24596
-0.64712
0.46384
0.50565
0.03319
0.32412
-0.38949
-0.01966
0.13424
-0.64692
-0.74480
-0.60561
0.41437
-0.24123
0.19025
-0.32956
0.19430
0.16110
0.15130
0.36818
0.07967
0.24831
0.29324
0.35419
-0.77348
0.21548
0.28167
0.30643
-0.00693
0.18420
0.34800
0.41835
-0.62039
0.19961
0.54889
0.74389
0.38464
0.74389
0.26114
0.35950
0.08866
0.38649
0.20568
0.37858
0.32504
-0.08896
-0.36005
-0.61347
0.31348
0.39422
0.41424
0.19205
-0.04070
0.36182
-0.63403
0.25769
0.12053
-0.72291
0.11176
0.13850
0.33116
-0.17324
0.07997
0.16861
0.43375
0.03792
0.13956
0.09225
0.34030
-0.44634
0.40584
0.62154
-0.34847
0.22290
-0.91569
0.45045
-0.11815
0.16083
0.31197
0.26403
0.23416
-0.15462
0.29851
-0.31099
-0.42076
-0.46226
0.77857
0.03011
0.69253
0.57685
-0.03081
0.70088
0.75187
0.49861
0.22740
-0.78982
0.19313
0.15702
0.32205
-0.50265
0.21450
0.05426
0.11435
0.33144
0.59604
0.31404
0.32898
-0.45503
-0.01510
0.25807
0.17702
0.35597
0.44636
0.09444
0.50278
-0.37992
0.22938
0.01660
-0.19256
-0.10208
-0.33805
0.51748
0.21701
0.19750
0.17272
0.19265
-0.19172
0.46489
0.49711
0.11234
-0.11981
0.49038
-0.30194
0.45278
0.46630
-0.29212
0.34462
0.28932
0.59855
0.54030
0.31431
0.15583
0.36863
0.16187
-0.30725
0.38175
0.31175
0.23967
0.49918
-0.22257
0.04270
0.12732
0.09368
0.58858
-1.19538
-0.24351
0.00555
0.17512
0.11399
0.22352
0.31538
0.46900
-1.15914
-0.43699
0.30787
0.46114
0.52764
-0.26789
0.14725
0.15806
0.10626
-0.90462
0.20055
-0.31978
-0.13309
0.16527
0.12832
-0.01948
0.39433
0.05059
-0.19662
0.59076
-0.00061
-0.84199
-0.28995
0.49577
-0.02304
-0.70422
0.13567
-0.14022
0.43996
-0.71013
-0.14186
0.12526
-0.95686
0.05074
-0.08971
0.28154
-0.57663
0.55949
0.17056
0.18517
0.15651
-0.10911
0.13440
0.10652
0.28785
0.04217
-0.48505
0.75698
0.27045
0.26732
0.02510
0.40132
-0.44047
0.41150
0.15311
0.16225
0.40159
-0.65882
-0.16483
0.21686
0.44142
0.41251
0.36402
0.14850
-0.05466
-0.61500
0.26902
0.04430
-0.34886
-0.38207
-0.46193
0.26614
0.09940
0.74773
-0.27268
0.20932
-0.20340
-0.20494
-0.28820
0.19690
-1.24974
0.41001
0.36450
-0.11354
-1.24081
0.12231
-0.28364
-0.02808
0.12570
0.33836
0.14304
0.03884
-0.17100
-0.07116
0.16992
0.06007
0.32227
0.14403
0.24190
0.37678
0.13387
0.48468
-0.39521
0.14028
0.30769
0.28749
0.39674
-0.30813
0.19971
-0.06588
0.29217
-0.99978
0.48102
0.36186
0.17880
-0.13677
-0.10667
-0.16087
0.19247
-0.22736
0.06006
0.26587
0.40458
0.24749
-0.66924
0.13084
0.21161
0.55571
0.24998
0.45853
-0.23169
0.26364
0.21116
0.07067
0.16354
-0.40215
-0.05208
0.36034
0.46400
0.17337
-0.56259
-0.40322
-0.78688
0.33814
0.22185
-0.28060
0.31824
-0.37122
0.08086
0.13529
-0.10209
0.15374
-0.80342
0.18225
-0.45307
0.21303
0.26128
-1.16978
0.79508
0.03995
0.49496
0.17652
0.38514
-0.98404
0.07734
0.27299
-0.55710
0.19789
-0.43775
0.22002
0.45376
-0.60561
0.11423
-0.28423
-0.49560
-1.30160
0.80645
0.26717
-1.04497
0.59939
-0.44163
0.43614
0.21161
-0.29795
0.37837
0.41948
0.67016
0.00571
-0.23041
-0.29558
0.37105
-0.29768
0.40893
0.34528
0.23802
-0.42371
0.32234
-0.06667
0.38216
0.72858
0.38299
0.36477
0.15069
0.60003
0.44211
0.14130
-0.10217
0.40646
-0.59613
0.28201
0.18787
0.05281
0.15422
-0.98257
0.11509
-0.60524
0.02992
-0.19599
-0.04298
-0.72182
0.17898
0.34452
0.18174
0.20091
-0.09034
-0.04234
-0.03276
0.03810
0.48379
-0.40811
0.26243
0.80240
0.31962
0.16043
0.32816
0.13661
0.14154
0.43315
-0.82522
0.14441
0.42494
-0.92559
0.18052
0.19325
0.35037
-1.15905
0.28398
0.55110
-0.33923
0.10645
-0.29821
0.02109
0.31764
0.55393
0.49936
-0.59907
-0.20631
-0.10789
0.43619
0.14525
0.03953
-0.81557
-0.10272
0.43662
-0.09560
0.51932
0.21440
-0.30564
0.12960
0.18201
-0.51510
-1.15550
-0.72261
-0.65474
-0.12994
0.23916
-0.27496
0.44267
0.37776
-0.06156
0.43583
0.72462
0.19470
-0.54428
0.07645
0.13490
0.58829
0.32263
0.05363
0.51103
-0.19590
0.24539
0.37993
-0.04446
-0.19015
-0.23411
0.43214
0.10269
-1.20094
0.27386
-0.18359
-0.19479
-1.18319
0.04260
0.14007
0.39001
0.19762
0.13688
0.20624
-1.00629
-0.44268
0.07545
0.11224
0.82321
0.40336
0.19109
-0.00023
0.22821
-0.04818
0.55624
-0.04699
-1.12965
0.15650
0.35424
-1.25913
-0.08887
0.36643
-0.33923
0.04589
0.17912
0.42479
0.34999
0.20778
-0.28178
0.08231
-0.00148
0.00955
0.45995
-0.36792
0.16392
0.35293
0.31980
0.34324
0.12465
0.17951
0.02657
0.07423
0.03213
0.02346
0.21540
0.66476
-0.40690
0.18811
0.31361
-0.42197
-0.06040
0.09472
-0.34847
0.26201
-0.39697
-1.32645
-0.14010
0.37170
0.38071
0.14099
0.08269
0.25249
0.19655
0.32829
-0.22819
0.47747
-0.12429
0.79258
0.29354
-0.03969
0.10455
0.24953
0.16456
-0.00156
0.56276
0.12016
0.25680
0.13694
0.23234
0.27571
0.38878
0.16783
0.42315
0.31947
0.41812
0.10596
0.11234
0.04341
-0.08554
0.43364
-0.27998
-0.41211
0.39343
0.41083
0.09509
0.47766
0.33078
-0.21145
0.43353
0.57659
0.33697
0.45204
0.29395
0.33158
0.08248
0.17223
-0.06034
-0.43024
-1.23957
-0.55495
0.41172
-0.03131
0.12104
-1.12688
0.16381
0.77698
0.36215
0.44075
0.45618
0.10154
0.24285
-0.26621
0.30243
0.11067
-0.32009
0.21495
0.31660
0.14634
0.28704
0.27726
0.44830
0.12560
0.10514
-0.04481
0.63886
0.22824
0.24571
0.41595
0.28000
-0.08334
0.30297
-0.06300
-0.59793
-0.33758
0.49595
0.21154
0.18203
-0.02245
0.16974
0.15180
0.38427
-0.06725
-0.13891
0.24463
0.20974
-0.06390
0.81017
0.77537
-0.02615
0.16202
-1.04997
0.31492
0.16533
0.36695
-0.61237
-0.01709
0.46699
0.47366
-0.31376
0.02918
0.09835
0.51679
0.78222
-0.03764
0.35888
-0.39113
0.56288
0.00372
-0.17036
0.29433
0.67328
0.43168
0.02663
-0.64521
-0.08253
-0.07149
-0.05850
0.32223
0.35479
0.34297
-0.38741
0.04926
-0.47371
0.05798
0.28463
0.34415
0.48521
-0.43770
0.52242
0.31694
-0.47725
0.11109
0.27810
0.36526
0.25817
-0.17040
0.44076
0.25482
-0.88013
0.40010
0.26180
0.07449
0.31949
0.08545
0.18510
0.45557
0.20495
-0.02442
0.26613
0.60127
0.04558
-0.01953
-0.94002
0.30808
0.16780
-0.38013
0.22460
0.32780
-0.00171
0.18014
0.43036
0.19831
0.10663
0.34672
-0.08265
0.36543
0.17417
0.45445
0.79177
0.08217
0.37832
0.25033
-0.45607
0.08937
0.82233
0.30862
0.32748
-0.36965
-0.17970
0.73779
0.31541
0.69295
0.48196
0.09465
0.41558
0.08906
-0.23360
0.32472
0.13091
0.34857
-0.60515
0.14376
0.35230
0.45298
-0.01011
0.15506
-0.67577
0.48668
0.44371
0.25749
-0.73196
-0.25751
0.37250
0.28280
0.12494
-0.52977
0.52388
-0.78096
-0.50478
0.13340
0.57918
0.29846
0.10388
-0.60974
0.62693
0.53001
0.59977
0.14802
-0.52203
0.34436
0.13989
-0.92583
0.43004
-0.04456
0.32163
0.43712
-0.02087
0.10922
0.33451
0.58497
0.44575
0.27818
-0.39962
0.49803
-0.24114
0.10840
0.28003
0.47890
0.26249
0.83503
0.10279
0.35019
0.61307
0.27410
0.20203
0.25002
-1.26884
0.33368
-0.44549
0.06432
-0.78933
0.29768
-0.36090
0.09281
0.12424
0.14190
-0.59101
0.32961
-0.45382
0.22352
-1.12268
0.15196
-0.35563
-0.53566
0.45318
0.22755
0.27600
0.41792
0.53386
-0.38703
0.13015
0.19422
0.38338
-0.43541
0.13205
0.31645
0.26155
0.44606
-0.53776
0.39053
0.52985
0.30368
0.05305
0.22609
0.15317
0.47213
0.38191
0.17326
-0.77145
-0.41277
0.38117
-0.25131
0.54368
0.45407
-0.11733
0.06938
-0.71443
-0.43366
0.04212
0.23503
0.08214
0.37712
0.16739
0.36995
-0.02178
0.13366
-0.32248
-1.26328
0.36623
0.50649
0.10150
0.20334
0.17495
0.48113
0.20595
0.27689
0.45072
0.29979
0.31680
-0.04339
0.24492
-0.31327
-0.77368
0.36424
-0.12482
-0.21595
-0.62415
0.75493
-0.55785
0.39314
0.37628
0.24703
-0.45420
0.27400
0.19090
0.37641
0.16589
-0.81243
-0.27862
0.35970
0.37285
0.26109
0.24776
0.34705
0.19027
0.19083
-0.55086
-0.34193
-0.29760
0.01955
-0.88894
0.22394
0.16304
0.26166
0.34872
-0.22353
0.15417
0.24797
-0.06747
-0.19049
0.37589
0.14617
-0.24300
-0.65790
0.29583
-0.02241
0.04008
0.24905
0.39751
-0.58430
0.43774
0.25705
0.81746
0.25771
-0.28583
0.16789
-0.35716
0.31206
0.66151
0.30423
0.44429
0.23446
0.56292
0.48090
0.24847
-0.27400
0.49663
-0.58964
-1.77717
-0.18061
-0.02060
-0.23294
0.30334
0.17119
-0.17066
0.24210
0.55092
0.28072
-0.43576
-0.18620
-0.11560
0.22469
0.26489
0.17779
-0.10009
-0.01715
0.54372
0.35616
-0.79339
0.40665
-0.33119
0.59242
0.02379
0.15266
-0.62874
0.30624
0.19717
0.12860
0.42439
0.30266
0.13618
0.30984
0.12133
0.37107
-0.48095
0.57341
0.28969
0.77601
0.05717
-0.67211
-0.43047
0.30423
-0.44581
0.37185
0.39590
0.04541
0.27012
0.39059
0.26676
0.12736
0.27497
-0.01383
-0.23764
0.26666
0.09941
-0.01641
-0.23959
-0.04106
0.18793
0.11723
0.25911
0.79979
-0.39728
-0.18574
0.34850
0.33725
0.15946
-0.25473
0.23777
0.06933
-1.19197
0.13624
0.25414
0.37190
-0.31118
-0.64583
0.13934
-0.41578
-0.76245
-0.40064
-0.01894
0.01138
0.60437
-0.42997
0.04622
-0.16799
-0.17105
-0.01795
-0.19975
-0.00844
-0.33678
0.31964
-0.24270
-0.12207
0.35585
0.31134
0.21278
0.33355
0.44431
0.48182
-0.62783
-0.89760
-0.02955
-0.55440
0.26168
0.23169
-0.56529
-0.34281
-0.20014
0.11308
-0.23310
-0.43614
-0.38356
0.27015
0.05796
-0.26902
-0.12331
-0.73879
0.78245
0.31703
0.45634
0.28770
-0.44111
0.42645
0.27330
0.32633
0.42329
0.01758
-0.47410
0.08517
0.35378
0.31482
0.31385
-0.38328
0.59686
0.06210
0.25505
-0.28328
0.32068
0.10589
0.17309
0.04762
0.19716
0.89697
0.08575
0.18982
0.66207
0.16379
-0.42491
0.08508
0.17844
-0.00813
-0.03290
0.22041
0.22718
-0.40058
0.30504
-0.44789
0.22795
0.33898
0.51386
0.10877
0.14424
0.15420
0.01554
0.35051
0.33184
0.15151
0.18223
0.12947
0.76320
-0.03033
-0.15018
0.17350
-0.57583
0.13830
0.30235
0.08666
0.13657
0.49129
0.14298
0.27825
0.55223
0.29483
-0.13131
0.04203
0.37631
0.21684
0.19579
0.64905
0.69552
0.31688
0.42176
0.12712
-0.04970
-0.64185
0.52699
-0.05407
0.16780
0.12929
0.05844
-0.29807
0.23627
0.11832
-0.00083
0.05770
0.52525
-0.24827
0.52749
-1.11784
0.59482
0.28304
-0.82127
0.11962
0.15387
0.39086
0.02430
0.32465
0.30490
0.19298
0.22485
0.36238
0.06577
0.15909
-0.64110
0.04422
-0.18745
0.26870
0.34596
0.08760
0.19403
0.47902
0.15247
0.38276
0.57411
0.24002
0.45991
0.40728
-0.30515
-0.36957
0.39023
0.12852
-0.29584
0.36146
-0.59981
0.14814
0.17924
0.19297
0.21487
-0.00083
-0.96210
0.16383
-0.89474
-1.15735
0.40211
0.03037
-0.47912
0.01606
0.10931
-0.23576
0.43623
0.26678
0.44799
0.26144
0.14463
0.13735
0.48397
0.16346
-0.63657
0.32199
0.81697
0.27262
0.27340
0.38193
0.37594
0.40482
-0.49522
0.39018
0.29271
0.23329
0.34233
0.25644
0.32039
0.57192
0.28850
0.22942
0.15330
0.07463
0.21634
-0.42430
0.26157
0.40043
0.34669
-0.51587
0.25048
-0.10697
0.39328
-0.64704
-0.43953
0.06495
-0.09742
-0.03166
0.22082
0.18068
0.18818
0.15763
0.18929
0.20890
0.36515
0.59182
0.62749
0.44715
0.57806
-1.42174
-0.18394
0.29286
-0.20876
-0.38023
0.15180
-0.17431
-0.19412
0.33866
0.24917
-0.44498
-0.09777
0.41422
0.23269
-0.04536
0.00995
0.17562
0.23187
0.09528
-0.12942
0.19542
-0.34747
0.51182
-0.48227
0.17455
0.48537
-0.10017
0.08107
-1.06950
0.24522
0.50711
0.16929
-0.42891
-0.69396
0.35559
-1.19645
0.00520
-0.05024
0.13085
0.14512
-0.47193
0.29678
0.00162
0.14185
-0.11529
0.15562
-0.38327
0.05504
0.26003
0.44754
-0.28907
0.22679
-0.65531
0.31492
0.27245
-0.35351
-0.01863
0.25059
0.31993
0.10007
0.41619
0.03933
0.00295
0.38912
0.42957
0.37214
0.36164
-0.28484
0.41352
0.34487
0.02953
-0.14133
-0.60203
0.55917
0.10989
0.53722
0.04940
0.13619
0.48644
0.33069
0.19013
-0.17100
0.24850
-0.29174
0.56977
0.24397
-0.50472
-1.08545
0.28040
-1.13965
0.07611
0.14084
0.11536
-0.39387
-0.39838
-0.25317
0.40053
-0.31106
-0.94692
0.11104
0.17116
0.03325
0.29150
-0.75258
0.59947
0.33779
0.17380
-0.42359
-0.01645
0.23968
0.61102
0.54530
0.09614
-0.74099
0.03953
0.27765
0.06500
-0.08887
-0.10948
0.48151
0.36215
-0.01108
0.24102
-0.44797
0.79927
0.32588
0.56322
0.66074
0.18169
0.37244
0.33061
0.30787
0.27579
0.21301
0.10973
0.06878
0.04548
0.53345
0.00333
0.24183
0.46939
0.44857
0.48132
0.21556
0.07360
0.17971
-0.14279
0.31822
0.30815
0.28695
0.10551
0.45206
0.10578
0.21019
0.24207
0.07411
-1.10757
0.60944
0.06100
-0.31158
-0.27185
-0.10285
0.46583
-0.36811
0.13948
0.37507
0.22045
0.16809
0.35230
0.34156
-0.88505
0.15873
-0.45366
0.19381
-0.01973
-0.62651
0.24334
0.02236
0.45269
0.17441
-1.02718
0.37284
-0.73286
0.01613
-0.42503
0.09453
0.17515
-0.11678
-1.44668
-1.64152
0.14308
0.21378
-0.09888
0.38488
-0.60733
0.25864
-0.31774
0.09007
0.26788
-0.69676
0.33735
-0.56332
0.11644
-0.00276
0.20916
-0.31158
0.05528
-0.13878
-0.45550
0.14236
-1.14206
-0.46455
0.28899
0.13647
0.46510
-1.06081
-0.36344
-0.53724
-0.46014
0.39118
-0.91686
0.07140
-0.80048
-0.36319
-1.58503
0.13872
0.17145
0.27637
0.03415
0.17305
0.74752
-0.24074
0.35266
0.20471
0.52209
-0.06575
0.01077
0.44610
-0.13147
0.37794
0.60614
0.06854
-0.15867
-0.60184
0.36454
0.19752
-0.37735
0.00091
-0.37991
0.16845
0.17187
0.52053
0.20873
0.71569
0.55822
-0.68562
-0.65162
0.08537
0.44235
-0.89121
0.42858
0.44937
-0.19072
0.16503
0.52247
0.22502
-0.06211
0.44300
0.15610
-0.90892
-0.07032
0.82016
0.11176
0.39229
0.56428
-0.33969
0.12955
0.24755
0.44497
-0.42384
0.15820
-0.27888
0.04548
0.29247
0.11277
-0.16342
0.00978
0.51616
0.38742
0.63673
-0.03043
-0.01133
0.55415
-0.39138
0.11067
-0.11904
0.56121
0.51486
0.09599
0.01306
-0.06428
0.44476
0.69019
0.98919
-0.54570
-0.05340
0.42297
0.33981
0.50574
-0.61080
-0.68903
0.22690
0.02482
-0.45210
-0.51473
-0.04359
-0.09486
0.38829
-0.76184
0.10414
-0.02028
0.13708
0.50156
0.24929
-0.07225
-0.10780
-0.57806
-0.20792
0.33945
-0.02828
-1.23984
0.35023
0.58563
0.17091
0.52079
-0.51471
0.09075
0.34323
-1.22215
0.25444
0.04906
0.55316
0.21081
0.22145
0.18335
0.43956
0.04441
0.35935
0.22939
0.34363
0.47288
-0.53726
0.38580
0.17077
0.14073
-0.04477
0.01954
0.13531
-0.74025
0.09592
0.02909
-0.21981
0.23874
-0.14364
0.11322
-0.25191
0.14200
0.15894
0.27423
-0.86780
0.07982
0.16316
-0.23105
-1.10774
0.12972
0.20890
0.23405
0.46185
0.17175
-0.06545
-0.36453
0.05929
0.24531
0.00460
0.14231
0.18655
0.12761
0.18253
0.36902
0.39128
-0.05002
-0.24752
0.35276
0.21931
0.24192
0.41968
0.33421
0.32041
-0.31111
0.11101
0.19903
-0.17539
0.26697
0.43161
-0.20712
0.05399
-1.08529
0.26444
0.04042
0.54233
0.04153
-0.01760
-0.42818
-0.25982
0.13711
-0.95081
-0.42053
0.10314
0.13884
-0.19302
-0.38955
0.40403
-0.90172
0.16812
0.77528
0.05773
0.22987
0.23691
0.00191
0.24346
0.20876
0.24893
-0.45878
0.50754
0.25965
0.10049
0.20203
-0.22478
0.27918
-0.31341
0.02708
0.01321
0.09674
0.19218
-0.18063
0.18862
0.24335
0.06284
-0.75396
0.24105
-0.44971
0.21596
-0.05148
0.15306
-0.20618
-0.41126
0.38539
-0.07990
0.22481
-0.44439
0.18395
0.28649
0.26197
0.38870
-0.77947
0.49424
-0.11032
-0.14217
0.29946
-0.31683
0.16598
-0.02852
-0.44500
0.57529
-0.00218
0.08299
0.04679
-0.45923
0.47317
-0.09570
0.01524
0.15447
0.27800
0.08553
-0.59183
-0.62128
-0.08197
0.12714
0.43868
-0.82106
-0.33836
0.18050
-0.18010
0.40471
0.33674
0.01182
0.72144
-0.63595
-0.25716
0.07486
0.06164
0.15864
0.33048
-0.75489
0.00472
0.50825
0.16351
0.12524
0.13155
-0.34849
0.04209
-0.65464
-1.32421
0.27763
-0.00031
-0.10668
0.20237
-0.42057
0.43642
0.25178
0.37196
-0.64484
0.45273
0.45218
0.46286
0.36419
0.11710
0.24671
-0.16324
-0.47079
0.23347
0.15279
0.16605
0.59365
0.18626
0.40861
-0.03909
0.10903
0.42034
0.17044
0.58035
-1.46157
-0.61889
0.54929
0.39982
0.15127
0.68924
0.08228
-0.09869
-0.19074
0.29356
-0.01729
0.18324
-0.24334
0.06710
0.45046
0.20457
0.73815
0.74781
0.31115
0.19550
0.77092
0.36925
0.69788
-0.09255
-0.08844
0.14480
0.39200
0.19273
-0.04227
-0.36938
0.07317
0.09824
0.50956
-0.60194
0.18779
0.24116
-0.08265
0.13090
0.04460
-0.58854
0.43496
0.13087
0.20344
0.09045
0.15751
0.15474
-0.05135
0.09143
-0.22555
0.16077
0.25591
0.30537
-0.19231
0.33753
-0.10762
0.35893
0.27885
-0.16073
0.39118
0.18713
0.47374
0.46613
0.51565
0.22880
0.23595
0.20829
0.16116
-0.36649
0.33355
0.31989
0.11270
0.05210
0.39412
0.51095
-0.13476
0.13799
-0.21222
-0.10172
0.28686
0.82145
0.13104
0.20959
-0.06546
0.00047
0.74552
-0.39884
-0.39830
0.33413
0.17162
-0.37486
0.28845
-0.43013
-0.32010
-0.39779
-0.10316
0.21295
-0.50366
-0.07104
0.35771
0.25318
0.17575
-1.23245
-0.06967
0.21560
0.14147
0.23416
0.53542
0.11258
0.30234
0.45253
0.21973
0.48594
-0.90038
0.23612
-0.38712
0.45615
0.32172
-0.27041
0.25399
-0.02162
0.07256
0.31659
-0.21947
0.13540
-0.05408
-0.22871
-0.32871
-0.43594
-0.09338
0.20257
-0.91363
-0.01419
-1.00373
0.04971
0.42607
0.28047
0.37259
-0.45112
0.24568
0.54633
0.06739
0.40388
0.10092
0.69609
0.35184
0.18972
0.23770
0.10950
0.40963
0.08329
-0.20226
0.09250
0.41017
0.35420
0.28907
-0.11658
0.10259
-0.10334
-0.42214
0.11897
0.35199
-0.49157
-0.19048
0.23983
-0.02247
0.32584
0.44423
0.10977
0.29874
0.01600
0.00669
0.31256
-1.01346
-0.40245
-0.04217
-0.06639
0.12519
0.40341
-0.76013
-0.58689
0.43658
0.34916
0.31132
0.55190
-0.14336
0.34141
0.21388
-0.41632
-0.23088
-1.07914
0.17538
-0.80306
0.37832
-0.74915
0.16441
0.02837
0.57852
-0.21248
-0.28795
-0.57084
0.14262
0.09706
-0.72662
-0.41212
0.23525
0.27653
0.29891
-0.94730
0.22203
0.24236
0.33791
0.48114
-0.36323
0.17557
0.50659
-0.71341
0.17854
-0.88894
0.37864
0.24395
0.26614
-1.31326
-1.35337
-0.17949
-0.41968
0.79949
0.34757
-0.32752
-0.28585
0.32408
0.31647
0.27369
0.15260
0.32922
0.42923
-0.32337
0.07858
-0.47322
0.19029
0.35897
0.25552
0.11939
-0.06738
-0.58925
-0.43216
0.22870
0.20364
0.00805
0.41357
-0.10736
0.15702
0.16002
-0.53527
-0.16243
-0.54591
0.36757
-0.87326
-0.21362
0.33369
0.62014
0.16122
0.10140
-0.34804
-0.44183
0.12494
0.26026
0.27205
0.59550
0.42661
0.20278
0.00701
0.19882
0.41557
-0.60961
0.29980
0.20301
-0.92261
0.35597
-0.30412
0.05170
0.14999
-0.40167
0.05298
0.43063
-0.33253
0.08692
-0.49128
0.62468
0.10134
-1.65876
0.52441
0.29871
0.08546
0.32642
-1.02379
0.07239
-0.77338
0.35981
0.36824
-0.54407
0.18393
0.39719
-0.62505
0.29497
0.30780
-0.22175
-0.10055
0.35839
0.48288
-0.01581
-0.93186
0.42350
0.09469
0.37325
0.14491
-1.59679
0.39331
0.24311
-0.92407
-0.82877
0.52955
0.01850
0.34237
-0.84750
0.12828
-0.22571
0.37027
0.23683
-0.85486
0.02171
0.15834
-0.05842
0.43971
0.32724
0.37673
0.35572
-0.19689
0.71842
0.11559
0.28774
0.23420
-0.28076
0.48630
0.13874
0.37621
-0.33530
0.06522
-0.26600
0.34632
0.19818
0.30379
0.68281
-0.26896
0.41389
-0.04661
0.45253
-0.29494
0.03825
-0.41771
0.37873
0.25774
0.44579
0.28261
0.34965
0.04494
-1.18027
-0.13684
0.13146
0.25015
-0.61051
0.16113
-0.00590
0.40852
0.15969
0.62472
-0.69128
-0.45020
-1.17898
0.44029
0.23597
0.34526
-0.45159
0.36522
0.43641
0.11892
-0.69225
0.21040
0.43712
-0.35360
0.03733
-0.21909
-0.07610
0.34698
-0.73710
0.22760
0.28422
0.18524
-0.02599
-0.01286
0.15220
0.47235
-0.35009
0.08006
0.49342
0.59436
0.30501
0.40093
0.10091
0.21598
-0.00455
0.29756
0.23870
0.72394
0.14495
0.12333
0.29244
0.15212
0.46762
-0.35404
0.24850
0.24183
0.05824
-0.33430
0.13372
0.56047
0.10351
0.58772
-0.94334
-0.38593
0.20695
-0.47570
0.25446
0.57049
0.47133
-0.14229
0.89384
-0.89788
-0.41529
-0.30207
0.23162
-0.30313
-0.65067
0.41845
0.42837
-0.41090
-1.00781
-0.34547
0.68053
0.08381
-0.13050
0.18285
-1.04652
0.26048
0.14045
-0.85746
-0.17197
0.08354
-0.49814
0.11946
-0.17461
0.35863
0.04346
0.37208
-0.20362
0.12922
-0.57626
-0.72226
0.27647
-0.23854
-0.40354
0.43062
-0.40412
0.10517
0.14804
0.05133
-0.07483
0.28132
0.47894
-0.58876
0.16006
-0.39891
0.14303
0.28626
-0.39713
0.07494
0.05734
-0.97719
-0.40238
-0.33984
-0.83080
0.02106
0.06295
-0.28605
-0.62042
0.20651
0.29261
-0.30025
-0.06415
-0.63747
0.07067
0.45281
0.16087
0.17621
-0.07403
-0.17788
-0.44678
-0.30100
0.08002
1.08128
0.02945
-0.36318
-1.80895
0.18465
0.20840
-0.32340
-0.28975
-0.23620
-0.13891
0.24196
-1.35626
-0.04978
0.12916
0.04865
0.54835
-0.08071
0.11675
0.51350
0.11892
0.18352
-0.35894
0.37291
0.56682
-1.08912
0.12883
-1.18624
0.22058
0.21807
0.31785
-0.23931
-0.87981
0.15569
-0.44233
-0.99981
-0.12306
0.72453
-0.04107
0.30497
-0.91474
0.05397
-0.55325
0.06615
0.36972
0.09763
-0.41765
0.51460
-0.35362
0.10396
0.15483
0.15818
0.19665
0.49738
0.43448
-0.43790
0.08371
-0.21348
0.40615
-0.12043
0.08140
-0.21621
-0.61460
0.34645
0.32331
-0.76197
-0.14042
-0.30709
-0.92038
-0.44233
0.11938
0.13661
0.19161
-0.43206
-0.20237
-0.60341
-0.72861
0.11786
-1.07866
0.50570
0.22221
0.17722
0.08764
-0.05636
0.48170
0.09455
-0.08331
-0.47577
-0.54225
0.49384
-0.10169
-0.51830
0.12703
0.25458
0.18381
-0.19163
0.48335
0.13591
-0.32554
0.24721
0.35218
0.12994
0.40392
-0.50559
0.22611
-0.54918
-1.12918
0.43380
0.39724
0.41529
0.16029
0.17533
-0.55875
0.79474
0.23547
-0.00081
0.24876
0.35418
0.42087
0.41669
0.38537
0.31803
0.21543
0.31899
-0.60750
-0.07622
-0.28489
0.00959
0.17326
0.25137
0.25722
0.38953
-0.38857
-0.31730
-0.61280
-0.36858
0.14100
0.43634
-0.33767
0.28735
0.15347
0.38157
0.52918
0.05334
-0.19935
-0.20640
-0.51762
0.20976
0.35782
0.18856
0.18772
0.00484
0.07869
0.28379
0.44775
0.36934
-0.26774
0.29995
0.19695
0.27548
-1.10242
-0.29917
0.05647
0.04819
-0.04673
-0.43278
0.41376
-0.31229
-0.30205
0.28781
-0.48380
0.58661
-0.37579
-0.66781
0.30712
0.59564
-0.01159
-0.01065
-0.23072
-0.39788
-0.67132
0.11156
-0.41938
0.33189
0.43734
0.24784
0.31777
0.17344
0.40469
0.03794
-0.60604
-0.33785
0.10003
-0.77630
-0.85181
0.25275
-0.23786
0.17812
-0.21901
0.09278
0.17898
-0.82898
0.15184
0.20930
0.35204
0.00701
-0.54567
0.00563
0.17165
0.06994
0.15342
-0.18066
0.35970
0.05553
-0.60068
-0.24116
0.24186
0.02605
-0.18445
0.52066
-0.69385
-0.02169
0.11335
0.19530
-0.55217
-0.64125
-1.57858
0.09437
-0.86195
-0.24113
0.39320
0.33974
-0.01749
-0.01979
0.19463
0.01723
-0.08656
0.43155
0.78806
-0.59791
0.11578
-0.09278
0.32774
0.00749
-0.00493
-0.72615
0.10503
-1.74002
-0.93418
0.44777
-0.24325
-0.32064
-1.20638
0.01835
0.28933
0.05696
-0.03027
0.28709
0.25355
0.06745
0.00286
0.20230
-0.85701
0.18113
-1.23503
-0.18679
0.40568
-0.22560
0.60640
-0.03563
0.15978
-0.86792
0.16607
0.24100
-0.80080
-1.54858
-0.32798
0.05808
0.58065
0.35961
0.18888
-0.90220
-0.37973
0.22950
-0.83144
0.41817
0.13471
0.09499
-0.67861
-1.18409
-0.01543
-0.41189
0.38343
0.23239
-1.01180
-0.28581
-0.07676
0.46146
-0.35055
0.30033
0.16766
0.21600
-0.58760
0.24641
-0.24478
0.79538
-0.23647
-0.39261
0.31079
0.03132
0.60198
0.13716
-0.63195
0.53921
0.15603
-0.08310
-0.36779
0.33851
-1.05361
0.00789
0.63800
0.22522
0.16546
-0.45164
-0.42184
-0.31657
-1.87593
-0.04888
0.03449
0.07542
-0.22558
-0.43835
0.36534
-0.45989
0.20106
-1.03678
0.39027
0.67209
0.57692
0.72618
-1.00221
-0.44090
0.60098
0.08130
0.18579
0.34152
-0.77834
0.54647
-0.66341
0.03634
0.15422
-0.92738
0.23996
0.24349
0.19625
0.24570
0.33453
0.12570
-1.01433
-0.03095
0.11954
-0.65045
0.17599
0.13477
0.14025
-0.90365
0.86585
0.22179
-0.33092
0.12335
0.21251
0.49883
0.47406
0.00841
-1.13794
0.29845
-0.08340
0.30225
0.14380
0.45559
0.21689
-0.38204
0.13595
0.17999
0.31488
-0.34414
0.14168
-0.13861
-1.02336
0.27467
0.47850
0.14724
0.32352
-0.30731
0.24118
0.12899
0.58869
0.46019
0.20086
0.22597
-0.13683
0.18689
0.02935
-1.08758
-0.91886
0.21484
-0.04840
-0.06043
-0.19231
0.08757
0.23108
-0.01006
-0.04283
-1.18509
-0.81954
-0.72567
-0.04407
-0.94000
-0.34706
-0.58270
-0.47693
0.47088
0.04034
-0.07697
0.19106
0.34577
0.78177
-0.60890
0.25714
0.27598
0.13219
-0.16089
-0.98746
0.15459
-0.62118
0.35347
-0.29708
0.12756
-0.12820
-0.48580
0.56610
0.49684
-0.51438
-0.79746
-0.23117
-0.41876
-0.78187
0.07809
0.08292
-0.07332
-0.83183
-0.03864
-0.30765
-0.42493
-0.70508
-0.09174
0.06181
0.36734
0.02399
0.20237
0.05002
-0.72452
-0.29985
-0.46903
-1.29562
0.39201
-0.49749
-0.61083
-0.26957
0.09283
0.02286
-0.32280
-0.30790
0.22545
0.13387
0.23171
0.11425
-0.32006
-1.05211
0.38797
0.36218
0.33846
0.07323
0.53346
0.17055
-0.02483
0.09832
0.19206
0.16246
-0.04796
0.25930
0.16441
0.00313
0.03902
-0.42863
0.17205
-0.84541
0.29632
-0.46924
0.00053
0.01998
0.28890
0.13526
0.17248
0.36924
0.11269
-0.86138
0.34108
0.21020
0.31656
-0.11385
0.42343
0.43254
0.17789
-0.63060
0.11684
0.31147
-0.28601
0.15318
-0.16584
-0.91893
-0.06987
0.31504
0.75451
-1.29605
0.03450
-0.00697
0.19277
0.30615
-0.42237
0.16276
0.08594
0.24176
-0.40652
-1.66033
-0.02950
-0.70153
-0.16582
0.77322
0.50376
-0.00164
0.12842
-0.02889
-0.56786
0.28229
0.28228
0.12162
0.34795
-0.05587
-0.30689
0.31541
0.52187
-0.02250
-0.68273
-1.26031
-0.26635
0.01828
-0.38806
0.34549
-0.39702
-0.21894
0.65984
0.56046
-0.29727
0.00385
0.15979
-0.66120
0.25025
0.66628
0.23650
0.13316
0.12013
-1.40837
0.08309
0.18550
0.38411
-0.21509
0.31952
0.30781
-0.01105
0.51215
0.15552
-0.46148
0.58988
-0.25681
0.59149
-0.07767
0.44674
0.21220
-0.09496
-1.41736
0.19289
0.24659
0.42952
0.12433
-0.71726
0.57930
0.12483
0.15748
0.46294
0.32501
0.10044
-0.32578
0.16334
-0.11953
0.68415
0.40525
-0.14126
0.54325
0.13499
0.04755
0.13942
-0.79958
-0.29704
0.19627
-0.83277
0.38713
0.38057
-0.03876
0.16213
0.08533
0.08167
0.45661
-0.78028
0.30930
0.23274
-0.10605
-0.68489
0.11965
-0.06137
-0.38326
0.38841
0.27189
0.24611
0.27762
-0.74359
-0.33743
-1.40907
0.33872
0.17756
0.51756
0.13549
-0.05017
0.18177
0.58015
-1.17024
-0.35021
0.09810
0.09940
0.13353
0.39998
0.01404
-0.26721
0.02123
-0.12001
0.33500
-0.80935
0.19586
-0.04670
0.10870
0.28634
0.10818
-0.69989
-0.12584
0.23991
0.09464
-0.20419
-0.35027
-0.51424
0.35330
0.01307
0.35194
0.14876
0.03112
0.08505
-0.68650
-0.17884
0.21708
0.47257
0.33798
-0.54898
-0.30986
0.26372
0.37531
-1.29529
0.38526
-1.19645
0.25874
0.45923
0.15222
0.14217
-0.17563
-0.04556
-0.64727
0.36678
-0.01586
-0.14767
-0.53600
0.09882
-0.16153
-0.93612
-0.69389
-0.39454
-0.51171
-0.00267
0.24915
-0.09084
-0.01423
0.20065
0.73206
0.49288
-1.22987
-0.77664
-0.92507
-0.49909
0.06486
0.48890
0.67916
0.22600
-0.66129
0.22029
0.25865
0.18036
0.29431
0.15542
0.24133
-0.61777
-0.03285
0.17822
-0.17552
-1.36906
0.09489
-0.33389
-0.45186
0.25127
-0.27520
-0.05640
0.50438
-0.35909
0.07519
-0.01896
0.00555
0.42896
0.34655
0.51056
0.15752
0.14148
-0.55123
-0.61301
0.00062
0.22104
-0.31472
0.13608
-0.04045
0.19282
0.23634
-0.96989
-0.63052
-0.02764
0.08166
-0.19772
-0.51521
-0.32388
0.34391
0.10781
-0.39034
0.10174
0.13880
0.31773
0.39325
-0.04412
-0.15098
0.33549
-0.07912
0.03979
0.12239
-0.10310
0.05934
0.04126
-0.03466
-1.26325
-0.34957
0.29874
-0.03762
0.20795
0.07297
-0.07385
0.42877
-0.41546
0.07360
0.22276
-0.03033
-0.33168
0.12963
0.68364
-0.05741
-0.39130
0.70847
0.37602
-0.18617
0.29404
0.09612
-0.39381
-1.21929
-0.45141
0.27848
0.05319
0.60399
0.06217
-0.69454
-0.95346
0.04939
-0.20275
0.12446
-0.44248
0.44489
0.48988
0.28405
-0.00820
0.21303
-0.38247
0.03592
0.02000
0.56660
0.11987
-0.27770
0.36804
0.13571
-0.01992
-0.13099
0.33468
0.07615
0.38995
-0.21454
-0.41125
-0.64179
0.50559
0.31158
0.15484
0.55970
-0.37167
0.18106
0.27332
0.22583
0.03533
0.10414
0.51780
-0.32861
0.02225
0.61539
0.15237
-0.28700
-0.25187
-0.72224
0.16310
-0.24136
0.31389
-0.67567
0.48363
0.44287
-0.26381
0.09333
-0.60526
0.13717
0.21133
0.79652
-0.12443
0.23993
-1.47729
0.25202
-0.23840
-0.17634
0.04018
0.59394
-1.32606
-0.13115
-0.29204
-0.04336
0.39067
0.06791
-0.42407
-0.01736
-0.34850
0.61858
-0.46035
0.02561
-1.01104
-0.55733
0.19688
-1.56005
-0.36035
-0.29964
-0.15620
0.18181
-0.89303
0.41688
0.07437
-0.35274
0.30912
0.24074
-0.24793
0.32049
-0.07237
0.20904
-0.14670
0.08461
-0.54923
0.27409
-0.58177
0.20288
-0.01752
0.69435
-0.59713
-0.83490
-0.34527
0.39630
-0.82137
0.28688
-0.24924
0.62230
0.13712
-0.84596
0.30194
-0.08980
-0.42198
0.01354
0.16144
-0.54428
-0.20976
0.02293
0.13579
0.21209
0.09326
0.07533
-1.25996
0.20385
-0.09655
-0.83072
0.08097
0.68673
-0.63805
-0.02941
-0.19658
0.41709
-0.07177
-0.32651
0.21440
0.02592
0.44539
0.10238
-0.14090
0.24667
0.37611
0.19342
0.23366
0.18036
0.39373
0.13756
0.38631
-1.09274
0.10062
-0.25043
-0.41657
0.22958
0.22150
0.13759
0.16937
-0.84129
-0.14314
0.09933
0.16535
0.02656
0.26578
0.42439
0.25010
-1.61553
-0.22035
-0.63253
-0.85318
0.46559
-0.28242
0.29812
0.25958
-1.14579
0.02431
0.32843
-1.16639
0.20004
0.31719
0.53145
0.21025
0.13988
-0.92901
-0.21929
0.11004
-0.71270
-1.34913
-0.05041
0.34009
-0.30515
-0.74664
-0.18618
-0.23530
0.35708
-1.42923
0.15646
-0.31281
0.21564
0.56090
0.10550
-0.06105
0.08441
0.25706
-0.13917
0.41603
-0.16956
0.37048
-0.08131
-0.35126
-0.94321
0.17462
0.35548
-0.24658
-0.01210
0.03460
-0.01973
0.44885
0.03106
0.33705
0.52932
0.05595
-0.87710
-0.64403
0.29879
-0.78432
-0.56117
0.16001
-0.61261
0.69334
0.10593
0.64539
0.54725
0.14757
-0.23195
-0.98782
0.44962
-0.52862
0.22375
0.07279
0.34546
0.17607
0.53478
0.48398
-0.76602
-0.27117
0.14352
0.19821
-0.88329
-0.17985
-0.42914
-0.11030
0.12868
0.11661
0.14091
-0.74576
0.25667
-0.05275
0.15511
0.16338
-0.68572
0.26025
0.30498
-0.07210
0.16957
0.46347
0.10175
-0.34364
0.63212
-0.53377
0.30920
0.64077
0.13195
-0.40592
-0.02280
0.08039
-0.04088
0.14140
-0.08476
0.06502
-0.27819
0.01064
-0.22947
0.15068
-0.00225
-0.50146
-0.76221
-0.35619
0.22836
0.38861
0.31924
0.10089
-0.45875
-0.03339
-0.06186
0.34355
0.48583
-0.32678
-1.15833
-0.01275
0.58591
0.50292
-0.55172
-0.42165
0.05152
-0.69368
0.13743
-0.17215
0.20239
0.39287
-0.53762
-0.38769
-0.51197
0.10011
0.37936
-0.50505
-0.79107
-0.99420
0.06137
0.25940
-0.58385
-0.34303
-0.07829
0.48692
-0.35514
-0.20935
0.74874
-0.36083
-0.09164
-0.38746
-0.32866
0.15950
-0.25497
0.07582
-0.15026
-0.42188
-0.36253
-0.51827
-0.06416
0.05132
-0.19310
-0.05753
0.09434
-0.12431
-0.00015
0.05728
0.18963
0.16040
-1.15610
0.43477
0.61340
0.14025
0.18740
0.18656
-0.09515
0.26847
0.05037
0.10787
0.34238
0.25103
-0.58728
-0.00448
-0.48750
-0.19869
0.13222
0.15915
0.69211
0.21598
0.42708
0.57043
0.26746
-0.05465
0.09697
-0.59622
-0.60815
-0.33171
-0.28926
-0.19772
-0.74634
0.29727
-0.40566
-0.02269
0.30914
-0.00371
-0.52960
0.22854
0.46629
-0.62031
-0.88243
-0.21030
-0.04705
0.21573
-0.64750
-0.35272
0.04292
-0.18182
0.15322
0.37914
1.06313
-0.36412
0.24842
-0.32500
0.42384
-0.64199
-0.04257
0.21787
0.23111
-0.42411
0.59487
0.27414
0.66149
0.33945
-0.48580
-0.00065
-0.19792
-0.41089
0.31194
-0.21872
0.20822
0.13924
0.13618
-0.00005
0.19608
0.55650
0.43238
0.11504
0.25740
0.17770
-0.28269
0.33332
0.46621
0.05681
-1.00748
0.13435
-0.77667
0.36967
0.02420
0.56297
0.06295
0.26503
0.18281
0.20574
0.10581
0.81883
-0.23637
0.79927
0.13015
0.34043
-0.36683
-0.22080
0.24912
0.39344
0.26943
-0.11141
0.51769
0.42017
0.05977
-0.52565
-0.42128
-0.04205
0.69571
-0.07941
0.53003
0.13453
0.61583
0.20604
0.31527
-0.11448
-0.02672
0.09696
-0.31340
0.14269
0.60715
0.21049
-0.13256
0.45173
0.01680
-0.42966
0.06729
0.20551
0.48075
-0.46429
0.31860
0.11429
0.08784
0.12904
-0.32855
0.08113
0.15101
-0.50317
0.02880
0.54267
-1.11503
0.07400
0.13948
0.74018
-0.88521
-0.25176
-1.23745
0.16287
0.60492
0.01464
-0.52913
0.24852
0.32189
0.19343
-0.82036
-0.33929
0.32463
0.29892
-0.93574
0.83199
-0.14268
-0.82127
0.08622
-0.34135
0.15144
0.00849
-0.03597
-0.39580
-0.04970
-0.41568
-0.38479
0.12491
0.37465
0.29369
0.16746
0.20213
0.06898
-0.47101
-0.88896
-0.68343
-0.27172
0.08882
-0.61679
-0.01032
-0.53059
0.08746
0.47396
-0.11060
0.03453
0.68621
0.12774
0.33098
0.19463
0.23568
0.14625
0.11924
0.35529
0.00551
0.13801
0.32716
-0.23899
0.22843
-0.32658
0.44575
0.46494
0.46576
-0.00441
-0.86965
0.47083
0.09474
-0.27901
-0.16876
0.68947
0.13265
0.33497
-0.41716
-0.73074
-0.37562
-0.09357
0.12349
0.11777
0.33033
-0.25384
0.31573
-1.07221
-0.56277
0.13857
0.27284
-0.07261
-0.59683
-1.42337
-0.01276
0.07057
0.65449
0.00863
-0.22989
-0.23068
-0.04116
0.06639
0.45529
0.38365
0.12047
-0.99366
-1.33335
0.17447
-0.27345
-0.26307
0.36470
-0.08013
0.00568
-0.45092
0.57297
0.51379
0.65959
0.25832
0.05386
-0.27740
0.39152
0.13163
0.11847
-0.01995
0.50469
-0.94595
0.02859
0.37420
0.31972
0.02958
-0.38482
0.41087
0.23278
-0.22137
-0.42222
-0.41888
0.13727
0.42570
-0.08039
0.12357
0.08841
-0.26212
0.25234
0.35379
0.22007
-0.10898
-0.49963
0.24162
-0.18280
0.41038
-1.18349
-0.00008
0.13360
-0.34785
0.52474
0.04265
0.03577
-0.36358
-0.43828
0.15792
0.15587
0.20077
-0.12741
-0.80543
0.37318
0.15656
0.24010
0.10389
0.16662
-0.21690
0.17561
-0.84306
0.33310
-0.06571
-0.27939
-0.10946
0.41408
0.14781
0.23849
0.17513
0.59629
0.09904
0.07811
-0.20104
-0.76984
0.13578
-0.73495
0.15072
0.10859
-0.25919
0.20344
0.10267
0.15008
0.20353
-1.07718
0.39353
0.34177
-0.40959
-0.11101
0.82336
0.11127
0.02191
0.48180
0.53308
0.22887
-0.51642
-0.40385
0.38405
-0.51799
0.25937
-1.62989
0.26487
0.65126
0.48986
0.17753
-0.00033
0.14107
0.14816
0.71488
-0.53527
0.27170
0.64824
0.12581
0.27555
-0.81684
0.08940
0.30761
0.44384
-0.39520
-0.05744
0.13566
0.33562
0.13147
-0.26221
0.00329
-0.06573
0.38164
0.17842
0.56910
0.40564
0.32783
-0.43486
-0.39363
-0.58060
-0.05059
0.07539
-0.02541
-0.33896
0.05479
0.08046
-0.34208
0.00350
0.04730
-0.34262
0.01679
0.09798
0.10847
0.44096
-0.65110
-0.44679
0.11866
-0.32664
-0.41884
0.37722
-0.92543
0.64741
0.10055
-0.06323
-0.32254
-0.21292
-0.16756
0.23661
-0.02639
-0.13291
0.35862
-0.45882
0.13209
0.40357
0.50422
0.18284
-0.70040
0.17756
0.41992
0.15301
0.00156
-1.47241
-1.46528
-0.01596
0.52522
-0.00361
0.63576
-0.28344
-0.05736
-0.60079
-0.00309
0.18892
0.16494
0.15748
-0.12278
-1.19215
-0.17755
-0.68798
-0.54087
-0.20425
0.59481
0.15132
0.18764
-0.66835
-0.00717
0.01281
0.40819
0.27474
-0.91861
0.31063
-0.04832
-0.46023
0.40479
-0.00087
0.24544
-0.87743
0.09250
0.14352
-0.15783
0.16512
0.75621
-0.71978
0.12196
0.40530
0.13676
0.17547
0.17761
0.17935
0.38220
-0.13493
0.83348
-0.54590
-0.03273
-0.53352
0.26682
0.37387
-0.63256
0.12996
0.08070
-1.13783
-0.08566
0.08868
0.03880
0.33343
-0.39480
-0.85097
-0.22450
0.03181
0.47220
0.77261
0.06156
-0.37266
0.36713
0.07100
0.03029
0.13607
-0.39251
0.10808
-0.89081
-0.32929
0.28156
-0.83479
0.45671
-0.16101
0.25636
0.05544
0.02481
0.74468
-0.29705
-0.53853
-0.23372
0.09855
-0.52883
0.11673
0.14119
0.00259
-0.34833
-0.37436
0.12993
-0.04791
-0.08712
-0.01508
0.15187
0.18271
0.54702
0.45924
-0.35946
-1.16498
0.00717
0.01126
-0.14352
0.06690
0.66021
0.05553
0.20815
-0.83035
-0.17682
0.02608
-1.33254
-0.06434
-0.09155
0.44193
-0.11819
0.15584
-0.25186
0.16258
0.16267
-0.38081
0.37964
-0.83329
0.12853
-0.22456
-0.29881
0.43379
-0.49314
-0.82290
0.66608
0.09272
0.29480
0.15544
0.19330
-0.00148
-0.03744
0.06102
0.05761
-0.04983
-1.43612
-1.50801
0.14825
0.03795
0.13589
-0.55241
0.06609
0.55207
0.10514
0.28418
-0.75378
0.32910
-0.25697
-0.27132
0.21342
0.16506
0.14974
0.04930
-0.35128
0.00685
0.12677
0.12108
-0.68009
0.13757
-0.64748
-0.19435
0.39075
0.47164
0.14080
0.05584
0.11886
0.35538
0.44039
0.06805
0.10971
0.16483
0.35852
0.02144
0.22595
0.34937
0.63204
0.17739
-0.01247
0.31776
0.22182
-0.38963
0.42506
-0.22605
0.10715
0.21738
0.21647
-0.24172
-0.32697
-0.07558
-0.08764
-0.13808
-0.40234
0.16191
0.29214
-0.25777
0.78055
-0.06174
0.12774
0.30682
-0.11560
0.19514
0.17067
-0.00967
0.20930
0.36712
0.06224
0.44744
0.14413
-0.99890
-0.00185
-0.01955
-0.01458
-0.43808
0.08554
0.24230
-0.05522
0.31104
-0.00026
0.72911
-0.56708
0.48383
-1.21103
0.45351
0.33241
0.05178
0.05372
0.46785
-0.27395
0.09684
-0.80275
0.11974
0.17853
0.51624
0.66304
0.05882
0.13091
0.42380
0.05364
-0.40485
0.38909
0.10462
0.36951
0.38315
0.31429
0.50412
0.22973
0.03613
0.04882
0.09930
0.03701
0.13766
