-0.02965
-0.50077
-0.54593
-0.29848
-0.03403
-0.02110
-0.14378
0.00224
0.01110
-0.02781
-0.28757
-0.69899
-0.54667
0.08351
0.09708
-0.12521
0.09459
0.27529
-0.07844
-0.16730
0.01167
-0.61389
0.04064
-0.60265
0.05605
0.11975
0.13633
-0.38780
0.04097
-0.27246
0.00154
-0.35887
-0.04860
-0.35323
-0.10783
0.18150
-0.35192
0.04259
-0.09625
0.01766
-1.26977
-0.06532
-0.26476
-0.63716
-0.25459
0.12250
0.07871
-0.35915
0.13578
0.08990
0.12248
-0.38676
0.13732
-0.51797
-1.34969
-0.32822
-0.26468
0.09348
0.29817
-0.12022
0.12959
-0.09061
0.19828
-0.06954
0.21744
-0.06075
0.04880
-0.42002
0.09928
-0.30864
0.30851
-0.06883
0.12422
0.10669
-0.65020
0.06985
0.14247
-0.07924
-0.24689
-0.11298
-0.09922
0.15097
-0.06216
-0.11859
-0.01748
-0.31278
-0.11163
0.04578
-0.75480
-0.16781
-0.93815
-0.85867
0.77606
-0.02724
-0.05429
-0.16631
-0.21573
-0.19667
0.06603
-0.50513
0.08453
-0.17615
-0.06784
0.01376
-0.13225
0.17362
-0.00781
-0.23783
-0.13005
-0.14140
0.34408
-0.29298
-0.48590
-0.02927
-0.20181
-0.67798
0.01860
-0.13737
0.02605
-0.26791
0.24205
-0.03832
-0.13215
0.03521
-0.03944
-0.73547
0.18481
0.01542
0.04555
-0.46393
-0.23356
-0.00605
-0.39588
-0.17903
-0.75349
-0.05060
0.09856
0.14257
-0.06770
-0.35040
-0.82000
-0.52251
-0.20139
-0.07586
-0.00048
-0.13350
-0.04982
0.09998
0.05916
0.02297
-0.40670
-0.16598
-0.20265
-0.34829
0.04338
-0.17788
-0.80208
0.00447
0.02851
-0.08201
-0.29868
-0.17781
-0.08038
-0.47690
0.05639
-0.80539
0.20282
-0.25534
0.14991
0.12835
-0.02465
0.06880
-0.26371
0.03612
-0.17568
-0.06823
-0.27096
-1.02635
0.04405
-0.34509
-0.18339
0.30081
-0.31209
0.04906
-0.09808
-0.70426
-0.08265
-0.14981
-0.23780
-0.51289
-0.32408
-0.09981
-0.12827
-0.24017
-0.33505
-0.19896
-0.23316
-0.01673
-0.03028
-1.38606
-0.75535
-0.41426
-0.42234
0.11057
-0.32279
0.01646
-0.10854
-0.87303
-1.22070
-0.45301
-0.16131
0.05857
-0.21769
0.01617
-0.04848
-0.37900
0.12614
-0.45554
-0.17729
-0.28525
0.01147
-0.18135
-0.05431
-0.53744
-0.02853
0.02574
-0.14856
-0.20920
-0.39190
-0.25548
0.20578
-0.04038
-0.16510
-0.15242
0.11553
0.30901
-0.28031
0.02822
-0.21625
-1.01382
-0.19300
0.05932
0.34018
-0.21185
-0.34926
0.00334
-0.08898
-0.09245
0.05310
0.01001
-0.25427
-0.74084
0.25732
-0.07599
0.11221
-0.15181
-0.18965
0.04511
-0.55946
-0.40380
-0.05405
-0.20613
-0.29932
0.11559
-0.21383
-0.27878
-0.16448
0.10025
0.01816
-0.01903
-0.04395
-0.27919
-0.47261
-0.70789
0.03273
0.03150
-0.40391
0.13552
-0.11407
-0.15640
0.11376
0.00765
0.18027
0.08443
-0.25381
-0.77579
-0.36437
-0.53311
0.14689
-0.01091
0.05740
-0.41270
-0.20903
-0.31486
-0.42227
-0.04192
0.16559
-0.11330
-0.59924
-0.36223
-0.18699
0.19180
-0.14310
-0.09918
0.22895
-0.15513
0.05259
0.23741
-0.04210
0.12502
0.10547
-0.08315
-0.03501
-0.79759
-0.13173
-0.20268
0.10078
-0.38978
-0.08305
-0.07929
-0.24291
0.13810
-0.23091
-0.70276
-0.03807
-0.43334
-0.84143
0.04459
0.49037
-0.28818
-0.16137
-0.05170
0.05147
0.16017
-0.08653
-0.32706
-0.57601
0.02579
0.11334
-0.08697
0.12310
-0.17988
0.05968
0.03928
-0.47372
0.16515
0.17624
0.08572
0.05938
-0.18564
-0.07644
0.18784
0.25191
-0.74413
0.06968
-0.12323
-0.30628
0.09292
0.06578
-0.22596
0.25721
-0.25268
-0.08745
-0.17921
0.07388
-0.01404
-0.24436
-0.58904
-0.38483
-0.06998
0.21154
-0.70516
-0.22701
0.03376
-0.74434
-0.28693
-0.41430
0.01413
-0.19801
0.02725
-0.07864
-0.08481
0.19618
0.00275
-0.50425
-0.06002
-0.26305
-0.65010
-0.13123
-0.39143
0.07977
0.10640
0.12582
-0.61881
-0.11800
-1.16465
-0.54571
-0.13892
0.00841
-0.00997
-0.24586
-0.30894
-0.24271
-0.27995
0.04303
-0.25879
-0.21173
-0.05268
0.32656
0.01673
-0.25762
-0.65786
0.00483
0.12181
0.06601
-0.24369
0.04412
0.12626
-0.04356
-0.20365
0.10500
-0.09772
-0.04082
-0.14787
0.09725
-0.17389
0.09068
0.14514
0.27772
0.03434
0.10817
-0.08062
-0.12098
-0.44292
0.03639
0.08728
-0.36935
0.10097
-0.23153
-0.03746
0.02222
-0.14668
-0.08374
0.15389
0.08877
-0.72280
0.48869
0.10801
-0.09631
-0.42670
0.14768
-0.28933
-0.41169
-0.21959
-0.14746
-0.12080
0.01783
-0.22746
-0.64686
-0.49107
0.01526
-0.01504
-0.15067
0.08544
-0.02126
-0.03289
-0.07045
0.05834
0.18166
-0.33021
-0.27647
0.07282
-0.42776
-0.78080
0.13996
-0.16604
-0.30065
-0.24721
-0.10671
0.25523
-0.35181
-0.52825
-0.08435
-0.42279
-1.16875
-0.00439
-0.28610
-0.00782
-0.14087
0.10473
-0.22588
-0.13447
0.01264
-0.55186
-0.08154
-0.13235
-0.55193
-0.23013
-0.01200
-0.28506
-0.86635
0.07262
0.04837
-0.07501
-0.25053
0.11025
-0.39999
-0.28020
-0.00265
-0.25651
0.07088
-0.23961
-0.30863
-0.56440
-0.08229
0.24599
-0.02605
-0.18976
0.03144
-0.18042
-0.47839
-0.11116
0.06367
-0.44825
0.22907
-0.17904
0.05868
-0.81246
-0.22923
-0.35024
-0.21260
0.20936
0.00112
-0.42556
-0.10537
-0.21014
-0.34925
0.04172
-0.06356
0.03273
0.17774
-0.03297
-0.60914
-0.43995
-0.06468
0.09100
0.21973
-0.03365
-0.39989
0.02536
-0.36357
-0.47406
0.15740
0.03871
-0.15036
-0.59190
-0.48528
-0.21837
-0.36896
-0.08774
-0.32517
-0.23963
-0.16115
-0.26967
-0.21852
-0.64209
-0.09678
-0.08635
-0.00509
0.20546
-0.08850
-0.35738
-0.00454
-0.50646
0.28553
-0.24981
-0.26857
-0.30908
-0.44912
-0.10505
-0.45134
-0.13388
-0.05869
-0.22010
-1.10405
-0.41373
0.40833
-0.09222
-0.18328
-0.17517
-0.35574
-0.05767
0.01520
0.20729
0.11752
0.00253
-1.14786
-0.02488
-0.17043
0.09996
-0.16782
-0.18001
0.12925
-0.12372
-0.03689
0.02573
-0.26029
0.09786
-0.16584
-0.07579
-0.50576
-0.18395
0.04324
0.15525
-0.76597
0.08395
-0.05954
0.20102
-0.38560
-0.54858
-0.13632
-0.21470
0.17581
-0.03603
-0.05891
0.25766
-0.08555
0.03421
-0.27022
-0.26138
0.09087
-0.17796
-0.87622
-0.39583
-0.02981
-0.24202
-0.44553
-0.23605
0.01161
-0.11645
-0.05497
0.15079
0.10076
0.03395
0.08463
-1.09874
0.10735
-0.58454
-0.24565
-0.18207
-0.44111
-0.42211
-0.16530
-0.11493
-0.14958
0.26003
-0.06769
-0.21917
-0.11301
-0.30392
-0.86970
-0.10142
-0.04783
-0.12986
-0.34933
-0.05055
0.06154
-0.05906
0.15123
-0.80447
-0.29007
-0.28598
-0.19827
-0.08865
-0.18867
-0.47939
-0.28156
-0.45228
0.21993
0.01344
-0.28173
0.22970
0.06435
-0.92395
0.04935
-0.77140
0.01536
-0.13867
-0.11922
-0.40504
0.11639
-0.69406
0.05098
0.13915
-0.23201
-0.41473
0.37116
-0.57626
0.15143
0.07651
-0.67330
0.05813
0.04537
-0.01779
-0.37316
-0.51088
0.11760
-0.61860
0.10085
-0.08081
-0.02382
-0.18610
-0.01526
-0.54615
-0.12406
-0.91017
-0.38312
-0.25023
-0.07012
0.03804
-0.06562
-0.34130
0.03055
-0.43346
-1.19345
-0.12110
0.20861
-0.15999
-0.26781
0.12168
0.06195
-0.59400
-1.13669
-0.30911
0.02792
-0.37326
0.04530
-0.13707
0.08145
-0.26572
-0.87420
0.19698
-0.10916
-0.00241
-0.22496
0.27947
0.23357
-0.03454
-0.00544
-0.02142
0.27795
0.12579
0.01052
0.10303
-0.17199
-0.19985
-0.10209
-0.03090
-0.29413
-0.65511
0.12061
0.07009
0.31939
-0.46283
-0.27856
-0.05473
-0.00394
-0.12856
0.10974
0.19522
-0.71616
-0.07799
-0.10625
0.15081
-0.34022
0.11812
-0.10024
-0.29340
-0.13915
0.07049
0.01629
-0.17500
-0.34060
0.00464
-0.40759
-0.45786
-0.06890
-0.19079
-0.15825
-0.22715
-0.02699
-0.55797
-0.08501
-0.51905
-0.00898
-0.10259
-0.08455
-0.30823
0.09061
-0.07677
-0.15237
-0.39235
-0.37936
-0.02732
-0.22839
-0.29507
0.13609
-0.28033
-0.00524
-0.33408
0.00366
-0.10069
0.01249
0.15960
0.20674
0.14130
0.07050
-0.54766
-0.23671
0.07175
-0.15303
-0.23564
-0.03489
-0.50561
-0.22077
-0.11951
-0.03554
-0.07875
-0.31143
-0.53533
-0.19055
-0.61131
-0.14115
0.00755
-0.42704
-0.08486
0.24775
-0.52714
0.14082
0.08046
0.01938
0.02743
-0.22777
0.05405
-0.10631
-0.03318
0.03986
-0.50985
0.03377
0.01957
0.04582
-0.52679
-0.74803
0.19795
0.00388
-0.57261
-0.05864
-0.39031
0.37968
-0.27930
0.03757
-0.17663
-0.11565
-0.63226
0.08337
0.04640
-0.05707
-0.30402
-0.32252
-0.23239
0.17636
0.15030
0.04887
0.05825
-0.16859
-0.23947
-0.04393
-0.02245
-0.79414
-0.11300
-0.33665
-0.39144
-0.19175
-0.07982
-0.02198
0.09459
-0.04613
-0.20846
-0.01824
-0.21513
-0.36209
-0.02225
-0.22161
0.05553
0.01731
0.05319
-0.33062
-0.13098
-0.34495
-0.42371
0.07087
-0.53827
0.13074
0.02733
-0.28286
-0.74896
-0.29362
0.12926
-0.43336
0.15126
-0.01377
-0.09988
-0.18132
-0.57053
0.10132
0.00953
-0.26092
0.03063
-0.31176
-0.02720
-0.27329
-0.09098
0.02137
-0.24240
-0.00211
-1.23620
0.14240
-0.80842
0.09441
-0.18251
-0.76513
0.09241
0.39899
-0.36528
-0.91889
0.11766
-0.38644
0.20689
-0.32638
-0.60032
0.03608
-0.04296
0.00427
-0.31367
-0.14205
-0.02953
0.10368
-0.11470
-0.10575
-0.62209
0.13987
0.02176
-0.72203
0.11785
-0.35236
-1.11019
-0.41487
-0.57133
0.06863
-0.02990
0.17125
-0.75522
-0.04626
0.07985
-1.22159
-0.01043
-0.07905
0.03651
-0.01978
-0.21950
0.01667
-0.11182
-0.27465
0.03886
0.10589
0.10419
-0.37954
-0.05413
-0.06045
-0.03696
-0.41879
-0.30148
-0.12606
-0.07285
-0.45179
-0.02984
-0.52314
-0.66636
-0.00990
-0.27323
0.22545
-0.42129
-0.75820
0.15597
-0.30327
0.35704
-0.19614
-0.27670
0.00237
-0.33472
0.25784
0.23380
-0.52025
0.40744
0.00524
0.18966
-0.20455
-0.26117
0.35233
0.11406
0.28654
0.25242
0.28211
-0.00850
-0.25354
0.18944
0.59076
0.18336
0.17040
0.14580
0.33442
0.13743
0.18501
0.21261
0.15393
0.22168
0.19115
-1.24050
0.60850
0.12518
0.17655
0.27983
0.13293
-0.04196
-1.15340
0.09751
0.34848
-0.37428
-0.37262
0.28799
-0.19320
0.02776
0.41357
0.35417
0.59231
-0.25277
0.28784
0.35364
-0.40635
0.36700
0.12945
-0.06926
-0.88396
0.12386
0.22626
0.34943
0.22119
-0.34029
0.34773
0.16988
0.23662
0.18869
0.34237
-0.24058
0.48344
0.17179
0.17649
0.14824
-0.00383
0.27134
0.44186
-0.04502
0.00973
-0.07188
0.10115
0.17970
0.21220
0.05641
-0.33096
0.69967
-0.12563
0.04138
0.02517
0.36196
0.09899
0.10514
-0.07299
-0.19056
0.31781
0.28137
0.40670
0.46218
-0.84039
-0.74456
-0.10816
0.02403
0.05460
-0.18972
-0.44961
0.07733
-0.30035
-0.75453
0.13698
0.19048
-0.48018
-0.30292
0.54295
0.31242
0.02291
0.34902
0.01005
0.50223
-0.36154
0.12607
-0.03546
0.07735
-1.36163
-1.45305
0.27498
0.18721
-0.40082
-1.61214
-0.97788
-0.95303
0.09414
0.31991
-0.02279
0.05029
0.48278
0.24056
-0.22059
0.48503
-0.92838
0.35489
0.39176
0.13431
0.35582
-0.34129
0.07202
0.09770
0.19740
0.15505
0.06378
0.15611
0.08800
0.49230
0.19502
0.18146
0.07611
-0.08138
0.34194
0.36495
0.44747
0.03616
-0.33817
0.54278
0.57014
0.08663
-0.02362
0.03832
0.05508
-0.43958
0.17938
-0.53147
0.64337
0.19484
-0.56187
0.45126
0.36464
-0.33215
-0.16790
0.32393
0.34134
0.71344
0.23704
0.12982
0.14342
0.06698
0.16250
0.12438
0.29986
0.31024
0.14922
0.40459
0.49097
0.13630
0.06939
0.36806
0.39596
-0.35014
-0.09150
0.24409
-0.27883
0.19924
-0.44575
0.34336
-0.84528
0.17940
-0.09868
-0.26561
0.15160
-0.05856
-0.00739
0.18018
-0.75812
0.07853
0.09521
0.09077
-0.23202
0.11746
0.29798
0.12667
0.27461
0.37231
0.19987
0.16793
0.33456
0.28567
-0.03341
0.20212
0.24361
-0.29518
0.30032
-0.07467
0.03327
0.08238
-0.24438
-0.13982
0.13380
0.42767
-0.33934
-0.36536
-0.10598
0.45340
0.55923
-0.07652
0.13327
-0.31487
-1.09228
0.11209
0.51166
-0.21882
0.25848
0.63974
-0.11737
-0.19327
0.36685
-0.59494
-1.41154
0.07893
-0.00425
0.30592
0.30306
-0.28146
-0.99249
0.38408
-0.78615
-0.00303
0.16573
0.04352
0.05896
0.20221
-0.51204
0.63127
0.13377
0.11170
0.18525
0.02974
-1.05501
-0.01624
0.15123
0.10545
0.60845
-0.50178
0.69844
-0.61944
0.27123
0.20529
-0.40566
0.33687
-0.39517
-1.25947
0.28553
-0.09144
0.02078
0.21065
0.28015
0.40670
-0.71440
-0.32921
-0.59460
-0.15773
0.07902
0.20854
0.32663
-0.26198
0.14732
-0.52276
-0.73471
0.13613
0.15465
-0.61576
0.35429
-0.27043
-0.34691
-0.37872
0.11066
0.10909
0.37097
-0.42257
0.33449
0.03106
-0.77583
-0.00539
-0.12194
0.34728
-0.04924
-0.85399
0.62213
0.57578
0.44552
0.11163
0.40584
0.69701
-0.44727
-0.66278
0.41493
-0.21155
0.30935
0.13671
0.32189
0.33024
-0.17246
0.43150
0.27454
-0.07762
0.26631
0.26722
-0.62643
-0.32126
-0.23205
-0.16529
0.06280
-0.19709
0.19374
0.16174
0.03860
0.19704
0.40483
-0.32229
0.21819
0.26857
0.35994
0.19214
0.37925
0.08985
-0.66612
0.01835
0.18115
0.02042
-0.59720
0.44563
0.53078
0.31358
0.17545
-0.27739
-0.32466
0.27599
0.33824
-0.24432
0.19437
-0.00365
-0.35985
-0.49603
0.19176
-0.07835
-0.08727
0.32823
0.05174
0.42596
-0.43256
0.23393
-0.07256
0.34774
0.75116
0.42331
0.52660
0.14141
-0.31409
-0.20390
0.14260
-0.41093
0.30571
0.32841
-0.09517
0.09065
-0.05261
-0.34410
-0.41496
0.44347
0.07815
0.09784
0.08626
0.10021
0.04524
0.19604
0.58151
-0.36186
-0.71231
0.37467
0.22829
0.43448
0.20134
-0.56867
0.38572
-0.35807
-0.11739
0.12886
-0.58446
-0.02529
-0.48931
0.35935
-0.02134
-0.20583
0.40124
0.30202
0.19526
-0.39206
-0.01758
-0.05000
0.14346
-0.55469
0.13394
-0.00004
-0.00705
0.12348
0.15320
-0.70927
0.41886
-0.01148
0.04493
0.05918
0.30472
0.17664
0.32905
-0.61206
0.11229
0.51221
0.59808
0.66270
0.24920
0.06492
0.34660
0.16875
0.02454
0.21231
0.21151
-0.03237
-0.34708
-0.70331
0.44816
0.26370
0.41998
-0.04392
0.13998
0.36719
-0.58715
0.19236
0.13238
0.11897
0.15188
0.39320
0.36246
-0.22575
-0.13470
0.20474
-0.12163
0.38742
0.06341
0.18097
0.16518
0.28008
-0.37357
0.46313
-0.23729
0.25058
0.34419
-0.98412
0.41645
-0.08280
0.23750
0.42096
0.33578
0.14501
0.50588
0.25569
0.39885
0.24949
-0.39868
-0.30489
0.07503
-0.21238
-0.17024
0.56217
0.63567
0.53125
0.06258
-0.16535
0.12157
0.23581
0.21236
-0.37675
0.21948
0.00267
-0.01867
0.35264
0.13672
0.34597
0.48285
0.12036
0.24303
-0.31169
0.02733
-0.10346
0.40499
-0.05009
0.28774
0.19818
0.44063
-0.04730
0.24660
0.41108
0.13729
0.07280
-0.07850
-0.36365
0.43518
0.33980
0.15808
0.04164
0.23244
0.05429
0.33599
0.35931
-0.27994
0.24293
0.47170
0.38780
0.58349
0.33133
0.25307
0.46272
0.16768
0.25866
-0.01099
-0.29337
0.39915
0.27536
0.20307
-0.04373
0.35960
-0.07737
-1.31556
0.22598
-0.11414
0.06124
0.36281
-1.04730
0.13036
-0.59751
0.07048
0.01027
0.14458
0.31427
-0.09338
0.46074
0.26730
0.38875
0.62044
0.18249
0.13699
0.12371
0.18549
0.19811
-0.45298
-0.06447
0.30029
-0.00806
0.08443
0.08322
0.00199
0.29186
0.06827
-0.07474
0.44308
-0.06423
-0.32764
-0.28691
0.39835
-0.02439
-0.23097
0.14801
-0.78445
0.38834
-0.75606
0.01183
0.16291
-0.77864
0.02916
-0.06795
-0.41548
0.09186
0.18335
0.02424
0.06562
0.27323
-0.00638
-0.65535
-0.34240
0.55959
0.18712
0.32428
-0.09731
0.36623
0.05088
0.38353
0.14007
0.13559
-0.57787
-0.15117
0.20485
0.59021
0.08861
0.53143
-0.75680
-0.01757
-0.69303
0.27749
0.16315
0.43933
-0.22661
-0.30562
0.08191
0.10881
0.04628
-0.33851
0.32742
-0.04490
-0.32174
-0.21910
0.37811
-1.04967
0.39788
0.12608
-0.22789
-0.96812
0.11616
-0.50395
0.28233
0.84498
-0.00313
0.02314
0.12322
-0.22625
0.06289
-0.11444
0.18925
0.11855
0.31311
0.16415
0.14694
0.38846
0.10140
0.30100
0.49332
-0.24526
0.15941
0.26068
0.28300
0.31816
-0.27386
0.18656
-0.16648
0.18667
-0.33644
0.40986
0.17542
-0.18982
0.23246
-0.15844
-0.27793
0.17604
-0.13802
0.59719
0.10334
0.33828
0.18759
0.51491
0.61945
0.08290
0.07080
0.17813
0.50271
-0.21083
0.15736
0.07780
0.08639
-0.07228
-0.28625
0.01949
-0.08727
0.30574
0.33691
0.09087
-0.16311
-0.48183
-0.39643
-0.71738
0.40653
0.14702
-0.22556
0.33714
-0.35105
-0.72719
0.11706
-0.16308
0.06292
-0.22000
-0.02347
0.17204
0.14720
0.19570
-1.15402
0.05856
0.79772
-0.01452
-0.54467
0.05566
0.19866
-0.57540
0.18013
-0.03601
0.35584
0.28131
0.05327
-0.31265
-0.33626
0.37481
-0.98064
0.41680
0.10659
0.45709
0.33874
-0.92656
0.27006
-0.22142
0.21963
0.25421
0.46120
0.31159
0.05201
0.65283
0.68388
0.05638
-0.12650
-0.28910
0.27005
-0.36022
0.36254
0.18794
0.23010
-0.19814
-0.26617
0.05435
0.26427
0.56525
0.50126
0.40393
0.15327
0.10074
0.56542
0.42167
0.27665
0.32560
0.07326
0.20652
0.26601
0.05812
0.10018
-1.29148
0.08574
-0.74647
-0.02775
0.00400
0.07131
-0.14726
-0.72639
0.12424
0.42183
0.24613
0.08399
0.22041
-0.01314
0.16593
0.01689
0.16974
-0.44227
0.17958
0.21819
0.45421
0.39551
-0.89111
0.12217
0.41882
-0.75617
-0.05868
0.27877
0.34455
-1.00742
0.39842
-0.26352
0.18469
-0.34807
0.01580
0.12384
0.39563
0.33363
-0.11394
-0.43424
0.06452
0.11017
0.11109
-0.23974
-0.24321
0.22322
-0.05592
0.53587
-0.56704
-0.26770
0.23999
0.39432
0.19017
-0.32599
-1.02643
-0.66343
-0.47797
0.10601
0.10839
0.15049
-0.32415
0.32075
0.36943
-0.04132
0.12304
0.67263
0.22838
0.06658
-0.43306
-0.23770
0.08430
0.32407
0.50000
0.33366
0.04007
0.53511
-0.06867
0.08337
0.27997
0.22064
-0.11405
0.43977
0.76103
0.15798
-1.07212
-0.24770
-0.17440
-0.32006
0.62040
-0.98546
0.01465
0.18357
0.22718
0.20480
0.11049
-0.27399
-1.00321
-0.20722
-0.04607
0.22288
0.05943
0.79622
0.31102
0.16423
0.02506
-0.75536
0.20991
0.03209
0.21520
0.18891
0.07289
-1.11870
0.16383
0.19242
-1.07841
-0.21741
0.33240
-0.41659
-0.64858
0.11759
0.10931
0.26373
0.20235
-0.33495
0.13446
-1.14675
-0.00392
0.36698
0.09469
0.57998
0.38848
0.13809
0.39728
-0.05787
-0.03611
0.13057
0.02509
0.12394
-0.03203
0.23366
0.63072
-0.37969
0.29010
0.25226
-0.20198
0.03463
0.15353
0.10735
0.15546
-1.22729
0.18278
0.34036
0.41099
0.23103
0.10401
0.06562
0.24125
0.30878
0.10911
-0.13431
0.63232
-0.13573
0.04856
0.25527
0.10026
0.31836
0.15790
0.26107
0.03897
0.20503
0.18375
0.34677
0.19073
0.37009
0.27927
0.07407
-0.17071
0.07193
0.01348
0.35352
0.45336
-0.33916
0.42096
0.19849
0.45400
0.11107
0.32002
0.33214
-0.06077
0.20878
0.31327
-0.92297
0.00959
0.50373
0.36416
0.11599
0.03931
0.19029
-0.06719
-0.30324
0.41304
-0.03136
-0.21300
0.36856
0.08841
-0.36083
-0.00875
-0.67977
0.13348
0.60687
0.44913
0.41452
0.39727
0.13163
0.08610
-0.27693
0.22853
-0.00412
-0.15530
0.26478
0.20090
0.11592
0.24508
0.22536
0.26305
0.49615
0.33276
0.02946
0.83181
0.15533
0.28768
0.40347
0.21258
-0.08854
0.09785
-0.03253
-0.51375
-0.30126
0.69230
0.41174
0.28889
0.25638
0.06785
0.24714
0.32549
0.01178
-0.15271
0.14294
0.30623
0.17204
-0.12410
0.66188
-0.08050
0.18152
-1.05398
0.48969
0.08945
-0.54207
0.07196
0.30060
0.31227
-0.05746
-0.26111
0.02767
0.40589
0.12204
0.30155
-0.38684
0.40228
0.13100
-0.25279
0.50844
0.01652
0.55894
0.01410
-0.74119
-0.05779
-0.29583
-0.15656
0.34852
0.03137
0.27299
0.17491
0.28546
0.25705
0.32636
0.18142
-0.28420
0.23340
-0.42133
0.05520
0.12751
0.32892
0.51624
-0.01616
0.42112
0.37842
-0.28252
-0.49866
0.39617
0.30409
-0.45068
0.28315
-0.05401
0.51447
0.25696
-0.76199
0.37154
0.26750
0.09743
-0.00763
0.11978
0.38179
0.23161
0.08656
0.23363
0.52823
-0.66818
0.22070
-0.94026
0.32956
0.17692
-0.31916
0.09212
0.28138
-0.01355
0.15873
0.20694
0.33646
-0.42918
0.38091
0.17072
0.67271
0.10347
0.18538
0.24810
-0.27381
0.30328
-0.23541
-0.34303
0.67294
0.25983
0.70133
0.14887
0.35638
0.37762
0.03708
-0.25014
0.18108
0.16714
0.13871
0.16872
0.16978
-0.32945
0.13691
0.36570
0.16382
-0.07685
0.14121
-0.26602
-0.57942
-0.31575
0.09688
-0.10296
0.12851
-0.79991
0.28985
0.38996
-0.39868
0.11526
0.46775
0.23570
0.22842
0.07190
0.36546
0.45819
0.13529
-0.59330
0.30776
0.03542
0.43161
0.03835
0.21993
0.17982
0.00359
0.01554
0.00381
0.47265
0.31717
-0.35310
0.39926
0.41387
-0.02891
0.36665
0.38739
0.17651
0.41552
0.71301
0.30312
0.24405
0.10933
0.18613
0.07685
-1.16236
0.19958
0.37043
-0.26993
0.10174
-0.57583
0.36364
-0.29921
0.24154
0.31894
0.18570
0.12016
-0.66684
-0.36557
-0.90890
0.04341
-0.15413
-0.47604
0.25300
0.50348
0.36612
0.35370
0.19194
-0.20861
0.25542
0.36993
-0.65726
-0.22452
0.31102
0.28226
0.35421
-0.61838
0.33623
0.09281
0.16877
0.14022
0.35475
0.12144
-0.53169
-0.29345
0.34105
-0.30497
0.29058
0.27509
0.05361
-0.29128
-0.96002
-0.00009
0.22013
0.07753
0.11354
-0.27311
0.06201
-0.23232
-1.14070
0.33475
0.28849
0.07829
0.19851
-0.10468
0.15185
0.30703
0.33894
0.22632
0.12128
0.17337
0.27035
0.34543
0.19982
0.20766
-0.59800
-0.96183
0.40530
-0.07265
-0.10241
-0.47746
0.57096
-0.41977
0.26492
-0.39806
0.30366
0.25327
0.20111
0.16322
0.13147
-0.99404
-0.23230
0.16973
0.13311
0.38866
0.13714
-0.16526
0.19653
-0.05817
-0.71860
-0.44493
-0.00248
-0.04355
-0.35747
-0.24222
-1.07312
0.13875
0.06955
0.16281
0.01321
-0.05906
0.08941
0.22357
0.14178
0.31372
-0.28675
0.28491
0.08708
-0.19708
-0.62898
0.22080
-0.06076
0.03471
0.05779
0.13427
-1.03096
0.13017
0.46563
-0.15647
-0.26354
0.30873
-0.02080
0.66513
0.09517
-0.28415
-0.30942
0.26541
0.63887
0.56061
0.39869
0.57986
0.40219
0.41700
0.20989
0.36555
-0.55108
-1.39568
0.37403
0.15542
-0.28774
0.30376
0.22223
0.14795
0.43479
0.10888
0.00227
-0.22010
-0.03688
0.21063
0.41983
0.07068
-0.00433
0.06413
0.40636
0.19193
-1.09273
-0.15814
0.51027
0.34364
0.11008
-0.59498
0.21262
-1.03207
0.18676
0.13690
0.40643
0.20337
0.11391
-0.02743
0.42149
-0.46245
0.18956
0.50876
0.68910
0.02111
0.26450
-0.62190
-0.42836
0.29316
-0.39043
0.32378
0.32504
0.28597
0.27181
0.20348
0.20384
0.25135
-0.22957
0.18567
0.03777
0.24275
0.34305
-0.22003
-0.04220
0.06796
0.09180
0.07650
0.55278
-0.36437
0.16724
0.32637
0.15330
-0.25696
0.03196
0.07108
0.24719
0.30339
0.26719
0.20649
-0.65997
0.14722
-0.33724
-0.23742
-0.13094
0.19829
0.06365
0.32788
-0.35047
-0.08883
-0.21461
0.02482
-0.35818
-0.02618
-0.14373
-0.14909
-0.09205
0.23017
0.42690
0.30013
0.40107
-0.28476
-0.56985
-0.74457
-0.19347
-0.16487
0.22082
0.20145
0.12619
0.15868
-0.25995
-0.25615
-0.08617
-0.13471
-0.31045
-0.32969
0.17869
0.47631
0.16166
0.01016
-0.28701
0.01625
-0.68541
0.61254
0.06444
-0.31814
0.27444
0.37310
0.33399
0.12191
0.38027
0.59933
-0.04064
-0.25308
-0.33388
-0.26639
0.33526
0.34956
0.40200
-0.26589
0.60138
0.20491
-0.64016
-0.25178
0.25708
0.07754
0.00782
-0.12004
-0.01190
0.67592
-0.23901
0.47199
-0.08138
0.15666
0.34720
0.58777
0.29168
0.14613
0.12950
0.10209
0.13626
-0.23825
0.20274
0.22415
-0.31776
0.18642
-0.40668
0.16961
0.27601
0.13277
0.17348
0.10800
0.38977
0.18946
0.18995
0.15505
0.12365
0.11754
0.72143
0.19234
-0.16547
0.09344
-1.04344
0.14584
-0.23140
0.28552
0.08150
0.49209
0.13902
0.25828
0.44906
0.17917
-0.08184
0.19069
0.07921
0.04558
0.27744
0.19415
0.57226
0.39255
0.16944
-0.06366
-0.57138
0.28291
0.05774
0.07364
-0.32628
0.19559
0.05474
0.07302
0.14613
0.43659
-0.17955
0.30472
0.59311
-0.49094
-0.05085
-0.63121
0.12155
0.27684
0.29929
0.43247
0.29252
0.31840
0.22867
0.28946
0.26592
0.13615
-0.71338
0.12064
-0.16874
0.32893
0.39585
0.06449
0.27067
0.30382
0.34649
0.47593
0.28811
0.20322
0.26275
0.21251
-0.25736
-0.17906
0.35441
0.17478
0.04529
-0.11011
-0.61112
-0.00076
0.06099
0.29020
0.10691
0.06069
-0.86933
-0.77320
0.34777
0.17829
-0.17635
-0.36866
-0.02078
0.08377
-0.03907
0.41548
-0.06979
0.38833
0.25419
0.07749
0.13245
0.03241
-0.53432
0.32182
0.61401
-1.26172
0.12442
0.34814
0.39367
0.37511
0.46989
-0.47175
0.61027
0.27447
0.30873
0.06470
0.21868
-0.12440
0.23789
0.15826
0.36543
0.43526
0.18637
0.15933
0.32899
0.13153
0.28302
-0.41920
0.17362
0.40306
-0.57575
0.25848
-0.02290
-0.68586
-0.22666
0.07433
0.12110
0.06061
-0.17686
0.00543
0.18578
0.22937
0.14179
0.20509
0.12886
0.16853
0.29267
0.42061
0.58351
0.33506
0.35364
-0.69557
-1.22177
-0.27763
0.25754
-0.17752
0.19167
-0.05581
-0.10534
0.22131
-0.37067
0.19117
-0.03899
0.28540
0.14894
-0.05648
0.19744
-0.02719
0.14936
0.10688
0.16690
-0.06130
0.15360
-0.37865
-0.05992
0.09510
0.05716
0.30132
0.24531
0.11018
0.01175
-0.96990
0.50297
0.12434
0.24006
-0.44082
-0.49642
0.26097
-0.11687
-0.66474
0.13853
0.05454
0.15739
0.05911
0.25443
0.40354
-0.33128
0.34311
0.01337
0.06335
0.31355
-0.07280
0.39840
0.01644
0.13902
0.34716
-0.12224
0.16985
-0.59354
0.28359
0.20491
0.22132
0.39142
0.13531
0.11983
0.01213
0.34955
0.42853
0.48541
0.23689
0.22052
0.00623
-0.11164
-0.36198
0.59372
0.06133
0.10980
0.45493
0.09740
0.17497
0.12516
0.25182
0.16223
0.19273
-0.20311
0.62977
0.15708
-0.44443
-0.71098
-0.27961
0.19787
-0.84640
0.21691
-1.10784
0.13963
0.22972
-0.36596
-0.03386
-0.24413
0.43279
-0.24138
-0.78352
0.16028
-0.01280
0.29200
0.02933
0.23271
-0.57654
0.48744
0.12629
0.12006
0.17201
0.23012
0.23870
0.35228
0.42464
-0.01225
-0.58670
-0.08437
0.25139
-0.67645
-0.17987
-0.03615
0.52456
0.20780
0.02914
0.23245
-0.35289
0.33603
0.57450
0.17493
0.33554
0.05206
0.07755
0.01576
-0.03466
0.04263
0.26846
0.28869
0.40467
0.37901
-0.62526
0.02081
-0.26679
-0.04380
0.13298
0.25330
0.25206
0.59561
0.04424
0.30968
0.17710
0.19788
0.28682
0.03507
-0.42459
0.54461
-0.47976
-0.30718
0.14473
-0.07091
-0.25534
0.13719
0.38571
0.22753
0.17822
0.40870
0.09144
-0.36549
0.09913
-0.09278
-0.61316
0.07336
0.60428
0.14137
-0.85394
0.36883
-0.81251
0.12226
0.08069
-0.02545
0.00684
0.16457
-1.31362
-1.29873
0.13397
0.22920
-0.23828
0.15359
-0.83032
0.04726
0.23945
-0.66228
-0.03537
0.08716
0.24703
-0.40379
-0.19945
0.14179
0.03077
0.20679
0.08043
0.03989
-0.25284
-0.44617
0.28557
-0.89361
0.21328
0.08499
0.39515
-0.87816
-0.41468
-0.43859
0.25008
-0.75308
0.32909
0.30672
0.02701
-0.79425
0.15171
0.23706
0.10783
0.47085
-0.60139
0.25061
0.53612
0.23459
0.49861
0.02532
0.09142
0.43809
0.09631
0.44743
0.83300
0.15796
-0.20067
-0.58758
0.13625
-0.28217
0.02397
0.54384
0.38734
0.59252
-0.53114
-0.54906
0.11710
-0.60893
0.47916
0.39799
0.17656
0.14411
0.01302
0.55074
0.02595
-0.71905
-0.02821
0.75222
0.09115
-0.17067
0.33886
-0.18086
0.25867
0.27225
0.24076
0.70839
-0.30049
0.11087
0.18059
-0.23876
0.06330
0.11546
0.30649
0.19016
-0.10390
-0.27016
0.65299
0.60719
0.45803
-0.04498
0.03311
0.59805
-0.78670
-0.09653
0.45475
0.04068
0.02286
-0.05060
-0.24670
0.56436
0.75425
-0.59529
-0.32070
0.08246
0.28940
0.56853
-0.60409
-0.56674
-0.55113
0.54183
0.19529
-0.37972
0.20644
-0.82752
0.01391
0.02021
0.11553
-0.17411
-0.08633
0.26000
0.24004
0.22313
0.08828
-0.00994
0.12626
0.65603
0.23977
-0.13664
-0.06696
-0.43307
0.12684
-0.18191
0.29623
0.03756
-0.53527
-0.33842
0.58772
0.08832
0.37034
0.04446
0.25885
-0.02578
0.30777
-0.86253
-0.86179
0.23893
-0.28446
0.02590
0.39866
0.13572
0.10067
0.09967
-0.13131
0.22434
-0.00724
0.19090
0.17371
0.13679
0.04246
0.35087
-0.33909
0.40660
0.12469
0.17555
0.14245
-0.01710
-0.84748
0.14955
0.13758
-0.15855
0.11370
-0.22388
0.00576
-0.20379
-0.14272
0.53713
0.17821
-0.58728
0.30215
-0.16878
0.12120
-0.19392
-0.93736
0.04873
0.14945
0.07009
0.39339
0.11217
-0.24127
-0.06384
-0.30059
0.24774
0.28177
0.14379
0.18786
0.19787
0.34205
0.41614
-0.06655
-0.00012
0.20662
0.12422
0.15979
0.32802
0.36257
0.32028
0.03112
-0.24491
0.13341
0.25392
-0.37353
0.36324
-0.22573
0.07755
-0.84583
0.25166
-0.02820
-0.04572
-0.43645
-0.39115
-0.19794
0.13706
-0.83730
-0.26830
0.02932
0.13855
-0.05354
-0.35034
0.40396
-0.70260
0.06398
-0.70922
0.11929
0.06488
0.04811
0.20305
0.24408
0.23350
-0.28071
0.47295
-0.00800
0.00749
0.18792
0.01235
0.06984
0.21856
-0.07435
0.15084
0.21532
0.02285
-0.57423
0.14083
-0.60118
0.37815
-0.15022
0.22038
0.10420
-0.26255
0.36618
-0.02411
0.23521
0.44057
-0.17020
0.27026
0.16896
-0.45687
-0.06985
-1.06384
0.51729
0.17135
0.02282
0.19670
0.29260
-0.50202
-0.06488
-0.31166
0.60839
0.34529
-0.05752
0.01289
-0.91054
-0.39994
0.15947
-0.09063
-0.10271
0.20054
0.32885
-0.08913
0.11500
-0.43300
-0.59987
0.14900
-0.29019
0.15335
0.59892
-0.04681
0.10518
0.15746
0.47647
0.28153
0.68543
0.09319
-0.61768
0.05955
0.22116
0.05468
0.20059
0.31505
-0.48984
-0.02257
0.26897
0.11334
0.13166
-0.28902
-0.59778
-1.14358
0.17841
-0.05542
-0.01076
-0.12855
0.21274
-0.40125
0.30063
0.35533
-0.73653
0.43060
0.56286
0.24359
-0.03527
0.11322
-0.31334
0.19205
0.04534
0.21521
0.53542
0.11332
0.40930
0.05413
0.05864
0.36621
0.23306
0.44830
0.46115
0.40228
0.10937
0.61444
0.06931
0.10967
-0.09400
0.15330
-0.00508
0.13250
0.16002
0.39228
0.33156
0.40643
0.25735
0.14375
0.72566
0.32678
0.65311
-0.19200
-0.11915
0.06312
0.29101
0.01423
0.09530
-0.38460
-0.00301
-0.12779
0.05833
0.45463
0.22978
0.19668
-0.55614
-0.13338
0.17615
0.18753
-0.15442
0.12882
0.01858
-0.75484
0.06492
-0.15270
0.32756
0.03224
0.12657
0.26954
0.08587
-0.08356
0.09580
-0.38267
-0.93053
0.22849
0.36772
0.18666
-0.12819
0.38993
-0.04642
0.13275
0.12951
0.46178
0.02822
-0.02721
0.49594
0.26452
0.46467
0.20857
0.15429
0.16085
0.16081
-0.20723
0.22807
0.35866
-0.08099
0.04482
-0.59656
0.08042
0.32088
-0.20655
0.17686
-0.14322
-0.04748
0.10284
0.71413
0.22792
0.02148
-0.43307
0.14240
0.68965
-0.29337
-0.35721
0.20036
-0.41021
-0.25543
0.28469
-1.18488
-0.68629
-0.41192
0.05446
0.15741
-0.27501
0.12569
0.34138
0.22638
0.09321
0.04549
0.39252
0.14206
-0.82952
0.10198
0.43495
-0.00496
0.27026
0.38610
0.28434
0.56863
-0.39994
0.27620
0.42509
-0.33930
0.18343
-0.15937
0.20726
-0.33481
0.15365
-0.17435
0.08282
-0.21403
-0.26117
0.25951
-0.03667
0.28713
-0.53829
-0.00264
-0.22210
0.43955
-0.08162
0.12459
0.45187
-0.39055
0.36233
0.52289
-0.05341
0.32938
-0.04412
-0.85579
0.54772
0.20307
-0.81546
-0.25445
0.25788
-0.33985
0.01984
0.33026
-0.71217
-0.54220
0.14418
0.18581
0.16655
0.09562
0.28776
-0.05576
0.07046
-0.22951
0.06450
0.36260
-0.34311
-0.13713
0.04447
0.39517
0.45898
0.25155
-0.00214
-0.03738
0.22390
-0.81161
0.13331
0.03375
0.07386
0.04626
0.36942
-0.69369
0.34610
0.34924
0.34924
0.53431
-0.15411
0.40697
0.16514
-0.40747
0.10927
-0.92596
-0.65266
-0.70558
0.21843
-0.55033
0.38869
-0.27792
-0.40724
-0.37991
-0.05371
0.06634
-0.43267
0.26468
0.22764
0.07456
-1.33849
0.24878
0.26850
0.29109
0.34900
-0.26887
0.25441
-0.53380
-0.08234
0.33576
0.50511
-0.52448
-0.87422
-1.18789
0.26887
-0.06312
-0.35368
0.19762
0.40800
0.15444
-0.24429
-0.20028
0.18717
0.33038
0.38156
-0.08022
0.06415
-0.24911
0.26400
0.07667
0.26901
-0.64298
-0.02389
-0.53942
0.25600
0.12571
0.30467
-0.07007
0.15878
0.17099
-0.51595
-0.37042
-0.77289
-0.14269
0.35474
0.58467
0.11185
-0.17049
0.07772
0.31490
0.26260
0.00203
0.52717
0.31564
0.13903
0.06389
0.20464
0.22783
-0.58055
0.14083
-0.59662
0.08675
-0.46538
-0.08188
0.05143
-0.43243
-0.07663
0.00809
0.58410
-0.27377
0.13467
-0.34102
0.39930
0.36038
0.05567
0.08138
-0.99407
0.16126
-0.73058
0.16056
0.49961
-0.76846
-0.31966
0.28667
-0.53249
0.24466
0.29846
-0.10556
-0.15938
0.41010
0.38995
0.05334
-0.73634
0.22349
0.04289
0.02468
0.41240
0.40073
-1.35536
0.28223
0.41355
-0.48386
0.06569
0.66073
0.12754
0.30329
-0.71838
0.25777
-0.71571
-0.00854
0.04941
-0.24372
0.23585
0.28226
0.35033
0.22567
-0.05358
0.47598
0.01957
0.38389
-0.33585
0.20260
-0.23041
0.51620
0.28060
-0.28216
0.29576
-0.71770
0.10971
0.29524
0.47459
-0.31368
0.39318
0.18513
0.32636
0.33234
-0.25472
0.08399
0.03136
0.30375
0.25486
0.28429
0.07588
0.41850
0.10123
-0.91819
-0.09188
0.11108
-0.58083
0.06655
0.00384
-0.12216
0.38226
0.52351
-0.89669
-0.45596
-1.06469
-0.44795
0.34059
0.11910
-0.49163
0.16002
0.29753
0.07643
-0.83167
0.33403
0.15922
0.30998
0.23397
-0.07462
-0.23588
0.00431
0.30989
-0.49962
0.25104
0.30208
0.12142
0.12312
0.03843
0.38262
-0.30173
0.00078
0.34451
0.34277
0.21731
0.27724
0.25455
0.05901
0.34233
-0.00494
0.18415
0.28228
0.61579
0.18797
-0.62046
0.12725
-0.15289
0.33693
0.38788
-0.32034
0.25050
0.25055
-0.00465
-0.33944
0.06079
0.64372
-0.01801
0.55822
-0.77361
-0.19784
0.30002
-0.81880
0.39944
0.35368
0.42279
-0.21178
0.11810
0.20976
0.35765
-0.40307
-0.53298
0.23168
0.60980
-0.33437
-1.11475
-0.10247
0.74873
-0.15782
0.15768
-0.85986
-0.04642
0.07267
-0.81439
-0.22903
-0.02532
-0.41754
0.14014
-0.16910
0.29874
-0.12040
0.36970
0.37834
-0.29533
0.43453
-0.74598
0.31465
0.25415
0.13437
0.16127
-0.29543
0.10067
0.05715
0.13989
0.39411
-0.04490
0.24032
0.30052
-1.15987
-0.17535
-0.09222
0.14086
-0.12585
0.19635
0.30052
0.00707
-0.91727
0.08499
-0.35826
-0.11248
-0.92110
0.02391
-0.07638
0.59532
-0.45564
0.34255
-0.24070
-0.04469
-0.17320
0.00479
0.07443
0.15817
0.08675
0.42980
-0.07756
-0.09241
-0.11976
-0.33246
-0.84082
-0.00481
0.03986
-0.27383
-1.56356
0.07409
0.20418
-0.08814
0.04039
-0.27039
-0.48401
-0.09367
-1.13629
-0.05285
0.05418
0.08796
0.42741
0.10224
0.51710
0.20890
0.22205
0.45493
-0.95529
0.08731
-1.10682
0.19823
0.28855
0.18535
0.07485
-0.81249
-0.29611
-0.74646
0.14797
0.19034
0.00991
-0.49202
0.33877
-0.76108
-0.03199
-0.46245
0.08391
0.13087
0.07234
0.08878
-0.33395
0.30918
-0.01891
0.05004
0.08780
0.07163
0.78914
0.37673
0.11050
-0.13497
0.52311
0.06184
-0.20839
0.30116
0.13582
0.26274
0.54834
0.23957
-0.52825
0.03859
-0.87071
-0.42433
0.10260
0.06580
-0.29092
-0.48649
-0.61563
-0.91364
0.08180
0.60708
0.27415
0.10140
0.06536
0.00272
0.35094
-0.40130
0.00334
0.07358
-0.11875
-0.33943
-0.63483
0.29494
0.62118
-0.32975
0.15049
0.27380
0.11141
-0.18988
0.42077
0.15186
0.14827
-0.52210
-0.27522
0.42791
-0.41126
0.18543
-0.38881
-1.14968
0.37813
0.54667
0.48986
0.06011
0.22470
0.10384
0.37847
0.61049
-0.53059
0.61603
-0.01722
0.21351
0.18010
0.26840
0.26986
-0.00087
0.12570
-0.56193
-0.09062
0.01301
-0.71572
0.09692
-0.23404
0.06926
0.25121
0.59530
-0.40078
-0.30006
-0.52156
-0.33002
0.05417
-0.26586
0.16846
0.25150
0.11750
-0.43514
0.16309
-0.11155
-0.43619
-0.45975
0.29939
0.32539
0.13552
0.13107
0.03290
0.04466
0.54220
0.07103
0.31408
0.43354
-0.17489
0.23487
0.24146
-1.11735
-0.23518
-0.00514
0.09148
0.06445
-0.31515
-0.88060
-0.13682
0.16300
-0.35268
-0.03260
-0.51227
-0.77010
0.26296
-0.02330
0.37406
-0.28479
-0.45456
-0.56514
0.06943
-0.33099
0.38880
0.39559
0.12461
0.23461
0.07288
0.23325
-0.07249
-0.66702
0.01648
0.33128
0.12135
0.09226
0.26935
-0.59390
0.11935
-0.11637
-0.23978
-0.09067
0.01568
0.18199
-0.78968
-0.05588
0.07805
0.10263
-0.33487
0.04043
0.16498
-0.48195
0.10245
-0.01875
-0.04453
0.16687
0.23423
-0.48832
0.06901
0.33561
-0.23039
0.16945
-0.16858
0.27626
0.52609
-0.44936
0.08401
0.15366
0.18180
-0.30068
-0.89060
0.03988
0.00225
-1.20618
0.49526
-0.72186
0.72655
-0.64725
-0.02093
0.27846
0.39967
0.33790
-0.07611
-0.19836
0.21667
-0.23337
-0.03674
0.34793
0.65468
0.08758
0.04390
-0.08510
0.32852
0.13133
-0.09386
0.07635
0.06683
0.41887
-0.48273
-0.30857
-0.13993
0.06409
0.40151
0.08522
-0.02066
0.38175
-0.16484
-0.65902
-0.02536
0.17594
-0.75593
0.09188
-1.81577
-0.27935
0.36116
-0.23215
0.67591
0.03973
0.13755
-1.01149
0.25211
0.27144
-0.54490
-1.40711
-0.31797
0.14555
0.51930
0.17827
0.27540
-0.37907
0.14216
0.19986
0.06449
-0.77398
0.35867
0.05151
0.38180
0.08937
-0.89825
-0.60222
-0.29169
0.17327
0.01148
-0.65533
-0.28276
-0.58577
-0.04651
-0.00823
-0.12783
-0.12264
0.18086
-0.20353
0.73165
-0.04583
0.21067
0.06243
0.34378
0.20521
0.51484
0.09313
0.06296
-0.32419
0.17137
-0.92611
-0.11357
0.49449
0.19084
0.05003
-0.18987
-0.41559
-0.22578
-1.55224
0.42217
0.15885
-0.02009
0.08564
-0.20703
0.34715
0.19455
-0.77313
0.49223
0.44226
0.58834
0.45675
0.68770
-0.95160
-0.39781
0.38606
0.07621
0.06083
-0.65443
0.47092
-0.51832
0.13262
0.34427
-0.60537
0.07452
-0.17924
0.39568
0.25156
0.27934
0.31011
-1.05396
-0.05245
0.19631
0.14910
-0.80149
0.08123
0.14187
-0.03160
-0.63391
0.29285
-0.54424
-0.23945
0.06760
0.25255
0.32225
0.20794
0.29000
0.11449
-0.46770
0.01416
-1.01231
-0.06849
0.21504
0.20609
0.08257
0.44131
-0.21892
0.05019
0.04316
0.25069
0.13666
0.22526
0.18199
0.54294
-0.20348
-1.20187
0.16261
0.74036
0.08889
0.17800
0.21681
0.14633
0.14759
0.11881
-0.29718
-0.23669
-1.00693
-0.66255
0.20873
-0.12198
-0.03492
-0.23132
0.24281
0.21266
0.10188
-0.35636
0.32333
-0.71564
-0.71548
0.12040
-0.34331
0.27647
-0.76281
-0.43872
-0.30245
0.47028
0.09229
-0.16677
0.10968
0.39982
-0.55626
0.32318
0.36125
0.06818
-0.98903
0.12350
0.20923
-0.45565
-0.49636
0.39404
0.81480
-0.51737
0.19449
-0.03586
-0.91642
0.17723
-0.18046
-0.61901
0.11215
-0.36626
-0.08330
0.07305
0.23717
-0.15230
-0.71851
-0.05724
0.08630
-0.11080
0.29654
-0.08866
0.05153
0.21127
0.05160
-0.62230
-0.39080
-0.96025
-0.27980
0.34787
-0.40494
-0.34155
-0.88331
-0.36624
0.24169
0.12561
-0.26388
-0.20957
0.22295
0.17839
0.09034
-0.22380
-0.95664
0.10263
0.14518
0.01425
0.33098
0.05869
0.31711
-0.49579
0.21460
-0.20195
-0.87634
-0.15859
0.06902
0.23327
-0.00428
0.23629
0.16806
0.08602
0.02046
0.19896
-0.74999
0.37187
-0.00931
0.06924
0.02950
0.34147
0.13901
0.22787
0.19409
0.14728
-0.84288
-0.36498
0.22687
-0.26050
0.11465
0.39838
-0.05521
0.22269
0.49149
0.08990
-0.78387
0.15738
0.23604
-0.34668
0.11335
0.01548
0.02876
-0.15875
-0.76433
-0.11599
0.24371
0.67794
-1.18531
0.24194
-0.02082
0.29361
0.19923
0.25825
-0.32059
-0.23784
-0.38739
0.12761
0.07244
0.14859
-0.38021
-1.37355
0.07334
-0.65193
0.55538
-0.19456
0.06400
-0.01863
-0.47020
0.22156
0.03473
0.35478
-0.17234
-0.28529
0.26276
0.41855
0.04116
-0.78506
-0.97083
0.26418
-0.20206
-0.13881
-0.28207
-0.79906
0.47782
-0.21565
0.68306
0.65745
0.31538
-0.31402
0.05786
-0.72197
0.15545
0.63190
0.24608
-0.00714
-0.04355
0.08484
-1.31625
0.16138
0.22782
0.39439
-0.31414
0.14599
0.55021
0.04038
0.21104
0.11303
-0.24468
-0.48747
-0.25822
0.45334
0.67346
0.30245
0.06548
-1.09732
0.03807
-1.21999
0.20266
0.31858
-0.83664
0.11822
0.04732
0.07070
0.30648
0.14507
-0.43596
0.14028
0.21360
0.74728
0.05706
-0.22328
0.45162
0.11343
-0.04789
0.13262
-0.91556
-0.29641
0.14020
-0.96239
0.37529
-0.07399
0.05522
0.09254
-0.19148
-0.00976
0.14406
-0.96198
0.07855
0.19789
0.22343
0.06717
-0.25669
0.00038
-0.01002
-0.56938
-0.18790
-0.01179
-0.13771
0.02331
0.38178
0.27221
-0.76606
-0.21257
-1.52360
0.20261
0.58241
0.06997
0.51350
0.03816
0.68419
0.56127
-1.04629
-0.16705
0.03556
0.11736
0.13615
0.50869
0.02499
0.40740
-0.05641
0.07164
-0.35054
0.25925
0.13653
0.14328
0.25406
-0.64794
-0.20291
0.18968
0.33728
0.27999
0.06700
0.46924
-0.01364
0.08055
-0.47428
0.06331
0.07479
0.32783
0.16687
-0.36796
-0.43276
-0.21108
-0.42940
0.16915
0.34414
-1.25965
-0.18503
-0.98929
0.21040
0.42211
-0.04599
0.05847
-0.38096
0.02856
-0.54524
0.18168
0.02130
-0.10736
0.10346
-0.10813
-0.18990
-1.22937
-0.12733
-0.37013
-0.61968
0.02409
-0.84084
0.28881
0.14588
-0.01563
0.22594
0.54990
0.34685
-1.15554
-0.30272
0.02373
-0.69772
-0.55156
-0.15466
0.38446
0.55316
0.24379
-0.65080
0.22797
0.15013
0.10465
0.38456
0.42251
-0.09693
0.07712
0.21683
0.10975
0.29806
-0.56695
0.04426
0.16179
-0.14258
-0.76946
0.08703
0.35913
-0.34359
-0.32774
0.11266
-0.24409
0.45188
0.39792
-0.30769
0.05999
0.24597
-0.17337
-0.04888
0.05717
0.34124
0.34124
0.35764
0.40234
-0.02595
0.08250
-0.44708
-0.58487
-0.20403
-0.02267
-1.10090
-0.21307
0.08014
-0.01785
-0.95698
-0.39163
-0.38946
-0.17130
-0.52678
-0.26125
0.16842
-0.02647
-0.23490
0.11662
0.09468
0.23407
0.40463
-0.56452
-0.55002
0.23758
-0.07421
0.09335
-0.04209
0.61463
0.06731
0.01695
-0.10374
0.35697
-1.15318
-0.32188
0.42584
-0.91564
-0.08976
0.15841
0.43541
-0.08735
0.47446
-0.39857
0.01063
0.27112
0.02589
-0.11034
0.62092
-0.01264
0.40894
-0.47793
0.53328
0.14406
0.19343
-0.21274
0.28257
0.30810
-0.12938
-1.12528
0.12236
-0.34948
0.32840
0.01488
0.35574
0.06456
-1.17784
0.08875
-0.25098
0.16904
0.38454
0.31189
0.00889
0.28235
0.00152
-0.29980
-0.62681
0.10103
0.20873
-0.74240
0.05586
-0.18548
0.18578
0.00832
0.01429
-0.11429
0.48844
-0.06576
0.05389
0.36258
-0.01121
-0.66991
0.41863
0.22426
0.47011
-0.43796
0.10966
0.23129
0.06837
0.07365
-0.08291
0.58308
-0.32702
0.07035
0.46536
0.23499
-0.73452
-0.13865
0.20020
-0.05439
-0.46213
0.44834
-0.67434
-0.24511
-0.03008
-0.54628
0.00525
0.57999
0.02501
0.26054
-1.32306
0.08972
-0.08100
-0.11091
0.24744
0.60575
-0.09383
-0.26116
0.07047
-0.32130
-0.02029
-0.37753
0.36928
-0.30695
-0.07894
-0.11786
-0.56249
0.09672
-1.47689
-0.32163
-0.35044
-0.22499
0.17404
-0.60426
0.28647
0.24595
-0.11534
-0.22940
0.26201
-0.74678
0.08116
-0.12302
-0.13067
0.00829
-0.13782
0.29012
-0.39812
0.13840
-0.01651
0.52526
0.58139
-0.36264
-0.60559
-0.41887
0.17837
-0.65764
-0.05721
-0.28122
0.10435
-0.80854
0.33879
-0.11216
-0.61016
-0.21516
0.36637
0.10052
-0.31300
-0.27542
-0.05000
0.07372
0.53539
-1.24693
-0.01475
-0.21464
-0.21436
0.07980
0.78241
-0.51828
-0.01984
0.63161
-0.46306
-0.18679
-0.85949
0.24429
-0.07997
-0.65381
0.43294
0.04435
-0.06977
0.22209
0.30391
0.12197
0.27475
0.13884
0.28339
0.36955
-0.72662
0.13206
-0.27587
-0.25399
0.21500
0.08713
-0.00597
-0.89872
0.01631
-0.24553
0.08129
0.42651
0.15133
0.17756
-0.09481
-0.40668
-0.78893
0.30661
-0.01351
0.14082
0.10696
-1.02818
0.17102
0.18507
0.52072
0.05745
-0.84520
-0.27790
-0.06453
-0.85880
0.60189
-0.66835
0.05507
0.33924
-0.67695
-0.72054
-0.39092
0.10270
-1.37774
0.15494
-0.36019
0.25393
0.40528
0.00979
-0.11245
0.04086
0.23632
0.16170
-0.28812
0.22852
-0.04532
-0.10283
0.06409
-0.40146
-0.61247
0.35105
0.61195
0.22354
-0.27862
0.01420
0.05803
-0.00997
-0.05389
0.14913
0.41161
0.05532
0.22538
0.37889
0.13103
-0.57058
-0.11654
-0.76992
-0.16857
-0.41970
0.03402
0.51228
0.43240
-0.88516
0.31343
0.08069
-0.44436
0.24833
0.04641
0.15333
0.17157
0.58750
0.01959
-0.92160
-0.09661
0.21794
0.05764
0.15198
-0.33092
-0.15407
-0.38780
-0.09615
0.16751
-0.25959
0.39608
0.14564
0.02566
-0.63096
0.18233
-0.56205
0.28791
-0.60009
0.12329
0.05979
0.01693
0.28204
0.61026
0.21717
0.29172
-0.33532
0.40564
0.60118
0.04324
0.01183
0.07667
-0.04966
0.11537
-0.04449
-0.48524
-0.26573
0.06724
-0.04861
-0.49087
-0.66682
-0.37032
0.28435
0.39471
0.10443
0.07953
-0.36510
-0.07301
0.08703
-0.04618
0.26286
0.46195
-1.20350
0.00489
0.48478
0.57696
0.63049
-0.39923
-0.24167
-0.50078
0.01321
0.09985
-0.35866
-0.38060
0.12093
0.44772
-0.57487
0.03616
-0.32840
0.15977
0.37621
-0.49653
-0.38919
-0.73097
0.09689
0.27424
-0.49440
-0.10754
-0.15046
0.45005
-0.24821
-0.23148
0.77114
-0.03221
-0.07848
0.20188
0.39852
-0.44540
0.14109
-0.52464
-0.04940
-0.08880
-0.31407
-1.07279
-0.64137
-0.01601
-0.31311
-0.03844
0.15575
-0.10317
0.01348
-0.58855
0.21240
0.24944
0.18417
-0.85893
0.44608
-2.04700
0.55126
0.02526
0.17124
0.17410
0.13117
0.04616
0.29411
0.28979
-0.49665
0.01790
-0.44097
-0.54613
0.00524
0.14351
0.51703
0.44216
0.33069
0.19614
-0.01365
0.16759
-0.52956
-0.42612
-0.38244
-0.18577
-0.28739
-0.62037
0.29637
0.30098
-0.38800
0.05186
0.18523
0.04405
-0.45473
0.20877
0.21479
0.66531
-0.04350
-0.23816
-0.79956
-0.22865
-0.12675
0.16566
-0.71128
0.00906
-0.22021
-0.03807
0.22392
0.19976
0.36207
0.15252
-0.26010
-0.23800
0.36249
-0.26659
-0.55655
0.08574
-0.86182
-0.09837
0.17233
0.10159
-0.58659
0.29902
0.41423
0.11585
0.58488
-0.40575
-0.02919
-0.08336
-0.33353
0.29885
-0.15166
0.15339
0.06775
0.04274
0.11183
0.01593
0.33348
0.01158
0.24915
-0.32882
-0.03687
0.20221
0.45737
0.07082
0.09777
-0.83505
0.37955
0.47854
0.03020
0.28588
0.26936
0.11390
0.06659
0.70002
-0.12346
0.59471
0.14288
0.32405
-0.79183
-0.27583
0.06486
0.69584
0.07965
0.33679
-0.18363
-1.41069
0.47540
0.00546
0.50096
-0.38447
-0.46498
-1.31726
-0.52876
0.01126
0.53448
0.13796
0.40446
0.11458
0.45338
-0.25062
0.13152
-0.01266
-0.06344
-0.46469
0.14345
0.57016
0.11689
-0.35468
0.37846
0.13451
0.53764
0.15187
-0.25109
0.46126
0.00579
-0.39555
0.06471
0.35505
0.42584
-0.38143
0.51877
0.25427
-0.39278
0.05374
0.09042
0.09677
-0.28456
-0.03171
-0.26939
0.03820
0.54059
-0.75437
0.05730
0.26254
-0.14206
-0.67886
-1.08829
0.10078
0.41778
0.04200
-0.06557
0.37832
0.31538
-0.68905
-0.64216
0.17831
0.40420
-0.80392
0.58507
-0.15519
-0.86679
0.27329
-0.16874
0.19030
-0.00636
-0.36343
0.15416
-0.21834
-0.35417
0.10322
0.33209
0.23378
-0.75204
0.13630
-0.20866
0.18744
0.17687
-0.38594
-0.30161
-0.67943
-0.23802
0.11977
-0.24817
0.01759
-0.59022
0.11624
0.42198
-0.10508
0.02071
-0.06959
0.28764
0.13934
0.19040
0.00988
0.08627
0.28908
-0.03420
-0.09416
0.15088
0.14121
0.18577
0.28784
0.04762
0.35179
0.35667
0.38554
-0.02698
-0.82475
0.27665
-0.05974
-0.06981
0.07978
0.01060
-0.26021
0.51504
0.03055
0.30237
-0.31166
-0.34938
-0.29920
0.10170
-0.08323
0.09486
0.43900
0.17045
-0.79781
-0.46822
0.17593
0.22622
-0.08261
-0.54017
-1.33643
0.05512
0.51333
-0.25377
-0.23588
0.01272
-0.00749
0.44775
-0.92728
-0.74677
0.00326
-0.11236
-0.17411
0.14781
-0.05220
0.20580
-0.52721
0.46286
0.67131
0.38866
0.41283
0.10662
0.08284
-0.31299
0.42540
0.09872
0.02130
0.01960
-0.22319
0.42241
0.57590
0.12923
0.25533
0.26283
0.09368
0.35927
0.15859
0.38546
0.03953
-0.31373
-0.26169
0.03586
-1.10518
0.03774
0.26881
-0.00630
0.03451
0.02325
-0.19057
0.11877
0.20793
0.13647
-0.70959
0.23540
-0.21019
0.35798
-1.07623
-0.01687
0.19672
0.18614
-0.31381
-0.00279
0.06297
-0.08303
-0.28178
0.10827
-0.15576
0.17398
-0.12720
-0.70549
-0.30572
0.00313
0.12406
0.10120
0.17018
0.00916
0.09461
0.28884
-0.16011
0.22973
-0.49994
0.06434
-0.39019
-0.02818
0.31686
-0.52854
0.27585
0.23386
0.11688
-0.14209
-0.65284
0.06124
0.05480
0.12120
0.14219
0.33186
0.13040
0.27122
-0.90554
0.27555
0.21341
0.25356
-0.05736
0.48784
0.03334
0.07763
0.58415
0.52116
-0.21754
0.43349
-0.52192
0.19804
0.19685
-1.42498
0.11920
0.68066
0.29580
0.13602
0.02680
0.17231
0.08985
0.02641
-0.59423
0.27511
0.54921
0.14509
-0.68302
0.02656
0.20997
0.52024
-0.60525
-0.04165
0.04527
0.61429
0.10410
0.22010
-0.22841
-0.03654
-0.07667
0.38223
-0.19362
0.34889
-0.25220
0.26332
-0.15632
-0.25077
-0.35829
-0.85933
0.01107
0.06796
0.11139
-0.13277
0.05794
0.18504
0.09158
0.02987
-0.08408
0.19258
-0.35955
0.28205
-0.21103
0.02336
0.01584
0.23303
0.36761
-0.45852
-0.36130
0.22256
0.59374
-0.35115
-0.54149
0.36037
-0.70064
0.12656
-0.21452
0.70647
0.09585
-0.09819
-0.06897
-0.51256
-0.24685
-0.08133
0.18976
0.04147
-0.09449
-0.07763
0.13171
0.46476
0.11798
-0.03763
-0.54824
0.30517
0.10502
0.07226
-1.39044
-1.40845
-0.05600
0.38017
0.56201
-0.17188
-0.43989
0.61443
0.24718
-0.60500
-0.00747
0.19441
0.14818
-0.12360
0.36771
-1.12641
0.00872
-0.63575
-0.62380
-0.13103
0.24134
0.08503
-0.46425
0.03221
0.03796
0.43438
0.43709
-0.21313
0.07083
0.12528
-0.87376
0.58578
-0.46125
0.38278
-0.02683
0.25481
-0.77271
0.09242
0.15960
0.08714
0.56301
-0.60481
0.08592
0.43224
0.24720
0.10892
0.30163
0.70142
-0.57713
0.29574
0.03367
-0.70185
0.22033
0.28611
-0.95362
0.09819
0.06240
-1.02206
-0.01758
0.25703
-0.08489
0.32250
-0.33968
-0.74836
-0.16887
-0.02600
0.28486
0.43596
0.54153
0.08078
0.35856
-0.14297
0.23985
-0.05353
0.10137
0.01510
-0.31634
0.07762
-0.36002
-0.86444
-0.23384
0.40006
0.22356
-0.10978
0.26933
-0.05080
-0.07751
0.73803
-0.10779
-0.47522
-0.19943
0.04145
0.11600
0.11866
0.02847
-0.31756
-0.36777
0.10991
0.09974
-0.02999
-0.03203
-0.38936
-0.02199
0.08087
0.21891
0.60246
-0.40129
-1.00130
0.04990
-0.02811
-0.03973
0.02528
-0.73979
-0.07495
0.07622
-1.18812
-0.44293
-0.11386
-0.05587
0.29967
0.01452
0.18981
0.06153
-0.23868
0.10380
-0.04757
-0.33794
0.33710
-0.68891
0.12705
-0.11371
-0.19332
0.37599
-0.65448
0.60063
0.07105
0.15120
0.64625
0.19681
0.16734
0.04702
-0.03876
-0.63358
0.11736
-0.22070
0.06110
-0.00804
-0.33556
-0.00393
0.55901
0.61050
0.13122
-0.58826
0.32365
-0.21667
0.12927
0.11257
-0.07977
0.13414
0.22821
0.25952
0.21544
0.11741
0.03228
-0.35921
0.20317
0.12943
0.19974
-0.41430
0.12674
-0.55528
-0.15558
-1.32262
0.33080
0.10878
-0.45472
0.07701
0.31431
0.06637
0.15798
-0.10550
0.23800
0.30330
0.41660
0.05998
0.18474
0.14969
0.20544
0.27975
-0.35618
0.18610
-0.17133
0.15353
0.03474
0.24472
-0.14670
-0.32118
-0.04475
0.01504
-0.33305
0.14299
-0.67185
-0.27328
0.74210
0.03489
0.08556
0.38443
0.32760
0.36539
0.07522
-0.81285
-0.13350
0.25640
0.41672
0.36396
0.29604
0.10174
-0.92610
0.05497
0.05300
0.03594
0.19831
-0.20530
-0.41824
0.04271
-0.19682
0.30615
0.03082
0.55809
-0.07430
0.35146
-1.19779
0.34900
0.31204
0.07380
-0.58366
-0.11473
-0.09594
0.32191
-0.38328
-1.20674
0.32457
-0.53706
0.12944
0.08929
0.49820
-0.11305
0.35123
0.01406
0.12523
0.34117
0.14349
-0.38224
0.35542
0.08216
0.38110
0.40644
0.22165
0.35562
-0.01236
0.08060
0.01672
0.05894
0.00562
0.05932
