0.24133
-0.31246
-0.74260
-0.23142
0.19834
0.31162
-0.10161
0.18137
-0.04666
0.24133
-0.30340
-0.77984
0.11904
0.21753
0.18094
0.08701
0.31159
0.39597
0.48266
0.07510
0.38143
-0.71077
0.26295
-0.57573
0.39227
0.56934
0.19468
-0.15217
0.54505
-0.18952
0.25257
-0.16857
0.14733
-0.28832
0.15884
-0.06125
-0.06768
0.03873
0.02205
0.30873
-1.34245
0.18730
-0.14628
-0.92347
0.03581
0.41303
0.35494
-0.61046
0.49885
0.15588
0.35276
-0.48389
0.56253
-0.31339
-1.31061
-0.19720
-0.02749
0.22174
0.50066
-0.14128
0.39484
0.31520
0.14943
0.31137
0.34570
0.15973
0.25001
-0.26825
0.31610
-0.25682
0.40054
0.10994
0.35539
0.24219
-0.29528
0.39292
0.19026
0.01435
-0.22078
-0.02453
0.13255
0.15450
0.00218
0.05532
0.11199
-0.19033
-0.30140
0.41231
-0.46472
-0.05096
-0.89200
-0.82205
0.71570
-0.18549
0.28498
0.12091
-0.08250
0.28986
0.24637
-0.71331
0.33387
-0.29769
0.15320
0.09321
-0.04935
0.15481
0.12878
-0.07450
-0.06529
0.08537
0.49771
0.01604
-0.46487
0.15946
0.08925
-0.75242
-0.45908
-0.11869
0.41347
0.07256
0.35296
0.36668
0.24935
0.28118
-0.46375
0.11345
0.32382
0.21254
0.40526
-0.60546
-0.06674
0.16651
-0.54641
0.23187
-0.92736
0.25568
0.31159
0.46382
0.04006
0.31166
-0.98781
-0.56160
-0.24654
0.23993
0.36058
0.29577
0.51365
0.50043
0.45124
0.31151
-0.56180
-0.19051
-0.31850
0.14090
0.17173
0.22564
-0.98860
0.14565
0.31162
0.10447
-0.10210
-0.08467
-0.13732
-0.28366
-0.14203
-0.76220
0.31169
0.30467
0.29253
0.50456
0.18554
0.31476
-0.14897
0.23089
-0.18211
-0.32670
0.29805
-0.96262
0.60339
-0.28786
-0.08436
0.39758
-0.27959
0.31152
-0.22936
-0.99342
0.42424
-0.06159
-0.18731
-0.32895
-0.27042
0.32899
0.11159
-0.33863
-0.38088
-0.45448
-0.08535
0.14685
0.66602
-0.86635
-1.13751
-0.03373
-0.39497
0.39493
-0.06295
0.25820
-0.01858
-0.82046
-1.15557
-0.26798
-0.02351
0.69705
0.04770
0.15436
0.02703
-0.08135
0.24687
-0.51553
0.02368
-0.18439
0.56167
-0.29133
0.06234
-0.82850
0.21802
0.30724
0.05442
-0.32864
-0.36088
-0.30818
0.34585
0.17725
-0.07280
-0.34447
0.31150
0.63753
0.04125
0.10430
0.05175
-0.99034
-0.06687
0.48737
-0.00913
-0.23043
-0.06679
0.65452
-0.01126
-0.01791
0.28356
0.11427
-0.39407
-0.90985
0.36025
-0.46026
0.22275
0.42941
0.13992
0.28948
-0.26881
-0.19872
0.05905
0.02441
-0.38994
0.39347
-0.51138
0.28433
0.24161
0.31166
0.47466
0.13534
0.31170
-0.20833
-0.28489
-0.43671
0.14190
0.30831
-0.49602
0.35621
0.30499
-0.23498
0.31167
-0.05551
0.31184
0.13677
0.24731
-0.65816
0.08170
-0.49771
0.23343
0.16638
0.31159
-0.03414
-0.22202
-0.14015
-0.73036
0.27129
0.59229
0.16219
-0.68365
-0.31323
-0.21686
0.09033
-0.23209
-0.07803
0.56717
-0.29249
0.31150
0.65044
0.46479
0.40106
0.31148
0.31138
0.24991
-0.41070
-0.16486
0.59536
0.31165
-0.20612
0.25611
-0.28156
-0.16939
0.04703
-0.24384
-0.73626
0.01141
0.10317
-0.76957
0.31166
0.52760
-0.49696
-0.18125
0.20280
0.40980
0.71955
-0.36257
-0.14883
-0.96469
0.12469
0.31725
0.20238
0.15229
-0.15551
0.54379
0.27662
-0.15583
0.33630
0.49978
0.19514
0.42592
-0.00980
0.13347
0.56836
0.39068
-1.05807
0.31873
-0.10885
-0.42862
0.22298
0.41256
0.42543
0.40321
0.10962
-0.03751
-0.61315
-0.05308
0.36459
0.07530
-0.77478
-0.53952
0.24957
0.50562
-0.85264
-0.30025
0.31162
-0.48857
0.29045
-0.54788
0.07303
0.14661
0.08977
0.03350
0.05140
0.27035
0.15220
-0.09230
-0.18392
-0.18543
-0.67620
-0.16732
-0.48915
0.31161
0.11528
0.34062
-0.37916
0.26441
-0.90806
-0.77583
-0.26832
0.30223
0.22774
-0.08681
-0.19610
-0.31795
-0.20982
0.31165
-0.12869
-0.27991
-0.22523
0.49927
0.31625
-0.34022
-0.38936
0.23893
0.30720
0.12768
-0.09533
0.53743
0.46976
0.35897
-0.02103
0.54947
0.29669
-0.09368
-0.80244
-0.03908
0.17829
0.49033
0.53933
0.47142
0.20468
0.26459
-0.16145
0.08455
0.11449
0.14798
0.31165
-0.00114
0.23512
0.07899
0.23472
0.25846
-0.07410
-0.25013
0.22529
0.33811
0.01020
0.67301
0.55066
-0.17457
-0.19641
0.31162
-0.17862
-0.55744
-0.34577
0.07492
-0.03292
0.29082
-0.08917
-0.31120
-0.19796
0.14092
0.26629
-0.08347
0.33203
0.15575
0.27704
-0.18893
0.31161
0.30503
-0.35738
-0.30589
0.17388
-0.33696
-0.78247
0.02763
0.15852
-0.41639
-0.48880
-0.15646
0.41237
-0.19132
-0.20421
0.31319
-0.06299
-0.66119
-0.02127
-0.31467
0.21096
-0.41803
0.31165
-0.24750
-0.15973
0.24404
-0.06522
0.26628
-0.16466
0.22800
-0.01736
0.08271
-0.42781
-0.69737
0.14508
0.35753
0.29082
-0.47430
0.18072
-0.29676
-0.49240
-0.02261
-0.16833
0.23844
-0.20923
0.02981
-0.79932
-0.25750
0.66107
0.32516
-0.01592
0.48338
-0.05887
-0.51639
-0.09839
0.31254
-0.60090
0.37064
-0.31361
0.47760
-0.75181
-0.14759
0.12804
-0.36259
0.31186
0.28888
-0.19692
0.11529
-0.22034
-0.27011
0.21240
-0.09119
0.29610
0.29909
0.04674
-0.24849
-0.84383
0.07180
-0.12452
0.32733
-0.01191
-0.50636
0.16883
-0.42469
-0.24417
0.41577
0.41564
0.02955
-0.50267
-0.56574
0.46313
-0.07468
0.21826
-0.25591
-0.31358
0.08197
-0.13008
0.04640
-0.71820
0.07371
-0.25991
-0.03354
0.36399
-0.20170
-0.20145
0.31141
-0.43938
0.50436
-0.04535
0.11267
-0.48154
-0.36627
0.08732
-0.34630
0.03668
0.16061
-0.17682
-0.90098
-0.66493
0.75949
0.18855
-0.36128
-0.17807
-0.04361
0.28272
0.37652
0.63585
0.19040
0.33674
-1.02836
0.12965
0.07347
0.51668
-0.06231
-0.16026
0.28979
-0.05716
0.01271
0.31160
0.09922
0.38347
0.14484
0.27296
-0.63138
0.17119
0.48383
0.31167
-0.34890
0.03879
0.05203
0.74338
-0.27387
0.26784
0.00937
-0.32738
0.49473
0.04814
0.17266
0.46851
0.28631
0.14459
0.24527
-0.35080
0.31164
-0.02074
-1.48396
-0.19674
0.28379
-0.05538
-0.48500
-0.12686
0.36166
0.24521
0.27341
0.00227
0.09377
0.04106
0.28404
-1.54504
0.45171
-0.57055
-0.40662
0.07848
-0.39387
0.35367
-0.05020
0.31894
0.14902
0.36511
0.20335
-0.06953
0.06794
-0.39740
-0.56215
0.29979
-0.01611
0.14123
-0.31667
0.15585
0.53335
0.21834
0.20448
-0.71525
-0.05454
-0.20889
-0.08138
0.27331
-0.11464
-0.32819
-0.51944
0.08144
0.47531
0.00607
0.39423
0.49899
0.38087
-0.48712
0.09133
-1.41116
0.41772
0.02320
0.00368
-0.53618
0.27546
-0.69225
0.11557
0.35322
0.28930
-0.47398
0.60094
-0.50517
0.19864
0.66153
-0.42884
0.44038
0.42932
0.14071
-0.10685
-0.17133
0.31161
-0.55597
-0.08761
0.13834
0.08174
-0.26601
0.17108
-0.41600
-0.07878
-0.47891
-0.36503
-0.25363
0.38800
-0.18323
0.27619
-0.27787
0.43130
-0.02494
-1.24092
0.18487
0.43353
0.19046
-0.07165
0.31173
0.19131
-0.25059
-1.09600
0.27812
0.31156
0.04348
0.21268
0.15922
0.31154
-0.16493
-0.96599
0.29502
-0.22665
0.56936
-0.30081
0.19479
0.43215
0.34942
0.32204
0.18052
0.59325
0.42897
0.31162
0.31181
-0.19026
0.12876
0.17012
0.22244
-0.18120
-0.92681
0.07835
0.14717
0.50614
-0.60748
-0.01710
0.08160
0.26160
0.26553
0.45705
0.52867
-0.54177
0.48335
-0.05407
0.31169
-0.31781
0.21434
-0.03050
-0.34949
0.26243
0.10045
0.29303
-0.24378
-0.07139
0.54785
-0.44618
-0.43225
0.34948
0.11556
0.30263
0.19215
0.22448
-0.41491
0.07642
-0.61569
0.31157
-0.28126
0.08585
0.07083
0.31152
0.25848
-0.03344
-0.45311
-0.20005
0.36033
0.32022
-0.30291
0.31152
0.06133
0.35727
-0.61210
0.40323
-0.10788
0.31905
0.33097
0.25616
0.52280
0.42830
0.03783
-0.10196
-0.61599
-0.03668
0.01510
0.27948
-0.28436
-0.48046
0.20588
0.24467
0.28807
-0.09914
-0.33650
-0.15942
-0.78648
0.32661
0.31746
-0.38952
-0.06957
0.40211
-0.22165
0.31170
0.36628
0.41834
0.17388
-0.20890
0.31153
0.08038
0.50546
0.29952
-0.42840
0.05410
0.47244
0.25994
-0.49500
-0.43888
0.31433
0.31165
0.12380
-0.14740
-0.21391
-0.69182
-0.08482
0.10566
0.01304
-0.04481
-0.57913
0.00689
0.25732
-0.19902
0.01773
-0.29462
-0.16233
0.31153
0.16588
0.34425
0.09366
0.26228
-0.23724
0.31151
0.28408
-0.74065
0.29065
-0.25539
-0.15062
-0.35255
-0.05881
0.31988
0.30680
0.14244
0.02361
0.15829
0.02663
-0.20469
-0.04626
-0.21610
0.28434
0.16564
0.53030
-0.27820
0.23451
-0.21034
-0.28868
0.31160
-0.40148
0.31153
0.31152
-0.41115
-1.05889
-0.16486
0.31175
-0.03225
0.31173
0.13536
-0.20930
-0.03824
-0.73855
0.38013
0.31579
0.04043
0.23908
-0.43960
0.44822
0.51748
0.38366
-0.23873
-0.22005
0.27961
-1.55436
0.42120
-0.62220
-0.06961
0.18862
-0.67361
0.31152
0.65042
0.09160
-0.81077
0.46431
0.09379
0.91247
-0.13595
-0.41686
0.34764
0.42084
0.25343
-0.36794
0.05370
0.12924
0.31171
-0.16799
-0.08682
-0.78995
0.53171
0.04082
-0.14597
0.38421
-1.08132
-0.65993
-0.14728
-0.85535
0.51205
0.19954
0.31194
-0.52626
0.73323
0.27782
-0.34479
-0.05183
0.15726
0.38399
0.12936
-0.19756
0.24322
0.17297
-0.48299
0.12926
0.28289
0.31705
-0.23344
-0.04460
0.28813
0.22768
-0.28722
0.04476
-0.24272
0.06823
-0.42788
0.16634
-0.29603
-0.72901
0.12665
0.09537
0.55230
-0.32212
-0.92386
0.31161
-0.23075
0.59810
-0.05390
0.02623
0.19596
-0.14604
0.46405
0.31696
-0.88288
0.50210
0.47288
-0.26316
-0.24711
0.19368
0.40541
0.29601
0.26898
0.27111
0.45650
-0.21682
0.28625
0.28970
0.17793
0.29793
0.28580
0.49870
0.37555
0.29184
0.28832
-1.27640
0.51451
0.32917
0.33120
-0.19463
0.38408
-1.77378
0.24523
0.40888
0.40099
0.40665
-0.44756
0.40866
-0.17251
0.39221
0.52345
0.39516
0.52400
-0.34293
0.39967
0.46229
-0.68372
0.34010
0.46264
-0.44792
-1.37419
0.72276
0.42191
-0.08205
0.59296
0.02414
0.10800
0.27964
0.27796
0.31463
0.47024
0.27860
0.34810
0.27362
0.34466
0.12093
0.49528
0.27305
0.27820
-0.64832
0.34768
0.28029
-0.07059
0.47295
0.05625
-0.19562
0.45430
0.35784
0.38249
0.29574
0.68682
-0.31592
0.25678
-0.35020
0.22649
-0.05604
0.47236
-0.19479
0.42614
0.43236
0.55497
-1.27720
-1.04681
-0.14398
0.00855
-0.55335
0.31115
-0.08257
-0.45700
-0.56060
0.14458
-1.09736
0.36674
-0.73193
-0.60184
0.70535
0.31095
0.69365
-0.03276
0.29199
-0.05967
0.53745
0.14886
-0.47682
-0.19090
0.39604
-2.23771
-1.10727
-2.10872
0.29060
0.28706
-0.73963
-2.11629
-1.29029
-1.29270
0.30548
0.55917
0.23214
0.23972
0.49230
0.35379
0.40454
-0.17403
0.52982
0.39003
0.12101
0.39888
0.31791
0.40489
-0.49766
0.31097
-0.11848
0.54064
0.27270
-0.08512
0.07861
0.20687
0.45367
-0.02233
0.18368
0.42835
0.09899
-0.31124
0.39336
0.40568
0.55742
0.45650
0.22948
0.26830
0.64291
-0.10452
-0.42574
0.15132
0.49717
-0.78680
0.07579
-0.46137
0.72351
0.27672
-0.66963
0.69480
0.43206
-0.40994
0.44630
0.43104
0.57714
0.38673
0.16280
0.10872
0.29587
0.16126
0.24249
-0.08776
0.43384
-0.41092
0.33752
0.45928
0.59006
0.40840
0.19377
0.32204
0.30544
0.43689
0.45942
0.18766
-0.01568
-0.19562
0.48176
-1.02927
0.36088
-0.48124
-0.22903
0.27762
0.13262
-0.12019
0.48213
0.08419
0.35150
-0.07796
-0.77230
-0.73207
0.45146
-0.36565
0.26891
0.33289
0.39190
0.68525
0.40570
0.04587
-0.96880
-0.13510
0.11718
0.29229
0.39238
0.35556
-0.08449
0.43311
0.27316
0.07150
-0.06658
0.35109
-0.37488
-0.16346
-0.48597
-0.08328
-0.46137
-0.34655
0.35231
0.64025
0.33520
0.23954
-0.42896
-1.02091
0.39590
0.24509
0.73808
0.00039
0.39902
0.57741
-0.32183
-0.65613
0.56760
0.20004
-0.72033
-1.87537
0.43794
0.43572
0.55968
0.40283
-0.43303
0.74003
-0.93881
-0.07795
0.28785
0.51482
0.31102
-0.76420
-0.30345
0.18921
0.34572
-0.52505
0.18206
0.59953
0.31104
-0.59256
0.73455
-1.00299
-0.05762
0.29185
-0.46513
0.39370
-0.47667
-1.56816
0.54407
-0.43081
-0.03376
0.44338
0.47030
0.27877
-0.80087
0.02425
-0.87555
-0.40090
0.06783
0.28249
0.45604
-1.85748
0.32908
-0.80203
-1.30413
0.31101
0.27886
-0.61362
0.55276
-0.65618
-0.40041
-0.67539
0.37249
0.11473
0.39649
-0.39962
0.43330
0.36198
-0.24249
-0.10676
0.46095
0.71403
-0.22844
-1.54320
0.56030
0.72480
0.42215
0.55084
-0.73328
-0.85537
0.44328
-0.45841
-0.02902
0.45812
0.39415
0.37488
0.11335
0.51765
0.61083
0.08282
0.45817
0.40742
0.43710
0.57863
0.39902
-0.88132
-0.35039
0.43352
-0.08954
0.41829
-0.29775
-0.10268
0.43792
0.32472
0.38879
0.46047
-0.42306
0.46221
0.59673
0.41998
0.12343
0.42419
0.33816
-1.36352
0.23406
0.35192
-0.15154
-0.85303
0.49924
0.59190
0.42634
-0.28624
-0.44437
0.41127
0.40780
-0.34315
0.29927
0.29442
-0.42299
-0.38302
-0.13090
-0.13552
0.23873
-0.10358
0.58932
0.65322
-0.42492
0.36791
-0.15404
0.59161
0.71223
0.63862
0.63532
-1.31129
-0.03901
0.27884
-0.41972
0.51503
0.57448
0.01591
0.58265
-0.11010
-0.69346
-0.04355
-0.43675
0.52995
0.29759
0.24629
0.18150
-0.03518
0.53752
-0.43675
-0.96614
0.50032
0.17827
-1.00705
0.35270
0.40730
0.14347
0.31104
-1.00961
-0.76949
-0.57950
0.41646
-0.48667
-0.01356
0.42792
-0.27693
0.37948
-0.67640
-0.04305
0.25102
0.31103
0.31069
0.26613
0.32144
0.15513
0.40832
0.40329
0.43314
0.26494
0.06741
0.30361
0.49403
0.49693
-0.56363
0.32629
0.57317
0.67289
0.47147
0.58215
0.39312
0.42678
0.26312
0.80167
0.29900
0.01321
0.50193
0.40911
-0.06256
-0.36571
-0.60793
0.26313
0.44265
0.10466
-0.00324
-0.67611
0.13280
-0.82799
0.17847
0.29281
0.40169
0.42978
-0.03283
-0.03083
0.38861
-0.25128
0.45193
0.04859
0.29987
0.35005
0.43161
-0.39933
0.65322
-0.14797
0.28515
0.43098
-1.04911
-0.13909
0.22757
0.35531
0.38910
0.33904
0.12518
0.41045
-0.21283
-0.35141
0.68616
-0.22960
0.64599
0.17929
0.00764
0.67278
0.82339
0.53071
0.33225
-0.35185
0.30404
0.35501
-0.40720
0.38665
0.13431
0.12546
0.43290
0.22842
0.53519
0.58202
0.34739
-0.40388
-0.08465
0.01988
0.62168
-0.13306
0.33997
0.31665
0.39592
0.54695
0.68432
-0.41150
0.25298
0.00957
0.03092
-0.46097
0.49753
0.10719
0.29037
0.47006
0.43245
0.06169
0.34592
0.23465
0.47068
0.84820
-0.42123
0.59706
0.08566
0.29143
0.28377
0.51543
0.48746
0.22980
0.29632
0.66772
0.59567
0.40239
0.00007
-0.48509
0.40849
0.36991
0.09551
-0.14658
0.44361
-0.10468
0.35273
-0.10532
0.45117
0.24995
0.47804
-1.69737
0.10278
-1.05027
0.12755
0.35740
0.35779
0.65642
0.56914
-0.29081
0.46965
-1.29354
-0.43685
0.40092
0.60879
0.48994
-0.66208
0.27337
0.27526
0.27514
0.28450
-0.44080
0.04243
0.27443
-0.31518
0.31116
0.36131
0.49572
0.25668
0.34798
0.10462
0.34801
-0.02471
-0.31980
0.44509
-0.18163
0.51136
-0.98214
-0.18545
0.45867
0.37208
-0.08833
-0.31749
0.33963
-0.72036
0.40868
0.34516
0.29627
0.35233
0.05961
-0.07638
0.33277
0.35863
0.29351
-0.62473
0.34033
0.34980
0.45469
-1.16141
0.48941
0.27728
0.27704
0.41118
-0.61292
-0.02379
0.28368
0.47098
0.46906
0.46411
-0.72502
-0.01158
-0.93978
0.30985
0.38300
0.21478
-0.45546
0.38541
-0.48847
0.35702
0.23781
0.19443
0.32692
-1.29720
0.39244
-0.09493
-0.25596
-0.13966
0.55413
0.42514
0.30436
-0.17453
-0.98707
0.19177
-0.74456
0.66143
0.02037
0.54653
-0.22552
0.21436
-0.28088
-0.05621
0.38726
-0.09155
0.45146
0.56295
0.41066
0.31085
0.14208
0.34550
0.39327
0.34961
0.38237
-0.32334
0.07535
0.38311
-1.18269
0.75229
0.36031
-0.03355
-0.04575
0.38260
-0.23157
-0.22965
0.41359
-0.25380
0.61271
-0.08996
0.41157
0.64903
0.37138
-0.86953
0.73982
0.12507
-0.09779
0.63706
0.43982
0.74132
0.31093
0.16236
0.55784
0.07116
0.38645
-0.32835
0.17877
-0.19239
0.14526
0.51144
0.34365
0.39189
-0.27222
-0.71157
-0.61362
-0.99601
0.43060
0.30421
-0.47264
0.47846
-0.45782
-0.79380
0.42821
-0.03833
-0.03347
0.59858
0.42573
-0.56802
0.32445
0.38509
0.25548
0.66972
-0.10097
0.50164
-0.94362
0.10069
-0.64381
0.18678
-0.71435
0.08096
0.65095
-0.55999
0.31116
-0.22419
-0.57956
0.51000
-2.00231
0.32364
0.32465
0.66215
0.50986
-0.32732
0.43513
-0.46353
0.59867
0.26906
0.45081
0.36711
-0.02784
0.68584
0.56994
0.12690
-0.20827
-0.33874
-0.40147
0.55282
-0.46947
0.64103
0.56141
0.04063
-0.71366
0.26182
0.60753
0.43756
0.31088
0.56453
0.49882
-0.47839
0.41325
0.35233
0.25705
-1.35116
0.39077
-0.67842
-0.09223
0.06606
0.31121
-0.18348
-0.93963
0.48028
0.39221
0.30535
0.30454
-0.16472
0.14681
-0.10264
0.64645
-0.39914
0.40410
0.40534
0.57198
0.31084
0.51088
-1.24741
0.36396
-1.42568
-0.01551
0.72019
0.44998
-1.08743
0.33871
0.82205
-0.38385
0.28268
0.49979
-0.30049
0.36390
-0.85828
-0.24927
-0.47795
0.51149
0.51141
0.31075
-0.96825
-0.04189
-0.04143
0.48244
-0.11294
0.46144
-0.11679
-0.07041
0.40277
0.35256
0.01548
-0.23749
-1.09803
-0.62481
-0.98731
-0.03791
0.21184
0.42510
0.44415
0.38672
-0.16470
0.37992
0.70325
0.28725
0.32406
-0.44191
0.30565
0.31091
0.62726
0.44722
0.09983
0.30544
0.36423
0.45116
0.09970
-0.29277
-0.19648
0.19993
0.73332
0.14818
-1.50648
0.05661
-0.44985
0.32570
-1.59707
0.28070
0.39576
0.28737
0.23902
0.19496
-1.23656
-0.34382
0.02116
0.47206
0.35628
0.38419
0.27875
-0.02976
-1.09915
0.31330
0.27543
0.52481
0.42012
0.38589
0.11992
-1.53570
0.32825
0.41787
-1.55616
-0.06064
0.44809
-0.43644
0.25321
0.36941
0.35663
0.31051
0.15085
0.04647
0.02191
-0.92131
-0.09856
0.31088
0.26348
0.37592
0.13428
0.30308
0.19763
-0.15681
0.13092
0.19446
0.19996
0.44637
0.37728
-0.46836
0.64069
0.40871
0.43982
0.29084
-0.22631
0.40956
-0.42747
-1.63776
-0.01444
0.49801
0.49804
0.06456
0.20357
0.34314
0.38785
0.33973
-0.07645
0.51050
-0.17316
0.73786
0.32855
0.05921
-0.41448
0.31105
0.54413
0.38231
0.41778
0.32369
0.39479
0.48607
0.55098
0.13323
0.52697
0.06968
-0.06965
-0.09916
0.01001
0.46170
-0.45187
0.66355
0.51923
0.31912
0.35067
0.51357
0.41812
0.16903
0.42889
0.29675
-0.06588
0.28095
0.46141
0.42878
0.37880
0.11604
0.34645
0.03335
-0.23603
0.42620
0.08539
-0.75186
-0.10888
0.52009
0.58816
0.42500
0.39258
-0.73010
0.19219
-1.09746
0.37264
0.74575
0.43049
0.42644
0.43799
0.07608
-0.27746
0.27389
-0.08562
0.43102
0.37855
-0.48314
0.35848
0.47607
0.51106
0.44882
0.02277
0.04441
-0.12313
0.55190
0.27793
0.45404
0.45941
0.39118
-0.34060
0.21992
-0.36266
0.50328
0.68043
0.47037
0.19536
-0.01577
0.36731
0.37551
0.49583
0.07595
-0.28932
0.08039
0.39830
0.35320
-0.16516
0.67548
0.51743
-0.05283
-1.04465
0.66782
0.03321
0.60153
0.45434
0.06702
-0.19931
0.28406
-0.52397
0.43965
-0.45412
0.46573
0.18778
-0.29977
0.41753
0.53704
0.51856
0.10040
-1.13865
-0.04800
-0.42474
-0.23071
0.43321
0.10179
0.61480
0.42746
0.43163
0.42359
0.10771
0.42933
0.28498
-0.35018
0.26156
-0.41060
0.41534
0.45951
0.35923
0.50038
0.34119
-0.10314
-0.13413
0.42276
0.43357
-0.40945
0.46470
-0.28946
0.77383
-0.15619
-1.05055
0.43315
0.43362
-0.28342
0.51678
0.16523
0.30758
-0.08303
0.35563
0.63060
0.31137
0.17527
-1.05088
0.38830
-0.67661
0.28156
0.29819
-0.10520
-0.09644
0.51045
0.38456
0.12864
0.41013
-0.02725
0.42550
0.12700
0.74596
0.41641
0.12721
0.35563
0.36700
-0.67698
0.24424
0.68495
0.41089
0.33178
-0.24522
-0.22066
0.68873
0.13504
0.69104
0.52467
-0.24064
0.37872
0.31108
0.50952
0.42183
0.37871
0.43030
0.05135
-0.24056
0.39176
-0.93918
0.44906
-0.09994
-0.54238
0.36678
0.39083
0.27078
-1.04890
-0.70536
0.49996
0.66189
-0.94066
-0.42944
0.82639
0.40434
0.31110
0.29654
-0.47829
0.61517
0.62000
0.42417
0.29730
-0.77672
0.41141
0.31107
-1.20783
0.44193
0.02286
0.35752
0.07025
0.26991
0.40395
0.59527
0.48081
0.34355
-0.34583
0.53777
-0.24195
0.26616
0.47803
0.40097
0.30928
0.40155
0.48177
0.44804
0.32708
0.10786
-1.29555
0.50717
0.29177
-0.39359
-0.08323
-0.87320
0.58877
-0.32350
0.38367
0.58306
0.33307
0.26565
-0.78951
0.43219
-0.66007
0.44471
-1.59489
0.17930
-0.12535
-0.57383
0.62627
0.31428
0.36784
0.57723
0.14664
-0.33532
0.23431
0.24616
-0.17037
0.36300
-0.39475
0.54216
0.44640
0.49453
-0.60849
0.50862
0.55241
0.49397
0.19076
0.30040
0.27826
0.49552
0.41827
0.31096
-0.70385
-0.24819
0.48579
0.65311
0.29870
-0.98701
-0.40402
0.18547
0.29150
0.66755
-0.02120
-0.33013
0.43046
0.18485
0.31103
0.00831
-1.22768
0.60627
0.48610
0.33815
0.44472
-0.01988
0.33881
0.54199
0.32288
0.36306
0.43821
0.63872
0.37329
0.40758
0.41733
0.38551
-0.41879
-0.97779
0.60434
-0.16613
-0.13220
0.28714
0.67081
-0.60761
0.42648
0.35077
0.34861
0.51971
0.28444
0.48851
0.06107
-0.45923
-0.59316
0.38435
0.38497
0.30891
0.44662
0.28894
0.34087
-0.39420
-0.22493
-0.32146
0.02500
-0.98923
0.31657
0.31117
0.06478
0.38441
-0.33859
0.31099
0.49809
0.27890
0.02673
-0.43080
0.49868
0.32504
-0.22291
-0.55887
0.10979
0.12710
0.20651
0.45817
-1.35874
-0.14203
0.44232
-0.47633
0.51189
-0.16958
0.49969
0.28884
0.24663
-0.23290
0.29934
-0.19079
0.32056
0.67119
0.43286
0.30886
0.42118
0.38716
0.58771
0.48308
0.26243
-0.40034
0.42275
0.40376
-0.65669
-2.30210
0.19457
0.09620
-0.21113
0.35845
0.38285
0.16189
0.42168
0.50698
-0.33146
-0.36219
0.38361
-0.00582
0.28292
0.29395
0.01956
0.50785
0.52951
-1.28267
0.49723
-1.39275
-0.49720
0.08302
0.54617
0.31117
-0.52002
0.56139
-1.14301
0.17970
0.50950
0.08680
0.29804
0.44645
-0.52457
0.57466
0.68948
0.73831
0.31086
0.42722
-0.87771
-0.39524
-0.39913
0.49558
0.48497
0.33689
0.58194
0.32962
0.39334
0.47723
0.00422
-0.44806
0.44764
0.41687
0.40663
-0.08795
-0.15493
-0.10325
0.31305
0.31115
0.39134
0.67288
-0.39973
0.47132
0.39943
0.27077
-0.26641
0.16665
-0.03006
-1.94522
0.31106
0.58949
-0.39883
-0.93394
0.30024
-0.93618
-0.34776
-0.12022
-0.09589
-0.10228
0.48444
-0.43378
-0.07008
0.39668
0.10082
-0.30230
0.09213
-0.40371
-0.15925
-0.25611
0.05983
0.57628
0.39004
0.34944
0.38924
-0.47279
-0.92760
-0.13354
0.41232
0.24442
-0.50271
-0.52699
-0.09946
-0.29099
-0.34017
0.15477
0.20562
-0.04991
-0.98101
0.69495
0.17291
0.52997
0.48966
-0.45855
0.50925
0.39539
0.33929
0.40002
0.53196
-0.66960
-0.34954
-0.13071
0.40198
0.40500
0.39086
-0.34949
0.39878
0.46742
-0.86678
0.43717
-0.38485
0.36805
0.31088
0.00062
-0.09798
0.16836
0.82755
-0.45085
0.49147
-0.10633
0.32528
0.67688
0.15292
-0.07653
0.46550
0.46829
-0.43909
0.29376
0.43730
-0.42990
0.59324
0.36249
0.26330
0.42686
0.42883
0.31995
0.28435
0.27585
0.01783
0.71386
0.37156
-0.32892
0.31101
0.31096
-0.57066
0.19784
-0.50245
0.22426
0.31102
0.55868
0.31094
0.19865
0.35074
-0.07563
-0.43127
0.31107
0.13328
0.46336
0.49656
0.27567
-0.01629
0.42016
-0.26766
-0.13764
-0.55555
0.29330
0.64698
-0.19794
0.31130
0.31063
0.34981
-0.57954
0.28892
0.13966
0.13776
0.31084
0.42514
-0.48477
0.51324
-0.64777
0.32896
0.31094
0.42740
0.17015
0.44436
0.52471
0.32796
0.25936
0.27756
-0.96389
0.03471
0.66480
0.48139
0.51842
0.35065
0.44583
0.48296
0.43642
0.58704
0.37829
0.41978
0.31308
0.02310
-0.28095
-0.64317
0.45424
0.28869
-0.17800
0.14717
0.31099
0.59603
0.28742
-1.24523
-0.07043
-1.72161
0.48593
0.29242
0.00867
-0.42412
0.10809
0.49553
0.43502
0.55631
0.31078
0.31055
0.67885
0.31066
-0.87467
0.42664
0.73177
-1.94811
0.33183
0.29435
0.41244
0.44839
0.44758
0.36357
0.54004
0.39202
0.28838
-0.00534
0.27855
-0.10334
0.35128
0.37200
0.41183
0.68337
0.06330
0.29109
0.01683
0.29853
-0.48113
0.29068
0.58483
0.52026
-0.45016
0.55436
0.11436
-0.17557
-1.17446
0.33599
0.53718
0.31062
-0.43898
0.12623
0.28960
0.28380
0.28287
0.26994
0.34283
0.35090
0.68142
0.57585
0.23335
-0.85225
-1.62426
-0.21762
-0.45102
0.28732
-0.29049
-0.29098
0.47068
0.34213
0.28236
-0.39171
-0.15953
0.36490
0.49544
0.28784
0.06549
0.28346
0.36802
0.25326
0.28482
-1.38783
0.38580
-0.25518
0.26890
-0.38739
-0.50053
0.45374
0.31092
-0.46688
0.26713
0.56784
0.06974
-1.67662
0.67636
0.48821
0.20059
-0.60775
-0.54144
-0.74348
0.46000
-0.49957
0.31099
0.07267
0.43224
0.48258
-0.14987
0.41086
-0.18706
0.25869
0.04602
-0.01675
0.42208
0.43730
-0.20898
0.32163
0.32191
-0.89831
0.42997
-0.41799
0.36659
0.29078
0.26099
0.20856
0.43409
-0.02207
0.43803
0.49580
0.39699
0.28906
-0.25973
0.50772
0.56723
0.05660
-0.72609
0.53564
0.31098
0.19867
0.67336
0.20075
0.28443
0.82202
0.28425
0.46820
-0.50542
-0.53754
0.57498
0.41512
-0.42776
-0.10915
0.34593
-1.48736
0.45324
0.31100
0.15129
0.29140
-0.44536
-0.42832
-0.29504
0.34950
-0.47270
0.46017
0.28980
0.12075
-0.07378
0.38013
-0.71244
0.48481
0.31082
-0.40125
0.38986
0.39931
0.57207
0.48526
0.09303
-1.49584
0.31116
0.33048
-0.73487
-0.25353
-0.04667
0.40598
-0.08749
-0.01768
-0.72183
0.42859
0.59299
0.68354
0.32930
0.41390
0.40725
0.41669
0.41907
0.25009
0.24716
0.11658
0.56547
0.12696
0.47553
0.37271
0.56821
0.57148
0.57577
-1.17725
0.25483
0.29815
-0.40245
-0.09945
0.33742
0.29064
0.43133
0.43175
0.24040
0.64805
0.21329
0.31105
0.31099
0.41635
0.78667
0.25165
-1.60632
0.44983
0.34786
-0.20364
-0.49661
0.33645
-0.25362
0.57726
0.28119
0.42861
0.41828
0.27524
0.40189
0.47935
-1.35887
0.31093
-0.49874
-0.14520
-0.09896
0.76929
-0.02275
-1.25945
0.39225
-0.81960
0.04003
-0.61021
0.24907
0.26107
-0.53001
0.23106
-1.39605
-2.14550
0.34244
0.30725
-0.15044
0.30503
-0.79578
0.36680
-0.95754
0.09957
0.41575
-1.01330
-0.44891
0.18072
0.46168
-0.57274
-0.14362
0.27728
-0.14921
0.30630
0.18409
-0.08428
-0.17209
-0.46785
0.29717
-1.39939
-0.46094
0.19355
0.07181
0.28344
0.48761
-1.49099
-0.73906
-0.78752
-0.79190
0.48699
-1.29904
0.35263
0.23133
-0.38737
-2.20411
0.23991
0.12094
0.32264
0.31079
0.27908
0.52816
-0.87397
0.33111
0.59294
0.40640
0.50084
0.31107
-0.11314
0.56919
-0.20234
0.51519
0.58460
0.19722
-0.29880
-0.45429
-0.09694
-1.08827
0.31101
0.31104
0.45215
0.63970
-1.06802
0.00186
0.37383
-0.92860
0.85736
-0.04199
0.38662
0.33013
0.51418
0.31094
-1.29226
0.19400
-0.09665
0.48063
-0.44851
0.33287
0.40540
0.30936
0.69852
0.27129
0.26989
-0.38635
0.00186
0.42507
0.41542
0.08239
-0.28620
-0.16497
0.66220
0.45597
0.54368
0.63673
-0.19976
-0.21566
0.63701
-0.56368
0.56336
0.55225
0.06725
-0.06896
-0.04584
0.73251
0.60424
-0.86902
-0.42762
0.11073
0.43439
0.31124
0.64478
-1.08585
-1.05726
0.64820
0.49058
0.23487
-0.61177
0.37089
-0.44146
-0.20397
0.24538
-0.30334
0.56874
0.46624
-0.82376
-0.30572
0.11596
-0.09473
-0.00426
0.63879
0.42797
0.10541
-0.12411
-0.81451
-0.09008
0.43923
0.45364
-0.07634
-0.56041
-0.24190
0.51688
0.25832
0.45089
-0.34784
0.56128
0.26599
0.41067
-1.33742
0.41771
-0.34912
0.26151
0.44011
0.13051
0.22964
0.38921
0.42068
-0.19554
0.49249
-0.04582
0.55442
0.35145
0.31454
0.58564
-0.49876
0.43324
0.31056
0.26060
0.30134
-0.01404
-1.03347
0.34394
0.17673
-0.16387
-0.11046
-0.09580
-0.32015
0.12413
-0.10100
-0.44345
0.28636
-0.93262
0.36859
-0.24959
0.25664
-0.19528
-1.27118
-0.08321
0.28790
0.26811
0.52622
0.26846
-0.49961
0.00682
0.00028
0.30027
0.34236
0.29167
0.38391
0.50625
-0.13079
0.48682
0.28477
0.32567
0.43590
-0.45366
0.27651
0.67739
-0.30052
0.41306
0.45266
-0.14238
-0.14080
0.29633
0.41729
0.53814
-0.79797
-0.41214
-0.38051
0.31067
-1.04477
-0.35147
0.22872
0.27118
-0.04522
-0.40184
0.76108
-1.04605
0.33030
-1.21015
0.31101
0.09716
0.54348
0.41549
-0.33118
0.53062
0.41809
0.01256
0.27583
0.30667
0.44387
-0.27473
0.04883
0.42557
0.00956
0.34305
0.41482
0.16834
0.29382
-0.50407
-0.02045
-0.42896
0.04347
0.47969
-0.59345
0.22564
-0.27796
0.39817
0.23751
0.41731
-0.32036
0.55483
-0.16773
0.41304
0.41548
-0.31157
0.04393
0.48506
-0.65888
0.58725
0.26477
-0.15435
0.45744
0.60235
0.27981
0.47674
0.37523
-0.43653
0.77094
-0.26187
0.23315
0.12876
-1.62072
-0.40849
-0.08771
-0.23559
0.41480
-0.42410
0.29278
-0.34960
0.32818
-0.33145
0.31056
0.49179
-1.12946
-0.41471
-0.29017
0.34412
0.53104
0.29887
0.67991
0.46560
0.35491
-0.02729
0.34588
0.19309
0.48283
0.37548
-0.78676
-0.15231
0.31231
0.53190
0.35776
0.31069
0.26722
-0.55909
-1.46904
0.12228
-0.16660
0.04300
-0.43905
0.35875
0.36600
0.54018
-0.67013
0.45961
0.50841
0.43443
0.23371
0.06424
0.26206
-0.33425
0.44616
0.31532
0.34308
0.88752
0.36695
0.12295
0.42406
0.48434
0.63317
-0.42275
-1.58006
0.54455
0.50102
0.41129
0.63819
0.09566
-0.02864
0.11561
0.19291
-0.09338
-0.04970
0.18658
0.55683
0.85867
0.52549
0.43548
0.28846
0.67314
0.42794
0.60429
-0.20142
-0.02388
-0.04326
0.47436
-0.05305
-0.15350
-0.22418
0.31071
0.46829
0.03494
-0.51869
-0.24780
0.28164
0.30437
0.42206
-0.07024
0.23069
-0.05674
-0.83322
0.39683
-0.24670
0.41098
-0.25763
0.25090
0.31586
-0.97009
0.31058
-0.11577
0.32539
-0.25538
-0.57130
0.67867
0.28809
0.46348
-0.47934
0.45377
-0.21677
0.68267
0.30929
0.43007
0.40998
0.17787
0.31096
0.77259
0.50527
0.64278
0.41766
0.43947
0.34199
0.27857
-0.59635
0.42119
0.41948
0.26367
0.23139
-1.15140
0.30659
0.40097
0.67260
-0.11763
0.06802
0.27019
0.25808
-0.09600
0.40702
0.38175
0.14313
-0.14135
-0.05709
0.69415
-0.30749
-0.56670
-0.42523
0.39138
-0.52485
0.37941
0.77211
0.55287
-0.40053
0.05511
0.18392
0.06489
0.42774
0.38878
-1.51123
-0.16900
0.35364
0.31101
-0.36624
-0.46985
0.43636
0.50528
0.25436
0.40708
0.47149
0.41893
0.69859
-1.04049
0.41692
0.70801
-0.73554
0.51822
-0.25682
0.13939
-0.35481
0.31107
0.45163
-0.26412
0.31104
0.24443
-0.18819
-0.40459
-0.06088
0.22782
-0.56704
-0.09072
-1.37729
0.25100
-0.05767
0.50455
0.39839
0.45702
-0.48235
0.14202
0.60048
-0.10578
0.38555
-0.09235
0.32701
0.18108
-0.40185
0.35239
-0.41967
0.27849
0.31118
0.46452
-1.29548
0.36768
-0.48277
0.23159
0.35538
0.36169
0.33331
0.49391
0.25369
0.31089
-0.09724
-0.39406
0.46604
-0.61937
-0.03978
0.37869
-0.09463
0.41453
0.70908
0.24789
0.34472
0.31114
0.35532
-1.25184
0.31085
0.31102
0.53196
-0.77141
-0.57284
0.40440
0.39995
0.53806
-0.08346
0.42881
-0.39943
0.31049
-1.48071
0.16610
-0.99229
0.63008
-1.12544
0.34874
-0.99960
0.37257
-0.28185
-0.27567
-0.19943
0.02687
0.23184
0.12934
-0.07513
0.41829
0.41871
0.41475
-1.06124
0.42064
0.40470
0.41126
0.65167
-0.40629
0.36937
0.44404
-0.70611
-0.00609
-1.02709
0.45440
0.36637
0.67080
-0.48458
-1.21803
-0.56555
0.47681
-0.43228
0.69250
0.37720
0.48347
0.31630
-0.58388
0.43828
-0.21751
0.27870
0.45141
0.47982
-0.57701
0.09425
-0.35060
0.29084
0.38501
0.51185
0.41116
0.41529
0.24848
0.06470
-0.22487
-0.48668
-0.93584
0.31246
0.32530
0.31097
0.41706
-0.28920
0.32221
0.24325
-0.56975
-0.31240
-0.50544
0.40926
-0.21434
0.57730
0.31047
0.31094
-0.27593
-0.57929
0.31094
0.40665
-0.03665
0.26007
0.69200
0.40542
0.27938
0.19739
0.07008
0.38271
-0.86734
0.32853
-0.82744
0.47456
-0.44689
-0.19273
0.53324
0.49543
-0.44165
-0.06543
-0.31770
0.04379
-0.37550
-0.11113
-0.46016
0.45682
-1.78614
0.55392
0.46383
0.41138
0.13924
-1.46470
0.34964
0.30708
-1.11470
0.35768
0.24562
-0.97153
-0.27690
0.32308
-0.48734
0.31134
-0.28073
0.34800
-0.48356
0.63850
0.56675
-0.11534
-1.38660
0.59488
0.33432
0.31084
0.37799
0.48787
0.32401
-2.05768
0.27543
0.59397
0.31082
-0.60482
-0.69603
0.58275
0.35320
-1.08809
0.56560
0.41740
-0.93336
-0.40722
0.18263
-0.08688
0.30187
0.56020
0.53213
0.54782
0.19463
0.00690
0.78365
0.48753
-0.44439
-0.38487
0.50241
-0.09682
0.43871
-0.45168
0.07076
-0.31115
0.08699
-0.83805
0.32489
0.61232
0.42847
0.46943
-0.30728
0.84056
0.06652
0.46223
-0.09685
-0.55594
-0.11153
0.58675
0.37858
0.43072
0.41659
0.42850
-0.08463
0.33632
-1.64969
-0.19078
0.31104
0.39125
-0.79147
-0.10734
0.18162
-0.20881
0.53202
0.22138
0.47043
0.34040
-0.96393
-1.39324
-0.62699
0.55671
0.29192
0.38019
-0.56049
0.56659
0.65043
0.22815
0.66148
0.29312
0.51789
0.23074
-0.24106
-0.05703
-0.04889
0.39713
-0.59953
0.26263
0.49590
0.32301
-0.05620
0.11578
0.31098
0.31647
0.24678
0.45220
0.87174
0.30495
0.55611
-0.18696
0.45150
-0.19055
0.67840
0.46373
-1.02632
0.24092
0.17474
0.43151
-0.05994
0.41690
0.41829
-0.01036
-0.43178
0.31066
0.31100
-0.16018
0.51368
-1.11461
-0.42890
0.41602
-1.17031
0.49487
0.66732
0.50079
-0.03950
1.00227
0.35697
-0.32796
0.14756
0.36821
0.50824
-0.37651
-1.01379
0.38684
0.45674
-0.62146
-1.57470
-0.38828
-0.09847
-0.20325
-0.31486
0.35186
-0.21645
0.16435
0.31120
-1.05050
-0.10973
-0.11004
0.06178
0.31079
-0.31322
0.46278
0.03540
0.57695
0.53222
-0.08461
0.53206
-0.81853
0.26301
-0.62880
0.31081
0.23362
-0.65973
-0.25038
-1.39572
0.42465
-0.51965
0.12293
0.01229
0.36080
0.61416
-1.29527
0.23977
-0.58441
0.25428
0.18176
0.19536
0.22263
0.14660
-1.68597
-0.72448
-0.06429
-1.00337
0.29692
0.37288
0.35289
0.08292
-0.93506
0.50289
0.44776
-0.27959
-0.07216
0.17344
0.27773
0.31100
0.72194
0.06575
-0.58422
0.04413
-0.30367
-0.00409
1.03676
-0.09511
-0.08805
-0.41744
-1.86266
0.31745
0.31072
0.28829
-0.14669
-0.07511
-0.32947
-0.19677
-0.08173
0.37496
-1.58389
0.01101
0.29796
-0.07748
0.60037
-0.20941
0.22827
0.62097
0.22560
0.42484
-0.10582
0.47326
0.47752
0.44367
-0.49881
0.16597
-1.42181
0.38211
0.07242
0.36057
0.05275
-1.17295
0.53228
-1.14238
-0.26370
0.45995
0.22980
0.01494
-0.75443
0.43233
-0.79778
0.20670
0.31084
0.55343
0.23027
-0.42678
0.62203
-0.57779
0.31082
0.46743
0.31095
0.38118
0.33211
0.47898
-0.42584
0.01030
-0.10284
0.41669
-0.01797
-0.30242
-0.79587
0.36697
0.49233
0.56651
0.28534
-0.87111
0.17623
-0.48972
-0.17187
-0.41904
0.49957
0.19766
-0.49046
-0.91161
0.31088
0.69987
0.30894
0.28939
-0.00822
-0.06315
0.67810
-0.61673
0.37654
0.31103
0.17203
-0.40475
-0.74369
0.51968
-0.30227
-0.61065
0.42965
0.41654
0.23123
-0.26500
-0.01171
0.75771
0.30913
0.31111
0.33082
-0.42181
0.31097
-1.04905
0.44012
-1.03075
-1.03243
-1.33454
0.79477
0.40473
0.40186
0.33634
0.12156
0.31091
0.49132
0.63788
-0.58863
0.64705
0.40192
0.42775
0.52090
0.60222
0.44337
0.65574
0.41373
0.38737
0.00881
-0.81317
-0.57976
-0.83436
-0.00907
0.37389
0.29289
-0.35480
0.26803
0.11977
0.35912
-1.45439
-0.57952
-0.49241
-0.43783
0.35692
0.64909
-0.18314
-0.24248
0.41540
0.32521
0.26104
-0.65483
0.31072
-0.03905
0.40009
-0.69259
0.06630
0.52296
0.06519
0.29060
0.38053
0.35083
0.37734
0.38647
0.41933
-0.17565
0.15613
-0.41233
0.39800
-0.31976
-0.56031
0.41606
-0.77857
0.89165
-0.14477
-0.42976
-1.08297
0.46130
-0.10454
0.21670
0.47820
-0.59659
-0.61077
-0.98492
0.31099
-0.40588
0.40241
0.43360
0.47485
0.36865
0.10154
0.26604
0.39259
0.31115
0.33840
-0.58475
0.32550
0.35919
0.37029
0.29113
-0.42585
0.41573
0.30218
-0.27959
-0.02975
0.16479
0.29092
-0.10508
0.31364
-0.02613
0.37188
0.27659
-0.10395
-0.70989
-0.01937
0.18538
0.14698
0.31093
0.04800
-0.58106
0.08230
0.41606
0.18559
-0.27914
0.37925
-0.57964
0.23108
-0.25869
0.35883
-0.26622
0.41809
-0.83226
0.49452
-0.88594
0.22850
0.48550
0.03752
-0.66577
0.31087
-0.60082
0.06244
-2.08438
0.61907
0.24739
-1.24660
0.42278
-0.59224
-0.01062
0.60875
0.41263
0.41813
-0.14937
-0.59336
-0.77268
-0.19112
0.31115
0.45464
0.73615
-0.42482
0.41516
0.31082
-0.15368
0.03839
0.32367
-0.63280
-1.07645
0.36801
-2.05797
-1.09645
0.51360
0.35553
-0.42727
-1.09471
0.61266
0.22528
0.35658
-1.38397
0.04984
0.36245
-0.80172
0.30030
-1.31795
-0.29837
0.13909
-0.40418
-0.09055
0.30281
-0.90625
0.65160
0.41851
-1.38723
-1.07491
0.26295
0.78125
0.43314
-1.40954
0.41781
0.31222
0.30100
0.41673
-0.07900
-0.86185
0.42367
0.19111
0.59806
-0.51514
-0.87904
-1.30284
-1.13197
-0.39823
0.45548
0.37065
-0.32283
-0.18305
-0.12388
0.44280
-0.21713
0.40172
0.31057
0.14889
-0.26945
0.39974
-0.26483
-0.42723
-0.06898
0.37783
-0.40590
0.30085
0.57309
0.40885
-0.48756
0.55150
0.61736
0.31064
0.17970
-0.56568
0.40232
-1.27498
-0.04113
0.68953
0.41781
0.09702
-0.41997
-0.46379
-0.57009
-2.34291
0.49571
-0.03279
0.12974
0.24108
-0.63961
-0.68114
0.46902
0.29321
-0.43577
0.43864
-1.40075
0.22546
0.48255
0.68779
0.69565
-1.27194
-0.44187
0.68830
-0.05819
0.31099
0.34416
-1.02209
0.68290
-0.83424
0.38122
-0.18461
0.42107
-0.95254
0.25334
-0.05899
0.44082
0.41789
0.05283
0.29529
0.49026
0.64318
-0.76129
0.04173
-0.04793
0.31098
-0.72524
0.39466
0.24511
0.27238
-0.06957
-1.38036
0.78794
-0.61592
-0.37089
0.33738
0.27701
0.55229
0.26881
0.31081
0.67925
-0.37233
-0.08961
-1.23488
0.56518
-0.12388
0.15143
0.21516
0.14410
0.69182
0.34365
0.37994
-0.04982
0.60480
-0.42193
-0.04278
0.78334
-0.57882
-1.23123
0.36965
0.50204
0.13522
0.30288
-0.32184
0.28468
0.27047
0.69580
0.70694
0.28811
0.20691
-0.47626
0.48837
-0.01425
-0.47568
-0.98382
0.28621
-0.01069
-0.19334
0.22277
0.16648
-0.15705
-1.26656
0.50855
-0.54048
-1.38183
0.31096
-0.94528
0.41670
-0.94490
-0.93614
-0.72255
0.49710
0.31077
-0.30308
0.31606
0.05525
0.68190
0.31097
0.34828
0.09520
-0.24709
0.31064
-0.94342
-0.41248
0.78907
-0.36626
0.29481
0.31116
-1.17827
0.79736
0.67441
-0.21786
-1.29272
-0.82912
0.35642
-0.23745
-0.73275
-0.98527
-0.32817
-0.03990
0.10721
-1.12897
-0.14483
0.39418
-0.77358
0.28213
0.34281
0.55098
0.13086
0.30072
-0.06726
-0.98513
-0.65331
-0.48548
-1.20316
0.25470
-0.38443
0.23075
-0.31333
0.37674
-0.26662
-0.25243
0.30005
0.99652
0.22806
0.29533
0.17457
-0.52532
-1.16278
0.39032
0.51169
-0.08187
0.30011
-0.48870
0.02557
-1.42068
0.25229
0.32361
0.29694
0.37982
-0.06791
0.20340
-0.07727
-0.08933
-0.34752
-1.18120
0.46030
0.12429
0.39640
0.43592
0.31097
0.27186
0.21956
-0.72461
-0.04199
0.14125
-0.68517
0.35624
-0.42227
0.86198
0.71445
-0.03292
0.09412
0.39834
-0.81088
0.46541
-0.14973
-0.18674
-0.79664
-0.34581
0.30442
-1.93470
0.20803
-0.08165
0.30137
0.21541
0.44534
-0.49623
-0.40737
-0.55405
0.31085
-0.68375
-1.50465
0.10182
-0.77642
-0.29723
0.81132
-0.04716
0.31107
0.15471
-0.18225
0.29469
0.40384
-0.37379
-0.42725
0.36220
0.66934
-0.06178
-0.70766
-0.90978
0.41561
-0.40058
-0.08840
-0.22092
-0.77562
0.48188
-0.66310
0.49959
0.27664
-0.32471
0.31097
-0.51718
0.22044
0.24109
0.23727
-1.56398
0.12222
0.67405
-0.12248
0.36145
0.49680
-0.02498
0.67812
0.38770
-0.42446
0.31705
0.15766
0.59032
0.14472
0.67028
0.32637
0.08635
-1.06643
-0.07905
-1.76101
0.35044
0.43210
-0.01004
-0.89189
0.33950
0.35031
0.31965
-0.41763
0.32036
0.47999
0.70511
-0.28823
0.68667
-0.07332
0.18635
-0.90822
-0.33899
0.31046
-0.88310
0.21437
0.24213
0.22361
-0.05208
-0.77730
0.59607
0.41658
-0.11989
-0.44438
0.33002
-0.08066
-0.44241
0.29611
-0.19598
0.22592
0.35154
0.38941
0.31934
-0.88686
-1.54168
0.43403
-0.01668
0.50749
0.42909
0.04329
0.77545
0.68312
-1.60108
-0.28944
0.23963
0.22967
0.29989
0.49319
0.02354
0.05653
-0.19242
-0.10290
-0.54860
-0.81707
0.45712
0.27721
0.18309
0.31090
0.41636
0.35291
-1.05072
-0.10569
0.35008
-0.13743
-0.43969
0.42386
-0.21728
-0.08595
0.48505
0.23980
0.20965
0.15499
-0.45662
-0.19715
0.36351
0.44926
0.27159
0.00874
-0.32674
-0.28367
-0.57366
0.44810
0.43511
-1.58078
-0.21852
0.56978
-1.08993
0.41714
0.53706
0.31070
-0.31318
0.10373
-0.35218
0.39411
0.15200
-0.02630
-0.08459
0.13743
-0.18258
-1.38177
-1.14861
-0.13058
-0.62165
-0.60389
-0.06773
-1.33537
0.41424
-0.18816
0.68520
0.36872
-1.43038
-0.94223
-0.21695
0.24190
-1.06396
-0.61379
-0.21727
0.43500
0.52252
0.41653
-0.98129
0.29330
0.44723
0.29838
0.42958
0.43308
-0.40617
0.30608
0.44721
0.23427
0.39709
-0.74084
0.13094
0.23569
0.01377
-1.34400
0.19292
0.42353
-0.40989
0.31084
-0.27527
0.48661
0.58770
-0.19791
0.31083
0.80952
-0.21102
0.08428
0.41054
0.31100
0.48374
0.05094
0.31106
-0.55851
-0.06142
-0.20589
-0.00862
-0.26643
-0.28373
0.31103
0.22683
0.06844
-0.51049
0.42448
-1.20085
-0.34868
-0.70070
0.24667
-0.18636
-0.34820
-0.29976
0.44059
-0.49156
0.52914
0.50737
0.48094
0.15836
0.34195
-0.18126
-0.08088
0.36846
0.69235
0.22799
-0.07639
-0.00740
0.50565
-1.25889
-0.17299
0.49635
0.30577
-0.06669
-0.18768
-0.46003
-0.11202
0.39368
-0.09253
-0.68244
-0.41854
0.63903
-0.41374
0.68457
0.51307
-0.07027
0.36355
0.49238
-0.20194
-1.05739
0.21791
-0.86551
0.07039
0.30552
0.48030
-0.56820
-0.32710
0.27113
-0.34677
0.32272
0.74532
-0.07722
0.06879
-0.15705
0.28878
-0.46516
-0.79866
-0.10578
0.44035
-1.05144
0.19431
-1.10853
0.38438
-0.10353
0.40920
-0.10682
0.53333
-0.09411
0.26943
0.45573
-0.04373
-0.48681
-0.37732
0.70175
0.08840
0.31055
0.12485
0.55913
-0.69192
0.40528
0.24098
-0.41153
0.08344
0.58418
-0.31011
0.31103
-0.70828
-0.60023
-0.09627
-0.31141
0.40059
-0.65847
0.56226
-0.29170
0.31108
-0.53934
0.09226
0.29936
0.68153
-0.21077
-1.60008
0.32218
-0.10534
-0.03173
0.51100
-1.85432
-0.15777
-0.26743
0.07853
0.61668
0.21934
-0.34105
-0.14722
-0.39880
0.47642
-0.44112
0.10019
-0.27611
-0.68472
0.28272
-1.75043
-0.36763
-0.12290
0.36780
-1.01742
0.54534
0.47146
-0.10444
-0.40806
0.41452
0.46927
-0.32589
-0.94318
0.31087
0.02161
-0.08073
-0.18308
-0.09964
-0.30857
0.48753
-1.01588
-0.74699
0.36545
0.14148
0.52902
0.58459
-0.46635
-0.96914
0.00832
0.05094
-1.37808
0.02753
-0.65764
0.45945
0.31115
-1.37730
0.41047
0.01340
-0.57879
-0.42168
0.27951
0.31103
0.48131
-0.02303
-0.08142
0.32244
0.26442
0.02269
0.23392
-1.41792
0.13343
-0.11261
0.72214
-0.64593
0.61773
0.50910
-0.09044
-0.30589
-0.98237
0.32633
-0.09339
-0.36248
0.20042
-0.04538
-0.07062
-0.26056
0.27244
0.37104
0.32475
0.29722
0.04029
0.26848
-1.13625
0.34136
-0.36904
-0.27918
-0.42984
0.36563
0.37561
0.31069
-0.73370
0.39127
-0.12995
0.31092
-0.18909
0.65022
0.51732
0.26922
-2.10085
-0.04720
-0.70675
0.47977
-0.29471
0.09198
-1.08359
0.31376
0.38730
-1.13406
0.36783
0.53522
0.31117
0.59000
0.49291
0.09224
-1.04723
-0.28883
-0.06119
-0.75783
0.60441
-0.77820
0.48161
0.46144
-0.31915
-1.59741
-0.04694
0.42568
-1.65920
0.35178
-0.67421
0.32155
0.50196
-0.34122
0.01702
0.24666
0.19803
-0.43089
0.31118
-0.10832
0.42639
-0.07542
-0.43246
-0.78339
0.61991
0.38907
-0.30909
0.31115
-0.09672
0.07800
-0.14541
0.27224
0.62650
-0.08424
0.35331
0.29047
-0.65325
-0.73935
0.15286
-0.98230
-0.40103
-0.44029
0.38722
0.62178
0.46714
-0.57750
-0.32066
0.45647
-0.76540
0.41395
0.31088
0.02896
0.50915
0.07860
-0.60654
-0.84771
-0.16478
0.33083
0.36415
-0.28964
-0.22544
-0.44358
-0.01186
0.26603
-0.28242
0.48229
0.31060
-0.10381
-1.00661
0.36571
0.38461
0.34488
-0.64466
0.35275
0.61349
-0.38679
0.81373
0.51359
0.09740
-0.36923
-0.57984
0.06801
0.69645
-0.42064
-0.06794
-0.15075
0.19672
0.06993
0.09495
-0.39390
0.24503
-0.23815
0.25632
-0.19217
0.27881
0.20112
-0.76654
-1.13307
-0.30616
0.30964
0.43195
0.32099
0.31096
-0.61767
0.25926
0.32770
-0.02420
0.34685
0.59928
-0.65030
-1.22086
-0.09150
0.70453
0.59171
0.50844
0.35673
-0.44840
-0.99278
0.48218
-0.10547
-0.87102
0.46930
0.31098
-0.85463
-0.26364
-1.30416
0.60180
-0.83856
-0.48898
0.06321
0.43554
-0.43818
0.77803
-0.97562
0.37099
0.24882
0.23416
0.30261
-0.21308
0.48639
-0.33545
0.67969
-0.15645
-0.71889
0.79028
-0.23023
0.32550
-0.44994
0.22621
-0.11400
-0.23644
-0.66766
-0.54387
-0.04382
0.26601
0.00612
0.20312
-0.08449
-0.13301
-0.06979
-0.60513
0.24123
0.31445
0.42250
-1.29458
0.56919
-2.32754
0.59088
-0.11738
0.36497
0.36597
-0.14897
0.41980
0.24924
0.29917
-0.46812
-0.53773
0.27520
-0.67824
-0.24961
0.03296
0.32222
0.29537
0.68821
0.71183
0.51412
0.09741
-0.15233
0.48298
0.46765
0.26961
-0.78119
-0.71077
-0.41492
-0.33577
0.05311
-1.10532
0.47857
0.41707
-0.07996
0.60039
-0.08377
0.68199
0.03120
0.50708
-0.31594
0.16203
-1.04887
-0.36826
0.00533
0.26607
-0.81973
-0.40238
-0.52440
0.06787
0.37030
0.27850
0.85419
-0.34769
-0.58847
-0.01146
-0.36725
-0.69535
0.06211
-1.43939
0.32726
0.35550
-0.42593
0.45190
-0.03863
0.69548
0.52002
-0.46040
-0.43009
-0.42770
-0.10041
0.32209
0.28399
0.24236
0.19494
-0.06417
0.04051
0.76171
0.57949
0.43073
0.06774
-0.34780
-0.23915
0.41529
0.58014
-0.06944
-1.28069
0.32592
-1.07645
0.43718
0.24235
0.68716
0.08500
0.15291
0.42587
0.32374
0.27268
0.78671
-0.98228
-0.16478
0.53377
0.31101
0.43173
-1.19514
-0.57092
0.06443
0.36399
0.39480
0.24575
-0.23557
0.33244
0.10314
0.64613
-0.06886
-0.66762
-1.62457
-0.69031
-0.14467
0.31092
0.44476
0.47749
-0.37112
0.26106
0.14717
-0.18735
-0.52276
-0.07953
0.60309
0.17839
0.53226
0.29116
0.07666
0.50250
-0.08694
-0.33470
0.24732
0.17626
0.28491
-0.76387
-0.01753
-0.42206
0.24064
0.30420
-0.34003
0.02611
0.56794
-1.20242
0.13404
0.69971
-1.05073
-0.11779
-1.04191
-1.42878
0.31095
0.67925
0.21123
-0.51871
0.32889
0.48216
0.34265
0.33221
-0.80398
0.24386
0.67034
0.53949
-1.07540
0.48466
-1.26831
0.63753
-0.17339
-0.03287
0.31105
0.38922
-0.04373
0.23459
-0.49575
0.15557
-0.35881
-0.38579
0.31115
0.70544
0.44436
-1.02022
0.32234
-0.01336
0.36775
-0.46004
-0.78470
-0.84771
0.30461
-0.63109
0.07330
-0.85983
0.24993
-0.06615
-0.07451
-0.10403
0.23228
0.45383
0.31083
0.32159
0.23744
0.27269
-0.08882
0.40002
0.27282
-0.37562
0.53025
0.06404
-0.08562
0.36266
0.42698
-0.11395
0.53617
0.58018
0.30349
-1.19796
0.55721
-0.27638
0.31101
0.19206
-0.11481
-0.39312
0.68129
0.23421
0.32283
-0.29781
-0.42333
-0.10539
0.35955
0.30411
0.75695
-0.25939
0.16167
-1.13467
-0.62861
0.28012
0.29653
-0.14949
-0.78239
-1.18199
-0.33070
-0.07771
-0.55833
-0.06774
-0.09618
0.31119
0.67245
-1.42125
-1.29431
0.31108
-0.27518
-0.04245
0.07095
0.13554
-0.53518
0.59796
0.50817
0.68666
-0.08739
-0.43276
0.52904
0.38406
-0.07877
-0.48483
0.54217
-1.29517
-0.07534
0.56300
0.41834
0.11431
0.39495
0.49400
0.44916
-0.25723
-0.48516
-0.53322
0.23503
-1.23024
0.31101
0.14977
-0.05658
0.27021
-0.10021
-0.22342
0.12486
0.35697
0.07851
0.21485
-0.81392
0.29462
-0.19419
0.50980
-1.32499
0.04964
0.31102
0.73757
-0.37805
0.69838
-0.07748
0.31104
0.29504
-0.44593
-0.31997
0.09648
0.36661
-0.31732
-0.77554
0.19275
0.56144
0.41842
0.24282
0.25048
0.32974
0.09087
0.30177
-0.85976
0.63858
-0.25539
0.12725
-0.14369
0.31104
0.21328
0.35267
0.11941
0.31089
-0.31893
-0.94383
0.31452
-0.90739
-0.06489
-0.23442
0.47980
0.23762
0.41485
-1.31831
-0.65170
-0.19788
0.69420
-0.06917
0.43129
0.23255
0.48360
0.55433
-0.99348
-0.34538
0.42334
-0.52501
0.10411
0.43549
-1.92737
0.32529
0.71111
0.52196
0.23338
0.03355
0.26829
0.56054
-0.63906
0.06442
0.69180
0.08479
0.09636
0.31097
0.32783
0.29876
-0.55831
0.21059
0.31117
0.17633
0.46381
-0.58235
0.07827
-0.14072
0.41936
0.54978
-0.58813
0.13000
-0.29573
-0.42005
-1.10913
0.46584
-0.26654
0.23402
0.16950
-0.02685
-0.33816
-0.12280
0.44606
0.24930
-0.63303
-0.07402
0.19098
-0.42167
0.06704
-0.25377
0.29402
0.29521
-0.89713
0.42604
-0.66036
0.30161
0.70178
0.41451
-0.31680
-1.12245
0.31092
0.23093
0.47443
0.31094
-0.24002
-0.36781
-0.98836
-0.29248
-0.41577
-0.11212
-0.08024
-0.25297
0.30927
-0.58972
0.10018
0.35117
0.43404
0.28700
-0.07992
-1.13395
0.31442
-0.07368
-1.43348
-1.43135
-0.09383
0.66968
0.12652
0.69679
0.13344
0.42654
-0.82636
0.00753
0.36304
0.01062
-0.00208
0.64639
-0.59625
-0.54907
-0.11156
0.37680
-0.51686
-0.42291
-0.08611
0.43292
0.44595
-1.12351
0.18053
-0.05648
0.19153
-0.48264
0.72458
-0.23422
0.13836
-1.21614
-0.07843
0.34365
-0.15611
0.41143
0.42878
-0.82027
0.34538
0.29645
0.27397
0.31102
0.23409
0.39464
-1.26041
0.56410
-0.83686
0.39768
-0.08390
-0.28775
0.46661
0.40859
-1.07819
-0.08618
0.09535
0.40525
-0.17495
0.31109
0.01933
0.42520
-0.51457
-0.94730
-0.07293
-0.15370
0.29482
0.73956
0.72206
0.21317
0.42771
-0.46265
0.44049
0.48948
-0.07965
0.12069
-0.42539
0.29853
-0.90469
-0.40866
0.39932
-0.80154
0.48445
0.00393
0.42505
-0.09142
0.05607
0.68813
-0.37346
-0.72929
0.23481
-0.62704
0.31117
0.19337
-0.08962
-0.65649
0.42148
0.17973
-0.15052
-0.08321
-0.57332
0.22090
0.23164
0.28651
-0.38444
-1.26048
0.07812
-0.07286
-0.25081
0.11927
-0.07872
-0.08466
0.30874
-1.11488
0.00227
-0.07223
0.38811
-1.50174
-0.30004
0.01228
-0.15482
0.56217
-0.14911
0.28909
0.42591
-0.16479
0.16645
0.47140
-0.98288
0.42956
-1.16263
-0.07518
-0.47278
-0.43706
-1.15421
0.67083
0.24132
0.25853
0.44634
0.48277
-0.17787
-0.05479
-0.08372
0.41963
0.03947
-1.53643
-0.03795
-1.61953
0.23623
-0.40787
0.12563
-0.07719
-0.63534
-0.07177
0.69850
0.48520
0.50561
-0.82519
0.41792
-0.16479
0.35866
0.31102
0.42473
0.38708
0.39284
0.40109
0.31085
-0.60656
0.41113
0.31105
0.25992
-0.98683
0.31088
-0.40152
0.43013
-1.56513
0.43459
0.44004
0.31116
-0.45027
0.31112
0.19804
0.46570
-0.08300
0.20826
0.11765
0.46075
-0.08304
0.30937
0.41603
0.59930
-0.07219
0.26733
-0.06826
0.28617
-0.41827
0.45965
-0.30146
0.33049
0.00542
0.31321
0.47799
-0.12686
-0.50941
-0.19670
-0.16471
0.02528
-0.44110
0.32990
0.34091
-0.86733
-0.14978
0.64343
-0.06238
-1.05543
0.53939
0.31119
-0.97361
0.29798
0.31115
0.26458
0.42901
-0.07941
0.52853
0.31387
0.25935
-1.07241
-0.08732
0.21071
0.19900
-0.40864
0.43550
-0.08186
-0.30075
0.27604
0.31945
0.67449
-0.25167
0.52786
-1.27593
0.32188
0.46067
0.39913
-0.87474
-0.29647
-0.07887
0.28307
0.52764
-0.42647
-1.75523
0.46032
0.23661
-0.73124
0.41506
0.31116
-0.08647
0.67442
0.30355
0.42490
-0.42322
0.43306
0.32811
0.49361
0.43705
0.79759
-0.08335
-0.07701
0.31114
