0.08212
-0.14687
-0.87533
-0.36378
0.03311
0.16559
-0.07224
0.15226
0.00915
0.17476
-0.25054
-0.61984
-0.46117
0.08947
0.11397
-0.02989
0.15311
0.19622
0.20985
-0.13483
0.27982
-0.40660
0.06832
-0.39260
0.21389
0.15881
0.15256
0.06534
0.30906
-0.17195
0.09807
-0.35846
0.01497
-0.22181
0.04448
0.15299
-0.17427
0.01114
-0.15663
0.15406
-1.15167
-0.01062
-0.05574
-0.41659
-0.20218
0.26681
0.11354
-0.85977
0.22877
-0.01508
-0.07709
0.12433
0.19393
-0.25573
-1.31687
-0.33417
0.20610
-0.00134
0.37427
-0.28247
0.20118
0.16149
0.07510
0.04974
0.15227
-0.03637
0.17616
-0.38485
0.12036
-0.07430
0.29063
-0.01721
0.23356
0.08258
-0.31816
0.26333
0.24364
-0.03752
-0.37313
-0.03134
-0.00793
0.13579
0.07758
-0.01028
0.02766
-0.43514
-0.07327
0.04556
-0.62246
-0.10471
-0.75538
-0.76085
0.73419
-0.11051
0.05728
-0.06419
-0.12354
0.03340
0.05986
-0.51359
0.12739
-0.44630
0.04796
-0.08507
-0.12312
0.13018
-0.20369
-0.08363
0.15600
-0.08531
0.16588
-0.50206
-0.00489
0.03525
-0.12975
-0.55521
-0.48961
-0.16959
0.17928
-0.18396
0.14574
0.02887
-0.06851
0.11441
-0.49392
-0.75055
0.14892
0.05920
0.24474
-0.63949
-0.10485
-0.01775
-0.40660
0.22463
-0.61633
0.01581
0.18021
0.33108
-0.05040
-0.26176
-0.41579
-0.17942
-0.20109
-0.00384
0.34932
0.06902
0.22691
0.28083
0.14063
-0.09641
-0.49864
-0.22704
-0.12433
-0.34953
-0.03480
-0.23958
-0.71923
0.20932
0.12575
-0.28603
-0.03813
-0.11732
-0.09333
-0.35963
-0.03457
-0.67199
0.32301
-0.15003
0.17413
0.30118
0.08149
0.20994
-0.27728
0.09631
-0.18733
-0.19153
-0.18745
-0.76267
0.06809
-0.44054
-0.13545
0.30651
-0.29052
0.17235
-0.12408
-0.58710
0.03176
-0.14128
-0.23620
-0.58213
-0.26944
-0.07945
-0.00040
-0.26544
-0.25897
-0.21422
-0.24620
0.08425
-0.40618
-0.73152
-0.70703
-0.24852
-0.53362
0.23957
-0.21710
0.00803
0.04728
-0.51675
-1.22909
-0.15133
-0.01902
0.39038
-0.39674
-0.12791
0.19859
-0.33740
0.22601
-0.39606
0.00571
-0.18604
0.29097
-0.11482
-0.02782
-0.33377
-0.10817
0.19125
0.06027
-0.23435
-0.46443
-0.11847
0.21243
-0.01347
-0.03567
-0.21669
0.17423
0.19127
-0.03658
0.09236
-0.07426
0.45422
-0.02713
-0.00041
0.10293
-0.25463
-0.06622
0.21569
0.02638
-0.02573
0.13259
0.14028
-0.24171
-0.73028
0.25479
-0.16784
0.01555
0.06942
-0.23429
0.15521
-0.36437
-0.10567
0.08825
-0.16977
-0.17348
0.05874
-0.38401
-0.19058
0.05575
0.19392
0.13890
-0.00131
0.08503
-0.23611
-0.26746
0.03060
0.08735
0.16377
-0.05746
0.13825
-0.04136
-0.28767
0.17912
-0.11052
0.21668
0.12268
-0.19364
-0.85480
-0.26794
-0.55780
0.12758
0.11009
0.20340
-0.09722
-0.28708
-0.22405
-0.45116
0.06115
0.23974
0.08436
-0.40279
-0.20115
0.16048
-0.15089
-0.07310
-0.01995
0.27839
-0.00450
0.08493
0.40272
0.10374
-0.17442
0.17149
0.07658
-0.10268
-0.93451
-0.21294
-0.15967
0.19012
-0.15403
0.08386
-0.14208
-0.12215
-0.07747
-0.03525
-0.30650
0.07618
-0.04160
-0.60317
0.19212
0.39870
-0.28131
-0.16218
-0.05978
0.12268
0.10962
-0.10098
-0.18325
-0.57255
0.02753
0.24459
0.01841
0.05580
-0.18250
0.25618
0.08969
-0.52227
0.20050
0.22270
0.15654
0.10771
-0.04910
0.08587
0.15429
0.27852
-1.13185
0.23344
-0.27970
-0.26383
0.12375
0.17850
-0.28187
0.21481
0.04461
-0.14812
-0.50214
-0.09882
0.11823
-0.07202
0.23422
-0.35888
-0.02002
0.23039
-0.58151
-0.09377
0.20264
-0.68037
-0.05091
-0.36269
0.06003
-0.08914
0.06550
-0.00565
0.01837
0.22629
0.08393
-0.32620
-0.16871
-0.21501
-0.54385
0.02701
-0.29215
0.20918
0.10853
0.16453
-0.48309
0.17867
-0.90173
-0.66926
-0.26231
0.16476
0.07120
-0.10560
-0.21342
-0.04665
-0.27458
0.14767
-0.11197
-0.05713
-0.16063
0.31947
0.07855
-0.19796
-0.38226
0.06861
0.15643
0.00445
-0.13620
0.13409
0.27293
0.14597
-0.12784
0.28531
0.01067
0.00944
-0.89264
0.02555
-0.16176
0.17772
0.17262
0.34902
-0.02403
0.17669
-0.09524
-0.08999
-0.22036
-0.10359
0.19610
-0.19623
0.20609
-0.26519
0.04212
0.13425
-0.02584
0.02758
0.10300
0.08729
-0.73450
0.56324
-0.15639
0.05987
-0.07029
0.17106
-0.02635
-0.34069
-0.35560
-0.16491
-0.15681
0.06031
-0.19298
-0.34925
-0.53761
0.09198
0.09568
-0.12454
0.09357
0.00086
0.04681
-0.17151
0.19462
0.21305
-0.30896
-0.27681
0.08430
-0.34584
-0.63634
-0.29940
-0.20833
-0.12509
-0.29796
-0.10238
0.30268
-0.37638
-0.45651
0.04587
-0.16263
-0.82821
0.00735
-0.31101
-0.13484
-0.06528
0.14960
-0.16325
-0.28107
0.10903
-0.06391
0.08634
-0.09126
-0.39824
-0.19032
-0.05465
-0.30298
-0.57483
0.16304
0.13953
-0.08072
-0.34369
0.11629
-0.41623
-0.28456
0.01185
-0.14374
0.16708
-0.14931
-0.19062
-0.82639
-0.07565
0.33303
0.20008
-0.19342
-0.13351
-0.21946
-0.37782
-0.04885
-0.00973
-0.45876
0.21693
-0.28949
0.26821
-0.69310
-0.16675
0.07776
-0.29002
0.23802
0.00902
-0.19573
0.00965
-0.10295
-0.39535
0.12814
-0.10137
0.11804
0.21592
-0.07969
-0.76617
-0.67004
0.18056
-0.12486
0.24287
-0.05471
-0.17304
0.22318
-0.39104
-0.47546
0.24260
0.53199
-0.08570
-0.22101
-0.70647
0.18555
-0.25448
-0.04034
-0.33026
-0.05141
-0.05693
-0.16283
-0.26926
-0.64780
-0.06127
-0.08066
-0.04568
0.23571
-0.08158
0.09475
0.13092
-0.37720
0.32937
-0.01346
-0.05660
-0.16278
-0.42801
0.09272
-0.20225
-0.14510
-0.06590
-0.05377
-0.86478
-0.60963
0.27089
0.07774
-0.32636
-0.16206
-0.33113
0.06795
0.12637
0.34060
0.10531
0.12485
-0.88364
0.03991
-0.18536
0.16376
-0.25203
-0.10892
0.10621
-0.17901
-0.11500
0.15456
-0.11213
0.19625
0.05002
0.11871
-0.46508
-0.08096
0.15852
0.21627
-0.91870
0.00317
0.02274
0.31877
-0.22501
-0.36436
0.04765
-0.17148
-0.29290
0.08302
0.13201
0.13731
0.18964
-0.20411
-0.26607
0.19373
0.14054
-0.08216
-0.98114
-0.69968
0.32142
-0.18084
-0.46411
-0.02863
-0.05873
0.12417
0.07041
0.05405
-0.00122
-0.06541
0.11837
-1.00209
0.16148
-0.39751
-0.30872
0.07242
-0.45457
0.04507
-0.12041
0.03979
0.04761
0.30181
0.11144
0.13082
0.10500
-0.23534
-0.61416
0.15525
-0.06520
0.12155
-0.27140
0.06846
0.24230
0.16176
0.12045
-0.80824
-0.19190
-0.25410
-0.53127
-0.06813
-0.16755
-0.31116
-0.32795
-0.31857
0.19522
-0.09122
0.09998
0.02845
0.14737
-0.77012
0.07089
-1.14477
0.16967
-0.09959
-0.02226
-0.16831
0.28089
-0.52800
0.21788
0.08159
0.17958
-0.57361
0.38690
-0.43211
0.25125
0.33091
-0.51667
0.09599
0.14995
0.05481
-0.60060
-0.38813
0.19683
-0.13299
0.01885
0.10228
-0.22843
0.03273
-0.31714
-0.31513
-0.65793
-0.27756
-0.06514
0.18405
-0.04057
0.14503
0.07863
0.10652
-0.21608
-1.17941
0.02733
0.46841
-0.04167
-0.15720
-0.40197
0.03599
-0.28670
-0.76053
0.02680
0.18220
-0.24374
0.20046
-0.03060
0.16072
-0.21192
-1.19510
0.16944
-0.17245
0.04539
0.17361
0.23443
0.25320
-0.08980
0.02568
0.12765
0.09458
0.23177
0.19330
0.22800
-0.07217
0.01235
0.04517
0.11206
-0.39816
-0.79580
0.14120
0.02858
0.34614
-0.37206
-0.22279
-0.16968
0.00483
0.04380
0.14236
0.23286
-0.39116
0.27786
-0.10803
0.20981
-0.22843
0.07912
-0.00340
-0.19974
0.11008
0.05509
0.15581
-0.75077
0.09443
0.05367
-0.42596
-0.30833
0.02979
0.13817
0.12066
-0.11434
0.03032
-0.36892
0.06359
-0.43518
0.15436
-0.36684
-0.05862
-0.18993
0.18869
0.13536
-0.16419
-0.43543
-0.30901
0.11041
-0.00451
-0.35947
0.17066
0.19541
0.14313
-0.27466
0.18224
-0.06022
0.27230
0.20628
0.05003
0.28895
0.19891
-0.33983
-0.20752
0.18000
0.04005
-0.25816
-0.00646
-0.45585
-0.51479
0.08263
0.04334
0.01466
-0.19894
-0.43095
-0.27695
-0.47196
0.16290
0.14607
-0.15076
-0.02430
0.45892
-0.35402
0.19539
0.27668
0.22322
-0.02964
-0.11634
0.21182
0.12912
0.37446
0.11656
-0.37299
0.04865
0.02538
0.09893
-0.57918
-0.68528
0.25387
0.05198
0.22077
-0.04870
-0.61945
-0.80526
-0.23019
0.09656
0.01743
-0.27931
-0.50252
-0.00414
0.21807
-0.03821
-0.30949
0.14768
-0.24002
0.16987
0.11412
0.20320
0.18444
-0.23665
-0.44798
0.07446
-0.13182
-0.87627
0.18552
-0.04930
-0.17436
-0.15169
-0.21498
0.08003
0.19139
0.08146
-0.03230
0.00213
-0.16643
-0.24781
-0.03995
-0.19361
0.03882
0.20313
0.26828
-0.22723
-0.08834
-0.18066
-0.19105
0.13765
-0.51253
0.18366
0.25001
-0.24724
-0.60296
-0.08079
0.20285
-0.22079
0.29731
0.19965
-0.15699
-0.17856
-0.59149
0.01048
-0.02564
-0.23465
0.15000
-0.34031
0.20359
-0.06717
0.00096
-0.59067
-0.40045
0.14837
-1.13232
0.20782
-0.39972
-0.07014
-0.12139
-0.79862
0.17504
0.23173
-0.10783
-0.88209
0.21764
-0.10326
0.25186
-0.17672
-0.20010
0.09876
0.19366
-0.03441
-0.25583
-0.04453
0.06967
0.23110
-0.21043
-0.27436
-0.56162
0.17634
0.01088
-0.29763
0.15754
-1.05581
-1.09047
-0.20698
-0.54632
0.37285
0.12238
0.49308
-0.47514
0.08436
0.12909
-1.05561
-0.14291
-0.37061
0.12079
-0.03787
-0.40729
0.08583
-0.05403
-0.60368
0.02276
0.14087
0.14044
-0.17160
0.05079
0.07363
0.04285
-0.41811
0.00737
-0.06078
0.13324
-0.47780
-0.01554
-0.29137
-0.50280
0.10105
-0.21337
0.17394
-0.29765
-0.68020
0.21289
-0.22617
0.33213
0.11711
-0.16635
0.25379
-0.13871
0.30875
0.27248
-0.54664
0.50977
0.28434
-0.25476
-0.28830
0.16127
0.20115
0.17435
0.50445
-0.06196
0.39479
-0.06523
0.30472
0.16887
0.01149
0.22165
0.38155
0.22298
0.36934
0.18483
0.19782
-1.18193
0.69800
0.48579
0.23204
0.19915
0.32026
0.14751
-0.01302
-1.26649
0.12962
0.36486
0.32829
0.30867
-0.36865
-0.37922
0.30282
-0.27994
-0.23205
0.41768
0.36190
0.48093
-0.38758
0.32926
0.44147
-0.32648
0.31454
0.25859
-0.20599
-1.11629
0.68295
0.25753
0.28025
-0.03627
0.40366
0.23645
0.22130
0.14238
0.26070
0.29147
0.14082
0.25586
0.19320
0.56208
0.18109
-0.12606
0.20866
-0.07171
0.26787
0.35767
-0.05372
0.15078
-0.08375
0.15127
0.15008
0.21522
0.06820
-0.64624
0.69911
-0.01438
0.26547
0.07192
0.33547
-0.33082
0.04226
-0.07399
0.21736
0.13805
0.14163
-0.04396
-0.09069
0.34988
0.31659
0.44003
-0.96157
-0.63610
-0.87352
-0.05736
0.01819
-0.59253
0.12655
0.05134
-0.51919
0.09639
-0.19423
-0.78143
-0.67796
0.57967
0.25653
0.30321
0.02560
0.58277
0.03214
-0.29080
-0.68993
-0.05405
0.19485
-1.93503
-1.12531
-1.47397
0.13881
0.18385
-0.44932
-1.88417
-1.11331
0.25757
-1.11101
0.01274
0.11782
0.44467
-0.02613
0.35723
0.37671
0.56653
-0.25998
0.40643
-1.00891
0.40148
0.20916
-0.43920
0.18375
0.46774
-0.03378
0.12796
0.12917
-0.00458
0.41326
0.23131
0.24816
0.39612
0.34839
-0.08707
-0.02935
0.35264
0.39834
0.64656
0.59118
0.11806
-0.48414
0.50889
0.10265
-0.23626
0.06697
0.20648
-0.30736
0.04122
-0.39093
0.71931
0.20910
-0.59271
0.37577
-0.19299
0.39466
0.48523
0.11122
0.14231
0.04950
0.12156
0.16474
-0.01974
0.38628
0.37780
0.45392
0.55247
0.03629
0.17868
0.37286
0.44212
-0.34933
0.29923
0.24114
0.22094
-0.32974
0.37708
-0.89100
0.11470
-0.02336
0.25804
0.05345
0.07034
0.21919
-0.63980
-0.85192
0.22465
-0.04513
-0.45233
0.28181
0.24952
0.24962
0.24220
0.30723
0.58385
0.19433
0.28057
0.05229
-0.27118
0.02070
0.08580
0.29896
0.25326
0.21110
-0.25644
0.02399
0.35916
-0.00496
-0.19977
-0.49540
0.07193
-0.66356
-0.19359
0.31737
0.58102
-0.07420
0.11840
-0.93145
0.10267
-0.03177
0.19766
0.50643
-0.30363
-0.88863
0.32081
0.10342
-0.64205
0.38428
0.33063
0.39446
0.30166
-0.34342
-0.35876
0.60619
0.05641
0.17442
0.15088
-0.92406
-0.28592
0.67321
0.08551
0.02746
0.12241
-0.18740
-1.25439
0.10742
0.47233
0.13918
0.55880
0.12886
-0.49591
0.85561
0.13626
-0.48046
0.32917
-0.88604
-1.27655
0.24378
0.12264
0.09357
0.26599
0.33638
0.15788
-0.74625
-0.29295
-0.68271
-0.44017
-0.05503
0.08028
0.26732
-0.70280
-0.35372
0.21417
-0.55582
-1.01938
0.13703
0.16972
-0.66699
0.29427
-0.04082
-0.77634
-0.40461
0.04840
0.16267
0.41667
-0.42497
0.09827
-0.62248
-0.08138
-0.13120
0.17234
0.47859
-0.24212
-0.97664
0.57808
0.02252
0.58285
0.26982
0.43445
0.37559
0.69429
-0.55247
-0.00739
0.49082
0.37767
0.45981
0.29134
0.39115
-0.01287
0.31826
0.37574
0.10310
0.60576
0.19220
-0.78634
-0.32852
0.44319
-0.12074
-0.39330
0.13710
-0.07472
-0.40735
0.18984
0.27433
0.33441
0.35472
0.42979
-0.41319
0.14058
0.33995
0.42799
0.10716
-0.91010
0.17064
0.18222
-0.30852
-0.54973
0.49144
0.51507
0.35930
0.26336
-0.19042
-0.36795
0.31548
-0.34929
0.26436
0.12934
-0.44224
-0.94533
0.29444
0.02827
-0.04648
0.26588
0.09446
0.00787
0.50132
0.25136
-0.49290
-0.37348
0.23185
-0.15008
0.53589
0.79303
0.47667
0.26683
-0.38497
-0.00035
0.14654
-0.49833
0.32800
0.36382
0.09578
-0.01899
-0.39857
-0.01238
-0.43302
0.38599
0.06907
0.09539
0.12497
0.04496
0.02173
-0.10119
0.40874
-0.68978
0.24452
0.33544
0.14340
-0.57152
0.35520
0.38991
-0.39938
0.01655
0.14948
-0.64551
0.39110
0.19005
-0.53618
0.01326
0.43219
0.10620
-0.31229
0.09397
0.10024
-0.57311
0.10507
0.16061
0.42494
0.13329
0.21314
0.35626
0.11700
0.37593
0.13116
0.07865
0.22876
0.28095
0.43087
-0.65576
0.19172
0.61896
0.70743
0.74156
0.28127
0.03740
0.36825
0.21775
0.01275
0.32485
0.30688
-0.13068
0.21385
-0.59508
0.34861
0.32125
0.31063
0.08350
0.00627
-0.52334
0.18713
0.26976
-0.68749
0.15216
0.27474
0.39151
-0.29546
-0.01579
-0.28794
0.32386
-0.05107
0.19164
0.22545
-0.42751
0.36007
0.46314
0.14306
0.19345
0.48143
-1.01498
0.35310
-0.13448
0.04807
0.34332
0.36529
0.22829
-0.25034
-0.10190
0.30542
0.05539
0.65493
0.07875
-0.00547
0.71798
0.73567
0.41278
0.22432
-0.95025
0.13256
0.27345
0.22685
-0.42315
0.21646
0.18869
0.12828
0.39235
0.15744
0.30506
0.44960
0.13618
0.47624
-0.40427
0.00608
-0.03584
0.33703
-0.02172
0.13043
0.14921
0.39644
0.38747
0.06663
-0.37111
0.62485
-0.16473
0.24764
-0.07841
-0.41925
0.41331
0.21770
0.24173
-0.07494
0.50287
0.33300
0.09296
-0.28356
0.73341
-0.40580
0.57447
0.03527
0.29381
0.12918
0.14023
0.04580
0.53683
0.53190
0.42625
-0.02546
-0.34106
0.37237
0.26270
-0.07009
-0.33098
-1.45003
0.23293
-0.45110
0.05768
0.33432
0.10113
0.29775
-1.22271
0.10989
0.03533
0.13918
0.31532
0.31497
-0.29475
-1.07643
0.33273
0.47112
-0.20521
0.17118
0.16115
0.19347
0.19110
0.20091
0.17986
0.17309
-0.40545
-0.21703
0.08038
0.12599
0.07320
0.42106
0.11298
-0.00362
0.50845
-0.20553
-0.43657
0.40623
-0.35498
0.35548
-0.77132
0.37990
0.23376
0.27237
-0.95237
0.03456
0.16971
0.02625
0.00182
0.16558
-0.50643
0.43535
0.12411
0.22111
0.34117
-0.12788
0.08671
0.13233
0.07832
0.15917
0.24165
-0.65391
0.82181
0.17092
0.27181
0.00743
0.26418
-0.49828
0.27278
0.17295
0.29877
-0.65846
-0.12596
0.26581
0.27815
0.36719
0.41453
-0.71114
0.32649
0.36889
0.05805
-0.72944
-0.46722
0.38636
-0.39028
-0.50458
0.21928
0.15648
0.09538
0.27792
0.16342
-0.28615
-0.29229
-1.24702
0.31971
-0.00451
-1.13276
0.11212
-0.47733
0.30731
0.24126
-0.31910
0.05332
-0.40297
-0.04753
0.22088
0.32218
0.34669
0.26174
0.43668
0.24683
0.49362
-0.35831
0.14441
0.40903
0.36738
0.38624
0.39906
-0.00776
-0.22441
0.25905
-0.93226
0.67901
0.28493
0.48754
0.11313
-0.26985
0.22760
-0.17657
-0.25219
0.22381
-0.42690
0.77522
-0.02372
0.29480
0.25393
0.37968
-0.75258
0.71916
0.06108
0.09457
0.16847
0.31574
0.57318
-0.24017
0.12819
0.05227
0.34794
0.03627
0.22134
0.05004
0.10763
-0.06653
0.20129
0.25791
0.36488
0.31565
0.16612
-0.62067
-0.41824
-1.16004
0.31442
0.20068
-0.21596
-0.51630
-0.76790
0.17983
-0.19463
-0.35777
-0.17538
0.16053
0.05278
-0.43093
0.39681
0.22270
-1.18691
0.08119
0.86525
0.02787
0.53054
-0.02472
0.12969
0.37636
-0.92720
0.20639
-0.72330
0.29954
-0.29447
0.27912
0.19037
-0.51095
0.11330
-0.37373
-0.64520
0.30755
-1.22457
0.26080
-1.25657
0.46172
-0.11565
0.02622
-0.31937
0.41404
-0.24142
0.72258
0.69959
-0.06693
-0.21248
-0.18034
0.27578
-0.33740
0.32092
0.13166
-0.38832
-0.28732
0.10852
0.27329
0.72602
0.50505
0.40249
0.07825
0.51000
0.34149
0.18015
0.42035
-0.62182
0.23807
0.15154
0.06374
0.06052
-0.79873
0.12532
-0.54501
0.14735
0.14539
-0.23740
-0.62082
0.19777
0.37257
0.18144
-0.20943
0.00399
0.21455
0.06557
0.57242
-0.43501
0.74966
0.10120
0.39324
0.16203
0.27161
0.11479
0.36710
-1.06497
0.16444
0.32034
-1.04939
0.20839
0.60207
0.41958
0.59478
-0.40887
0.15299
0.39768
-0.24089
0.03926
0.32891
0.27624
0.52078
-0.62500
-0.18203
0.35437
0.21167
0.03756
-0.80135
-0.21355
0.24255
-0.04057
0.44797
0.03869
-0.20949
0.31409
0.22061
-0.24124
-1.12182
-0.72730
-0.97334
0.35584
-0.18704
0.19022
-0.40816
0.44870
0.34770
-0.02975
0.29491
0.80487
0.16658
0.10203
-0.43443
-0.24866
0.14588
0.35318
0.37517
0.08779
0.05626
0.43267
-0.08259
0.32911
0.42309
-0.06310
-0.06618
0.31950
0.78918
0.17069
-0.33149
-0.02211
-0.69293
0.32832
-0.96234
0.07897
0.14534
0.25631
0.19108
-1.28910
-0.34407
-0.02225
0.18141
0.15391
0.85019
0.38818
-0.03932
-0.82786
0.30793
0.48036
0.27697
0.31470
0.20731
0.32658
-1.42547
0.23174
-0.45046
-0.66576
0.23631
0.20679
0.47120
0.18328
0.24993
-0.44464
0.13220
-0.82916
0.01999
0.22383
-0.42027
0.10365
0.24361
0.40977
0.25171
0.26226
0.12685
0.08337
-0.03627
0.29814
0.08219
0.04351
0.05640
0.25419
0.75804
-0.50290
0.37572
0.39597
0.21673
-0.47029
0.01459
0.17142
-0.34801
-0.54461
-1.35106
0.37761
0.44030
-0.16360
0.10949
0.14218
0.22221
0.34337
-0.13554
0.45320
-0.20801
0.27319
-0.14364
-0.01052
0.27953
0.17888
0.22100
0.29551
0.17135
0.22577
0.24607
0.36161
0.27093
0.52431
0.43356
0.50911
0.29505
-0.39879
0.10619
-0.02091
0.08293
0.48262
-0.27367
0.41208
-0.39443
0.28514
0.40979
0.18487
0.63994
0.35522
0.14995
0.56344
-1.29947
0.02063
0.33801
0.40642
0.34455
0.38139
0.16427
0.25773
-0.19507
-0.37049
0.02002
-1.14465
0.00487
-0.47789
0.35653
0.17772
-0.30358
0.10662
-0.97963
0.10511
0.72735
0.32050
0.40673
0.07231
0.02605
-0.24925
0.12628
0.28261
0.23942
-0.51092
0.14985
0.27618
0.44966
0.47665
0.43024
0.20819
-0.04754
0.01407
0.14626
0.23025
0.35185
0.26188
-0.10075
0.40752
0.10121
-0.48629
0.44175
0.55425
0.15476
0.19080
0.20747
0.02416
0.19858
0.33558
0.04385
0.38431
0.18142
-0.28707
0.80117
0.68338
-0.14073
0.18440
-1.12109
0.51279
0.13291
0.39835
-0.64496
0.02726
0.32676
0.26807
-0.05262
0.32829
0.21380
0.10850
0.36190
0.37980
0.80923
-0.10434
0.45504
-0.49241
0.54182
-0.08353
-0.35055
0.33127
0.81604
0.08035
0.48670
0.06694
-0.04521
-0.30804
0.00867
0.34739
0.52863
0.22991
0.36321
0.15739
0.33401
0.24121
-0.40494
0.22204
-0.42625
0.14138
0.16615
0.39574
0.33536
0.37790
-0.18104
0.37124
-0.11284
-0.22725
0.05542
0.36329
0.38584
0.42030
0.31754
0.11388
-0.73139
0.35747
0.05183
0.15346
0.09677
0.34138
0.18933
0.01041
0.25120
0.55735
-1.04055
0.06947
0.11073
0.15751
0.23804
-0.20767
0.24358
0.34272
-0.01932
-0.00304
0.27637
0.36012
0.20752
0.13635
0.41249
-0.22785
0.36604
0.31927
0.49976
0.62229
0.41524
0.15131
0.18948
0.18725
-0.37652
0.18832
0.80245
0.40875
0.27736
-0.11896
0.35252
-0.01597
0.34427
0.70096
0.47317
0.06261
0.39079
0.10995
-0.40106
0.28711
0.15430
0.34287
0.24669
-0.51108
0.28950
0.29888
0.38294
-0.18457
-0.09407
-0.34654
-0.39605
0.28737
0.13262
0.17428
-0.62886
-0.67048
-0.73471
0.61843
0.56029
0.26625
0.13912
0.15562
0.51611
0.57261
0.63598
0.18987
-1.05044
0.32936
0.40049
-1.00707
0.49565
-0.03625
0.26079
0.52001
0.12786
0.02887
0.40889
0.37809
0.14540
0.28269
0.23650
-0.20264
0.11398
0.35860
0.42012
0.33980
0.41282
0.69202
0.20566
0.62015
0.23223
0.12464
0.22031
-1.16035
0.33775
0.24931
-0.46000
0.01901
-0.77872
0.38669
0.21360
0.28439
0.12639
0.12519
-0.62866
0.16009
-0.44754
0.23471
-1.37889
0.04318
-0.62081
0.29110
0.21285
0.49065
0.52936
0.50535
0.14469
0.10574
0.20255
-0.11858
-0.38755
-0.09427
0.20692
0.28342
0.29962
-0.71566
0.36967
0.44014
0.22375
0.07011
0.25787
0.15508
0.44415
0.16576
-0.36143
0.28905
-0.21920
0.53988
0.34456
-0.20694
-1.38526
-0.88066
-0.38908
0.14967
0.23963
0.67104
0.35695
0.23627
-0.35028
0.36558
0.09730
0.08252
-0.01954
-1.23585
0.12043
0.33515
0.22350
-0.15707
0.52045
0.31208
0.26692
0.36763
0.32424
0.26003
0.40676
0.16578
0.24346
-0.30595
-0.82851
0.39287
-0.04431
-0.10351
-0.62055
0.77530
-0.51519
0.32719
0.34465
0.30791
0.28367
0.36358
0.17515
0.25649
-0.00415
-1.28212
-0.39839
0.25940
-0.06905
0.17381
-0.07663
0.17390
-0.06777
-0.43377
0.01028
0.17564
-0.25811
-0.35868
-0.00050
-0.82703
0.22860
0.18126
0.25641
0.28269
-0.19806
0.14238
0.36821
0.15890
0.14668
-0.24087
0.35570
0.13588
0.11628
-0.58600
0.29644
0.02541
0.11309
-0.02703
0.34697
0.36002
0.45622
0.41287
-0.24800
0.42338
0.31727
0.91527
0.23845
-0.24504
0.12755
-0.22988
0.33089
0.75171
0.53775
0.23947
0.43457
0.24205
0.48622
0.55396
0.27752
0.32746
0.41819
-0.61732
-0.20359
0.08055
-0.31942
0.35193
0.39785
0.28789
0.33204
0.10286
-0.20518
-0.26280
-0.10134
0.39887
0.17834
0.08259
0.06354
0.49596
0.20076
-0.76515
0.33666
-1.00245
-0.47431
0.44104
0.03124
0.39503
0.16048
-0.85965
0.22765
-1.09290
0.10348
0.02895
0.45086
0.25938
0.15388
0.17840
0.55676
-0.60369
0.32678
0.35424
0.34276
0.35419
0.38439
0.37901
0.31461
0.29553
0.32329
0.19627
0.21025
0.27573
-0.38048
0.39308
0.42960
0.46882
-0.22184
0.14703
0.11583
0.17323
0.63734
-0.51088
-0.04891
0.38312
0.40875
0.12445
-0.16307
0.14270
0.27797
-1.20150
0.14255
0.26060
0.43474
0.36186
-0.39294
-0.63031
-0.42726
-0.62137
-0.37965
0.02316
0.33190
0.00306
0.46429
-0.35911
0.01686
-0.18388
-1.04186
0.06332
-0.31625
-0.38204
-0.27835
-0.13134
-0.17683
-0.00916
0.25769
0.37906
0.31202
0.44306
-0.39152
-0.64983
-0.63556
-0.06753
-0.64916
0.22066
0.27718
0.18219
-0.51254
-0.37503
-0.14123
-0.09443
-0.28531
-0.35725
-0.30566
0.14164
0.19153
-0.01654
-0.28323
-0.32329
-0.96029
0.09488
0.41066
0.33930
-0.44254
0.35369
0.43595
0.12936
0.32908
0.02951
-0.42097
-0.26652
0.48151
0.78595
-0.76247
0.26939
-0.41867
0.09857
-0.06844
-0.04498
0.14738
0.69855
-0.00599
0.37926
-0.02334
0.20004
0.46319
0.70834
0.15398
-0.25643
0.12046
0.14946
-0.00492
-0.38991
0.29861
0.29317
-0.40197
0.18693
0.37400
-0.33306
0.30300
0.31439
0.40695
0.33970
0.15348
0.18237
0.11352
0.46815
0.39959
0.19640
0.19931
0.17801
0.15505
0.18006
0.22364
0.81967
0.18380
-0.15324
0.12487
0.12769
-0.47214
0.01877
-0.41803
0.33248
-0.04605
0.11040
0.15115
0.34488
0.56055
0.17810
0.04290
-0.04901
0.38350
0.18786
0.05467
0.32143
0.17992
0.20361
0.44211
0.09572
-0.16687
-0.07481
0.48054
-0.05684
0.31785
0.11740
0.14889
-0.49003
0.19933
0.04361
0.07498
-0.00066
0.35916
-0.26047
0.45500
0.52482
-0.45809
0.57883
0.07948
-0.15461
0.14960
0.40772
0.24962
0.31265
0.39471
0.24694
0.32549
0.38822
0.30865
0.16816
-0.70012
-0.49288
0.41144
0.05188
0.08576
0.30250
0.20586
0.25995
0.36278
0.52224
0.17264
0.29274
0.25200
0.41624
-0.37756
0.33012
0.20383
-0.12017
0.12496
0.11562
0.12820
0.23436
0.12074
-0.87512
0.22500
-1.32154
0.04074
-0.39021
-0.01768
0.22956
0.02058
0.38348
0.25264
0.46647
0.30995
0.17438
0.13313
0.43143
0.16139
-0.65294
0.24076
-1.73965
0.19838
0.32176
0.32685
0.31883
-0.46298
0.56798
0.27234
0.25974
-0.00985
0.21658
-0.10742
0.30896
0.21058
0.37202
0.57074
0.24534
0.32887
0.21691
0.36117
0.04742
0.21351
-0.19047
0.25608
0.38752
0.42342
-0.35418
0.24976
0.01396
-0.12604
-0.66012
-0.32504
0.06137
0.23368
0.10963
-0.19481
0.13110
0.15466
0.23861
0.18718
0.14661
0.21151
0.55225
0.48983
0.42059
0.41889
-0.70722
-0.13083
0.24047
-0.08374
0.23124
-0.36558
-0.18614
0.18643
-0.31309
0.19578
0.19104
0.18469
-0.21782
0.00709
0.04520
0.41837
-0.03387
0.37590
-0.07300
0.17182
0.32952
0.20915
0.14070
-1.29766
0.27515
-0.16158
0.10944
-0.45514
0.07905
-0.32380
0.54722
0.10671
-0.21724
0.11850
0.43069
-0.11978
0.00946
-1.10300
0.18933
0.48778
-0.48812
-0.73857
0.34091
-0.10075
-0.84301
0.02115
-0.51069
0.14338
0.12687
0.21592
0.24634
-0.05011
0.15153
0.32739
0.20645
-0.02532
-0.86153
0.17104
0.44108
-0.11984
0.19781
-0.73673
-0.45621
0.19448
0.08355
0.39679
0.22228
0.33544
0.07679
0.05037
0.17328
0.32657
0.55614
0.47416
0.21943
-0.25645
0.34387
0.34581
-0.10627
0.00151
-0.50483
0.63709
0.11516
0.02815
0.42123
0.08633
0.23471
0.40110
0.15838
-0.09387
0.12582
-0.42914
0.54483
-0.46163
-0.73031
-0.47701
0.14710
0.21203
-1.01334
0.09927
0.10655
0.22166
-0.11444
0.29175
-0.31170
-0.77865
0.17166
0.05619
0.03484
0.11327
0.35183
-1.18858
0.42590
0.38199
0.08456
0.12059
0.15646
-0.38202
0.07764
0.22535
0.29610
0.03086
-0.67836
-0.02905
0.22046
-0.50749
0.09435
0.34837
0.38333
-0.05798
-0.35111
0.70275
0.08678
0.57851
0.65938
0.31614
0.29731
0.32153
0.30916
0.25465
0.04598
0.07218
0.52403
0.21957
0.26930
0.45237
0.45946
0.19867
-0.39183
0.12950
0.07669
-0.35176
0.24242
0.12384
0.49024
0.30027
0.12662
0.15517
0.17809
0.09732
0.30430
0.45215
-0.02462
-1.36375
0.32741
0.17644
-0.44122
0.27865
-0.23521
0.51946
-0.39318
0.18366
-0.01869
0.26345
0.16695
0.40676
0.21171
-0.87309
-0.46454
0.21371
-0.10615
-0.66465
0.05400
-0.02645
0.21145
-0.94347
0.37582
-0.54667
0.07410
-0.51493
0.05017
-0.11178
-1.43270
-1.60634
0.24422
0.17579
0.19356
-0.63089
0.22176
-0.38895
0.08514
0.19789
-0.69673
-0.00066
0.08262
-0.47624
-0.15444
0.30258
0.04251
0.19874
0.11058
-1.04739
0.14917
0.18566
0.17544
-1.22872
-0.26531
-0.61461
-0.97019
0.26538
0.11045
-0.97308
-0.40970
-1.65700
0.10671
0.23908
0.00119
0.17490
0.71013
-0.37339
0.35535
0.33921
0.41162
0.14864
0.03828
0.36813
-0.33627
0.47278
0.51705
0.46262
-0.79270
0.30786
0.40207
0.05576
0.15595
0.13825
0.11829
0.38612
-0.65268
-0.60636
0.22468
0.35092
0.41970
0.37190
-0.20600
0.20559
0.39387
0.35474
-0.05957
0.53468
-0.96416
-0.29901
0.77332
0.00634
0.53993
-0.35163
0.29564
0.37928
0.26225
0.17813
-0.40661
0.15665
-0.43452
-0.03124
0.17727
0.10977
0.33035
0.15750
-0.32236
-0.51096
0.52238
0.33840
0.35871
0.58227
-0.03777
-0.29263
0.08538
-0.05532
0.52561
0.58049
0.12791
0.06222
-0.03726
0.37941
-0.28175
0.85993
-0.72296
0.18441
0.29249
0.52067
0.62956
-0.66917
-0.71361
0.54223
0.12940
0.11363
-0.38484
0.16907
-0.32414
-0.04071
-0.03917
0.13306
-0.21009
0.43201
0.29986
-0.70087
-0.24460
0.01376
0.06088
0.56157
0.26475
0.04490
-0.04023
-0.71167
0.28024
-0.15656
0.13873
0.21004
-0.51007
0.28325
0.66260
0.14887
0.61263
-0.49395
0.36807
0.06451
-0.79797
-1.06999
0.30153
-0.34337
0.13781
0.12075
0.19702
0.05751
0.19750
-0.23006
0.22439
0.28038
0.33577
0.33445
-0.53803
0.40239
0.12621
0.23243
0.17713
-0.00001
0.22177
-0.83084
0.00721
-0.12289
0.13068
-0.01178
-0.24335
-0.23130
-0.09117
-0.85358
0.33243
-0.90024
-0.16581
0.10388
0.16101
-0.15187
-1.22957
0.06412
0.16979
0.20994
-0.32695
0.22972
-0.03874
0.17730
0.01283
0.15606
0.20331
0.19846
0.36621
0.45126
0.18561
0.16519
0.21673
0.10361
0.37431
0.18778
0.33997
-0.28860
0.29314
-0.34700
-0.36209
0.02871
-1.08412
0.26058
0.46800
-0.00615
-0.65171
-0.40052
0.14160
-0.41911
0.08334
-0.54442
-0.46184
0.32429
0.21341
0.14439
-0.02303
0.19232
0.58725
-0.26969
0.27574
0.25386
-0.29981
0.34597
-0.16187
0.08444
-0.16613
0.17880
0.15835
0.13651
0.04429
0.13599
0.24171
0.05154
-0.56485
0.19242
-0.41220
0.01441
0.27784
0.22551
-0.35728
0.06495
-0.40720
0.37829
0.08452
0.29063
0.57968
-0.13986
0.31113
-0.33083
-0.09820
0.48624
-1.01104
0.57182
-0.03738
-0.01529
0.33174
-0.25191
0.18874
0.35132
-0.61740
-0.34337
0.68765
0.21525
-0.03068
0.09912
-0.00974
-1.24741
-0.40247
0.21400
-0.18051
-0.19212
0.31337
-0.04632
0.08059
-0.46851
-0.61962
0.02069
0.30070
-0.24430
0.13039
0.38698
-0.82975
-0.10482
0.17041
0.33407
0.38980
0.22281
0.20222
-0.65109
-0.34858
-0.05589
0.27565
0.16659
0.24624
0.31431
-0.68537
-0.17716
0.08203
0.39075
0.16084
0.15721
-0.31502
0.08143
-0.59398
-1.37790
0.19541
0.10012
-0.08004
-0.09409
0.18213
-0.33125
0.32590
0.22306
0.47244
-0.63869
0.44202
0.56285
0.36549
0.40741
0.09067
0.24330
-0.38940
0.26006
0.23289
0.61213
0.44348
-0.06723
0.20895
0.38744
0.27888
0.56088
-0.47535
-0.71829
0.42284
0.59276
0.40591
0.69400
0.09642
0.06332
-0.20436
-0.52439
0.08596
0.18625
0.13514
0.11454
0.55374
0.15099
0.82198
0.55663
0.32097
0.75351
0.33249
0.27397
-0.12399
-0.01144
0.27411
0.17531
-0.07962
-0.32765
-0.07326
-0.13613
0.13816
0.11554
0.39637
-0.53599
0.18025
0.28309
-0.06937
0.11636
-0.08122
-0.64016
0.34952
-0.20330
0.45752
-0.05321
0.10539
0.25674
-0.71745
0.13708
-0.14962
0.03374
-0.24141
0.15476
0.38110
0.01119
0.42037
-0.38668
0.39572
0.36235
0.20779
0.16666
-0.05868
0.37186
0.09573
0.00689
0.78110
0.36120
0.55653
0.30022
0.08206
0.22284
-0.29022
0.32211
0.25888
0.23920
-0.75591
0.30265
0.15944
0.34280
0.02172
-0.01636
0.11250
-0.03883
-0.16524
0.32205
0.78259
0.20243
-0.08010
-0.40529
-0.02505
0.79968
-0.37725
-0.44803
-0.47758
0.27173
0.15261
0.33908
-0.53687
0.67260
-0.00130
0.23015
-0.44076
-0.04066
0.34099
0.27428
0.13301
-1.29490
-0.09627
0.25020
0.14025
-0.32756
-0.95387
0.57171
0.24926
0.30539
0.30689
0.26247
0.51610
-1.10125
0.28369
0.45996
0.42464
0.16810
0.14356
-0.25277
0.14154
0.35947
-0.15608
0.13389
-0.14004
-0.24655
-0.29408
-0.18810
-0.08277
0.27611
-0.40224
-0.06351
-0.97031
0.09043
-0.13900
0.35391
0.38909
0.30799
0.48079
-0.32673
0.48652
0.06433
0.31410
0.04604
-1.21756
0.42297
0.22238
-0.72765
-0.12525
0.15772
-0.46013
0.26175
0.43315
-0.91644
0.02791
-0.56029
-0.14986
0.15928
0.29784
0.25044
0.12166
0.12578
0.01026
-0.12644
0.12798
0.38491
-0.61418
-0.51176
0.11670
0.31639
0.16243
0.10864
-0.09461
0.12783
-0.84275
-0.35220
0.28615
0.06436
-0.00309
0.10217
-0.75251
-0.56580
0.37233
0.45075
0.39952
0.40662
-0.16569
-0.40346
-0.18823
-1.12464
0.06598
-0.61506
0.29591
0.32851
-0.79378
0.32694
-0.24581
-0.39854
-0.39810
0.10357
-0.34539
0.11363
0.28086
0.29115
0.32747
-1.22187
0.30155
0.24999
-0.26163
0.05896
0.40268
-0.56413
-0.12796
-0.80611
0.33887
0.29032
0.45587
-0.57137
-1.46034
-1.35179
0.27759
-0.22187
-0.39722
0.81076
0.08494
0.34525
-0.18454
-0.29702
0.30656
-0.70768
0.30258
0.17367
0.46201
0.37414
-0.19611
0.09362
-0.37389
0.18160
0.29535
0.28804
0.26715
0.20086
0.20696
-0.25184
-0.59394
-0.63914
0.06575
0.16279
0.12423
0.30938
-0.24337
0.26210
0.15291
0.15811
-0.60478
-0.46282
0.39025
-0.39008
0.58004
0.13517
0.04089
-0.26968
-0.57492
0.13396
0.31117
0.19400
0.15383
0.52245
0.08371
0.36459
0.31344
-0.66239
0.10905
0.16273
0.29372
-0.47264
-0.18367
0.40639
0.02931
-0.29717
0.68670
-0.09065
-0.42003
0.00969
-0.44094
0.52196
0.13446
0.41051
0.25160
0.14197
-1.38374
0.17882
0.23361
-0.83044
0.24465
0.51564
-0.77886
0.18875
0.25204
-0.55503
0.30526
0.21838
-0.16313
-0.13405
-0.51272
0.61997
0.14331
0.09398
0.30251
0.45776
0.15770
-1.58127
0.44499
0.56350
0.37824
-1.07189
0.19456
0.49682
0.06760
0.30140
-0.81921
0.17777
-0.33891
0.39162
0.26126
-0.78575
0.03105
-0.01996
-0.08617
-0.39741
0.38444
0.45506
0.42802
0.33767
-0.17700
0.72828
0.13554
0.22494
-0.37401
0.13709
0.41057
0.06265
0.44959
0.12677
-0.33753
0.32209
-0.73285
0.13630
0.34132
0.08329
-0.25642
0.46709
0.21573
0.41761
-0.10439
0.50089
0.14897
0.00214
0.33343
0.37818
0.35312
0.15024
0.34593
-0.01196
0.28400
-1.01724
-0.00299
0.11801
0.09742
0.11291
0.16754
0.29364
0.43345
0.44604
-0.86441
-0.50831
-1.13250
-0.37427
0.45158
0.21786
0.29604
0.39433
0.39637
0.10379
-0.50438
0.47041
0.12180
0.40086
0.69567
-0.09878
-0.11522
-0.05165
-0.64355
0.13889
0.12530
0.21743
-0.05352
0.13553
0.16888
0.58039
-0.26404
0.17307
0.35337
0.69269
0.35577
0.30842
0.35641
0.09387
0.29376
-0.08835
0.13548
0.29827
0.78511
0.06453
-0.71063
0.14526
0.01838
0.23877
0.40981
-0.05900
0.29040
0.29388
0.05115
-0.26624
0.50633
0.07398
-0.92596
-0.37650
-0.82751
0.28058
0.38412
0.45613
-0.07597
0.70563
-0.36270
-0.27919
0.39462
-0.59671
0.53300
-0.59824
-1.21446
-0.21311
-0.39162
-0.19062
-0.24411
-0.71018
0.27939
0.09607
-0.85614
-0.27021
-0.17958
0.04080
-0.43938
0.11032
-0.11199
0.40275
-0.08593
0.43958
0.37401
-0.31893
0.49872
0.13335
-0.62756
0.28469
-0.50122
0.35127
0.09546
-0.86255
0.31933
-0.44251
0.10338
0.22167
0.48982
-0.21969
0.17476
0.46617
-1.19711
0.15834
-0.15743
0.10620
0.05760
0.15951
-0.42143
0.12260
0.08711
-1.02105
0.22379
-0.36932
-0.77883
-0.05094
0.08635
-0.01445
-0.63785
0.19033
0.26143
0.29557
-0.13986
-0.25637
0.04845
0.03688
0.09794
0.58441
-0.16873
-0.16206
-0.04467
-0.77237
-0.33235
1.06686
0.10814
0.06764
-0.39144
-1.81724
0.16896
0.15895
0.19761
-0.19751
-0.29371
0.27081
-1.24727
-0.12424
0.15231
0.06199
0.48216
0.10114
0.51821
0.12597
0.15762
0.00925
0.34840
0.49756
-0.99152
0.04447
-1.16853
0.34271
0.14887
0.23273
0.20110
-0.87499
0.38311
-0.16215
0.25564
-0.54127
-0.74206
0.28531
-0.78554
0.10849
-0.49740
0.09133
0.04198
0.40573
0.38526
-0.15548
0.03736
0.18208
0.16313
0.40093
0.03000
-0.14915
0.42250
0.02364
-0.01202
-0.35348
-0.61823
0.19052
0.24027
0.30628
0.62825
0.14435
-1.06079
-0.15593
-0.46036
-1.35538
-0.31728
0.13369
-0.43067
-0.59767
-0.76887
-1.01879
0.50194
0.33804
0.06939
0.12017
0.56168
-0.44682
0.38216
0.05923
-0.65863
0.43102
0.64249
-0.27418
0.16384
0.13349
-0.05466
-0.05799
0.53647
0.24118
0.13992
-0.40588
0.41543
-1.02834
0.31310
-0.62295
0.27838
-0.63977
0.44446
0.13303
0.14454
0.16561
0.12422
0.42899
0.65467
-0.58632
0.66835
0.24548
0.00273
0.22179
0.37300
0.31287
0.72570
0.29004
0.48506
0.21772
0.26304
-0.66964
-0.21765
0.01122
0.21084
0.17843
-0.34084
0.18873
0.19341
-0.35687
-0.30000
-0.55253
0.35936
-0.10739
-0.26506
0.20389
0.28766
-1.02139
0.19474
0.47412
0.05648
-0.36632
0.14458
0.10879
-0.61134
-0.44358
0.08504
0.42400
0.17085
0.09282
0.04726
0.26890
0.39351
0.10813
0.57742
0.41524
-0.14927
0.13069
0.19355
0.27791
-0.38821
-0.01414
0.10075
0.08373
-0.14329
0.51831
-1.03975
-0.33240
0.24564
0.63972
-0.09747
-0.19433
-0.54027
0.44242
0.58572
0.01508
0.01588
0.39602
-0.35680
0.13612
-0.40638
0.40047
0.07872
0.54358
0.20828
0.14520
0.21974
0.18792
-0.54921
0.38907
-0.20132
0.36706
0.17425
0.07803
-0.41267
-0.81863
0.23279
-0.04550
0.28240
0.09423
-0.39254
-0.02889
0.06194
0.27646
-0.12556
0.21142
-0.03005
0.29904
0.14226
-0.00595
-0.56040
0.05242
0.09496
0.07856
0.11593
0.17291
0.28406
-0.66245
0.08996
-0.45010
-0.59839
0.08059
-0.01687
0.23968
-0.18894
0.28802
0.24504
-0.26830
-0.60215
0.14193
0.13189
0.25248
-0.04245
-0.58849
0.06676
-0.59228
-0.04866
-1.48679
0.85700
0.16059
-0.99365
0.84917
-0.59161
0.30313
0.41225
0.45385
0.36104
-0.10948
0.09545
0.19457
-0.12400
-0.03857
0.10645
0.32510
0.71799
-0.57079
0.30524
-0.07517
0.09070
0.19000
-0.03940
-0.39580
-0.74871
0.21814
-1.75720
-0.80319
0.59667
-0.42948
-0.42686
-0.01532
0.06376
0.32382
0.11526
-0.02488
0.45437
0.14991
-0.08749
-0.79405
0.10281
0.25276
-0.86074
-1.18877
-0.03263
0.45031
-0.88511
0.40405
0.28056
-0.60461
-1.40903
0.11289
0.57687
0.37082
0.29422
-1.18861
-0.45504
0.17235
0.26512
-0.75472
0.36043
0.18448
0.53185
-1.13675
-0.32514
-0.14914
0.06510
-0.56563
-0.32408
-0.62027
0.22325
-0.00770
0.35727
-0.17875
0.16708
0.12713
-0.15993
0.28195
-0.22541
0.77956
-0.23167
0.26769
-0.42555
-0.14489
0.46868
0.26241
0.07020
-0.54619
0.55454
0.63838
0.14349
0.05793
-0.36564
0.20807
0.41781
-0.31881
0.60208
0.26130
-0.05667
-0.54851
-0.28668
0.51186
-0.04016
0.34047
-0.00854
0.09289
-0.26924
-0.33051
0.25203
-0.35423
0.33548
0.49056
0.65315
0.54255
0.83436
-1.07081
-0.38338
0.56520
-0.00808
0.37788
-0.72171
-0.76916
0.05378
-0.02013
-0.97227
0.07780
-0.10282
0.04608
0.26124
0.20028
0.17806
0.13573
0.44624
-0.58764
0.05538
0.05775
0.09350
-0.70138
0.07868
0.13466
0.72199
0.54031
-0.57402
0.14629
0.38335
0.76589
0.23838
0.26163
0.44972
-0.00712
0.01689
-1.11934
0.32785
-0.06128
0.16500
0.12857
0.18839
0.38738
-0.39611
0.17124
0.20514
0.08608
0.30788
0.19237
-0.18936
0.03628
0.48936
-0.25403
-1.16143
0.24546
0.55164
0.24860
0.14557
0.02012
-0.32264
0.19139
0.52512
0.45314
0.25326
-0.08737
0.08706
-0.47508
-0.94373
0.03360
-0.06991
-0.21889
0.11237
0.14804
0.02360
0.03853
-1.02539
0.48503
-0.47473
-0.69498
-0.84142
0.26897
0.03215
-0.66357
-1.09102
0.37537
-0.19163
0.14367
0.29745
-0.06611
0.84910
-0.61590
0.25859
0.18454
0.46515
-0.12516
-0.14961
-0.98266
0.25524
-0.60436
-0.26075
0.62859
0.87476
-0.37149
0.30238
0.12890
0.26870
0.59890
0.37142
-0.01776
-1.24126
-0.74850
0.14481
0.01931
-0.29132
-0.56933
0.00293
0.07710
0.07284
-0.05054
-0.79074
-0.12181
-0.28547
0.21971
-0.68231
0.07400
0.26184
0.06217
0.02324
0.13182
-0.30810
-0.45960
-1.24561
-0.36379
0.64969
0.39799
-0.44440
-0.87122
-0.18744
0.38602
-0.03235
-0.23885
-0.26963
0.17940
0.22858
-0.11889
-0.37483
-0.97619
0.28621
0.31037
0.32052
0.08969
0.18454
0.34097
-0.57102
0.25103
-0.06324
0.00497
0.15968
0.11134
0.10132
0.08707
-0.02691
-0.83005
0.18893
-0.12685
-0.07676
-0.07337
0.26622
0.19852
0.20698
-0.80750
-0.16474
-0.33155
0.17263
-0.42650
0.36688
-0.97511
-0.10552
-0.20408
0.20818
-0.08182
-0.89824
0.07869
0.25641
0.74810
-1.32242
0.36081
0.06407
0.18726
0.22053
-0.38389
-0.29662
-0.48268
0.12931
0.03384
-0.38716
-0.09602
-0.51977
-0.13287
0.79352
-0.04850
-0.06726
0.13763
-0.01965
-0.49594
0.19720
0.09489
-0.71736
0.14292
0.38405
0.09874
-0.48438
-1.00363
0.26415
-0.32787
-0.39894
-0.38397
-0.65137
0.22199
-0.39144
-0.15992
0.80972
0.51539
-0.09385
-0.16935
-0.68364
0.57854
0.29094
0.05198
0.14595
0.08708
-1.21313
0.07053
0.10036
0.46745
-0.18095
0.27876
0.46486
0.09193
0.48398
0.11588
-1.13324
-0.08996
0.64642
0.52190
0.03067
0.46560
0.23457
-0.09336
-0.59708
0.14984
0.26616
0.42562
0.08937
-0.88050
0.57059
0.23919
0.11923
0.23813
0.34001
0.37574
0.10019
-0.41180
0.19730
-0.04478
0.55712
0.45530
-0.04574
0.45775
0.17093
0.11819
-0.36260
0.11473
-0.94554
0.44068
0.17411
-0.12952
-0.01778
0.04964
-0.07676
-0.16736
0.46659
-1.10074
0.14367
0.44764
0.26395
-0.08560
-0.74534
0.14120
-0.50521
-0.28305
-0.11990
0.07975
0.35253
0.23415
-0.39361
-1.75386
0.29500
0.14153
0.21228
0.41079
-0.00680
-0.25622
0.46097
0.55473
-1.05399
-0.23057
0.06366
0.14372
0.11635
0.65607
0.08236
-0.30912
-0.30755
0.18028
-0.62328
0.22710
-0.73155
0.21076
0.04920
0.27863
0.20271
-0.71801
-0.01850
0.25531
-0.02067
-0.09679
-0.37446
-0.24429
0.40211
0.09162
0.12422
0.00324
-0.45649
0.07702
0.34900
0.51922
0.13880
-0.19504
-0.50443
-0.22450
-0.39683
0.37732
0.36849
-1.21271
-0.24492
0.38690
-1.10787
0.45561
0.20554
0.35067
0.11534
-0.38371
0.19178
0.09406
-0.04794
0.11490
0.05037
-0.11570
-0.99275
-1.11355
-0.12781
-0.41789
-0.68514
-1.00221
0.26576
-0.02696
0.03272
0.24088
0.59162
0.40764
-1.26407
-0.67418
-0.22360
0.38455
-0.77682
-0.88256
0.43783
0.59991
0.27614
-0.69054
0.23600
0.13593
0.40665
-0.26604
0.37723
0.02965
0.29254
-0.57173
0.01486
0.12338
-0.25271
-1.01884
0.11486
-0.33409
0.36523
-0.17517
0.28848
0.53819
0.15460
0.17119
0.69234
-0.14706
-0.13158
-0.05549
0.21658
0.39377
0.42584
0.01443
0.08598
-0.62515
-0.32354
-0.10085
-0.19144
-1.36771
-0.19972
0.14449
0.17282
0.21933
0.01177
0.19154
-0.91491
-0.45416
0.17422
-0.35897
0.18640
-0.06486
-0.61997
-0.92429
0.26547
-0.11674
-0.27579
0.34496
0.11549
0.29447
0.38531
0.07188
-0.41571
0.34271
0.04152
0.08658
0.23561
-0.04396
0.64765
0.07627
0.03451
-0.14244
0.47542
-0.33418
0.23061
-0.86986
-0.09908
0.11375
-0.00172
-0.22037
0.33604
-0.42710
0.03123
0.08600
0.07822
0.71678
-0.08493
0.54433
-0.23616
0.71101
0.25776
0.20941
-0.06486
0.14123
0.27461
-0.31533
-1.06043
-0.41329
0.31548
0.10293
0.56387
0.00937
-0.45121
-0.44460
0.26895
-0.32285
0.29949
0.47494
-0.02499
0.20856
-0.11241
0.21157
-0.34849
-0.49549
0.02156
0.04532
0.37713
-1.13905
0.12183
-0.85186
0.27599
0.06842
0.24156
0.05045
-0.11570
0.06579
0.32977
-0.46861
-0.39393
-0.79264
0.20224
0.67379
-0.33532
0.24008
0.14619
0.43125
0.24896
0.51070
-0.47272
0.10785
0.49439
0.15970
-0.64978
-0.31056
0.02837
-0.30052
0.59789
-0.60353
0.53577
0.26993
-0.18982
0.12516
0.80181
-0.10795
0.28786
-1.46818
0.20586
0.25338
0.67729
-1.38680
-0.16944
-0.20756
0.08419
0.29487
0.15885
-0.32070
-0.36150
-0.36834
-0.14324
-0.68483
0.01926
0.23857
0.19346
-1.68090
-0.37050
-0.27448
0.13104
-0.20662
0.13117
0.24523
-0.79643
0.46050
0.53093
-0.34465
0.29697
0.23062
-0.17589
-0.82608
0.27775
-0.13384
0.39980
-0.16612
-0.02232
-0.62879
0.15627
-0.37180
0.02252
0.63812
0.66950
-0.10739
-0.89991
-0.32326
0.15679
0.20823
-0.82692
0.18726
-0.25994
0.45813
0.09801
-0.60179
0.40755
0.14095
-0.35504
0.29334
-0.32677
-0.50195
0.02234
0.21794
0.28888
0.00375
0.12770
-1.48102
0.22989
0.13596
-0.99954
0.10838
0.44799
-0.47222
0.11798
0.73333
-0.19233
0.32763
-0.15903
-0.33894
0.49729
0.30056
-0.82808
0.42516
-0.13615
0.04471
-0.09095
0.17048
0.67451
0.23202
0.12019
0.16658
0.36739
-0.97845
0.12685
-0.42747
-0.23147
-0.48540
0.12208
0.23646
0.09562
0.13067
-0.75012
-0.40416
-0.12668
0.10008
0.02883
0.41145
0.30598
0.16293
-1.42156
-0.53756
-0.84955
0.45604
-0.23871
0.26869
0.24528
-0.88009
-0.01910
-1.07672
0.15477
0.35006
0.34209
0.59800
-0.21780
0.23826
-1.14766
0.51956
-1.37552
-0.06333
-0.07201
0.39240
-0.33861
-1.02441
-0.31148
-0.33260
0.18341
-1.48438
-0.32132
0.20660
0.47408
-0.24681
-0.18691
0.14795
0.31656
0.15274
-0.33694
0.33846
-0.25050
0.32828
-0.87536
0.40236
0.47656
0.22879
0.15254
0.10943
-0.01902
-0.11302
0.31742
0.07203
0.28747
0.57383
-0.53707
-0.60683
-1.28175
0.53647
-0.80944
0.15557
-0.18983
0.85744
0.62919
0.47886
-0.96949
0.40608
-0.43186
0.30767
-0.01285
0.16414
0.22927
0.44662
0.14611
0.41357
-0.35061
-0.64643
-0.24074
0.14232
0.14344
0.23971
-0.54567
-0.26218
-0.36185
-0.06037
0.10394
-0.39634
0.42234
0.10570
0.25655
-0.63000
0.21268
0.17745
-0.61403
0.27068
0.31665
0.05241
0.34885
0.60686
-0.38284
-0.44866
0.05249
-0.13136
0.16177
-0.16906
-0.10274
0.19155
-0.39880
0.09359
0.18051
0.00347
-0.47019
-0.76827
-0.34047
0.34756
0.40830
0.12274
0.03295
-0.07031
-1.12823
0.03785
0.57756
0.46698
0.60603
-0.48911
-0.38446
-0.61172
0.34792
0.05886
-0.68789
0.12159
-0.47875
-0.81810
0.23673
0.02232
-0.49716
-0.39375
-0.12917
-0.44049
0.10818
0.32867
-0.70719
-0.50845
0.15896
-0.29029
0.17733
-0.41098
-0.40234
0.44919
-0.15961
-0.26801
0.67936
0.02832
-0.11565
-0.41870
0.65833
-0.46089
0.16066
-0.38594
-0.07960
-0.34989
-0.70915
-0.90397
0.04841
0.04231
-0.31831
0.08760
0.01449
0.02105
0.22125
-0.00376
0.37045
0.32716
0.09168
-2.29100
0.50498
0.15926
0.18382
0.15146
0.06684
0.14719
0.42238
0.20975
-0.61020
0.26084
-0.32952
0.13423
0.21013
0.60697
0.13535
0.49662
-0.15126
0.38748
0.14178
0.19901
-0.67749
-0.60921
-0.05873
-0.22748
-0.21646
-0.75518
0.33094
0.30562
-0.41620
0.03561
0.38706
0.05875
-0.59215
0.24756
0.25119
0.62196
0.09267
-0.85699
-0.20044
-0.05776
0.29274
-0.72367
-0.32107
-0.05171
-0.41205
-0.13146
0.34625
0.14016
0.38974
0.17395
0.75505
-0.34799
0.24644
-0.32344
-0.54219
0.18299
0.33552
0.25837
-0.82565
0.34402
0.58675
0.22080
0.65549
0.35265
-0.37047
-0.12426
0.32004
-0.08237
0.12704
0.17749
0.15429
0.12642
0.03158
-0.03036
0.60003
0.47984
0.35768
0.00639
0.28035
0.13966
-0.46600
-0.09358
0.49041
-0.03967
0.19802
-0.77260
-0.01820
0.57952
0.08343
0.90799
0.24611
0.12726
0.84163
-0.82862
-0.27745
0.69529
0.12964
0.46691
-0.88111
-0.21903
-0.08347
0.24782
0.36273
0.16292
0.14038
-0.21582
-1.25504
0.59272
-0.04948
0.36004
-0.26474
-0.45455
-1.31338
-0.66358
0.66815
-0.20099
0.57887
-0.27939
0.14496
0.17885
0.10109
-0.55484
0.12673
0.45867
0.16610
-0.38814
0.32545
0.13436
-0.05540
0.00404
-0.55093
0.18494
0.25925
0.30696
0.35206
0.12810
-0.44476
0.13274
-0.50533
0.13682
-0.00186
-0.12819
-0.05845
0.60227
-0.97965
0.00374
0.34845
0.45137
-0.85178
-0.25031
-0.81880
-1.22228
0.11069
-0.34769
0.32358
-0.83365
-0.49972
0.17443
0.22279
0.46744
-0.90509
0.63292
0.51270
-0.42219
-0.41861
-0.03797
0.09242
0.17647
0.02472
0.13151
-0.11659
-0.43777
0.02807
0.13938
0.24083
0.23008
0.28790
-0.39541
-0.28007
-0.65986
-0.10553
0.09437
-0.50312
-0.12876
-0.80708
0.17854
0.34860
0.18437
0.05812
0.31626
0.20413
0.25666
0.06538
0.11186
0.08748
0.24728
0.27061
-0.00477
-0.18778
0.07717
0.42322
0.20016
-0.20403
0.20742
0.27575
-0.16317
0.37596
0.14772
-0.87948
0.24231
0.05444
0.11789
0.06954
-0.01513
-0.23541
0.60981
0.33671
-0.32484
-0.46148
-0.37298
-0.10140
-0.12433
0.19677
0.11642
0.30942
-0.03547
0.25291
-0.83256
0.23516
-0.08822
-0.74134
-1.37225
-0.16093
-0.04460
0.45365
-0.00460
0.26941
-0.08216
0.12273
0.29215
0.07393
-1.03845
-0.86561
0.11249
0.09448
0.32734
0.22827
-0.16471
0.25693
-0.44067
0.37100
0.45884
0.14457
-0.39539
0.39734
0.19318
0.03966
0.04024
-0.19326
0.11308
0.64256
0.00420
0.31842
0.15471
-0.03675
0.15291
-0.15399
0.37751
0.07712
0.42301
-0.03027
0.25102
-0.38189
-0.39731
0.13375
-1.30118
0.13964
-0.37310
-0.01217
-0.13625
-0.22120
0.30646
0.16885
0.25035
-0.47546
0.21652
0.26829
-1.25088
0.23882
0.46878
-0.36728
0.58494
0.13986
0.02100
-0.38543
-0.44962
0.31297
-0.26633
-0.89462
-0.41042
0.08513
0.19609
0.19566
0.17188
0.13823
0.22904
0.26402
-0.33587
0.25620
0.32347
-0.50647
0.04974
-0.23876
-0.02964
0.11212
-0.68292
0.19037
0.18051
0.55015
0.16503
0.14438
-0.20431
-0.87007
0.05450
-0.76441
0.06671
0.06678
-0.22628
0.06717
0.15637
0.16157
-1.17693
0.23684
0.37818
-0.58521
0.31370
-0.02547
0.11542
-0.03314
0.31244
0.11515
0.05581
0.22520
-0.48489
-0.51891
0.37314
-0.41486
0.21253
-1.53101
0.66870
0.36657
0.13287
0.00156
0.18081
0.15148
0.69990
0.03971
-0.62114
0.30981
0.61340
-0.29542
0.16986
0.28851
0.44584
-0.48390
0.12974
0.20902
0.22007
0.15666
0.36940
-0.42866
-0.01865
-0.09841
0.32649
0.29935
-0.48267
-0.27465
0.32433
0.45680
-0.34681
-0.42646
-1.01200
0.26450
0.03170
0.11731
0.11650
-0.10270
-0.10168
0.09245
0.15265
0.13485
-0.33536
0.06726
0.11570
-0.49084
0.33396
-0.00443
-0.84614
-0.39920
0.34427
0.49909
0.38176
-0.44591
0.60100
-0.88473
0.09122
0.29624
0.62584
0.07393
-0.07841
-0.42071
-0.76071
-0.31122
-0.17665
-0.19861
0.14535
0.10452
-0.17524
0.18599
-0.28230
-0.09329
0.17416
0.34343
0.52935
0.22234
-0.72329
0.09930
0.32343
0.09252
0.01119
-1.34480
-1.47167
0.01912
0.51414
0.06503
0.61433
-0.22047
-0.03286
0.66606
0.16673
-0.14648
0.10119
-0.00353
0.08254
0.44423
-1.96742
-0.05116
-0.04384
0.06973
-0.12054
0.44342
0.05771
-0.48992
0.17789
-0.61929
0.05604
-0.00358
0.31819
0.54068
0.22484
-0.09498
0.03442
-0.51605
-0.16592
0.35678
0.01861
0.20857
-0.85991
0.12601
0.11207
-0.02045
0.32157
0.61009
-0.63808
0.14051
0.29193
0.25196
0.09417
0.15798
0.73301
-0.58369
0.32318
0.01151
-0.37024
0.14864
0.22634
-0.68898
0.05046
-0.08189
-1.10861
-0.09054
0.12492
-0.06937
0.27433
-0.84363
0.06316
-0.20315
0.39878
0.56476
0.62071
0.01146
0.25418
-0.51093
-0.45469
0.02358
0.09897
-0.43619
-0.78992
-0.77515
-0.28084
0.43192
0.33999
-0.00041
0.26811
-0.02726
0.11827
0.75362
-0.37148
-0.47440
-0.53984
0.11602
0.19100
-0.81841
0.13959
0.03193
-0.10174
0.06013
-0.38291
0.07552
0.23683
0.57300
0.45161
0.06811
0.03201
-0.17846
0.09506
0.13998
0.07506
0.10614
-0.72446
-0.13600
0.03323
-0.92749
-0.52042
0.23114
-0.16376
-0.17756
0.17895
0.17690
-0.09547
0.11519
-0.31280
-0.80116
0.19198
-0.13518
-0.27195
0.35693
-0.43452
-0.79920
0.76644
0.11144
0.14291
0.26019
0.17693
-0.02758
0.00732
-0.01302
0.21306
-0.13968
-1.15553
0.03760
-0.66859
0.14956
0.05733
0.09149
-0.51679
0.01248
0.46737
0.40627
0.22521
-0.72293
0.35455
-0.12067
-0.14894
0.13859
0.21404
0.15008
0.15334
0.17189
0.21931
0.21444
0.10950
0.17531
-0.40580
0.17855
0.11299
0.17401
0.10858
-1.01994
-0.44914
-1.51398
0.37511
0.19541
0.12738
-0.54359
0.16781
0.28425
0.21578
0.05009
0.06583
0.04780
0.40713
0.08183
0.40165
0.29390
0.56186
0.04029
0.24785
0.11736
-0.41162
0.31381
-0.26210
0.25122
0.14637
0.13518
0.30128
-0.21738
-0.31969
-0.03876
-0.03726
-0.39823
0.22995
-0.69353
-0.30595
0.81622
-0.20156
0.11731
0.31405
0.03095
-1.07546
0.14684
-0.74258
-0.01674
0.17976
0.37341
0.35976
0.35335
0.09478
-0.56052
0.01074
-0.21687
-0.33735
-0.35534
0.15429
0.05721
-0.18779
0.17192
0.09225
0.73261
-0.26592
0.45622
-1.25994
0.36623
-0.03216
-0.68198
-0.11292
-0.03642
0.16516
0.36192
-0.33431
-1.37840
-0.76623
0.10436
0.12162
0.51102
0.39590
0.11474
0.12297
0.34231
-0.39054
0.37312
0.17108
0.42325
0.39311
0.28608
0.37574
-0.00177
0.00771
0.11074
0.02766
0.15023
