0.05671
-0.27346
-0.49539
-0.84937
0.01474
0.09959
-0.17428
-0.00466
0.00922
-0.00142
-0.32087
-0.70436
-0.38929
0.09451
0.11747
-0.08822
0.17337
0.37871
0.12041
-0.08303
0.22426
-0.52041
-0.00294
-0.64364
0.13391
0.25531
0.16169
-0.25749
0.22650
-0.17113
0.04226
-0.33294
-0.11448
-0.17913
0.00636
-0.04662
-0.18142
0.05588
-0.14318
0.04588
-1.16993
0.02206
-0.20066
-0.82761
-0.15264
0.22167
0.14739
-0.40798
0.17878
-0.06779
0.23534
-0.50620
0.11226
-0.20488
-1.22571
-0.26605
-0.22888
0.09365
0.20928
-0.27142
0.16304
0.03297
0.11806
-0.01400
0.17876
-0.15507
0.15765
-0.43522
0.08920
-0.43089
0.31352
-0.04051
0.12760
0.09896
-0.27488
0.22417
0.17391
-0.06979
-0.27114
-0.09558
-0.23005
0.13761
-0.04711
-0.18108
-0.02159
-0.37821
-0.28375
0.32692
-0.64842
-0.10835
-0.84951
-0.48482
0.62748
-0.06651
0.05674
-0.19781
0.00886
-0.09576
0.09241
-0.73030
0.25130
-0.10442
-0.02427
-0.02211
-0.09679
0.15673
0.14052
-0.09173
-0.23156
-0.05415
-0.50028
-0.35773
0.02544
-0.15500
-0.63721
-0.63007
-0.13038
0.19915
-0.05847
0.21786
-0.00510
-0.10146
0.13023
-0.71907
-0.95762
0.14601
0.01275
0.10800
-0.35946
-0.14551
-0.19620
-0.59846
0.07080
-0.55834
0.10303
0.10945
0.23974
-0.10065
-0.50995
-0.30335
-0.31114
-0.20530
-0.04391
0.02851
0.00498
0.16724
0.10834
0.12389
-0.12108
-0.45541
0.01375
-0.27054
-0.11890
0.00388
-0.20976
-0.65540
0.19180
0.03905
-0.10225
-0.23480
-0.18194
-0.05447
-0.35248
-0.14254
-0.61750
0.25255
-0.42901
0.17617
0.10898
0.10719
0.15673
-0.14700
0.11034
-0.18102
-0.13675
0.09180
-0.78889
0.16542
-0.67008
-0.18629
0.31180
-0.40304
0.17586
-0.27710
-0.58029
0.15648
-0.18262
-0.35181
0.08460
-0.19118
0.01303
-0.12851
-0.07331
-0.25648
-0.10571
-0.17294
0.00973
0.12021
-1.03421
-1.04308
-0.38953
-0.27770
-0.00238
-0.09794
0.03429
0.00252
-0.42976
-1.09890
-0.27656
-0.10791
0.22592
-0.20106
-0.03576
-0.17667
-0.22962
0.20583
-0.30183
-0.13637
-0.18464
0.11841
-0.18877
-0.08266
-0.59323
0.00505
0.12222
-0.03385
-0.14625
-0.48584
-0.14233
0.22876
0.08126
-0.10243
-0.21098
0.14401
-0.00931
0.15974
-0.15237
-0.24537
0.38895
-0.12222
0.23735
-0.20599
0.17011
-0.18867
0.02457
-0.04857
-0.10443
0.13895
0.09342
-0.19441
-1.01347
0.27366
-0.13890
0.09442
-0.13786
-0.25956
-0.00100
-0.40215
-0.30701
0.01591
-0.09559
-0.19754
0.19777
-0.31171
-0.11787
0.00330
0.16476
0.05993
-0.05145
0.07727
-0.25930
-0.44098
-0.67558
0.18880
0.05569
-0.52304
0.18094
-0.05471
0.19668
-0.19663
0.18280
0.07255
-0.14584
-0.56307
-0.29203
-0.46292
0.14026
-0.03968
0.12295
-0.12502
-0.14556
0.07709
-0.57770
-0.09176
0.10150
-0.08149
-0.49254
-0.26725
0.15051
-0.14950
-0.12457
-0.00765
0.22035
-0.26472
0.08657
0.32303
0.12760
0.15884
0.13298
0.06732
-0.00592
-0.59863
-0.14083
-0.03214
0.11620
-0.14638
-0.10441
-0.11615
-0.23192
-0.05009
-0.15646
-0.54650
-0.11324
0.00297
-0.82974
0.24065
0.45422
-0.36061
-0.02417
-0.02825
0.10290
0.03561
-0.07907
-0.20035
-0.62492
-0.02080
0.15319
0.03579
0.11445
-0.08943
0.19013
0.04772
-0.21153
0.09664
0.11984
0.07894
0.06136
-0.07617
0.11426
0.25811
0.15128
-0.71286
0.18487
-0.21296
-0.27643
0.11162
0.19284
0.11595
0.21864
-0.07677
0.19562
-0.48108
0.13885
0.08043
-0.25292
-0.41375
-0.37217
-0.01054
0.24772
-0.41424
-0.22747
0.14355
-0.65997
-0.18788
-0.45666
0.02178
-0.22883
0.03492
-0.05665
0.01117
0.18727
0.02984
-0.30884
-0.04519
-0.15985
-0.46533
-0.00379
-0.24749
0.19974
0.00848
0.09296
-0.59131
-0.13312
-1.07435
-0.77370
-0.13375
0.13378
0.11364
-0.14024
-0.33981
-0.29305
-0.20487
0.07940
-0.03363
-0.12991
-0.09484
0.38305
0.13665
-0.26177
-0.67268
0.00938
0.10650
-0.04127
-0.06393
0.01899
0.24262
0.09908
-0.38118
0.19085
-0.03618
-0.34085
-0.18697
0.03072
-0.05369
0.28012
0.16154
0.13760
0.11919
0.07522
-0.12978
0.07862
-0.20440
-0.12655
0.17603
-0.42332
-0.08622
-0.15852
-0.00039
0.09256
0.15636
-0.20461
0.15107
0.02375
-0.65719
0.72767
-0.31436
0.01898
-0.34302
0.14317
-0.15014
0.06978
-0.41116
-0.18795
-0.17105
0.12048
-0.07542
-0.20810
-0.83417
0.13691
0.00823
-0.29194
0.18797
-0.12003
0.01099
-0.12292
0.13813
0.20797
-0.38180
-0.36495
0.07152
-0.52034
-0.66649
-0.18668
-0.17759
-0.33724
-0.15545
-0.04028
0.23879
-0.21248
-0.34628
0.09820
-0.55479
-0.96919
0.15243
-0.44645
0.00927
-0.30571
0.16219
-0.39339
-0.32696
-0.01240
-0.24685
0.15050
-0.26898
-0.42589
-0.38328
0.00426
-0.32752
-0.65693
0.12189
-0.01865
0.14067
-0.29040
0.05729
-0.40780
-0.41421
0.16612
-0.28419
0.11133
0.09586
-0.22541
-0.81133
-0.14174
0.26132
0.14108
-0.12659
-0.27790
-0.14605
-0.54327
-0.14787
0.09743
-0.40643
0.26091
-0.24051
0.10993
-0.44762
-0.26018
-0.18613
-0.22577
0.24221
-0.22053
-0.39488
-0.02777
-0.03315
-0.23279
0.11555
-0.04757
0.07911
0.20276
0.01282
-0.54208
-0.89585
-0.05138
-0.21240
0.25600
-0.04984
-0.41408
0.01966
-0.35467
-0.36320
0.34241
0.37193
-0.14934
-0.41878
-0.59527
-0.12497
-0.10339
-0.06050
-0.26494
-0.03454
-0.07318
0.01523
-0.11715
-0.31748
-0.04674
-0.00537
-0.12039
0.24852
-0.11298
-0.38430
0.17841
0.04741
0.49793
-0.17561
-0.20471
-0.32599
-0.53042
0.01441
-0.39534
-0.06856
-0.14234
-0.08942
-0.93523
-0.64028
0.38683
-0.03881
-0.16236
-0.32995
-0.27257
-0.03738
0.09616
0.33698
0.04853
-0.09071
-0.90011
-0.03711
-0.08498
0.19076
-0.17342
-0.19392
0.18842
-0.07129
-0.04551
0.15147
-0.08174
0.10203
-0.18549
0.04902
-0.44761
-0.02132
0.24688
0.15893
-0.49834
-0.01672
-0.15194
0.21702
-0.22370
-0.06077
0.01790
-0.19062
-0.02956
0.00403
0.10421
0.15711
0.22035
-0.24249
-0.19077
0.15855
0.09893
0.22669
-1.16656
-0.36416
0.17587
-0.27299
-0.04767
-0.40806
0.20607
-0.06271
0.15969
-0.01813
0.06797
-0.02068
0.14777
-1.18295
0.09594
-0.45520
-0.28144
-0.18455
-0.39510
-0.05856
-0.12744
0.05686
0.00258
0.16706
-0.09928
-0.13465
-0.03115
-0.35493
-0.36986
-0.09939
-0.12174
-0.00283
-0.37661
-0.07050
0.16867
0.03401
0.13977
-0.75112
-0.12868
-0.23911
0.02069
-0.16118
-0.66158
-0.32225
-0.33733
0.21313
0.11685
-0.19760
-0.01950
0.13331
-0.87636
0.20507
-1.19105
0.05860
-0.18258
-0.08525
-0.42684
0.08532
-0.59985
0.14328
-0.16474
0.08923
-0.53410
0.31486
-0.46074
0.03514
0.27586
-0.53007
0.01181
0.05445
0.09254
-0.22638
-0.48852
0.15786
-0.67874
-0.12840
0.03145
-0.02620
-0.33711
0.02251
-0.39097
-0.18937
-0.52863
-0.47685
0.12215
0.24879
0.08229
0.11190
0.04620
0.17146
-0.49633
-1.01906
-0.04744
0.25446
-0.10903
-0.16769
-0.51457
0.04071
-0.25933
-0.81997
-0.07661
0.15570
-0.27447
0.06465
-0.01658
0.10859
-0.26023
-0.86994
0.17579
0.15103
0.00144
-0.24976
0.11097
0.28400
-0.13075
-0.03074
0.13328
0.07805
0.11599
0.13508
0.19738
-0.07947
-0.09149
0.09281
0.16838
-0.39459
-0.86586
0.17073
0.10192
0.19134
-0.33545
-0.44327
-0.15667
-0.09661
-0.00709
0.07452
0.19136
-0.43093
0.11393
-0.13767
0.19401
-0.28151
-0.06661
-0.10573
-0.21828
-0.01412
0.08726
0.14918
-0.23424
-0.20504
0.22965
-0.37172
-0.42817
0.02709
0.03281
0.13333
-0.12875
-0.08734
-0.86316
-0.02981
-0.53554
0.13466
-0.21784
-0.01139
-0.04230
0.12253
0.00317
-0.12329
-0.10187
-0.27664
0.04144
-0.00132
-0.37967
0.15380
-0.19154
0.16688
-0.32611
0.07937
-0.09989
0.03565
0.21757
0.15400
0.21526
0.08713
-0.40515
-0.22478
-0.48433
-0.11943
-0.06076
0.06398
-0.30212
-0.68035
-0.01573
0.00066
-0.03363
-0.34827
-0.45695
-0.21713
-0.42359
0.12951
0.09885
-0.05489
-0.01523
0.32805
-0.36061
0.18806
0.09621
0.02892
-0.05379
-0.10354
0.10368
-0.07879
0.25654
0.08239
-0.34914
0.02421
-0.05134
0.10910
-0.53723
-0.46891
0.25136
0.00766
0.26140
-0.11774
-0.77433
-0.70896
-0.14384
0.02862
-0.03116
-0.29171
-0.38268
-0.21110
0.07089
-0.07919
-0.22042
0.17460
-0.22961
0.26277
-0.03924
0.07717
0.18948
-0.12821
-0.22595
0.01343
0.14406
-0.86923
0.02098
-0.31648
-0.44170
-0.26353
0.08234
-0.03061
0.14275
0.08683
0.00844
0.07028
-0.00027
-0.43492
0.01213
-0.23587
0.05223
0.17763
0.14440
-0.28193
-0.04170
-0.29789
-0.31786
0.23339
-0.35297
0.13538
0.06437
-0.30836
-0.79997
-0.08044
0.14775
0.11384
0.25637
0.05467
-0.19544
-0.07317
-0.67576
-0.04898
0.07205
-0.22170
0.04273
-0.31244
0.14356
-0.31277
0.08252
-0.27123
-0.32750
0.01818
-1.19794
0.25465
-0.55634
-0.09146
-0.17364
-0.69905
0.14531
0.47353
-0.01427
-1.03288
0.13232
-0.36152
0.23550
0.05212
-0.53580
0.02390
0.12099
0.04904
-0.52677
-0.08367
0.05145
0.16152
0.05906
-1.26559
0.17621
0.05417
0.09483
0.08600
-0.82586
-0.74293
-0.20119
-0.53311
0.36680
0.23382
0.51986
-0.62039
0.02109
0.11451
-0.94060
0.01517
0.16407
-0.02735
0.07236
0.05282
0.09359
0.10556
-0.65036
0.06326
0.06761
0.02574
-0.23823
0.00351
0.09909
-0.06227
-0.26361
-0.08619
0.08534
-0.07958
-0.31576
-0.01873
-0.41038
-0.56813
0.06202
0.16345
0.25199
-0.33178
-0.76894
0.19814
-0.35556
0.39365
-0.07921
-0.04906
0.06650
-0.05749
0.33122
0.16286
-0.50039
0.44001
0.09346
-0.19988
-0.19845
0.20078
0.38330
0.12781
0.06590
0.31871
0.26439
0.23371
0.02085
-0.19067
0.25020
0.32914
0.17688
0.20562
0.07490
0.25270
0.36964
0.27283
0.20979
0.33793
0.29710
0.21960
-1.14369
0.50838
0.56340
0.21182
0.17447
-0.01283
0.31313
0.16933
0.05996
-0.14615
0.30400
0.36662
0.31364
-0.36118
-0.26746
-0.13618
0.06333
0.35179
0.28792
0.40289
-0.42379
0.22412
0.36022
0.29991
0.28158
0.14235
-0.96859
0.25069
0.24499
0.02674
0.35589
0.23629
0.12180
0.10057
0.10455
0.29596
0.13597
0.24393
0.11620
0.19928
0.07679
0.30264
0.14085
0.15723
-0.28647
0.15449
0.08575
-0.14103
0.27284
0.32287
-0.07522
0.01078
-0.05568
0.14395
0.19229
0.18910
0.07511
-0.31859
0.56180
-0.19089
0.32893
0.08216
0.32058
0.03002
-0.12043
0.06817
0.27099
0.21187
-0.06767
-0.22986
0.38517
0.44541
-1.03197
-0.69923
-0.84549
-0.11244
-0.59425
0.09944
-0.06450
-0.33714
-0.44711
0.02619
-0.17289
-0.94860
-0.03562
0.14526
-0.60693
-0.12126
0.54384
0.20389
0.47709
0.34578
0.30403
0.30808
-0.40489
-0.20422
-0.41551
0.22856
-1.69546
-1.08232
-0.11503
0.20304
-1.66064
-0.97592
-1.05549
0.17319
0.41880
0.06804
0.08730
0.39164
0.30198
0.51507
-0.15987
0.50512
0.31379
0.40398
0.26535
0.28810
0.11144
0.05712
0.43308
0.27385
0.17192
0.07946
0.05776
0.06000
0.40748
0.12129
0.22261
0.34162
0.33987
0.14959
-0.13539
0.27245
0.25774
0.92659
0.12513
-0.28515
0.57495
0.54590
-0.06756
-0.20652
-0.21502
0.16824
-0.47837
0.85754
0.10089
-0.55477
0.52967
0.30703
-0.40933
-0.23054
0.29815
0.29387
0.28006
0.21958
0.12610
0.24147
0.09712
0.39501
0.01517
0.28573
-0.48088
0.32278
0.14535
0.40521
0.19063
0.06450
0.37765
0.42120
-0.40695
0.18070
0.30963
0.05273
0.33597
-0.36418
0.28885
-0.86758
0.38824
-0.20617
0.12720
0.13537
0.04196
0.29256
-0.87048
0.05584
0.17392
-0.38497
0.36973
0.05751
0.20285
0.17946
0.19907
0.24798
0.13320
-0.10242
-0.00485
-0.02616
0.25721
0.23060
0.29646
0.03003
0.26475
0.15646
0.01165
0.03063
0.29696
-0.32078
-0.14123
0.07281
-0.23203
-0.31478
-0.27579
-0.15357
0.53518
0.78852
-0.04093
0.14274
-0.43200
-1.05716
0.21213
0.12999
0.01135
0.23154
-0.29720
-0.41069
0.35932
0.20744
-0.10771
-1.52628
0.25780
0.22843
0.39826
-0.30178
-1.09641
0.41402
-0.75875
0.02276
0.19509
0.11343
0.13709
0.18635
-0.66609
0.37828
0.11644
0.25598
-1.10117
0.53349
0.43303
0.72505
0.05793
-0.56481
0.81286
0.13682
0.16641
-0.46829
0.33383
-0.58490
-1.15178
0.38749
-0.11653
0.15300
0.27360
0.44098
0.07632
-0.31208
0.03320
-0.69945
-0.39948
0.26006
0.28683
-1.11165
-0.45492
0.20281
-0.34427
-0.73879
0.10157
0.08818
0.10691
0.51871
-0.64677
0.34522
0.16970
0.34554
-0.46477
0.28445
0.13802
-0.67270
-0.10496
0.29075
0.42832
-0.08729
-1.00052
0.51706
0.51471
0.40400
0.23704
0.37733
0.49044
-0.65824
0.34181
-0.38023
-0.12748
0.28343
0.41265
-0.07906
0.45205
0.35494
-0.10910
0.39355
0.34524
0.19026
0.54154
0.35858
-0.35328
0.40065
-0.37832
0.13698
-0.21091
-0.36880
0.23000
0.46670
0.19618
0.32981
-0.40022
0.22112
0.27323
0.36045
0.11804
0.36065
-0.00437
-0.86406
0.13653
0.18356
-0.04374
0.14006
-0.48792
0.35569
0.55239
-0.17607
-0.42903
0.39209
0.12890
0.02755
-0.41548
-0.34535
0.13214
-0.13793
-0.06766
0.25244
0.09052
0.47231
0.31196
-0.44324
-0.42742
0.18195
-0.17982
0.54210
0.53159
0.67846
0.09287
-0.40064
-0.97617
-0.13770
0.23390
0.30287
0.46687
0.02368
0.33385
-0.04133
-0.77124
-0.01879
-0.34206
0.41024
0.12245
0.05338
0.17067
0.10681
0.73610
-0.37392
-0.63680
0.44816
0.21320
0.45819
0.24041
-0.47397
0.41288
-0.43394
0.07034
0.10278
-0.63518
-0.41005
-0.57335
0.40932
-0.23503
0.29097
0.04993
-0.06562
0.36359
0.10063
-0.94189
0.12213
0.14247
0.20511
0.01395
0.26211
0.34712
0.11796
0.34544
0.16694
0.01356
0.26967
0.36725
-0.58335
0.22882
0.61550
0.55545
0.33043
0.74094
0.39731
0.07640
0.12143
0.12136
0.25837
0.36314
-0.11729
-0.22541
-0.57780
0.32682
0.21070
0.42491
0.13145
0.10672
-0.61555
0.26058
0.11783
-0.71681
0.19014
0.20322
0.31513
-0.22197
-0.06658
0.23274
-0.25940
0.48596
0.08140
0.14698
0.23599
0.24724
-0.49354
0.26515
-0.27555
0.24782
-0.89162
0.40272
0.06157
0.17336
0.37016
0.23863
0.22162
0.11358
0.24802
0.28943
0.41814
-0.50022
-0.41126
0.75649
0.16865
0.53752
0.14375
0.15163
0.59437
0.10303
-0.38583
0.16230
0.36021
0.32607
-0.45273
0.07275
0.00591
0.35164
-0.02000
0.29747
0.61906
0.16440
0.21564
-0.48769
0.00788
-0.10367
0.32796
-0.09737
0.19764
0.18197
0.31433
0.52746
0.15005
0.42492
-0.44155
0.50098
-0.10376
-0.03325
-0.07768
-0.41854
0.20814
0.19853
0.12506
0.00153
0.52437
0.26611
-0.15611
0.74175
0.45346
0.34294
0.03805
0.27818
0.37498
0.47825
0.49808
0.13574
0.33418
0.30615
0.26806
0.00708
-0.42329
0.31823
0.18643
0.41752
-0.02071
-1.36540
0.33544
-0.28664
0.04937
0.15891
0.08702
0.47789
-1.35180
0.06545
-0.61564
0.04972
0.08094
-0.08901
0.30418
-0.19263
0.44087
-0.98300
0.35182
0.43300
0.51861
-0.36718
0.13030
0.14432
0.08736
-0.59871
0.08917
-0.41708
0.11873
0.08957
0.05086
0.35659
-0.00088
0.39336
0.53343
0.10610
-0.31034
0.31329
-0.06477
-0.26508
0.21175
-0.50740
0.39319
-0.68299
-0.03127
0.31227
-0.89061
-0.06605
0.29073
-0.16637
-0.18088
-0.52451
0.43455
0.12899
0.26522
0.00432
0.12471
0.06700
0.16961
0.19777
0.28819
-0.61447
-0.44058
0.79285
0.20863
0.26561
-0.09425
0.34183
-0.45386
0.33053
0.09420
0.11869
0.32672
-0.18441
0.21638
0.47806
0.43297
0.48149
-0.15968
0.16476
-0.65995
0.21511
0.34237
0.17067
-0.84574
0.17521
0.34769
-0.44484
0.10334
0.18408
0.04180
0.07894
-0.52956
0.29678
-0.13201
-0.25365
0.10999
0.15117
-1.23429
0.40458
-0.21162
-1.08612
0.11793
-0.31474
0.26935
0.61500
0.02395
0.16272
0.19536
-0.14199
0.11614
-0.27776
-0.09298
-0.01316
0.50930
0.11003
0.29339
0.25930
0.47567
-0.35579
0.19625
0.27260
0.16911
0.24953
-0.17057
0.13667
-0.14472
0.21720
-0.97069
0.59286
0.30578
0.33915
-0.06480
-0.32922
0.23356
-0.06189
-0.19944
0.21747
-0.19567
0.49370
-0.00593
0.36016
0.21488
0.47814
0.12165
0.04458
0.62411
0.31153
0.47969
0.11711
0.22075
0.05369
0.16784
-0.28376
0.04203
-0.04616
0.20279
0.31672
0.36032
0.08926
0.23026
-0.44050
0.68622
0.17774
-0.19871
0.36415
-0.45401
-0.69602
0.19562
0.10882
-0.17357
0.15977
0.15955
-0.40041
0.29718
0.24727
-1.11226
0.13158
0.57515
-0.09223
0.47853
0.03252
0.19005
0.38375
-0.95133
0.08918
0.13239
-0.37743
0.06057
-0.45900
0.14144
0.45593
-0.39744
0.28616
-0.33199
-1.23648
0.45424
0.25499
0.34638
0.44330
-0.24507
0.21417
-0.27835
0.30497
0.11213
-0.27826
0.36573
0.34499
-0.11503
0.58169
0.72749
0.03513
-0.18047
-0.25698
-0.41476
0.29066
-0.31361
0.51989
0.35248
0.21008
-0.37210
-0.44532
0.31483
0.00491
0.20898
0.60574
0.50113
0.49666
0.34387
0.09462
0.55892
0.45162
0.36675
-0.05416
-0.50994
0.29885
0.27558
0.06199
0.23840
-1.00864
0.12359
-0.52092
-0.28896
0.10996
-0.44272
-0.70166
0.24511
0.32662
0.32981
0.20008
-0.14143
-0.00076
0.32224
-0.03123
0.54711
-0.38545
0.24923
0.60716
0.41866
0.48961
0.16101
0.23496
0.39983
0.30939
0.32553
-0.90807
0.07769
0.54052
0.35405
0.12093
0.48081
-0.33961
0.12825
0.37934
-0.29927
-0.03553
0.30318
0.53487
0.51086
0.01630
-0.58361
0.37309
0.11212
-0.00120
-0.75046
0.17461
0.33470
-0.04578
0.45804
0.49816
-0.16154
0.24434
-0.24192
-1.09588
-0.78618
-0.63832
0.04426
-0.04459
0.15722
-0.25710
0.53432
0.38326
0.02345
0.31089
0.74906
0.22119
0.16090
-0.09890
0.15280
0.13014
0.66116
0.14137
0.09593
0.23397
-0.16165
0.25984
0.30838
0.01209
-0.12599
-0.18415
0.55526
0.77228
0.03682
-1.12621
-0.42706
-0.11523
-0.32175
0.24383
-1.15733
-0.01691
0.26312
0.17366
0.16009
0.12426
-1.28204
-0.31081
0.03324
0.16745
0.18747
0.75756
0.37696
0.12045
0.37334
-0.82556
0.20177
-0.02617
0.33073
0.29508
0.21905
-0.01605
-1.24999
0.25321
0.17395
-1.17949
-0.09616
0.25304
-0.47734
0.17000
0.12630
0.31136
0.33795
0.48583
-0.33231
0.06821
0.37734
-0.05577
0.38850
0.13269
0.58815
0.31751
0.25525
0.33088
0.07282
0.11516
-0.19419
0.19579
0.01869
0.01171
0.37911
0.70583
-0.47209
0.01035
0.47238
0.30268
-0.55672
0.05126
0.21115
-0.34942
0.29723
-0.27401
-1.32868
0.30118
0.42165
-0.05551
0.11871
0.11697
0.31019
-0.10342
0.39212
0.14883
0.64777
0.27004
-0.22377
-0.00047
0.25972
0.41566
0.26470
0.13252
0.18089
0.27911
0.19807
0.50412
0.14661
0.33572
0.20503
-0.20252
0.23064
-0.17724
0.31217
0.61246
-0.12025
0.39027
0.25943
0.33623
0.14967
0.54452
0.35160
0.16107
0.30456
0.36773
-0.73753
-0.05010
0.27692
0.17790
-0.06182
0.15975
-0.09852
-0.41392
0.39491
-0.82868
-0.04631
0.30227
0.32611
0.41952
0.08834
-0.38881
-0.04731
-1.01712
0.20044
0.64676
0.30152
0.34493
0.45029
0.27991
-0.31695
0.22675
0.07734
-0.22523
0.31888
0.29872
-0.40508
0.18658
0.14540
0.34273
0.35989
0.16006
-0.00882
0.09488
0.57373
0.27643
0.47644
0.06477
-0.09984
0.36611
0.03959
-0.58261
-0.26403
0.30477
0.48984
0.23503
0.14562
0.06057
0.20686
0.32541
-0.11754
0.26349
0.20948
-0.18225
0.64060
0.74940
-0.17456
0.18560
-0.17742
0.58158
0.06519
0.29914
-0.71837
0.00969
0.46440
0.31322
-0.26837
-0.36416
0.22855
0.20359
0.00179
0.18845
0.39160
0.73805
0.17302
0.45043
0.52980
-0.04512
-0.21855
0.31387
0.72585
0.02980
0.46377
0.02829
-0.59770
0.66453
-0.20563
-0.33265
0.34241
0.01496
0.48121
0.30830
0.25179
0.31712
0.18553
-0.17218
0.19449
-0.30629
0.20135
0.08280
0.38124
0.51981
-0.13487
0.47411
0.36241
-0.02513
-0.37852
-0.00719
0.28401
0.31607
0.41507
-0.15336
0.13493
-0.77968
0.27994
0.39058
0.06916
0.33402
0.18100
0.19766
0.46013
0.19009
0.16232
0.26606
0.54460
-0.61802
0.19463
0.45658
-0.84041
0.12463
0.24567
0.07166
0.08213
-0.03287
-0.01753
0.17540
0.39645
0.17567
0.15258
0.29331
-0.30545
0.35589
0.20995
0.66630
0.24129
0.17530
0.18809
0.76516
0.33125
0.32659
-0.25294
0.32520
0.03429
0.68287
0.15116
0.58213
0.23924
-0.11309
0.44285
0.12088
0.11356
0.14706
0.42743
-0.44720
0.26864
0.32563
-0.04253
-0.09843
0.20545
-0.60600
0.46487
0.35678
0.30100
-0.62845
-0.18505
0.29887
0.24834
0.13413
-0.67883
-0.01778
0.30958
0.55045
-0.74073
-0.48328
0.61895
0.46035
0.25204
0.06987
0.09845
-0.47236
0.46697
0.46181
0.17560
0.25247
-0.65186
0.29569
0.08065
-1.13868
0.44129
-0.05285
0.16017
0.34133
0.08186
0.10105
-0.01223
0.56173
0.31714
0.25446
-0.33262
0.42676
0.13023
0.15130
0.30973
0.30586
0.32270
0.21251
0.23454
0.58790
0.17327
0.11798
0.09557
0.28805
0.39228
-0.28435
0.08143
-0.72048
0.26973
-0.37588
0.17480
0.38222
0.07512
0.15032
-0.69094
0.20655
-1.28736
0.01830
-0.19187
-0.53908
0.18778
0.52280
0.31746
0.48549
0.26480
-0.52118
0.20470
0.02516
-0.69122
-0.21490
0.49400
0.25919
0.23558
-0.52680
0.23901
0.30928
0.55722
0.17710
0.18415
0.50514
0.27388
-0.70955
-0.42025
0.32311
-0.35109
0.24361
-0.11456
0.05698
-1.45302
-0.84302
-0.44736
0.02937
0.26157
0.66291
0.31491
0.07124
-0.22239
0.35082
0.10774
0.07545
-0.17347
-1.13644
0.02522
0.48133
0.06512
-0.09337
0.17953
0.30463
0.33440
0.24604
0.40184
0.34694
0.31982
0.24717
0.24959
-0.27585
-0.85736
0.40723
-0.07121
-0.20535
-0.48232
0.57435
-0.52174
0.31589
0.28431
0.16458
-0.39171
0.20991
0.24965
0.22218
0.03621
-0.92699
-0.10219
0.13532
0.10141
0.21265
-0.01114
0.24126
-0.03053
-0.89767
-0.30891
0.18130
-0.10349
-0.32181
-0.07091
-0.89000
0.10766
-0.34887
0.29040
0.12870
0.13620
-0.46973
0.33841
-0.23535
-0.16094
-0.56540
0.24181
-0.08120
0.07551
-1.17636
0.15592
0.50540
-0.49108
0.36534
-0.17878
0.33635
0.20538
0.62020
0.46481
-0.16354
-0.23686
0.25884
0.64819
0.55873
0.34994
0.40221
0.20646
0.31988
0.50647
0.22643
-0.43009
0.24407
0.33217
-0.67222
-1.63415
0.26017
-0.01490
-0.25677
0.25313
0.24061
-0.05096
0.22171
0.49953
0.17519
-0.35653
-0.26307
-0.17511
0.27653
0.09940
0.12432
-0.02267
0.00304
0.48320
0.31660
-0.82413
-0.93907
-0.36427
0.00534
0.41672
0.11470
-0.64737
0.35022
-1.07607
0.28571
0.11796
0.51304
0.20315
0.10104
0.30746
0.15571
0.43886
-0.55044
0.65055
0.41160
0.68364
0.02839
-0.74977
-0.49308
-0.43202
0.35427
0.00726
0.30067
0.39327
0.14671
0.17101
0.08499
0.09915
0.26861
0.37739
-0.21033
-0.14077
-0.02305
0.20537
0.12076
0.64305
-0.46293
-0.08865
0.31153
0.37602
0.10504
-0.18124
0.14650
0.08900
-1.24399
0.15404
0.31316
0.24411
0.24912
0.18925
-0.29896
-0.06755
0.17075
-0.72507
-0.36744
-0.11707
0.21814
-0.29753
0.41665
-0.01811
-0.12078
-0.19637
0.41669
-0.38560
-0.03647
-0.21375
0.32629
-0.20171
-0.22242
-0.11779
0.18993
0.43816
0.08018
0.35946
-0.34225
-0.55412
-0.05874
-0.46683
0.12461
-0.51875
0.19566
-0.38103
-0.35517
-0.14267
-0.40284
-0.36405
0.24307
0.45532
0.17094
-0.04570
-0.20542
-0.10114
-0.68255
0.61231
0.14572
0.34399
0.33638
-0.44026
0.36881
0.23339
0.30900
0.38620
-0.00595
-0.56147
-0.35379
-0.25297
0.33669
0.30404
-0.44645
0.59703
0.11772
-0.31486
0.09143
-0.08291
-0.10154
0.08480
0.92628
0.33944
0.20096
0.20378
0.48305
0.60006
-0.06572
-0.34451
0.17508
0.13945
-0.06483
-0.37875
0.07940
0.18954
0.26187
0.10081
0.27555
0.45035
0.22010
0.14131
0.09958
0.10548
0.30595
0.38284
0.10634
0.12689
0.12247
0.13757
0.31955
0.71989
0.11902
-0.18273
0.21729
-0.03926
-0.02521
0.21531
0.26464
-0.06053
0.45730
0.18657
0.16880
0.21282
0.00042
-0.35222
0.10140
0.34982
0.17351
0.00758
0.31123
0.13384
0.47075
0.65240
-0.05753
0.37774
0.07063
-0.17690
-0.56405
0.29273
0.13058
0.14232
-0.33766
0.07533
0.03170
-0.00891
0.33944
-0.27448
0.46604
0.72622
-1.05233
0.25552
-0.56965
0.17704
0.11325
0.43472
0.14312
0.35242
0.33129
0.22704
0.22522
0.45159
0.32307
-0.68740
-0.31298
0.37109
0.10731
0.28893
0.28511
0.32477
0.11465
0.43206
0.62585
0.26322
0.34182
0.24765
-0.25805
-0.20750
0.35481
0.21398
-0.07333
0.24650
0.06823
0.22074
0.25369
-0.74368
-0.91752
0.00176
0.27019
0.21776
-0.24581
-0.34340
0.20407
0.11832
0.50888
0.20090
0.47565
0.27209
0.11375
0.11102
0.56228
0.12642
0.29709
-1.68040
0.22600
0.30796
0.09341
0.34704
0.49388
0.10674
0.56515
0.16169
0.15450
0.25565
-0.01676
0.24129
0.23740
0.27657
0.45953
0.26019
0.20802
0.25272
0.36552
0.17434
0.20251
0.44115
0.44764
-0.36316
0.36594
0.00424
-0.01588
-0.82436
-0.44270
0.26980
0.09159
-0.40328
0.14204
0.21183
0.26240
0.25497
0.28724
0.02754
0.20129
0.33223
0.34760
0.54329
0.30208
0.61938
-0.71798
-1.30942
-0.27778
0.07930
-0.03878
0.22470
-0.03786
0.23241
-0.11712
0.17288
0.26023
0.21468
-0.08488
0.35867
0.27087
-0.02515
0.34883
0.23447
-0.19025
0.23634
0.20259
0.23736
0.14527
-1.13455
0.14086
-0.39132
-0.12493
0.72032
0.15601
-0.34958
0.23782
0.28052
0.07622
-0.01889
-0.99929
0.50313
0.17223
0.08748
-0.44566
-0.60465
0.20566
-0.24479
-0.57217
0.18554
-0.47696
0.08691
0.23786
0.03644
0.34146
-0.53359
0.33466
0.10590
-0.08669
0.46885
-0.11013
-0.78137
-0.15791
0.25888
0.50203
0.16280
0.30222
0.16703
-0.47394
0.36485
0.15056
0.42193
0.07027
0.32142
0.27723
-0.02978
0.33905
0.38979
0.26275
-0.23626
0.29866
0.34038
0.19956
0.64703
0.12894
0.44461
0.17807
0.23559
0.41736
0.28320
-0.12566
-0.40688
0.57446
0.28348
-0.76848
-0.54868
0.07484
-1.05613
0.13078
-0.95995
0.14101
-0.08168
0.21878
-0.39874
0.66439
-0.10607
0.22113
-0.20302
-0.88626
0.24178
0.15635
0.36320
0.02840
0.28407
0.15203
0.59320
0.54904
0.07257
0.17752
0.07301
-0.43944
0.23596
0.37469
0.44921
0.04922
-0.63979
0.22592
-0.17238
-0.07681
0.29074
-0.01735
-0.37764
0.66864
0.26006
0.07763
0.62553
0.27854
0.31685
0.36475
0.21015
0.07837
0.05366
0.10286
0.02388
0.49961
0.11617
0.08392
0.20671
0.49560
0.47603
0.24662
-0.43751
0.17572
0.13193
-0.34925
0.02317
0.16567
0.33112
0.10976
0.16438
0.14694
0.13252
0.38258
0.11511
0.23705
0.10293
-1.00920
0.35733
0.06107
-0.27330
-0.36234
-0.16006
0.48356
0.15121
-0.03062
0.28572
0.12500
0.33714
-0.87382
0.11928
-0.43092
0.13541
-0.09690
0.34862
0.05393
0.65648
0.11904
0.27827
-0.41360
0.00411
-0.41449
0.08417
0.16651
-0.10161
0.09912
-1.42443
-1.44990
0.16623
-0.15743
0.14188
-0.54150
0.18494
-0.73771
-0.00268
0.22762
-0.11051
0.04164
-0.55486
-0.60790
0.12422
0.03748
-0.14864
-0.33999
-0.02928
-0.19960
-0.40793
0.41668
0.12978
-0.37981
0.25467
0.13431
0.59694
-1.01809
-0.32962
-0.53399
-0.53127
0.33890
0.08955
0.12572
-0.88561
-0.44635
-1.54605
0.30764
0.20579
0.09086
0.56707
-0.55109
0.26000
0.56457
0.25955
0.57297
0.02189
0.08630
0.38036
-0.27578
0.36768
0.53592
-0.20614
-0.77435
0.27873
0.37930
-0.33119
0.08427
0.13875
0.38407
0.55535
-0.41304
-0.48325
0.05358
-0.61805
0.42553
0.06147
0.22857
0.49811
-0.90503
-0.02970
0.14231
-0.06617
0.38534
-0.31254
0.36305
0.48466
0.04842
-0.35934
0.11195
0.12529
0.14183
0.34383
0.14876
-0.15259
-0.16146
0.63341
0.55095
0.61541
0.09262
0.55787
-0.43623
0.12681
-0.10815
0.51262
0.08993
0.03573
0.38111
-0.20987
0.60351
0.97776
-0.68113
-0.43877
0.36065
0.23374
-0.43666
-0.48741
-0.45388
0.70172
-0.36531
0.31419
0.54877
0.05721
0.10681
-0.16915
0.00882
0.39223
-0.60781
-0.24310
0.06960
-0.00443
-0.01449
0.69634
0.24980
-0.05268
-0.08250
-0.58497
0.29116
-0.12665
0.20307
0.21506
-0.49181
0.15419
0.11051
0.44749
-0.51070
0.33102
0.03426
-0.81146
-0.81142
0.22467
-0.32902
0.16852
0.48854
0.28752
0.16424
0.09563
0.39378
0.05114
-0.17868
0.37221
-0.08945
0.35196
0.34198
0.23824
0.29058
-0.55092
0.26947
0.15494
0.05418
0.44254
0.12693
-0.78741
0.09709
0.02269
-0.17285
-0.06383
-0.01982
-0.35222
0.02950
0.03048
0.20844
-0.63955
0.31642
-0.77189
-0.20875
0.12367
-0.20931
0.05426
0.15741
0.10310
0.32600
0.11516
-0.19463
0.20797
0.26542
-0.04482
0.18198
0.30003
0.18284
0.36396
0.49021
-0.02299
-0.24845
0.28215
0.17029
0.19339
0.36926
0.30667
0.05031
-0.30354
0.37146
-0.16638
0.21405
-0.12365
-0.09365
-0.95730
-0.51177
-0.45878
-0.32036
0.13450
-0.91370
-0.37666
0.05397
-0.08046
-0.42869
0.48064
-0.77672
0.19997
-0.70857
0.13440
0.78226
0.02958
0.17764
0.24527
0.33930
0.25593
-0.19910
0.43499
0.23161
-0.17014
0.16330
0.03377
-0.16218
0.27537
0.12974
0.04538
0.33710
0.17351
-0.16534
0.17369
0.21010
-0.04160
-0.64820
-0.44741
0.02531
-0.06041
-0.06979
0.09921
-0.09883
0.10177
-0.33449
0.31833
0.05758
0.25816
-0.50314
0.31598
0.36257
-0.27617
0.14037
-1.07156
0.49661
-0.04034
-0.04699
0.20392
0.01498
0.36773
-0.52170
-0.11882
-0.28475
0.66389
0.25926
0.03330
0.12989
-0.07409
-1.14809
-0.43356
0.09764
-0.12249
-0.21186
0.08772
0.14823
0.15564
-0.34980
-0.05068
-0.51760
-0.57425
0.20883
0.35472
0.15472
0.15219
-0.88414
-0.03180
0.06920
-0.16482
0.43351
0.30996
0.14160
0.66380
0.07642
-0.56596
-0.27963
-0.06661
0.10524
-0.02087
0.16788
0.20566
0.02145
0.40902
0.05954
0.12089
-0.41934
-0.59732
-1.21175
0.21230
0.04200
0.10954
-0.31085
0.18665
0.28471
0.55012
-0.54668
0.35709
0.55664
0.43307
0.14485
0.09509
-0.49657
-0.45425
0.30609
0.15065
0.12647
0.50721
0.20232
0.37479
-0.05469
0.03610
0.26357
0.43245
-0.44213
-1.55546
-0.59798
0.53931
0.50941
0.47994
0.11528
0.11043
0.13338
-0.02638
0.29871
0.15407
0.03921
0.34634
0.09294
0.51097
0.30987
0.35603
0.27864
0.76963
0.61807
-0.05349
-0.00372
0.11610
0.09504
-0.45055
-0.16914
-0.11736
0.13890
0.12392
0.34997
0.50238
-0.03538
-0.46512
0.14607
0.05397
0.31642
0.13316
-0.04097
-0.63393
0.31183
-0.23697
0.38683
-0.06336
0.16446
0.20375
0.15495
-0.06468
0.09879
-0.32360
0.21939
0.31772
0.31888
-0.22910
-0.19883
0.35629
0.14463
-0.10352
0.26988
-0.13829
0.41671
-0.00952
-0.01737
0.25518
0.15005
0.12632
-0.38250
0.44477
0.33851
0.44369
-0.79185
0.30148
0.35600
-0.18637
-0.08049
0.17120
-0.14841
-0.07914
0.24707
0.60135
0.18702
0.06577
-0.36374
0.01651
0.74745
-0.27608
0.37039
-0.41933
0.32559
-0.35526
0.06524
-0.48461
-0.39702
-0.39105
-0.02478
0.18272
-0.11943
0.39057
-1.06980
-0.10139
0.29914
0.11947
-0.37287
-0.41962
0.18561
0.60370
0.12284
0.34091
0.40950
0.27317
0.61420
-0.55355
0.25904
-0.42211
0.17621
-0.30983
-0.01444
-0.37671
0.11640
0.14712
0.05126
0.11523
-0.03312
-0.15717
-0.35390
-0.26055
-0.05520
0.32426
-0.38190
-0.15369
-0.92285
0.11473
-0.13241
0.42635
-0.08390
0.33333
0.45435
-0.40809
0.20695
0.67815
0.43286
-0.03389
-1.14545
0.39983
0.15843
-1.11136
-0.23492
-0.36842
-0.34294
0.24582
0.11435
0.39373
-1.03248
0.19285
-0.57801
0.09211
0.26391
0.35094
0.01848
-0.00312
0.13769
-0.22619
0.14352
-0.39245
-0.02488
0.11730
0.24752
0.05481
-0.04212
0.25297
-0.94881
-0.41355
-0.03943
-0.07390
0.06672
-0.26995
0.34893
0.30862
0.26079
0.42784
0.20266
0.21454
-0.43773
0.17147
-0.16002
-1.06525
0.06965
0.34524
-0.72894
0.20820
-0.54747
0.39295
-0.21114
-0.38527
-0.27661
-0.00890
0.06751
-0.49514
0.02666
0.24852
0.26226
0.16918
-1.00885
0.25486
0.38369
0.32645
-0.30324
0.45835
-0.63693
-0.76454
0.30861
0.45551
-0.55907
-1.49128
-1.29831
0.22002
-0.69456
0.18830
0.48634
0.21046
-0.80690
0.34314
0.17430
0.31376
-0.08904
0.04096
0.23557
0.22843
0.37848
0.36356
0.23192
0.04970
-0.09044
-0.60326
-0.33973
0.15118
0.15713
0.12711
0.34849
-0.02351
-0.00523
0.08654
-0.59367
-0.13413
-0.33958
-0.75870
-0.48620
0.31281
0.52274
0.12030
0.04949
-0.12507
-0.41286
0.03870
0.22830
0.57633
0.43888
0.22698
0.38769
0.11581
0.25638
0.25913
-0.35520
0.18669
0.28412
0.12746
-0.34599
-0.04188
-0.07025
0.11853
0.48162
-0.31090
0.04776
-0.31852
0.15188
-1.61054
0.54368
0.28084
0.22591
0.17471
-1.01395
0.30534
-0.78670
0.40854
-0.68812
-0.67742
0.50526
-0.54571
0.36477
0.05008
-0.29220
-0.14633
-0.42641
0.32109
0.60103
0.06553
-0.64257
-0.03231
0.16741
0.14712
0.20584
0.49798
0.14361
-1.30056
0.21235
-0.65414
-0.75612
0.57027
0.05311
0.33183
-0.31139
0.44341
0.26349
-0.69142
0.01109
-0.12296
-0.26525
-0.32514
0.28032
0.41788
0.62735
0.02031
0.61202
0.05770
0.31427
-0.35972
0.23294
-0.21875
0.00608
0.38168
-0.30274
0.07653
-0.30051
0.29084
-0.69412
0.11778
0.46585
0.18910
-0.35267
0.45229
0.21556
0.28106
0.02055
0.33649
-0.37998
0.03200
0.29497
0.31751
0.33006
0.32305
0.21192
0.50271
0.02407
0.35300
-1.17809
-0.53879
0.21367
-0.00445
0.01764
-0.26748
0.40310
0.27735
0.42733
0.15286
-0.88289
-1.12005
0.46011
0.18074
0.29534
-0.44080
0.36367
0.37708
-0.55867
0.25986
0.23913
0.28721
-0.24199
-0.29500
0.16695
-0.53363
0.24535
0.39031
-0.02554
0.15207
0.08248
0.51459
0.10218
0.47811
0.64821
0.28045
0.26087
-0.01250
0.11031
0.35494
-0.23578
0.21859
0.23680
-0.53965
0.17683
-0.03996
0.33025
0.42926
-0.06928
0.31703
0.24953
0.16267
0.12627
0.51422
-0.24345
0.24359
0.33906
0.44559
0.36878
-0.07650
-0.37437
-0.12554
0.44285
-0.33370
-0.49587
0.12977
0.61773
-0.36204
-1.24275
-0.16770
-0.34768
0.59747
-0.21556
-0.11308
0.36345
-0.55379
-0.89036
-0.22169
-0.03926
0.17715
0.14859
-0.10185
0.26236
-0.11698
0.54540
0.43888
-0.20671
0.56341
0.21943
-0.54112
-0.79475
-0.22484
-0.40420
-0.36074
-0.78530
0.38854
-0.38447
0.05953
0.11943
0.06219
-0.12615
0.22856
0.37796
-1.27705
0.14312
-0.16863
-0.14615
0.11647
0.00536
0.16967
0.06771
-1.32909
0.14792
0.01081
-0.84348
-0.11455
0.25663
-0.06578
0.11381
-0.64095
0.28025
0.37835
0.46285
-0.27190
-0.58783
0.05413
0.07659
0.17205
0.41722
0.11550
-0.14995
-0.09789
-0.14395
-0.85114
0.05795
1.05101
-0.03825
0.04427
-0.33721
-0.54459
0.21658
0.15371
0.24664
0.00165
-0.14857
-0.05459
0.20323
-1.41293
-0.29096
0.12634
-0.04250
0.08951
0.56236
0.22466
0.20219
-0.05554
0.60509
0.34897
0.52263
-0.44572
-0.01640
0.14378
0.16654
0.21851
0.12119
-0.75127
0.27870
-0.91525
-0.28813
0.30656
-0.39899
-0.61630
0.18837
-0.69569
0.12590
-0.34498
0.13664
0.48738
0.25646
0.16032
-0.42427
-0.03681
0.04151
0.07701
0.38863
0.45348
0.14226
-0.45168
0.26274
-0.78571
0.15674
0.40246
0.38564
0.69424
-0.95440
-0.29217
-0.93613
-0.91864
-0.48455
0.11256
0.12294
-0.35638
-0.33786
-0.96787
0.16422
0.51615
0.30975
0.22439
0.04961
0.01296
-0.36580
0.15949
0.01671
-0.07927
-0.49350
-0.71335
0.33449
-0.46705
-0.28931
0.26197
-0.15376
0.55545
0.33360
0.10653
0.22769
-0.47218
0.27367
0.32016
0.13894
-0.84122
0.39352
0.22464
-0.35639
-0.80289
0.14286
0.38197
0.13437
0.08435
-0.02579
0.54188
0.58258
-0.64934
0.54757
0.44419
0.24994
0.31248
0.34992
0.35919
0.04193
0.12404
0.35662
-0.75362
-0.05597
-0.12556
-0.65622
-0.18954
0.22862
-0.33604
0.03430
0.36091
0.41860
-0.42078
-0.57366
-0.58230
-0.69086
0.23924
-0.39156
0.25576
0.20452
-0.87267
0.07243
0.41439
0.06900
-0.41071
0.12137
0.08687
-0.12008
0.05538
0.17349
0.38827
0.12535
0.07621
0.03919
0.15074
0.35518
0.46872
-0.22163
0.25098
0.26064
-1.05149
-0.04786
-0.24063
-1.02619
-0.32483
-0.22159
0.13306
-0.78661
0.51196
-0.13695
-0.76496
0.44748
0.01479
0.04811
0.36167
-0.16204
-0.36957
-0.26867
0.12314
-0.46795
0.47925
0.23516
0.29495
0.22474
0.09147
0.30045
-0.16163
-0.62878
0.32355
-0.17744
0.14279
-0.48144
-0.69057
0.22189
-0.06665
0.14572
-0.20728
0.06331
0.05619
0.14853
-0.22794
0.11708
0.01443
0.18903
0.12995
-0.55321
-0.01875
-0.19575
0.08997
0.02478
-0.09821
0.37554
0.21167
-0.59047
0.13389
-0.97403
0.12390
-0.31988
0.14211
-0.27561
0.27826
0.22314
-0.26696
0.52220
-0.72241
0.15951
0.27695
0.02364
-0.56968
0.06381
0.23585
-1.37487
0.61813
0.07688
-0.84413
0.35248
-0.28184
0.10739
0.47702
0.28107
-0.05922
0.01567
0.13213
0.10752
0.35481
0.63024
-1.28170
0.27417
0.06548
-0.05770
0.21413
0.17991
-0.13740
-0.65860
-0.83513
0.20632
-1.70896
-0.72931
0.31611
-0.22415
-0.39226
-0.05466
0.27026
-0.00513
0.50755
-0.12029
-0.63669
0.39954
0.26887
-0.92516
0.14171
-1.01736
-0.15352
0.36723
-0.39246
0.53196
-0.22271
0.13656
-1.02761
0.01460
0.25282
-1.40910
-1.49500
0.15097
0.48018
0.29828
-0.50623
-0.31816
0.20539
0.00642
-0.63792
0.31150
0.35806
-0.30731
-0.64532
-0.96232
-0.50134
-0.27158
0.15126
0.09308
-0.55059
-0.23635
-0.53173
-0.03940
0.08035
-0.14848
0.24291
0.10557
-0.07989
-0.07203
0.25264
0.79658
-0.16114
0.00166
0.24082
-0.34227
-0.11345
0.45474
0.10524
0.18772
-0.54739
0.78288
0.51417
0.11445
-0.04234
-0.16790
0.17148
0.28973
-1.03369
-0.07074
0.23116
0.11156
-0.57234
-0.45713
-0.41066
-1.67602
0.52645
-0.07462
0.24946
0.00324
0.11430
-0.28146
-0.28063
0.15263
-0.28870
-0.65041
0.50912
0.42817
0.56248
0.44606
0.72230
-0.36700
0.47682
0.03974
0.37269
-0.68374
0.49372
-0.70557
0.18267
-0.05231
0.12536
-0.97695
0.11934
-0.36019
0.41400
0.25688
0.40716
0.23048
0.36945
0.28708
-0.49832
0.06342
-0.76968
0.10947
0.12415
0.07993
0.31499
-0.51573
-0.28206
0.04924
0.29750
0.44893
0.18749
0.53713
-0.01611
0.02887
0.28925
-0.01629
0.22947
0.12253
-0.00546
0.09015
-0.30753
0.01538
0.13267
0.17919
0.30887
-0.39855
0.23384
0.17514
0.16980
0.26764
-0.36083
-1.12576
0.13276
0.20060
0.21617
0.03105
-0.31555
0.06101
0.57526
0.19724
0.15970
-0.10241
0.32829
0.21640
-0.58573
-0.68438
0.27311
-0.06014
-0.06627
-0.44172
0.04854
-0.12937
-1.00273
0.38015
-0.71079
-0.80804
0.04278
-0.87616
0.23418
-0.36300
-0.54001
-0.64352
0.54517
-0.01168
-0.11231
0.10439
0.31017
-0.50168
0.29616
0.16559
0.35613
0.16782
-0.20975
0.41076
-0.54696
-0.31965
0.80377
-0.36645
0.02718
0.03893
0.01649
0.54581
0.47321
-0.52803
-1.20525
-0.73420
-0.03174
-0.25864
-0.40052
0.06531
0.29285
0.29564
-0.85455
-0.13979
-0.19026
0.22330
-0.63003
0.10086
0.50412
0.32744
-0.04317
0.25985
0.09000
-0.78240
-0.30895
-0.47718
-1.18429
-0.32595
0.15486
-0.55770
-0.29868
-0.56472
-0.20104
0.35980
0.16773
0.05132
-0.34211
0.14723
0.36493
0.12120
0.14758
0.04940
-0.28132
-0.86729
0.20643
-0.02713
0.28472
0.03466
0.41430
-0.59316
0.28555
-0.91491
0.11738
0.18768
0.14389
-0.02456
0.16438
0.05820
-0.33276
0.14522
-0.97713
0.36689
-0.12136
-0.25360
-0.04513
0.36461
0.32336
0.16434
0.21909
-0.86148
-0.37280
0.35249
-0.34362
0.13116
0.27430
-0.13673
0.77132
0.48793
-0.83532
0.09013
0.19213
-0.25225
0.16689
-0.07296
-0.02105
-1.27595
-0.11280
0.75889
-1.03662
0.07513
-0.01123
0.33227
0.14404
-0.27822
-0.10321
-0.36704
0.13745
0.11808
-0.30458
-1.25810
0.01027
-0.64413
0.05555
-0.01832
0.10929
0.10417
-0.25487
0.20581
0.39372
0.13396
-0.27479
-0.09898
-0.26663
-0.03025
-0.44606
-0.80875
0.19569
-0.32235
-0.37176
-0.21775
-0.57706
-0.23681
-0.21210
0.36301
-0.19666
-0.20570
0.05113
-0.63531
0.12360
0.61429
0.28194
0.13318
0.20291
-1.26686
0.05069
0.21505
0.69109
0.31394
0.44776
0.06681
-1.09461
-0.28016
0.04881
0.47652
0.65827
-0.13878
0.21910
0.25925
-0.02654
-1.00989
0.18666
-1.35856
0.27576
0.06994
-0.82873
0.51975
0.05860
0.27755
0.04384
-0.37177
0.13617
0.05465
0.69711
0.69765
-0.05353
0.41293
0.15179
0.15729
-0.70645
-0.30735
0.13801
-0.74595
0.30145
0.47087
-0.07256
0.14327
-0.02007
-0.11789
-0.14838
-1.07106
0.09299
0.27359
0.25926
-0.03051
0.21400
0.20838
-0.50734
-0.32971
0.10998
-0.02316
0.13653
0.52711
0.11151
-0.81668
-0.24526
-0.99399
0.47657
0.16082
0.48010
0.04693
0.51478
-0.12978
0.15891
0.40977
-0.39280
-0.01451
0.59151
0.04701
0.06041
-0.09729
-0.01930
-0.63872
-0.71716
0.37080
0.12591
0.20857
0.25518
-0.59950
0.21596
0.20239
-0.45390
-0.12638
0.23191
0.00517
0.16848
-0.06055
0.03369
-0.08231
-0.21768
0.51286
0.12809
-0.22289
-0.44411
-0.14282
-0.39775
0.19330
0.33216
-1.04766
0.19170
-1.13081
0.24248
0.20605
0.25046
0.16090
0.32185
-0.39378
-0.54987
0.17621
-0.12304
-0.08762
-0.06143
-0.04648
-0.18048
-0.75579
-1.14444
-0.14643
-0.47314
-0.50717
0.00870
-1.10225
0.22150
0.01620
0.25065
0.68596
0.36739
-1.23903
-0.78485
-0.18588
0.35449
-0.82155
-0.09618
0.43468
0.53761
0.24686
-0.46134
0.23474
0.18676
0.06232
0.34357
-0.06841
0.12396
0.32750
0.14931
0.33713
-0.50644
0.00008
0.14834
-0.09278
-0.96158
0.06265
-0.30612
-0.39324
-0.16385
0.37072
0.47243
-0.30985
0.18672
0.49518
-0.10699
0.09267
0.38415
0.31374
0.13279
0.48033
-0.18133
0.12373
-0.52279
-0.58792
-0.11662
-0.17880
-0.18597
-1.24298
0.11959
0.22371
-0.30772
0.26436
-0.85278
-0.33246
0.16161
-0.22702
0.09479
0.02457
-0.51090
-0.03662
0.22582
0.20134
-0.20759
0.13454
0.39255
0.05735
-0.01838
0.25290
-0.06527
0.15801
0.66251
0.19497
0.01721
-0.09178
0.49819
-1.20614
-0.34573
0.27474
0.00646
0.21336
-0.00943
-0.16603
0.56174
-0.63550
0.28819
0.26074
-0.16002
-0.37188
0.36169
-0.10967
0.61909
-0.44793
0.57876
0.11186
0.17626
-0.24072
0.07745
0.32278
-0.31863
-1.13546
-0.60112
0.24761
-0.19463
0.50147
0.13331
-0.46927
-1.21022
0.18188
-0.18987
-0.33530
0.26771
0.34776
0.30596
-0.04428
0.21253
-0.39175
-0.62152
-0.00735
0.08997
0.65499
-0.79847
0.07082
-0.92138
-0.02866
0.30633
0.06991
-0.22602
0.02288
0.00037
-0.30972
-0.77453
0.19843
0.30703
0.11181
0.07375
0.63804
-0.25431
0.13269
-0.01315
0.20054
0.32143
-0.00121
0.59727
-0.44368
0.02504
0.55018
0.13379
-0.62123
-0.16398
0.26834
0.09800
-0.08241
0.46959
-0.58979
0.55131
0.26042
0.11797
0.03900
0.11664
0.68105
0.21665
0.14600
-0.02776
-0.08369
0.27877
0.55259
-1.39147
-0.13403
0.05337
0.37531
-0.39040
-0.11274
-0.45451
0.40822
-0.39711
-0.08892
-0.74387
0.01916
-0.53011
0.21392
-0.11609
-0.36404
-0.26193
-0.25158
0.17559
0.19044
-0.63274
0.50364
0.47944
-0.18564
0.28634
-0.21346
0.27614
-0.13175
0.00968
-0.12529
-0.49798
0.09206
-0.67554
-0.28613
0.13248
0.11512
0.42660
0.58521
-0.56570
-0.67957
-0.23600
0.34964
0.20627
-0.77848
-0.06686
-0.40266
0.38990
0.03655
-0.47654
0.31037
0.19620
-0.41784
-0.41383
0.26730
0.10413
-0.41668
-0.44307
0.00089
0.17462
0.23014
0.16436
0.14713
-1.15046
0.11166
0.33060
-0.87748
0.07591
0.67830
-0.60135
0.15627
0.44458
0.38165
-0.44966
0.38199
-0.12553
-0.66952
0.26635
-0.21671
-0.22809
0.56307
0.02676
0.05930
0.29294
0.35031
0.13520
0.34346
0.27765
0.09624
0.22556
0.43560
0.15739
-0.28651
-0.17029
-0.43627
0.11931
0.19293
0.10848
-0.90222
0.01107
-0.04856
0.15615
-0.10432
0.48583
0.27134
-1.38166
-0.33623
-0.40653
-0.75583
0.59679
-0.28827
0.23859
-0.01782
-0.87827
0.02395
0.33928
-0.42810
0.17144
0.38379
0.29260
0.47059
0.28106
0.05408
-0.81613
-0.07739
-1.04080
-0.17876
0.06830
-0.31857
0.01755
-0.16195
-0.34558
0.20316
0.25470
-0.18486
0.17532
-0.30319
0.11646
0.16375
0.12476
-0.39891
0.22274
-0.24105
0.30185
-0.08952
-0.02238
-0.97266
0.37881
0.24355
-0.24054
0.08553
-0.01079
0.13361
-0.06490
0.13101
0.32381
0.03088
0.36295
0.51642
0.00075
-0.08650
-1.07879
0.21135
0.15128
-0.53118
0.77125
0.62665
-0.93638
0.25242
0.15840
0.24728
0.03764
0.34656
0.52855
0.03082
0.44847
-0.50180
-0.57530
-0.25699
0.14329
0.04040
-0.35651
-0.22067
-0.38312
-0.07497
-0.32849
0.27128
0.13796
0.13646
-0.81162
0.27991
0.04686
0.28789
-0.30915
0.16036
-0.03561
0.19132
0.47189
-0.02311
-0.92378
0.34204
-0.47087
0.35980
0.72229
-0.43758
-0.05581
0.19882
0.12870
-0.10677
0.08238
-0.21566
0.14404
-0.11199
0.18520
0.09931
-0.51866
-0.80359
-0.28604
0.16075
0.34414
0.08920
0.14092
0.20759
0.14724
-0.06200
0.36256
0.49468
-0.32838
-0.32103
-1.15105
0.03640
0.54750
0.42291
0.45192
-0.37126
-0.29851
-0.61554
0.25394
-0.70936
0.27138
0.11741
-0.51563
-0.39670
-0.78241
0.22758
0.02833
-0.64114
-0.45023
0.10316
0.06037
0.30157
-0.43531
-0.52803
-0.88787
0.15671
0.11340
-0.18122
-0.60554
0.18489
-0.29279
0.30982
-0.31298
-0.25539
-0.00164
-0.03826
0.57492
-0.35467
-0.55785
0.07358
-0.06451
-0.32171
-0.75319
-0.63973
0.06360
0.16935
-0.23029
0.03138
-0.01354
-0.15157
0.05742
0.13341
0.08406
0.30407
0.34749
0.03303
0.57197
0.09080
0.15738
0.13572
-0.06434
0.21957
0.00970
0.11127
0.35275
0.25355
-0.59857
0.32770
-0.12228
0.07138
0.26935
0.21076
0.14061
0.37648
0.39497
0.01900
-0.09568
0.21525
0.09796
0.31159
-0.42935
-0.22930
-0.23709
0.09081
-0.85741
0.44984
0.20060
-0.44559
0.41419
-0.00189
-0.80973
0.37708
0.31346
0.43554
-0.19061
-0.07754
-0.19885
0.05292
-0.76878
-0.23841
-0.00237
-0.25680
0.19532
0.17355
0.13552
0.86445
0.03937
-0.34181
0.45333
-0.55350
-0.96195
-0.02884
0.12808
0.11095
-0.67422
0.44695
0.43774
0.30155
0.64814
0.39347
-0.38109
-0.03858
-0.32729
-0.45598
-0.23441
0.16450
0.23558
0.10048
0.04537
0.03029
0.48227
0.38606
0.04032
0.26124
0.05705
-0.39105
0.04166
0.42573
0.06179
-0.98045
0.19803
-0.58842
0.32889
-0.01462
0.30552
0.36281
0.16615
-0.68461
-0.28127
0.76918
0.11893
0.37796
-0.83224
-0.26298
0.02722
-0.17728
0.05919
0.13455
-0.18998
-1.37824
0.51810
0.22740
0.05391
0.54945
-0.29755
-0.38903
-1.37307
-0.45136
-0.10228
0.59530
-0.07811
0.29923
0.69409
0.11242
-0.09836
-0.09356
-0.48369
0.12007
0.38266
0.15215
-0.38235
0.37872
0.11930
0.46078
0.19308
-0.22799
0.46577
-0.00611
-0.37022
0.04862
0.24130
0.25297
-0.85044
0.30281
0.37678
-0.43021
-0.00603
0.09101
-0.28752
0.06387
0.10131
-0.46415
-0.14909
0.42035
-0.69361
0.12483
0.25507
-0.94816
0.25724
-0.84027
-1.20142
0.46824
0.02859
-0.55632
0.26397
0.19861
0.09645
-0.65194
-0.41407
0.18183
0.05379
0.40330
-0.72911
0.81651
-0.17770
0.50571
-1.32303
0.24563
-0.30879
0.04806
0.10509
0.37698
-0.06573
0.13823
-0.15097
0.31855
0.04318
-0.31086
0.09296
0.32483
-0.78935
0.22903
0.27034
0.03414
-0.39378
-0.80361
-0.64938
0.09852
-0.61668
-0.10546
-0.53619
0.10680
0.42596
0.02349
-0.08489
0.10352
0.27569
0.18158
0.23519
0.04567
0.02479
0.24757
0.26335
-0.29485
0.35422
0.30928
0.22209
0.07143
0.38750
-0.14137
0.37251
0.46678
0.05858
-1.01557
0.49269
0.00618
0.09978
0.11789
-0.18296
-0.13221
0.03953
0.38025
-0.31913
-0.58855
-0.04801
-0.13922
0.08807
0.15525
0.27372
-0.08285
-0.87606
-0.49960
0.11910
0.32188
-0.04228
-1.66267
-0.17307
0.02266
0.77026
-0.24151
-0.14876
-0.22751
0.11582
0.32303
0.36771
0.11143
-0.90427
-0.23384
-0.37054
0.31792
-0.08458
0.05868
-0.59443
0.40887
0.61338
0.51430
0.37326
0.02024
-0.42221
0.19935
0.03654
0.01653
0.12739
-0.10408
0.52830
-0.82273
0.00430
0.30393
0.25177
0.06367
0.16081
-0.32865
0.37226
0.22071
0.25060
0.00469
-0.45170
-0.40512
-0.84122
0.18653
0.12171
0.45219
-0.13031
0.03723
-0.16715
-0.24851
0.30898
0.33653
0.27464
0.62353
-0.45849
-0.03992
-1.02857
-0.09333
0.22255
0.21461
-0.28200
0.52585
0.10386
0.12463
0.03236
-0.37078
-0.01869
0.09896
-0.15287
0.07874
-0.18626
-1.18838
0.31570
0.07070
0.24601
0.07125
0.10744
0.05157
-0.25196
0.15958
0.10622
0.34218
-0.00441
-0.62636
-0.10922
0.14074
-0.78159
0.24506
0.17901
0.43641
0.17593
-0.19246
-0.81130
0.09768
-0.63163
0.00373
0.21062
-0.00161
0.29496
0.26990
-0.98801
0.27002
0.33592
-0.70244
0.41817
-0.02270
0.75991
0.11937
0.28186
0.05909
0.45123
0.38599
-0.57391
-0.37810
0.42378
-0.41853
0.23868
-1.55245
0.62644
0.34093
0.18667
0.06647
0.14963
0.11931
0.65970
0.00012
-0.75847
0.27884
0.69195
0.11814
-0.81166
0.09007
0.34977
0.18999
-0.51452
0.06172
0.14699
0.38050
0.13644
0.26810
-0.15507
0.03768
-0.11778
0.32102
-0.60322
0.39690
0.16160
-0.24084
-0.42369
-0.80788
-0.09894
0.11047
-0.31208
-0.32600
0.11045
0.41286
0.15793
-0.19689
0.03828
0.09565
-0.43867
0.22026
-0.26064
0.08976
0.13713
0.13243
0.39601
-0.58034
-0.39831
0.18769
0.61467
0.16378
-0.35462
-0.99430
0.08543
0.37978
0.14700
-0.04685
-0.05226
-0.30534
-0.64866
-0.25556
-0.31632
-0.01671
0.34593
0.06991
-0.19986
0.29170
-0.34861
-0.03950
0.31306
0.41792
0.22432
0.10708
0.30113
0.02491
-1.07012
-1.35727
0.08598
0.24132
0.57432
-0.19206
-0.14266
0.22861
-0.74120
0.01364
0.20833
0.20222
0.14986
0.31269
-1.23060
-0.05564
-0.74059
-0.65276
-0.19763
0.26319
0.11143
-0.48583
0.09975
-0.40792
0.05227
0.02549
0.43240
0.40824
-0.96158
-0.14426
0.03726
0.03708
-0.45221
0.65092
-0.61873
0.33940
-0.17004
0.06021
0.08238
0.26941
0.63532
-0.76065
0.11204
0.38262
0.17135
0.18073
0.05361
0.06137
0.29414
-0.68451
0.76625
-0.73539
0.36305
0.07148
-0.47879
0.14661
0.24758
-0.73533
0.06158
-0.01483
-1.10371
-0.11238
0.11139
-0.08192
0.33493
-0.30597
-0.71607
-0.21956
-0.04630
0.32104
0.58262
0.74869
0.04314
0.33336
-0.38252
0.20924
-0.08693
0.05980
0.05525
-0.45525
0.12089
-0.90038
-0.28928
0.34048
-0.48368
0.39796
-0.11394
0.30135
-0.09242
0.67158
-0.57116
-0.62037
0.00339
0.07021
0.08842
0.11891
-0.05452
0.02431
-0.28501
-0.28083
0.10748
0.07844
-0.09862
0.00832
0.04558
0.28357
0.56030
0.41003
-0.34312
0.04114
0.08803
0.05639
0.00850
0.45155
0.02964
0.24597
-0.87603
-0.10082
-0.02340
0.23937
-1.34153
-0.28151
0.25166
0.02739
0.10777
0.24050
0.15410
-0.19020
0.15314
0.22827
-0.91285
0.34918
-0.72736
0.04546
-0.38719
-0.19843
0.07411
-0.35524
-0.89998
0.76783
-0.00482
0.15487
0.61158
0.16041
0.16114
-0.06201
-0.02139
-0.01593
0.12545
-0.03259
-1.29890
-0.31829
-0.72322
0.04634
0.08707
-0.49066
0.58561
0.47055
0.40649
-0.60092
0.17335
-0.21600
-0.19572
0.20838
0.13251
0.16663
0.11982
0.22971
0.29596
0.29662
-0.46726
0.18348
0.21313
-0.53516
0.12832
-0.48690
-0.12246
0.44234
0.17902
-0.65582
0.18574
-0.14744
0.35287
0.04498
0.11313
0.00511
0.33687
-0.00328
0.30784
0.21661
0.43275
0.02776
0.17534
-0.41082
0.38104
-0.28559
0.10332
0.11565
0.28582
-0.23843
-0.24978
0.03035
0.05860
-0.34602
0.26750
0.26909
-0.59275
-0.34961
0.77211
-0.05774
0.12625
0.33004
-0.10833
-1.09506
0.44022
0.13352
-0.88090
0.12047
0.14079
0.28603
0.07192
0.43109
-1.03983
-0.01737
-0.28963
-0.44508
0.08119
0.22066
-0.13166
0.38933
0.08048
0.69364
0.39322
-0.98863
0.29413
0.35740
0.22330
-0.67709
-0.13454
-0.06179
0.35367
0.33340
0.34048
0.07211
-0.68308
0.11735
0.44004
0.03888
0.02865
0.14569
0.41148
0.10039
-0.39423
0.14083
0.32211
0.36642
0.12321
0.43434
0.08527
0.12774
-0.00669
0.04954
