0.11581
-0.21036
-1.16017
-0.49098
-0.12241
0.13483
-0.20999
0.00088
-0.00926
-0.07156
-0.35072
-0.62995
-0.23890
0.12236
0.10434
0.10747
0.13082
0.18655
0.06122
-0.18233
0.13557
-0.61827
-0.09186
-0.66353
-0.03950
0.14823
0.15323
-0.40595
0.30025
-0.26782
-0.05044
-0.53964
-0.06133
-0.06964
-0.16979
-0.00133
-0.19684
0.27231
-0.26345
0.07815
-1.07334
-0.02743
-0.05262
-0.62775
-0.13140
0.11131
0.06705
-0.50887
0.15984
-0.11590
-0.02463
-0.44205
0.22728
-0.26692
-1.35614
-0.13750
-0.11168
0.08497
-0.18134
0.10063
0.00683
0.09153
-0.00995
0.15991
-0.18110
-0.10322
-0.38605
-0.03748
-0.19103
0.28569
-0.03886
0.21517
0.06656
-0.45215
0.13724
0.09715
0.01990
-0.33273
0.04768
-0.01660
0.11631
-0.00575
-0.12199
-0.20800
-0.25877
-0.12388
0.07137
-0.51433
0.02328
-0.74148
-0.68183
0.61907
-0.05150
-0.04738
-0.16804
-0.18222
-0.21721
-0.02118
-0.79625
0.04009
-0.20979
-0.04681
-0.06471
-0.11104
0.18611
-0.21301
-0.21881
-0.13327
-0.23154
0.12198
-0.15628
-0.17891
0.00900
-0.10371
-0.74214
-0.51858
-0.15425
0.12748
-0.23425
0.15777
-0.00170
-0.20596
0.04089
-0.89896
-0.74661
0.08627
0.09527
0.06922
-0.53746
-0.19447
-0.14110
-0.39124
-0.06292
-0.64952
-0.01234
0.09921
0.19088
-0.19469
-0.26812
-0.95351
-0.36950
-0.20527
-0.09388
0.00742
-0.06052
0.06176
0.06759
0.03650
0.08517
-0.03580
-0.20865
-0.12589
0.16644
0.00023
-0.20532
-0.70420
0.00424
0.12272
-0.14182
-0.32528
-0.41458
-0.15144
-0.46524
-0.10691
-0.73590
0.15669
0.11515
0.16046
0.14667
0.09461
0.08851
-0.08515
0.05949
-0.12165
-0.31410
-0.12016
-0.96971
-0.17617
-0.54002
-0.12998
0.28224
-0.41002
0.07524
-0.28967
-0.62106
-0.03219
-0.14547
-0.30323
-0.43079
-0.19967
-0.10091
-0.02356
-0.50918
-0.38021
-0.16366
-0.34156
-0.01118
-0.05574
-1.07439
-0.65438
-0.19792
-0.26668
0.12745
-0.18629
-0.13716
-0.03611
-0.59613
-0.82606
-0.20911
-0.08612
0.24767
-0.47372
-0.00025
0.00196
-0.07360
0.15141
-0.48256
-0.15408
-0.39349
0.09241
-0.27157
-0.11209
-0.41245
0.03912
0.09740
-0.22748
-0.15186
-0.37159
-0.19093
0.22375
-0.09793
-0.17962
-0.29695
0.05174
0.09104
-0.25836
-0.09213
-0.20348
-0.62176
-0.16833
0.06982
0.35529
-0.30155
-0.41146
0.11698
0.00531
-0.13851
0.14686
0.09521
-0.38783
0.08516
0.23491
-0.40688
0.04710
-0.04611
-0.22447
0.09105
-0.44911
-0.29636
-0.06853
-0.11631
0.07268
0.03190
-0.27025
-0.24284
-0.06976
0.06095
0.07296
-0.10207
0.07347
-0.25374
-0.26953
-0.61312
0.18321
0.00488
-0.32869
0.16884
-0.17021
-0.14152
0.16129
-0.23874
0.12705
0.09062
-0.09963
-0.56363
-0.43814
-0.53151
0.15256
-0.10478
0.06657
-0.25646
-0.23268
-0.07148
-0.57779
0.00244
0.16797
-0.16626
-0.61509
-0.02046
-0.15675
0.14608
0.13410
-0.00696
0.14759
-0.26589
0.11093
0.41349
0.08480
0.05052
0.09554
0.10591
0.05499
-0.89609
-0.08221
-0.40010
0.09072
-0.36082
-0.01640
-0.15894
-0.13443
-0.03678
-0.29166
-0.61046
0.21956
-0.05474
-0.78380
0.11601
0.40673
-0.29201
-0.18277
0.11079
0.08029
0.04485
-0.15685
-0.28472
-0.56435
-0.00869
0.15448
-0.11809
0.11184
-0.06905
-0.09642
0.04747
-0.33634
0.15971
0.10009
-0.00963
-0.03245
-0.30859
-0.00708
0.20821
0.22769
-1.07893
0.13957
-0.21025
0.07970
0.14939
0.11009
-0.27467
0.19575
-0.14081
-0.08294
-0.55187
-0.31962
0.09784
-0.12485
-0.57803
-0.34906
0.02705
0.15190
-0.45140
-0.11854
0.09447
-0.62020
0.05417
-0.49627
0.01968
-0.00774
-0.00945
-0.21671
0.02747
0.27643
-0.04615
-0.15728
-0.11183
-0.28183
-0.65635
-0.10149
-0.32760
0.17032
0.01752
0.12485
-0.54921
0.17807
-0.68002
-0.55330
-0.22392
0.09925
0.06781
-0.20637
-0.34242
-0.30814
-0.31962
0.09602
-0.12508
-0.15847
-0.15809
0.36768
0.05408
-0.22881
-0.54955
-0.05689
-0.08137
0.02848
-0.09222
0.09896
0.21931
0.08847
-0.20500
0.13730
-0.14499
-0.23109
-0.16616
0.10738
-0.08176
0.06009
0.13958
0.18963
0.00386
0.02963
-0.16414
-0.20021
-0.23096
-0.18311
0.15247
-0.38811
-0.19828
-0.08067
-0.03532
0.06743
-0.23008
-0.28954
0.22969
0.05377
-0.59008
0.44112
-0.17219
-0.17597
-0.34964
0.11456
-0.21113
-0.10157
-0.32587
-0.17677
-0.08300
0.03083
0.08945
0.10473
-0.48931
-0.02604
0.13317
-0.04331
0.00944
-0.12544
-0.05066
-0.09358
-0.02191
0.12543
-0.45338
0.10203
0.02157
-0.60058
-1.09630
-0.17384
-0.17851
-0.42718
-0.30684
-0.02050
0.23676
-0.24550
-0.47870
0.04332
-0.66806
-0.96624
0.02367
-0.44537
-0.05303
-0.40144
0.11394
-0.32309
-0.21114
-0.07376
-0.35461
-0.05152
-0.14257
-0.61891
-0.23679
0.08493
-0.20727
-0.99431
0.09289
0.04836
-0.10833
-0.31767
0.12816
-0.48885
-0.36670
0.09209
-0.16744
0.11212
-0.25325
0.22626
-0.51772
-0.08603
0.25380
-0.00130
-0.14523
-0.17554
-0.11849
-0.22956
-0.36584
0.08164
-0.45786
0.21107
-0.13398
0.22760
-0.66513
-0.20139
-0.43249
-0.30192
0.21745
-0.05438
-0.06612
-0.16849
-0.22381
-0.46011
0.04093
-0.05827
0.04281
0.20259
-0.09186
-0.54227
-0.73540
-0.21668
-0.27520
0.20226
0.06911
-0.33010
0.03139
-0.59620
-0.15402
0.13385
0.15049
-0.14312
-0.54308
-0.70472
-0.00286
-0.39070
-0.05267
-0.42075
-0.10554
-0.08271
-0.26345
-0.10726
-0.52815
-0.02246
-0.22305
-0.08537
0.21599
-0.08730
-0.42543
0.03540
-0.28609
0.40329
-0.24645
0.09983
-0.26871
-0.43117
-0.24520
-0.39633
-0.02736
-0.12178
-0.23180
-0.87259
-0.66337
0.23427
-0.08947
-0.17317
-0.53760
-0.33063
-0.08351
0.06521
0.29227
0.02923
0.08921
-0.88505
-0.01582
-0.14025
0.10590
-0.12726
-0.19111
-0.08051
-0.11346
-0.04290
0.07804
-0.20339
-0.02963
-0.08759
-0.09402
-0.39978
0.09670
0.10644
0.14222
-0.55094
0.06297
-0.11954
0.23064
-0.38016
-0.46164
0.05960
-0.21024
-0.02794
0.13511
0.11250
0.14282
0.16945
-0.11795
-0.05056
-0.27965
0.15306
-0.18494
-0.84239
-0.38119
0.03874
-0.11505
0.10268
0.03988
0.05957
-0.04729
0.07921
0.04526
0.55081
-0.18682
0.14342
-1.08032
0.26180
-0.67869
-0.29120
-0.20346
-0.31711
-0.06113
-0.15606
-0.02819
-0.07263
0.19890
-0.19964
-0.27602
-0.08473
-0.23565
-0.47334
0.05803
-0.20206
0.15727
-0.19778
0.00038
0.18809
0.07597
-0.09187
-0.73435
-0.22990
-0.30793
-0.35063
-0.05160
-0.31734
-0.62110
-0.33599
-0.22185
0.19223
-0.04971
-0.04738
0.13374
0.01411
-0.72625
0.01724
-1.14868
0.09383
-0.14883
-0.05936
-0.37479
-0.17342
-0.56228
0.14561
-0.13509
0.01624
-0.42333
0.29870
-0.49680
0.13996
0.18689
-0.38826
0.06574
0.07795
0.02380
-0.19621
-0.39733
0.09292
-0.61489
-0.14548
-0.13376
-0.04384
-0.36390
-0.00303
-0.53546
-0.33420
-0.97496
-0.37407
-0.12482
0.16685
0.03407
-0.00992
0.02921
0.06585
-0.15289
-1.18170
-0.18710
0.27018
-0.09496
-0.20686
-0.32920
-0.01008
-0.29556
-0.97090
-0.27551
0.15858
-0.53567
0.13086
-0.00671
-0.30427
-1.05564
0.21665
-0.19362
0.22812
-0.28573
0.18260
0.28013
0.08038
0.05477
-0.03332
0.27019
0.05018
0.06951
0.16696
-0.11906
-0.06910
-0.04449
-0.00278
-0.30759
-0.93392
0.11226
-0.07563
0.06702
-0.33115
-0.35777
-0.11489
-0.01127
-0.14359
-0.09742
0.14063
-0.35259
-0.03557
-0.14904
0.07745
-0.19587
0.02134
-0.12503
-0.38048
-0.16296
0.02264
0.12710
-0.18110
-0.30519
0.05787
-0.43226
-0.40052
-0.02212
-0.32439
-0.01888
-0.23793
0.00795
-0.34812
-0.20628
-0.49516
0.08575
0.08790
-0.12524
-0.31770
0.13713
0.02634
-0.21021
-0.37686
-0.42149
0.00465
-0.19857
-0.30774
0.02970
0.08021
-0.44216
0.10392
-0.04947
0.09291
0.15169
0.03647
0.27895
0.13203
-0.13137
-0.24027
0.12213
-0.05642
0.06980
0.04603
-0.47719
-0.36777
-0.04726
-0.09318
0.05426
-0.18292
-0.47239
-0.19583
-0.56097
0.08673
-0.00140
-0.02995
-0.13551
0.25600
-0.52959
0.05846
-0.12282
0.09185
-0.15509
-0.23446
0.17087
0.05107
0.06331
0.10651
-0.47300
0.01922
-0.10693
0.04579
0.02073
-0.54616
0.18720
0.05939
0.18711
-0.02188
-0.56666
-0.75533
-0.28967
-0.00080
0.04294
-0.12120
-0.00064
-1.02838
-0.00915
-0.05231
-0.37148
-0.28567
-0.31654
0.40325
0.11259
0.11750
0.05825
-0.15997
-0.31401
0.11343
0.05435
-0.55354
0.03169
-0.09525
-0.25890
-0.21803
-0.14308
0.14051
0.38124
0.04805
-0.12068
-0.00411
-0.08501
-0.44675
-0.04378
-0.16588
0.06183
-0.00477
0.00214
-0.20953
-0.06649
-0.42962
-0.20642
0.04802
-0.49676
0.16681
0.27915
-0.33257
-1.09110
-0.19878
0.10231
-0.08927
0.20944
0.04654
-0.21361
-0.04975
-0.50962
0.11223
0.05111
0.14322
-0.37168
0.11635
-0.23951
-0.04982
-0.33038
-0.28977
-0.01787
-0.94274
0.09519
-0.48769
-0.14549
-0.16782
-0.63938
0.10996
0.43266
-0.18420
-0.88944
0.21990
-0.48154
0.10274
-0.22226
-0.21319
-0.00241
0.13756
-0.12432
0.07314
-0.17088
-0.02901
0.09111
-0.19632
-0.08055
-0.82280
0.08352
-0.06160
-0.30426
0.11584
-0.86293
-0.47543
-0.29969
-0.58827
0.25130
0.09189
0.08807
-0.57898
0.05285
0.11912
-0.81835
-0.10196
-0.29971
-0.04271
0.01627
-0.26760
0.05642
-0.23399
-0.50471
0.00041
-0.00255
0.02430
-0.49560
-0.10176
0.01367
0.02477
-0.31806
-0.13107
-0.21112
-0.00499
-0.56484
0.05265
-0.28474
-0.47398
-0.01270
-0.12990
-0.05982
-0.48047
-0.61341
0.13376
-0.21475
0.34067
-0.16966
-0.05423
-0.04531
-0.41763
0.28039
0.25059
-0.44111
0.33282
0.18033
-0.21710
0.15552
0.39459
0.18734
0.13429
0.34685
0.62239
-0.02287
0.18166
0.37084
0.08074
0.18045
0.01500
0.15838
0.32935
0.11385
0.21141
0.31930
0.21453
0.11711
0.15540
-1.15352
0.52495
0.47918
0.14336
0.18929
0.01632
0.17598
0.24855
0.02072
-1.19758
0.36875
0.40286
0.31746
-0.33152
-0.40316
0.30158
-0.24400
0.08247
0.48777
0.34052
0.31257
0.47322
0.45229
-0.28798
0.17809
0.17028
0.04210
-1.06851
0.19487
0.08151
0.04824
-0.06068
0.27056
0.27500
0.17798
0.12450
0.18540
0.28597
0.26678
0.17624
0.28091
0.07958
0.63166
0.16806
0.09339
-0.27164
0.18958
0.11259
-0.17116
0.41692
0.41288
-0.10135
-0.03840
0.00695
0.11383
0.03068
0.16407
0.08727
-0.27722
0.54267
-0.26396
0.12601
0.11000
0.33799
-0.37797
-0.06072
-0.16457
0.07031
0.21620
0.18174
-0.07931
-0.21041
0.48523
0.42653
0.38187
-0.79355
0.03695
-0.06138
-0.69139
0.05942
-0.01582
-0.27862
-0.26306
0.15491
-0.19611
0.07939
0.11430
-0.48360
-0.15391
0.61702
0.14013
0.60287
0.34536
0.34234
0.35507
0.01785
-0.22445
0.14685
0.00655
0.20846
-1.38621
-1.07854
-1.36081
0.03253
0.19219
-0.70535
-1.19987
0.30904
-1.23982
0.13930
0.04517
0.49070
0.29394
0.26578
-0.18850
0.50061
0.22055
0.22844
0.26182
0.41279
-0.35771
0.08560
-0.04415
0.29966
-0.13999
0.04726
0.05832
-0.04755
0.47603
0.19538
0.05041
0.29756
0.33320
0.02669
-0.09711
0.33314
0.29558
0.42262
-0.47344
0.50127
0.51334
-0.08759
0.01451
0.19079
-0.23547
0.12973
-0.22368
0.87961
0.10466
0.13408
-0.57249
0.41580
0.35869
-0.28006
-0.22406
0.32866
0.28628
0.52366
0.12302
0.13086
0.05595
0.01665
0.22359
0.01345
0.30947
-0.45374
0.29727
0.10935
0.07005
0.28559
0.37485
-0.37807
0.37270
0.09853
0.43239
-0.81249
0.22872
-0.19049
-0.26103
0.16405
0.30677
-0.06253
0.03643
0.19038
-0.56317
-0.65735
0.19057
-0.33164
0.29951
0.08613
0.11946
0.05005
0.18722
0.39229
0.16608
0.13038
0.06456
-0.20808
-0.07156
0.10255
0.19441
-0.03745
-0.05214
0.16348
-0.09078
0.10934
0.30287
0.03254
0.69115
0.03544
0.24807
-0.33285
-0.13834
0.29092
0.75618
0.00616
0.03182
-0.51604
-0.92577
0.09227
0.04580
0.61980
0.13001
0.57653
-0.31495
0.14696
0.30436
0.08235
-1.36365
0.04591
0.00415
0.11698
0.36033
-0.42012
-0.38974
-1.18919
0.40842
-0.61381
-0.04209
0.14391
0.06227
0.04831
0.22201
-0.49092
0.55310
0.11101
0.28452
0.05319
-1.03003
-0.06877
0.47454
0.24762
0.15341
-0.42054
-0.59325
0.17409
0.14942
-0.36032
0.30338
-0.48958
-1.10619
0.24142
-0.01567
0.00565
0.29144
0.08730
0.42702
0.15926
-0.74971
-0.31005
-0.47895
0.07004
0.16700
0.16313
-0.17911
0.20646
-0.55456
-0.77716
0.13562
0.10386
0.13919
-0.61726
0.32132
-0.39724
-0.48057
-0.24662
0.23055
0.10942
0.37524
0.06662
-0.61672
-0.82136
-0.12223
0.22527
0.38210
0.68143
0.48481
0.42178
0.22513
0.47826
0.39326
0.56211
-0.60506
0.39081
0.53421
0.21576
0.31245
0.29921
-0.07009
0.37826
0.28307
-0.09932
0.33985
0.33808
0.49270
0.36620
-0.23399
0.35164
-0.36009
-0.18131
0.09733
0.21784
0.39361
0.14198
0.32903
0.30015
0.34567
0.10870
-0.77001
0.03819
0.01990
0.19044
-0.20168
0.36779
0.54755
0.36511
0.10652
-0.42502
0.36989
0.33537
-0.27455
0.28564
0.05256
-0.41464
-0.31119
0.06604
0.05019
0.11217
-0.12829
0.52788
0.38265
-0.32869
0.18267
-0.01190
0.48972
0.81475
0.37932
0.62900
-0.19966
-1.10836
-0.20798
0.09117
-0.33511
0.28860
0.33294
0.07720
-0.15163
-0.32486
-0.01758
-0.39912
0.37847
0.09564
0.06446
0.21481
0.11821
0.14691
-0.25253
0.26666
-0.32588
-0.74952
0.46368
0.26330
0.51062
0.12865
0.23025
-0.37914
0.00118
-0.56454
-0.47650
-0.69517
0.59347
0.00553
0.34253
-0.26749
0.11775
-0.47406
0.03146
0.03898
-0.70285
0.16522
0.09467
0.20890
0.14765
0.03712
-0.71018
0.40039
0.23243
0.34160
0.28692
0.05178
0.28677
0.33014
0.38914
-0.65561
0.31116
0.30233
0.73798
0.20854
0.54251
0.19458
0.37059
0.02729
0.29087
0.16391
-0.01070
0.27128
0.35803
0.27171
-0.21159
-0.42845
0.26505
0.35257
0.31248
0.19211
-0.10041
0.34337
-0.51752
0.08691
0.24936
-0.50719
0.13676
0.13555
0.05579
0.37010
-0.18123
0.12926
0.11511
0.46731
-0.13106
0.17564
0.21862
0.30431
-0.30925
0.32675
0.41182
-0.31016
0.24178
0.49928
0.32690
-0.25466
0.19501
0.24359
0.30318
0.09302
0.42553
-0.26802
-0.41052
0.70804
0.00198
-0.02010
0.58871
0.62785
0.21050
-0.71587
0.13197
0.32348
0.17052
-0.04136
-0.03462
0.32342
0.30423
0.41299
0.29620
0.40660
-0.45185
0.03464
-0.02601
0.35100
0.17506
0.09745
0.38734
0.35126
-0.00231
0.30082
0.40819
-0.18768
-0.06645
0.02019
-0.38902
0.39213
0.24184
0.14864
0.11834
0.23267
-0.15059
0.34928
-0.24215
0.63958
-0.21015
0.67178
0.03052
0.33884
0.24330
0.31781
0.40846
0.21667
0.11117
0.59207
0.58139
0.11433
-0.26106
0.32794
0.32251
-0.12779
0.38059
-1.39948
0.26453
-0.02309
0.08774
0.36731
0.11883
-1.13241
0.01062
-0.02396
0.14128
0.12253
0.25496
-0.08766
0.41507
-0.39622
0.28921
0.30027
0.59312
-0.45076
0.16732
0.14475
-0.41521
-0.03671
0.14328
-0.18901
0.01726
0.03626
0.00771
0.29581
0.09207
-0.00499
-0.25327
-0.48210
-0.29313
0.42235
-0.02741
0.30053
0.07689
0.31086
-0.73587
-0.00006
0.27734
-0.90525
0.05932
-0.11413
0.19981
-0.32401
0.52703
0.20221
0.16065
0.20081
-0.03435
0.10917
0.04936
0.13850
0.37869
0.13147
-0.55519
-0.36248
0.78298
0.17292
0.36980
0.02241
-0.43913
0.39409
0.15059
0.10849
0.39514
-0.64078
-0.61581
0.36543
0.42878
0.44966
0.51116
-0.82184
0.24425
-0.63217
0.22909
0.30122
0.08633
-0.74999
-0.39412
0.30302
-0.37739
-0.54133
0.24031
0.36630
0.09264
0.01620
-0.26544
0.13164
-0.17103
-0.19471
0.09506
0.44366
-1.03170
0.30775
0.34076
-0.17514
-1.08158
0.06738
-0.32195
0.25073
0.63360
0.11373
0.03487
-0.26971
0.10272
-0.34505
-0.10633
0.05616
0.11737
0.26549
0.09208
0.32402
0.17511
0.59597
-0.37208
0.16851
0.34669
0.27519
-0.18509
0.24271
-0.12440
0.19839
-0.87894
0.44014
0.40068
0.10576
-0.26185
0.19939
-0.01057
-0.28652
0.20525
-0.23785
0.64972
0.38066
0.37929
0.52550
0.71970
0.09021
0.11111
0.16659
0.54194
-0.21173
0.09194
0.18561
-0.05157
0.19817
0.08929
0.09972
-0.02331
0.17401
0.44678
0.05874
-0.26799
-0.39582
-0.44754
-0.71364
0.16004
0.14136
0.33031
-0.43985
-0.75388
0.28061
-0.07901
-0.16133
0.14116
-0.24350
0.24278
0.10783
0.05667
0.72356
0.05229
0.33728
0.18871
-1.00425
-0.01461
0.29587
-0.76812
-0.13896
-0.23587
0.43163
0.42922
-0.36151
0.16984
0.09777
-0.37477
-0.75448
0.34897
-0.96850
0.39398
0.47597
0.23659
-1.29737
0.42010
0.27335
0.27580
-0.23592
0.34272
-0.07443
0.42090
0.00014
-0.40822
-0.29266
0.06897
-0.21454
0.48304
0.12805
0.08740
0.28618
0.03103
0.29579
0.59647
0.43569
0.05448
0.44182
0.44565
0.29090
0.25861
-0.40063
0.20891
0.16671
0.38211
0.15734
-1.06234
0.09860
-0.55637
0.26320
0.06321
0.06695
0.02938
-0.67816
0.14612
0.17461
-0.19765
0.01397
0.21363
0.49073
-0.38162
0.62673
0.19476
0.21955
0.17459
0.06462
0.31711
-1.11362
0.49021
0.23580
-0.88478
-0.18526
0.48242
0.32530
-1.08641
0.31379
0.34615
0.21150
0.27175
0.05076
0.28881
0.26136
-0.65308
-0.12858
-0.39004
0.10257
0.05578
-0.73905
-0.12777
-0.05797
0.35313
-0.03359
0.66278
0.41872
-0.26310
0.22512
0.30204
0.18501
-0.08989
-1.10215
-0.70422
0.30833
0.02222
0.18123
-0.32509
0.32894
-0.01366
0.09838
0.44403
0.16567
0.02818
-0.37408
0.28745
0.33266
0.36289
0.03103
0.47025
0.23406
0.35797
0.18446
-0.11831
0.34309
0.64230
0.08772
-1.34373
-0.33687
0.35839
-0.21943
0.73678
0.15074
0.12274
0.33094
0.14943
0.18429
0.40038
-1.19830
-0.35390
-0.01156
0.14676
0.05503
0.78838
0.28447
0.18153
-0.09917
-0.82009
0.38071
0.32468
0.26630
-0.01643
-1.17592
-0.00373
0.33559
-1.46320
-0.05170
0.29785
-0.63499
0.08041
0.18386
0.51906
0.19334
0.31224
-0.36166
-0.16543
-0.64458
0.02460
-0.40881
0.13324
0.19436
0.44936
0.44159
-0.06239
0.13003
-0.02917
-0.03436
0.13786
0.03284
0.12561
0.22465
0.69416
-0.41814
0.28607
0.19971
-0.28312
0.06636
0.12924
-0.01409
0.26411
-0.32481
-1.18567
0.33849
0.44154
0.33955
0.16424
0.13232
0.18141
0.29155
-0.13676
-0.02978
0.71083
-0.00980
0.07223
0.07353
0.27269
0.11995
0.07633
0.32247
0.20670
0.29910
0.08359
0.05218
0.03405
0.21174
0.27947
0.43412
0.21277
0.22219
-0.07145
0.02511
0.02881
0.22177
0.38142
-0.16616
0.32913
-0.34567
0.29583
0.40978
0.24728
0.45093
0.31198
0.14731
0.19357
0.41292
-0.09812
0.51794
0.35404
0.37524
0.27151
-0.28897
-0.33681
-0.03919
-0.18277
0.03507
-0.10798
0.41846
-0.30171
-0.11825
-0.90990
0.03473
0.21556
0.35744
-0.04458
0.00817
-0.34613
0.21657
-0.06235
0.10403
-0.46607
0.03175
0.29323
0.09939
0.26709
0.33678
0.15898
-0.00598
-0.12347
0.66078
0.16179
0.17997
0.35289
0.14589
-0.69913
0.21744
0.09546
-0.49699
-0.26072
0.56820
0.46881
0.10898
0.31038
-0.01003
0.15644
0.21126
-0.03245
-0.09939
0.21429
0.20712
0.31762
0.75033
0.68224
-0.08331
0.23671
-1.50949
0.39092
0.11475
0.32767
-0.58618
0.04518
0.24391
0.24478
-0.00975
-0.09869
0.16816
0.32487
0.09752
0.22397
0.42063
0.70285
-0.23614
0.41066
-0.39476
0.36561
-0.31773
0.34284
0.68750
0.14495
0.43422
-0.00816
-0.76278
-0.36856
-0.26569
-0.29584
0.33235
0.03466
0.16917
0.34376
0.32885
0.21248
-0.24169
0.38615
0.40556
-0.40387
-0.05864
0.22662
0.37099
0.23949
0.30576
0.11194
0.40716
0.25607
-0.14465
-0.41401
0.01974
0.34320
-0.36710
0.40390
-0.13068
0.34664
0.21685
-0.79854
0.38117
-0.01287
0.26471
0.19135
0.09896
-0.02990
0.45024
0.19963
-0.03383
0.26540
0.54475
-0.53800
0.01598
-0.14223
-0.94140
0.32243
0.23969
-0.23574
0.13045
0.29383
-0.00370
0.07127
0.20074
0.29205
0.20870
0.21036
0.43506
-0.11070
0.37271
0.11184
0.40623
0.65800
0.00622
0.25312
0.12640
-0.37630
0.71830
0.33770
0.29510
-0.18018
0.30603
0.08541
0.71050
0.28109
0.66547
0.38919
-0.10126
0.38189
0.05687
-0.32007
0.23082
0.30361
0.35774
0.39126
0.04377
0.12114
0.29419
0.04258
-0.09275
-0.41091
0.69581
0.32892
-0.08491
-0.69337
-0.28229
0.23309
0.10522
0.11229
-0.60436
-0.44879
0.42238
-0.69698
-0.01922
0.45720
0.23265
0.18821
0.16265
-0.42855
0.34789
0.38973
0.11346
0.30367
0.05578
0.34766
0.41951
-0.10141
0.34300
-0.05153
0.28195
0.48520
0.43279
0.15511
-0.55910
0.44850
-0.42059
0.06346
0.16546
0.49069
0.32355
0.30713
0.63312
0.36201
0.38591
0.31133
0.13175
0.03307
-1.05929
0.35979
0.07060
-0.48292
0.09834
-0.66189
0.15136
-0.45016
-0.37481
0.23160
0.25956
-0.09133
-0.48821
0.27320
0.21397
0.59099
0.36850
0.38128
-0.26834
0.13777
-0.01584
0.03371
-0.58981
-0.26865
0.40229
0.33037
0.29399
-0.50567
0.47440
0.39293
0.28558
0.14520
0.15288
0.34606
0.36272
0.12258
-0.62983
-0.41317
0.31222
-0.37768
0.51208
0.40733
0.03988
-0.69037
0.15105
0.18140
0.08181
0.37360
0.23661
-0.35420
0.37094
0.01898
0.02491
-0.09521
0.22083
0.48855
0.04278
0.18610
-0.13258
0.19523
0.49322
0.29447
0.14599
0.32331
0.16816
0.19777
0.02918
-0.59946
0.34759
-0.35429
-0.51853
0.62004
-0.44708
0.26487
-0.43977
0.23866
0.05625
0.21602
0.05974
0.14986
-0.93948
-0.11844
0.23649
0.27742
0.22717
-0.03030
-0.01460
0.19777
-0.52322
-0.36828
0.11893
-0.09903
-0.35877
-0.00151
-0.67708
0.17888
0.12473
0.24725
0.28041
-0.12923
-0.14790
-0.29467
0.15252
-0.40843
0.28073
0.00843
0.11211
0.30109
-1.09225
0.19834
0.38490
-0.58109
0.42874
-0.25065
0.14540
0.22793
0.10791
-0.29372
0.25597
0.31016
0.61611
0.49832
0.23707
0.36936
0.23471
0.59709
0.53687
0.24676
-0.29268
0.30973
0.37483
-0.73652
-1.38889
0.46691
0.09294
-0.27922
0.32084
0.16596
0.26745
0.53417
0.02377
-0.03706
-0.39779
-0.22684
0.08101
0.28435
0.10475
-0.17684
-0.02069
0.42217
0.39407
-0.66547
0.32294
-0.83207
-0.42482
0.50311
0.23595
0.05307
-0.67975
-0.83610
0.24218
0.13715
0.46313
0.22761
0.35907
0.11157
0.30172
-0.52724
0.29768
0.26420
0.67447
0.10298
0.37640
-0.59135
-0.33893
0.39253
0.34063
0.33460
0.32761
0.20572
0.17597
0.14014
0.10346
0.24439
-0.02290
-0.27352
-0.02352
0.36324
0.38124
0.34299
-0.08974
0.05730
0.08337
0.20476
-0.31847
0.20530
0.27189
0.11765
-0.22142
0.15580
0.10813
0.15868
0.17855
0.23562
-0.75284
0.22436
-0.34703
-0.18730
-0.10926
0.24165
-0.22380
0.47874
-0.49784
0.02917
-0.21785
-0.25832
0.03275
-0.26122
0.30463
-0.31375
0.26389
-0.34669
-0.19142
-0.06688
0.07025
0.29078
0.38109
-0.40196
-0.64998
-0.02769
-0.59616
0.18091
0.35350
0.20727
-0.55191
0.17498
-0.33167
-0.10810
-0.14405
-0.39123
0.22160
0.52477
0.21277
-0.23192
-0.05170
0.60073
0.30317
0.39735
0.18978
-0.45458
0.33307
0.33012
0.35044
0.29592
-0.35983
-0.36493
0.34020
0.35070
0.32686
-0.36820
0.59008
0.21433
-0.61973
0.22731
0.33461
-0.19351
-0.09512
0.29753
0.81677
0.39743
0.00725
0.16500
0.28344
0.55621
0.17505
-0.33771
0.28544
0.08345
-0.05417
-0.36386
0.18304
0.24960
-0.40381
0.30152
0.36993
-0.41211
0.15822
0.27836
0.31303
0.06986
0.14811
0.14091
0.17887
0.41568
0.37722
0.17096
0.17175
0.16987
0.16179
0.17563
0.28727
0.02252
-0.04823
0.08573
-0.33586
0.07089
0.12757
0.46407
0.03915
0.07053
0.39695
0.18396
-0.08073
-0.21538
0.11448
0.16948
0.15516
0.07377
0.28716
0.14132
0.66332
-0.15343
0.16863
-0.03357
-0.06735
-0.28881
-0.64610
0.13842
0.55761
-0.02031
0.21653
0.10746
0.19857
-0.45866
0.12934
0.12851
0.09301
0.09130
0.40934
-0.28846
0.40291
0.13713
0.47558
0.09945
-0.53316
0.07525
0.36640
0.07069
0.27267
0.42765
0.37625
0.17842
0.54764
0.17638
0.16186
-0.58874
-0.16758
0.22297
0.47823
0.15199
0.20903
0.38270
0.12808
0.39811
0.51932
0.44445
0.53932
0.26826
0.20054
0.22926
-0.28394
-0.29054
0.27422
0.15323
-0.08539
0.14216
-0.47846
0.13417
0.21165
0.16684
0.14299
0.09055
-0.81463
-0.79105
-1.51888
0.26923
0.16370
-0.03951
-0.39893
0.05524
0.15936
0.22078
0.49338
0.31792
0.06648
0.16507
0.41457
0.12421
-0.62550
0.76638
-1.31261
0.26528
0.39353
0.32339
0.18827
-0.38560
0.32398
0.24977
0.18196
-0.20429
0.21660
0.09131
0.22786
0.34436
0.31166
0.46746
0.21932
0.29332
0.34770
0.07225
0.18254
-0.25061
0.49283
0.31038
-0.16731
0.34170
0.07467
-0.07633
-0.79807
-0.36519
0.02648
0.22982
-0.13094
0.16744
0.13316
0.15676
0.13655
0.11116
0.17752
0.12455
0.47206
0.39803
0.39946
0.33710
-0.56874
-1.46319
0.15559
-0.20154
0.16140
-0.20254
0.07377
0.15562
-0.16335
-0.15643
0.23244
0.19838
-0.06029
0.26542
0.12690
-0.05511
0.22562
-0.11483
0.07536
0.14543
-0.00812
0.16337
-1.04026
0.15853
-0.00501
-0.35441
0.09088
0.56328
0.04508
-0.51392
0.18814
0.13476
0.04479
0.04675
-1.02553
0.60651
0.49761
0.20726
0.25338
-0.36343
-0.75226
0.24433
0.07548
-0.81446
0.27979
0.28588
-0.42477
0.26730
0.06332
0.08599
0.32613
0.26633
-0.72257
-1.02416
-0.35337
0.21043
0.43421
0.16579
-0.56750
0.36322
-0.33011
0.25041
0.37131
0.40629
0.04342
0.24999
0.33366
0.39557
0.37880
0.17580
-0.22813
0.33238
-0.05728
-0.45690
0.53485
0.12776
0.03734
0.36502
0.13567
0.14002
0.24391
0.14134
0.14755
0.25203
-0.45165
0.47473
0.10524
-0.52555
-0.46449
0.06922
-1.02827
0.06203
0.15940
-0.40211
-0.45056
-0.27295
0.33984
-0.26493
-0.69714
-0.04972
-0.07055
0.26023
0.18669
0.16109
-0.70125
0.39731
0.15561
0.00968
0.05458
-0.33449
0.16602
0.17031
0.22508
-0.01089
0.06707
-0.01023
0.25497
-0.57654
-0.17348
-0.11543
0.38424
0.20311
0.01985
0.25676
-0.28384
0.59132
0.36089
0.50922
0.66089
0.24107
0.25690
0.34408
0.27347
0.21995
-0.01674
0.03227
0.42809
-0.05241
0.22172
0.11206
0.36442
0.40714
-0.77195
0.11289
0.18482
-0.29773
-0.02257
0.31707
0.12897
0.39750
0.32879
0.09842
0.66555
0.59704
0.07911
0.31302
0.05514
0.24462
0.06928
0.01467
-1.34099
0.39646
0.16033
-0.11723
-0.26355
0.17646
-0.21112
0.49813
-0.30729
0.17441
-0.10486
0.34106
0.25680
0.37076
0.21892
-0.94488
0.10903
-0.24367
0.12359
-0.02460
-0.60625
0.16838
0.05936
-0.17390
0.57397
-0.88720
0.27913
-0.67025
0.13317
-0.49620
0.11017
0.11640
-0.01045
0.07910
-1.38559
-1.56547
0.19773
0.20373
-0.18194
0.20188
-0.26791
0.17662
-0.34361
0.11795
0.14807
-0.59939
-0.03826
0.04886
0.13648
-0.37690
-0.12515
0.18731
0.14577
0.24936
0.07774
0.04145
-0.28160
-0.39696
0.22439
0.01104
-0.91319
-0.28004
0.24617
0.03187
0.42576
-0.34126
-0.46435
-0.46320
0.41391
0.33911
0.18788
0.08563
-0.86274
-0.34390
-1.35989
0.14596
0.17325
0.10562
0.13501
0.57934
-0.34899
0.23999
0.46947
0.16532
0.51288
-0.00756
0.41857
-0.17779
0.39186
0.71079
0.16180
-0.63696
0.29244
0.24902
-0.37081
0.06059
-0.40336
0.11520
0.14622
0.40538
0.63417
-0.47922
-0.56348
0.25701
0.29885
0.35991
-0.18236
0.02179
0.43847
0.20844
-0.01919
0.33291
0.01096
-0.93966
-0.09118
0.79236
-0.01977
-1.10144
-0.33605
0.20599
0.05906
0.60382
-0.24108
0.15828
0.15068
-0.41514
-0.08375
0.08974
0.13068
-0.20094
-0.22611
0.61438
0.37414
0.33891
0.62014
0.03723
0.00626
-0.73189
0.08934
0.00410
0.44020
0.50872
0.05812
0.09172
-0.01002
0.34297
0.78592
-0.53945
-0.40728
-0.01184
0.34645
0.28094
-0.54508
-0.60115
0.54860
0.17551
-0.04621
-0.39076
0.24599
-0.50059
-0.02931
0.06552
0.25895
0.13259
-0.29075
-0.00345
0.00866
0.04775
0.60715
0.16479
-0.04477
-0.00420
-0.31728
0.29173
-0.25682
0.24083
0.01730
0.29094
0.44518
0.12183
0.22284
-0.73264
0.12092
0.06925
0.41035
-0.96334
0.23354
-0.45539
0.13136
0.38851
0.01900
0.07243
0.06858
0.34421
0.01942
-0.01427
0.28203
-0.01754
0.33871
0.16736
0.24549
0.36186
0.39679
0.17336
0.06810
0.21655
-0.68293
0.14679
0.21147
-0.22395
0.10085
-0.19344
-0.00805
-0.18231
-0.00065
0.06335
0.10458
-0.86345
0.32671
-0.80334
-0.08891
0.08407
-1.06385
0.04033
0.22855
0.40842
-0.07787
-0.51094
0.28441
-0.12747
0.12239
0.28512
0.16105
0.17983
0.33633
0.41849
-0.16903
0.10902
0.21817
0.15820
0.36884
0.34259
0.31268
0.10803
-0.31412
0.44391
-0.26021
0.31229
-0.12176
0.11328
-0.95660
0.18212
0.01000
0.44999
0.01110
0.11809
-0.30728
-0.44203
-0.33481
0.11899
-0.67382
0.08916
-0.14853
0.40265
-0.74581
0.09594
-0.70342
0.12623
0.74004
-0.07814
0.15491
0.30769
0.02315
0.26217
0.28319
0.27023
-0.17245
0.46308
0.28378
-0.05994
-0.29828
-0.02514
0.51180
0.15463
-0.30953
0.02988
0.29075
0.05354
-0.54830
0.20596
-0.63264
-0.11787
-0.06647
-0.31695
0.32686
0.07174
0.22027
-0.25273
0.37136
0.24167
0.20563
-0.33596
-0.35955
0.27186
-0.67508
0.54789
0.05027
0.13953
-0.02988
0.18638
0.36046
-0.50002
-0.16269
-0.21761
0.70007
0.08940
-0.11903
0.12283
0.04687
-1.00023
0.03504
-0.21090
-0.00495
-0.01762
0.17119
-0.01556
0.00281
-0.46497
-0.66439
0.05991
0.18101
-0.14994
0.18248
0.34473
0.14285
-0.14697
0.35736
0.38181
0.06169
0.73451
-0.18914
0.12082
0.01334
0.06000
0.39348
-0.61910
0.13982
0.01121
0.11849
0.12607
-0.40933
0.00458
-0.96202
0.17990
0.08737
0.01123
-0.17987
0.10408
-0.35961
0.27103
-0.45741
0.34520
0.35690
0.57156
0.45064
-0.01508
0.19461
-0.19811
-0.35964
0.33462
0.06580
0.19009
0.53973
0.23406
0.45998
-0.05622
0.39962
0.20834
-0.31374
-1.37102
-0.39243
0.52502
0.36596
0.19346
0.61640
0.14395
0.15674
0.00608
0.23296
0.30596
-0.00578
0.15106
0.00835
-0.03740
0.30050
0.69968
0.41099
0.21864
0.11481
0.65721
0.32930
0.42408
-0.02510
0.11072
-0.07661
0.45533
-0.37910
0.02547
0.37008
0.27090
-0.17844
0.03130
-0.30340
0.19924
0.13616
0.31996
0.15833
0.15067
-0.89146
0.51242
0.32347
-0.13720
0.45254
-0.03722
0.13823
0.23837
0.11829
-0.13306
0.03782
-0.72127
0.61147
0.25852
-0.25949
-0.28183
0.21478
-0.11809
0.13257
0.30665
0.01180
0.50320
-0.05481
0.47289
0.36477
0.57018
0.28920
0.27188
0.11174
-0.39396
0.33122
0.33479
0.12905
0.14717
-0.66793
0.30413
0.10469
0.26424
-0.15078
0.04400
-0.20205
-0.11857
0.34758
0.68795
0.13697
0.00080
-0.07322
0.09965
0.77703
-0.19869
-0.36590
0.19555
-0.32881
0.46585
-0.14928
0.28515
-1.21918
0.63209
-0.31181
0.01320
0.10197
-0.32942
-0.15053
0.30128
-1.23864
0.01641
0.17623
-0.32876
-0.23853
0.17055
0.35533
0.12675
0.39400
0.24520
0.55055
-0.87214
0.33890
-0.31748
0.12688
-0.25833
0.10675
-0.74546
0.02830
0.27831
-0.36767
0.07024
0.03864
-0.23696
-0.27435
-0.12871
0.22556
-0.46276
-0.01829
-0.91228
0.05847
-0.10072
0.36596
0.31345
-0.11117
0.01273
0.53434
-0.37342
0.00595
0.63665
0.07263
0.09781
-1.02173
0.55031
0.21563
-0.91723
-0.32044
0.14475
-0.38884
-0.26039
0.35619
0.01698
0.39577
-0.77324
0.30040
-0.57244
0.09801
0.24935
0.06007
0.12788
0.06711
-0.20713
-0.33658
0.16554
-0.45538
-0.30769
0.07356
0.33680
0.18626
0.06739
0.37879
-0.04972
-0.19938
0.26086
-0.80187
-0.42814
0.08357
-0.02697
0.11161
0.28381
-0.59279
-0.56772
0.36246
0.30830
0.46070
0.06545
0.28945
-0.32188
0.15099
-0.35507
-1.03567
-0.70539
0.45552
0.15131
-0.61196
0.45100
-0.32318
-0.37276
-0.41445
-0.00962
-0.35259
-0.12179
0.27073
0.21945
0.45083
-1.20114
0.22956
0.15133
0.40795
0.47442
-0.27713
0.08390
0.25936
-0.50025
-0.05520
-0.67660
0.00472
0.22929
0.52437
-0.55650
-1.25876
-1.26818
-0.25111
-0.43274
0.74288
0.24765
0.48814
-0.14542
-0.19149
-0.98999
0.15140
0.36676
0.21668
-0.12095
-0.24767
-0.22249
0.14269
0.28813
0.41804
0.33367
-0.12097
-0.11596
-0.51779
-0.33583
0.25945
0.13181
0.00736
0.34123
0.20087
0.03730
0.06951
0.27773
-0.50208
-0.39975
0.45651
-0.73339
-0.17754
0.34997
0.38068
-0.23194
0.27607
-0.03972
0.16918
0.36883
0.20626
0.05403
0.37611
0.31040
-0.60122
0.17684
0.12270
-0.63866
0.22981
-0.52164
-0.32815
0.35202
0.05687
-0.41259
-0.46529
-0.06372
0.03378
0.41050
-0.31958
-0.03933
-0.39597
0.60344
0.12694
-1.51955
0.21901
0.09684
0.33077
0.12669
-0.09547
-0.42261
0.40690
0.17451
-0.70373
-0.49030
0.24412
-0.55194
0.16259
-0.09971
-0.10633
-0.38779
0.33523
0.38598
-0.06416
-0.75278
0.22462
0.29997
0.14807
0.37361
0.13143
0.25051
0.31804
0.26435
-0.34925
-0.71213
0.59442
0.05393
0.12441
-0.73200
0.11556
0.23491
-0.54530
-0.19740
-0.66478
0.33778
0.27057
0.36633
0.19548
-0.24469
0.01462
-0.42425
0.22216
-0.31437
0.40531
0.02686
0.37891
-0.30328
-0.02954
-0.38888
0.27308
0.06386
0.29431
0.41853
0.40546
-0.37325
0.57819
0.19503
0.24029
-0.27076
0.27032
-0.41640
-0.34904
0.05917
0.41003
0.24071
0.31486
0.25511
0.40059
0.07488
-0.93984
0.00049
0.06006
0.13656
-0.60032
0.07115
0.14750
-0.04159
0.29268
0.24752
0.52261
0.56499
-0.88413
-1.18297
0.39094
0.19971
0.41657
0.16858
0.13413
0.29065
-0.05476
0.45251
0.00672
-0.13279
-0.19955
0.09961
0.21951
-0.67919
0.21312
0.34954
0.15234
0.10129
0.45014
-0.26674
-0.01977
0.47303
0.46929
-0.00716
0.18926
0.42134
0.00032
0.23410
0.25824
0.40861
-0.48728
0.13344
-0.08301
0.45182
-0.05022
0.25465
0.25424
-0.05526
-0.40227
0.14427
0.59550
0.04170
-0.00223
-0.81501
-0.26661
-0.48963
0.10233
0.56430
0.51735
-0.30300
0.49125
-0.74862
-0.17971
-0.07195
0.33759
0.38044
-0.63163
0.28618
0.45561
-0.67730
-0.97441
-0.15221
0.66162
-0.13655
0.31011
-0.69009
0.26869
0.11053
-0.76165
-0.13717
-0.23199
-0.44388
0.15035
-0.14304
0.22171
-0.12359
0.29794
0.31410
-0.15720
-0.53269
0.44962
0.29133
0.37760
0.05646
-0.34772
-0.26335
0.41879
0.12498
0.07065
0.05242
-0.03041
0.34087
0.52122
-1.15277
0.23897
-0.17161
0.08492
-0.07509
0.13069
0.10292
0.09414
0.08770
-0.37030
0.00120
-0.60092
-0.06701
0.32973
0.09671
0.15479
-0.71267
0.22532
0.27356
0.35663
-0.28778
-0.11095
-0.27626
0.18850
0.15938
0.08616
0.01726
-0.03547
-0.20334
-0.19346
-0.31174
-0.82188
0.97731
0.03804
-0.33902
-1.50377
0.19335
0.13147
0.09598
-0.27986
-0.21588
-0.21785
-0.05206
0.09768
-1.09982
0.11834
0.08080
0.08229
0.49350
0.15787
0.17082
0.58468
0.18895
0.15481
-1.15433
-0.10279
-1.11856
0.14392
-0.11394
0.14140
-0.65895
0.41394
-0.79937
-0.08923
0.27631
0.23898
0.07534
-0.78529
0.33524
-0.70352
-0.37227
-0.52942
0.08070
0.08621
0.39960
0.26685
0.07565
-0.46344
0.30707
-0.14349
0.07794
0.04729
0.14830
0.25831
0.22787
-0.36123
-0.30420
-0.20945
0.23559
0.04672
0.13957
-0.24985
-1.06417
0.17323
0.22888
0.35136
0.09773
-1.09324
-0.12135
-0.34597
-0.96748
-0.30478
0.14916
-0.37715
-0.17483
-0.53765
-0.63884
-0.97247
0.03726
-1.10698
0.14000
-0.32341
0.14048
0.47162
-0.37182
0.22766
-0.12703
-0.45882
-0.76055
0.40576
0.04575
-0.39937
0.22812
0.04400
-0.13504
-0.32303
0.45870
0.26131
0.04593
-0.51934
-0.32420
0.16628
-0.89113
0.49300
-0.19951
0.25313
-0.21018
0.10278
0.11366
-0.59011
0.69508
0.04261
0.36749
0.40925
0.32589
0.85003
0.28184
0.35145
0.09887
0.16557
0.30990
-0.80089
0.05573
-0.23192
-0.61362
0.19018
0.08616
0.16995
-0.40289
0.18757
0.30410
0.37219
-0.37491
0.47043
-0.24670
0.14075
0.29488
-0.13217
-0.29698
0.45706
0.18982
0.48886
0.11799
0.04579
-0.11130
0.04425
-0.50172
0.25430
0.24377
0.13427
0.02693
-0.03933
0.58786
0.08690
0.37525
0.37078
-0.22023
0.16977
0.20336
-0.36737
-0.09091
0.00499
-0.06814
-0.35428
-0.28792
-0.11443
0.11768
-0.42258
0.31331
-0.05929
-0.19507
-0.67815
0.35472
0.06566
0.03382
0.34786
-0.41844
-0.20818
-0.36598
0.39604
0.27934
0.23731
0.26420
0.13181
0.09343
0.21605
0.08912
-0.49837
-0.77033
0.08362
-0.17971
0.21274
0.13981
-0.36147
0.10816
-0.03013
-0.67385
0.14720
-0.03194
0.37055
0.02171
-0.04539
-0.55018
-0.03063
0.04647
0.15054
0.19102
-0.06726
-0.18101
-0.09051
-0.72264
0.11067
-0.40865
0.16742
-0.47127
0.11605
-0.18762
0.30441
-0.27678
0.27789
0.26630
-0.22063
0.30866
-0.01760
0.29173
-0.10719
-0.37901
-0.54848
0.21174
-1.24904
0.55186
0.12184
-0.86149
0.41940
0.77730
-0.59597
0.25407
0.23664
-0.03664
0.02518
0.19497
-0.47388
-0.03775
0.01653
0.30035
0.79707
-0.60633
0.06833
-0.09684
0.18520
0.13321
-0.23115
-0.98630
-0.74834
0.21464
-1.62694
-0.70991
0.38496
0.05568
-0.30385
-0.95529
0.05509
0.01122
-0.03582
0.22649
-0.10610
-0.72408
0.25245
-1.31760
-0.28091
-0.66382
-0.20536
0.05783
-0.90378
0.30940
-0.76575
-1.19819
-0.26651
0.12411
0.46063
0.31179
0.30252
-0.73511
0.25163
-0.26917
0.13621
0.21414
0.07068
0.41995
0.01063
0.58275
-0.08626
-0.59394
-1.07139
-0.97157
-0.37109
0.18354
0.21904
0.17672
-0.23593
-0.57772
0.06892
-0.10276
0.35964
-0.06794
0.17347
0.13923
0.07913
-0.16198
0.66870
-0.24882
-0.00125
0.16244
-0.33419
0.56892
0.39789
0.10150
0.19284
-0.55013
0.38225
0.52154
0.12165
-0.01390
0.28954
-1.02535
-0.32495
0.69043
0.16032
-0.06214
-0.48723
-1.60307
0.51222
0.18163
0.20106
0.08826
0.12374
-0.22278
-0.26971
-0.25048
0.26086
-0.78981
0.50008
0.40639
0.44158
-0.72317
-0.31683
0.45260
-0.17158
0.08637
0.15537
-0.73203
0.43804
-0.62268
-0.07533
-0.06331
-1.02342
0.10469
0.03633
0.27264
0.19266
0.29766
0.23655
0.22676
-0.47473
-0.00182
0.32565
0.09632
-0.75687
0.19803
0.11858
0.04392
-0.77483
0.19325
-0.29433
0.27886
0.40972
0.25883
0.46826
-0.42479
0.16247
0.34458
-0.17379
0.07227
0.20150
0.09718
0.23970
-0.23808
0.07174
0.08114
0.23407
-0.38934
0.24600
0.12814
-0.05691
-0.05705
0.45666
-0.10458
-1.06910
0.04874
0.26007
0.19681
0.27675
-0.31017
0.16466
0.11970
0.69209
0.31701
0.15136
0.21079
0.33926
-0.03140
0.15407
0.18669
-0.00274
-0.03005
-0.16330
0.15893
0.01592
0.04044
-1.06152
0.38605
-0.75768
-0.85362
0.03298
-0.92246
0.25197
0.08861
-0.55873
0.48673
0.13188
-0.25055
0.14042
0.30466
-0.04283
-0.44051
0.21264
0.51799
0.12334
-0.07375
-1.25856
0.12363
0.28373
-0.57745
-0.28429
0.50121
0.67970
-0.43919
0.14333
-0.19724
-0.91309
0.32702
0.41343
-0.52525
-1.04878
-0.55838
-0.01450
-0.32576
-0.26006
-0.43311
-0.28767
-0.03878
-0.66375
-0.15866
-0.24553
0.13240
-0.62146
0.05036
0.35338
0.15408
0.16313
0.11650
-0.85956
-1.03970
-0.64904
0.36486
-0.34913
-0.73485
-0.27002
0.23649
-0.01381
-0.22851
-0.19341
0.12484
0.10230
0.11183
-0.10518
-0.78926
0.26839
0.26765
-0.07560
0.32556
0.01326
-0.00644
0.06098
-0.59937
0.22722
0.15109
-1.01028
0.03065
0.18772
0.14472
0.24639
0.03850
0.19838
0.13471
0.04382
0.02455
0.15334
-0.59452
0.26846
-0.03968
0.06288
0.08652
0.28896
0.21308
0.11495
0.25315
-0.99981
0.00656
0.31821
-0.11658
0.11028
0.25297
-0.03289
0.47457
0.17193
-0.85653
0.03007
0.27076
-0.33147
0.06400
-0.07703
-0.11066
-0.89501
0.09428
0.28372
0.63262
-1.14365
0.05039
0.05805
0.09479
0.19306
-0.39914
-0.40891
0.09962
0.16705
0.34498
-0.25280
-1.16439
-0.07223
-0.22235
-0.26743
0.64729
0.10832
-0.06257
-0.14417
-0.54664
0.19378
0.35471
-0.42228
-0.18059
-0.27249
0.25401
0.53238
0.09527
-0.61290
-1.43911
0.27161
-0.30778
-0.05081
-0.13667
0.26451
-0.21596
-0.13912
0.42706
0.40577
0.02387
-0.29215
0.12467
-0.38509
0.64452
0.22435
0.03566
-1.27439
0.12818
0.13140
0.61714
-0.15651
0.32661
0.39715
0.08161
0.46670
-0.22941
-0.92208
-0.51040
0.12119
0.38021
0.00816
0.37545
0.18651
-0.03954
-0.96297
0.20799
0.20534
-1.07501
0.51506
0.12838
0.11215
0.08548
0.42818
0.30221
0.09960
-0.36297
0.10286
-0.01835
0.58597
0.74447
-0.21854
0.38187
0.09542
-0.23882
-1.04664
0.16533
-0.09532
0.15338
-0.02511
-0.03348
0.37165
-0.89130
0.09972
0.24716
-0.01424
-0.43407
0.01763
-0.35701
-0.34751
0.13455
-0.04931
0.25445
0.21067
0.36367
0.21221
-0.68863
-0.18943
-1.68800
0.37491
0.12184
0.33858
0.51778
-0.78163
0.04966
0.77901
-0.35694
0.31074
0.08524
0.55253
-0.01682
0.31355
-0.14199
-0.02472
-0.40853
0.31665
-0.78194
0.30294
0.18401
-0.02861
0.26617
-0.13760
0.21677
0.07942
0.31556
-0.36512
0.29806
-0.05289
-0.01596
0.37063
-0.06467
0.02771
-0.59856
-0.27957
0.25918
0.30190
0.20577
0.05472
-0.20946
-0.14635
0.35442
0.36116
-1.18851
0.21759
-0.96096
0.24938
0.41477
0.15258
-0.62120
-0.36260
-0.61185
0.27517
0.02726
-0.28918
-0.10907
-0.05501
-0.23313
-0.77850
-1.35890
-0.15256
-0.44697
-0.54433
0.04196
-0.91461
0.26831
0.00261
0.07778
0.19170
0.65733
0.45431
-1.27860
-0.76394
-0.05007
0.10522
0.27165
-0.68692
-0.30725
0.39695
0.55292
0.26578
-0.73602
0.21696
0.20206
0.17284
0.30677
0.36605
-0.03007
0.21127
0.15667
-0.08169
0.17378
-0.55233
0.11120
-0.16540
0.02747
0.35725
-0.35197
-0.37808
0.25022
0.27515
0.41214
0.06541
0.02987
0.34979
-0.12466
-0.03715
0.03832
0.28367
0.28714
0.08995
-0.10801
-0.54419
-0.57445
-0.02101
0.04288
-0.25291
-1.12670
-0.19565
0.05901
0.08621
0.17058
0.07930
0.27680
-0.82943
-0.50776
-0.01537
-0.38588
0.12496
-0.32552
-0.55855
-0.43656
0.18581
-0.10295
0.23991
0.13155
0.09851
0.40578
0.05626
-0.31293
0.26934
-0.05936
-0.01883
0.26795
0.67760
0.13305
-0.01664
-0.32510
0.43918
-0.87434
0.12468
0.10775
0.10400
0.28021
0.45736
-0.39307
0.06807
0.14808
-0.07987
-0.21527
-0.00300
0.72768
-0.29015
0.54054
0.24882
0.16472
-0.19555
0.27052
0.09896
-0.34164
-0.93428
-0.09855
-0.46238
0.30628
0.07217
0.01952
-1.10279
0.16732
0.20349
-0.03734
0.17141
-0.10150
0.15098
-0.41395
0.06921
0.05412
-0.65964
0.00935
-0.90035
0.25335
-0.01033
0.36972
0.44201
0.00846
0.00315
0.28892
-0.39996
-0.56477
0.28061
0.24064
0.13068
-0.00089
0.68337
-0.27706
0.07314
0.15314
0.24459
0.16875
0.07053
0.45906
-0.17185
0.51020
0.13634
-0.57662
-0.20786
-0.35416
-0.32898
0.42165
-0.60954
0.33953
-0.20838
0.04669
-0.53920
0.28485
-0.23263
0.27157
0.23480
0.00196
-0.29603
0.15706
0.57978
-1.65832
0.08533
-0.19934
0.28117
0.23013
0.05415
-0.39969
-0.25943
0.47568
-0.32647
0.04093
-0.77125
-0.23192
-0.47325
0.09598
-1.52416
-0.47869
-0.31355
-0.04243
-0.22540
0.18848
0.20841
-0.59957
0.44655
0.49391
-0.04471
-0.35364
0.22588
0.22107
-0.22112
-0.50749
0.31780
-0.15519
-0.06920
-0.10143
-0.01097
-0.51422
-0.65891
-0.44723
0.21767
0.07624
0.63984
-0.67358
-0.71355
0.45400
0.19037
-0.19400
0.46573
-0.82301
0.39462
0.01477
-0.36042
-0.55938
0.18956
-0.11718
-0.34520
0.02761
0.07661
0.26969
0.06735
0.09196
0.08164
-0.13098
-1.03791
0.09552
0.59841
-0.47893
-0.02568
0.51616
0.78417
0.33640
-0.22243
-0.67144
0.12762
-0.09615
-0.32141
0.40666
-0.04389
0.14387
0.22318
0.07411
0.13164
0.25766
0.07567
0.20569
0.33768
-0.83068
0.19042
-0.26572
-0.15046
-0.46199
0.17921
0.00807
0.10933
-0.85918
-0.08624
-0.16616
0.13647
0.01801
0.45117
0.32048
0.16645
-0.48420
-0.64072
-0.71134
0.54116
-0.07661
0.03624
0.10777
-1.04892
0.24389
-0.53314
0.17206
0.30007
0.03462
0.56636
0.21517
-0.88076
-0.12686
-0.01219
-0.64348
-0.91976
-0.23063
-0.07009
0.37554
-0.33687
-0.97445
-0.73104
-0.14221
0.24244
-1.25605
0.12908
-0.29655
0.13354
-0.27858
-0.04253
0.19178
0.19842
-0.35950
-0.01176
-0.15088
0.35654
-0.02015
0.05944
-0.37656
-0.75755
0.50037
0.40072
0.22376
-0.26284
-0.12595
-0.06188
0.14150
0.35545
0.03492
0.33376
0.50880
-0.02044
-0.84322
-0.60832
0.29776
-0.85242
-0.16364
-0.42435
0.79575
0.57148
0.41392
0.33119
-0.31677
-1.04728
0.34477
0.16081
-0.47610
0.10724
0.34118
0.23527
0.65152
0.02864
0.45232
-0.31904
-0.89343
0.08237
0.16953
0.14885
-0.59423
-0.08650
-0.28401
-0.01317
0.16021
-0.33196
0.35819
-1.04702
0.02691
-0.65814
0.06595
0.08547
-0.46775
0.10276
0.21902
-0.09962
0.07760
-0.72696
0.52024
-0.53155
0.63401
0.10774
-0.37058
0.13287
0.08488
-0.03797
0.12560
-0.04836
0.13327
-0.40079
0.05246
-0.28961
0.15426
-0.09247
-0.43759
-0.59643
-0.27094
0.34349
0.32896
0.14874
0.03421
-0.31521
-0.07666
-0.01797
-0.09506
0.28557
0.42822
-0.18090
-0.33976
-0.28264
0.14489
0.59861
0.50675
0.60171
-0.45172
-0.25918
-0.54309
0.30041
-0.67028
0.34517
-0.00181
-0.54749
-0.35437
0.50266
-0.54010
-0.41518
0.16722
-0.47341
0.19381
0.32682
0.14495
-0.30040
0.43793
0.14261
-0.13961
0.16508
0.16333
-0.11167
-0.21839
0.44232
-0.33073
-0.46123
-0.05790
-0.28852
-0.19184
0.34770
-0.31372
-0.43260
0.06722
-0.25409
-1.18435
-0.17055
0.03616
0.05653
-0.27249
0.17855
0.12861
0.05679
0.06479
0.02562
0.13977
0.32538
0.40416
-1.06488
0.23480
-1.96897
0.53739
0.01344
0.18328
0.16923
-0.11692
0.21325
0.11001
0.14118
0.01784
0.25700
-0.28835
-0.06448
-0.32919
-0.04065
0.19275
0.14707
0.64511
0.22598
0.52384
0.01960
-0.05466
0.36814
0.22086
0.05984
-0.47386
0.03823
-0.20575
-0.00915
-0.65285
0.37796
0.22085
-0.38882
0.02999
0.32837
-0.03239
-0.88519
0.22638
0.28389
-0.11107
0.30195
-0.09784
-0.05525
0.28057
-0.72578
-0.28922
-0.39601
-0.14235
0.16373
0.21574
0.23866
0.15262
1.01588
-0.27618
-0.40499
0.16088
-0.10644
-0.56464
0.05670
-1.14148
-0.04557
0.43757
-0.69259
0.06482
0.63620
0.16974
-0.38497
-0.06056
-0.05881
0.29194
0.18868
0.14341
-0.05973
0.50822
0.44308
0.25535
0.17634
-0.21775
0.13722
0.41497
0.08777
-0.84460
0.16113
0.18403
0.02243
0.22781
0.29302
0.16759
0.11072
0.66546
-0.66707
-0.20409
0.67634
0.13109
0.43402
-0.76918
-0.24161
-0.14751
0.16741
0.64795
0.15715
-0.05564
-1.36047
0.34936
0.03141
-0.23010
-0.30817
-1.34045
-0.66338
0.70701
-0.34678
0.39426
0.09777
0.62655
-0.25929
0.09986
0.16614
-0.13754
-0.47819
0.10072
0.39911
0.19086
0.40773
0.06686
0.46983
0.21536
-0.09286
0.60361
0.11988
-0.37901
0.12344
0.15715
-0.46864
0.50752
0.13855
-0.38370
0.03367
0.12582
0.03713
-0.48424
0.14803
-0.01513
-0.20466
0.54750
-0.99154
-0.03331
0.30120
0.68006
-0.72839
-0.28541
-0.80902
-1.08069
0.15934
0.33932
-0.02879
-0.63996
0.21119
0.10766
-0.67050
0.13877
-0.62209
0.65180
-0.22974
0.55971
-1.19355
0.22470
-0.34446
0.02124
0.17062
0.57579
-0.05966
0.16301
-0.09098
0.23992
-0.39097
0.03078
-0.21278
-0.31512
0.04478
0.15376
0.23360
-0.65138
0.29902
-0.02541
0.25646
-0.39207
-0.98679
-0.69378
-0.07858
0.02407
-0.36890
-0.01256
-0.62315
0.16750
0.35010
-0.12560
0.09793
-0.35798
0.08998
0.27626
0.12150
0.09651
0.14231
0.11493
0.02982
0.34964
0.24784
-0.00026
-0.14252
-0.02326
0.40804
0.25797
0.26068
0.31126
-0.03323
0.29600
0.38462
0.10871
-0.70491
0.36466
-0.05329
0.08996
0.10070
0.00116
-0.28452
0.11936
0.44833
-0.16235
-0.82235
-0.42834
-0.08316
0.22318
0.03310
0.13146
-0.08222
0.20952
-0.45348
0.14602
0.32829
-0.08847
-0.48594
-1.37988
-0.18206
0.04727
0.73555
0.04697
-0.23142
-0.21470
-0.01555
-0.00020
0.19929
0.05497
-0.77322
0.11312
0.07741
0.26734
0.16725
-0.08933
0.00966
-0.64479
0.55204
0.48930
0.47725
0.04615
-0.25062
0.15211
0.03889
0.05093
-0.24354
0.65954
-0.90109
0.02864
0.34841
0.06662
0.16775
-0.21326
0.31144
0.32423
0.23681
-0.22946
0.17798
-1.12111
0.10362
0.24336
0.25369
0.00280
0.03511
0.22222
-0.29583
0.28075
0.13486
0.23052
0.08111
0.09121
-0.22851
0.26375
-1.10242
0.01545
0.20548
0.39479
-0.21351
0.09272
0.06184
-0.00269
-0.45417
-0.52026
-0.01695
0.14894
0.12554
-0.22847
-0.18762
0.04185
0.26869
0.17528
0.27569
0.11716
0.11439
0.08894
0.24111
0.05483
-0.55129
0.06649
0.00393
-0.39740
0.04617
-0.02258
0.03028
-0.71701
0.26895
0.11912
0.54057
0.32793
0.14863
-0.74476
0.12792
-0.70224
0.14531
-0.03882
-0.17038
0.39425
0.04552
0.08117
0.35077
-0.89611
0.27467
-0.55849
0.44180
0.01897
0.77712
0.04353
0.06386
0.44613
0.11999
0.33578
-0.35350
-0.24619
0.33919
-1.40111
0.21240
0.61931
0.45448
0.19480
0.07949
0.09902
0.17702
-0.50962
0.65663
-0.18423
-0.72738
-0.01976
0.29675
0.22729
-0.50730
0.16442
0.33328
0.13587
0.18884
-0.17997
-0.06441
-0.11564
0.34621
0.25755
0.33725
-0.05974
0.03463
0.07090
-0.33238
-0.40044
-1.08226
0.12191
-0.05876
0.06270
-0.09747
-0.31128
0.07902
0.25128
0.16923
-0.27511
0.07756
0.04742
-0.35306
0.29094
-0.27656
0.03932
0.06830
0.09878
0.35214
0.09429
-0.42342
0.17729
0.69054
-0.25925
0.49530
-0.82191
0.09743
0.30163
0.43898
0.09712
-0.22864
-0.28553
-0.62802
-0.17560
0.19827
0.07405
-0.07986
0.04246
-0.10171
0.11326
0.36576
0.39116
0.17694
0.04390
-0.64959
0.09268
0.29516
0.07962
0.10206
-0.71624
-1.28311
0.11946
0.30539
-0.09494
-0.39339
-0.18390
0.46679
0.12424
-0.07934
-0.10378
0.35642
0.24773
0.07811
-0.03895
0.47203
-1.20842
-0.04447
-0.56400
-0.62993
-0.18377
-0.08414
0.13973
-0.54313
-0.65889
0.09443
0.04948
-0.75060
-0.25334
0.20158
-0.00791
-0.54161
0.58190
-0.59258
0.39802
-0.02263
0.17753
-0.74087
0.07830
-0.02123
0.26835
0.52113
-0.43946
0.44497
0.23092
0.25121
0.08285
0.07488
0.29448
0.72830
-0.01979
0.03824
-0.58779
0.24616
0.38633
-0.50277
0.01571
0.06443
-1.04028
0.04001
0.00655
0.36480
-0.29503
-0.76862
-0.18317
-0.00086
0.22019
0.57384
0.64680
0.10288
0.33906
-0.31878
0.43432
-0.63478
-0.00967
0.01481
-0.66204
-1.17411
-0.18919
0.37200
-0.46564
0.19976
-0.01437
0.04087
0.13887
0.73747
-0.26034
-0.58012
-0.00520
0.08248
0.06179
-0.24456
-0.26272
0.10557
-0.14163
0.00683
-0.02199
0.14439
0.19936
0.63259
-0.32855
-0.98085
0.09243
0.04152
-0.07483
0.00458
0.08025
0.64136
0.24078
-0.68749
-0.10965
0.13809
0.01468
-0.24112
-0.29415
0.02596
0.28355
0.00672
0.14459
0.03670
-0.23004
-0.03765
0.17069
0.10177
0.31064
-0.73943
0.14280
-0.12388
-0.18388
0.26719
-0.10293
-0.77928
0.03003
0.18227
0.22824
-0.00720
-0.09320
0.07262
0.00380
-1.28491
0.01464
-0.74999
0.05814
-0.26598
-0.04945
0.09420
-0.60324
0.04014
0.47711
0.38943
-0.60267
0.22556
-0.25568
-0.02938
0.13714
0.11416
0.15957
0.25594
0.34934
0.30600
0.15542
-0.41327
0.02073
0.26040
-0.67381
0.10710
-0.49056
0.13179
-1.26559
0.38320
0.46579
0.18841
0.07895
-0.40160
0.35528
0.13313
0.13393
0.02346
0.35328
0.02848
0.17998
0.38104
0.17412
0.39706
0.11659
0.08863
0.10894
0.24960
0.10748
-0.40293
0.14842
-0.24734
0.05210
-0.21917
-0.01237
0.00247
-0.31574
0.24877
-0.34509
0.65665
0.05873
0.12290
0.21115
0.42686
0.07114
-0.58087
-0.06878
0.08948
0.36036
0.04195
0.26588
0.19201
-1.07617
0.07967
0.01686
0.12462
0.24695
-0.25388
-0.40520
0.11529
0.40271
0.06234
-0.12664
0.05474
0.33283
0.33005
0.30249
0.14315
-0.54224
-0.11540
0.11315
0.43517
-0.32703
-1.16178
0.11674
-0.45189
0.03713
0.14232
0.20573
0.36301
0.12817
0.06659
0.07680
0.37953
0.14458
0.07738
0.17046
0.34476
0.38091
0.40515
0.05740
0.08048
0.06312
