0.16913
0.26153
-0.48628
-0.20588
-0.01675
0.19107
-0.14671
-0.03141
0.00460
-0.06283
-0.21366
-0.66172
-0.28236
0.08949
0.11894
0.01547
0.19216
0.27004
0.19151
0.01795
0.18487
-0.95804
0.13007
-0.77298
0.14006
0.26103
0.16258
-0.23081
0.24023
-0.10134
0.04612
-0.35478
-0.17374
-0.09815
-0.00548
0.20931
-0.13435
0.05224
-0.11586
0.16527
-1.34800
0.05342
-0.18038
-0.51226
-0.12733
0.12738
0.18215
-0.37352
0.27544
0.08162
-0.01792
-0.39374
0.20208
-0.30758
-1.11149
-0.33136
-0.02927
0.04955
-0.05058
-0.23390
0.13523
0.01090
0.06585
0.08091
0.06637
-0.01333
0.05056
-0.03194
0.14201
-0.24229
0.22989
0.12175
0.14839
0.11090
-0.37527
0.20759
0.15490
-0.09597
-0.25585
0.03915
-0.05344
0.12631
-0.02420
-0.02880
0.03908
-0.16866
-0.13231
0.18915
-0.48343
-0.03303
-0.71861
-0.98386
0.56718
-0.16659
0.01382
-0.07492
-0.24891
-0.05395
0.10131
-0.64789
0.09752
-0.18680
0.01017
0.09887
-0.04207
0.11187
-0.18950
-0.15623
0.04146
-0.07150
0.24633
-0.45608
-0.36687
0.06595
-0.21114
-0.71284
0.10248
-0.15321
0.19105
0.08629
0.13308
0.12921
-0.31847
0.16921
-0.30399
-0.18459
0.08116
0.04766
0.05493
-0.37666
-0.18737
-0.06671
-0.43908
0.01167
-0.59926
0.06548
0.18044
0.24288
-0.11797
-0.31204
-0.39050
-0.35403
-0.21002
0.02097
0.15422
0.19873
0.17003
0.32987
0.18034
-0.10308
-0.49163
-0.12779
0.02015
-0.32718
0.07812
0.14003
-0.78533
0.07590
0.14216
-0.25881
-0.20198
-0.01201
-0.18262
-0.47162
-0.10103
-0.66191
0.23331
0.13937
0.15894
0.20332
0.06647
0.08821
0.15779
0.06616
-0.20785
-0.05165
-0.01162
-0.83541
0.11054
-0.35235
-0.16358
0.36315
-0.32179
0.18021
-0.21709
-0.44372
0.01235
0.11032
0.05131
-0.41787
-0.27443
0.12592
0.05717
0.01084
-0.42945
-0.27984
-0.27370
0.08415
0.16388
-1.14943
-0.74534
-0.15272
-0.35380
0.20452
-0.12429
0.10449
0.11461
-0.41072
-1.15151
-0.23706
-0.06250
0.32979
-0.23056
0.02431
0.02545
-0.10740
0.16092
-0.42085
-0.04824
-0.28226
0.19822
-0.11261
0.05307
-0.56965
0.13561
0.21628
-0.10788
-0.21100
-0.42504
-0.18366
0.19614
-0.09899
-0.08373
-0.22319
0.19941
0.11220
-0.05583
0.07053
-0.23313
-0.58277
-0.19185
0.17988
-0.08382
-0.14699
-0.16409
0.21339
-0.09494
0.00921
0.12064
0.06543
-0.47488
-0.65648
0.24802
0.00821
0.11453
0.10983
-0.13766
0.06485
-0.51402
-0.26008
-0.00871
-0.06680
-0.03450
0.15613
-0.32415
-0.13862
0.06732
0.13703
0.17860
-0.08628
0.13731
-0.03172
-0.30876
-0.51299
0.02157
0.10222
-0.39147
0.15923
0.09523
0.27115
0.20345
-0.31218
0.22485
0.07830
-0.00776
-0.70508
-0.21263
-0.61422
0.19611
0.03622
0.21628
-0.11310
-0.00927
-0.24967
-0.31119
0.10687
0.09928
-0.03123
-0.53193
-0.04441
-0.09422
-0.47968
-0.00497
-0.04892
0.26641
-0.07203
0.15354
0.37865
0.20035
-0.08398
0.20294
0.07951
0.04391
-0.81805
-0.01992
-0.02423
0.18532
-0.07676
-0.00841
-0.14802
-0.09986
-0.12410
-0.29746
-0.62407
-0.08056
-0.17549
-0.64891
0.23304
0.27700
-0.35986
-0.14946
0.06495
0.20398
0.16016
-0.14239
-0.23418
-0.52481
-0.11401
0.26762
0.01871
0.08457
-0.11607
0.22113
0.07646
-0.42134
0.35341
0.20100
0.09802
0.14460
-0.21880
0.20897
0.33195
0.29986
-0.64394
0.22348
-0.09226
-0.03963
0.12690
0.16715
-0.07230
0.28157
-0.03179
0.32067
-0.56037
0.03996
0.07384
0.01750
-0.36677
-0.41609
0.05524
0.17933
-0.65757
-0.09730
0.16230
-0.25446
-0.39239
0.07568
0.06713
-0.01702
0.01937
-0.00111
-0.05228
0.20533
-0.08020
-0.23086
-0.07061
-0.22081
-0.50305
-0.05267
-0.26870
0.20052
-0.01692
0.25785
-0.55084
0.21254
-0.85241
-0.79637
-0.18554
0.18755
0.05580
-0.02836
-0.23052
-0.58254
-0.18577
0.21306
-0.18091
-0.09281
-0.03016
0.45031
0.02180
-0.27106
-0.88840
-0.07716
0.18848
0.00258
-0.34213
0.29160
0.24080
0.24042
-0.13110
0.24323
0.17605
-0.28951
-0.80765
0.07148
0.00112
0.17838
0.19574
0.41354
0.07763
0.15715
-0.10745
-0.06302
-0.30601
0.00844
0.19477
-0.29586
0.15193
-0.15650
-0.01732
0.15857
-0.15348
-0.31176
0.18929
0.21954
-0.60421
0.51289
0.00095
-0.08934
-0.14316
0.18360
-0.08394
-0.41629
-0.37781
-0.18382
-0.18303
0.17107
-0.17746
0.17461
-0.39482
0.03608
0.14255
0.12070
0.19739
-0.05973
0.08034
-0.14150
0.18823
0.20627
-0.43327
-0.36419
0.19263
0.10684
-0.61058
-0.07000
-0.21062
-0.27013
-0.38169
-0.08487
0.28757
-0.35524
-0.44730
0.03692
-0.14097
-0.88480
0.10820
-0.40668
-0.01976
-0.38988
0.18073
-0.35136
-0.20532
0.11132
-0.20073
0.19236
-0.14332
-0.30523
-0.33481
-0.03003
-0.19807
-0.67825
0.06050
0.14638
0.12453
-0.34069
0.11615
0.21138
-0.41800
0.11399
0.05844
0.21194
-0.15661
-0.20890
-0.57675
-0.11397
0.25384
0.18065
-0.21053
-0.18368
-0.11110
-0.44070
-0.04390
0.05939
-0.53190
0.27946
-0.14858
0.27477
-0.54737
0.07878
-0.28901
-0.49533
0.24723
0.08277
-0.24863
-0.02633
-0.18107
-0.55631
0.02511
-0.00832
0.11220
0.22733
0.04064
-0.59029
-0.78335
-0.12932
-0.15851
0.23202
-0.06115
-0.39483
0.18829
-0.29314
-0.29548
0.28186
0.42601
-0.02693
-0.52341
-0.60921
0.18660
-0.18808
-0.03261
-0.23303
-0.00289
-0.08248
-0.20738
-0.12262
-0.69903
0.32768
-0.01567
-0.15008
0.22787
-0.07800
-0.03860
0.12213
-0.81295
0.27019
-0.16388
-0.18231
-0.19952
-0.35505
0.05114
-0.31968
0.03904
-0.01646
-0.08834
-0.78513
-0.43438
0.46396
0.07237
-0.19519
-0.14573
0.14712
0.05389
0.14557
0.35398
0.07203
0.11468
-1.13151
-0.02916
-0.14696
0.22432
-0.30877
-0.27077
0.00058
-0.13567
-0.09909
0.13729
-0.00403
0.30604
-0.04089
0.11667
-0.37915
-0.14235
0.20417
0.21311
-0.16199
0.06140
0.07073
0.08410
-0.33681
-0.38522
0.02160
-0.19128
-0.10815
0.01975
0.05731
0.20326
0.04988
-0.24077
-0.06237
-0.38663
0.19726
-0.10071
-0.74911
-0.18781
0.06749
-0.16409
-0.47303
0.10422
0.17879
-0.00052
0.12810
0.20331
0.11962
-0.02415
0.17262
-1.14256
0.24439
-0.61836
-0.24327
-0.14322
-0.52462
-0.13079
-0.06038
0.09543
-0.02463
0.37037
0.02254
0.03647
0.01517
-0.25162
-0.76563
0.10703
-0.03228
0.08361
-0.18079
0.10940
0.22775
0.08711
0.19107
-0.58088
-0.01861
-0.04783
-0.04593
0.15717
-0.16624
-0.53951
-0.29017
-0.45634
0.30421
-0.12077
-0.09504
0.25142
-0.10937
-0.70988
0.09216
-1.16950
0.09740
-0.11242
0.16413
-0.28267
0.09081
0.01470
0.12034
0.12968
-0.32057
-0.63982
0.30790
-0.61403
0.12466
0.41968
-0.60486
0.16390
0.09154
0.02702
-0.23047
-0.11416
0.17111
-0.65966
-0.14308
0.01769
0.06252
-0.35396
0.06279
-0.31958
-0.26951
-0.47591
-0.35649
-0.29301
0.12079
-0.21821
0.04473
0.06549
0.18307
-0.11557
-1.07398
0.21366
-0.09696
-0.15589
-0.49590
-0.02363
-0.24776
-0.85399
-0.18478
0.17599
0.04587
0.09104
-0.01207
0.19610
-0.23641
-0.88510
0.18447
-0.00954
-0.07409
-0.26764
0.06765
0.29570
0.00356
0.12152
0.16630
0.19941
0.24343
0.18329
0.21695
-0.01646
0.02804
0.08068
-0.18959
-0.81583
-0.03488
0.14197
0.30078
-0.37413
-0.30023
-0.14945
-0.04663
0.00256
0.12615
0.22030
-0.46201
0.07558
-0.29031
0.21862
-0.13671
0.09882
-0.08678
-0.31572
0.04251
0.03848
0.12794
-0.24521
-0.23950
-0.13112
-0.32701
-0.35229
0.02564
-0.21366
0.13456
0.02345
0.15567
-0.36167
-0.15120
-0.46075
0.18525
-0.31573
0.02324
-0.01504
0.17121
0.01303
-0.20510
-0.26177
-0.38015
0.04966
-0.24244
-0.24447
0.19562
-0.13647
0.08455
-0.27032
0.25437
-0.11474
0.18932
0.20216
0.19214
0.45095
0.20208
-0.18690
-0.39073
0.16311
-0.01339
-0.18487
0.02916
-0.28130
-0.51158
-0.21926
0.04352
0.01190
-0.17832
-0.38885
-0.22945
-0.41210
0.21288
0.04060
-0.59746
-0.12075
0.32528
-0.60042
0.20611
-0.03468
0.15974
0.03968
-0.16617
0.18998
-0.16455
0.33448
0.12353
-0.53117
0.00885
0.06020
0.15663
-0.53530
-0.55537
0.05794
0.09922
-0.23983
-0.06956
-0.92055
-0.80908
-0.25853
0.00460
0.00214
-0.26223
-0.42790
0.24114
0.23802
-0.13559
-0.21065
0.13794
-0.30153
0.19633
-0.01117
0.19079
0.09532
-0.16477
-0.20515
0.17347
0.09137
-0.80908
0.08354
-0.25127
-0.21265
-0.21798
0.09707
0.06545
0.22303
0.06694
-0.06816
0.05138
-0.16117
-0.37796
-0.00829
-0.23585
0.15336
0.17459
0.24280
-0.28011
-0.05857
-0.10644
-0.35055
0.18635
-0.27799
0.19403
0.12730
-0.30689
-0.71284
-0.08765
0.20502
-0.11925
0.17667
0.02480
-0.09232
-0.08507
-0.36409
0.04010
0.00462
-0.14647
0.10797
-0.28904
0.20400
-0.18158
0.16372
-0.46844
-0.30000
-0.02376
-1.12534
0.20651
0.20124
-0.28066
-0.11762
-0.74233
0.18637
0.13586
-0.10625
-0.90932
0.23654
-0.44892
0.11537
0.08549
-0.36953
-0.02293
0.08997
0.11653
-0.24551
-0.11427
-0.04153
0.21741
0.25065
-0.02901
-0.67427
0.24214
0.05854
0.15375
0.19708
-0.74846
-0.66401
-0.24764
-0.66637
0.22673
0.16402
0.27187
-0.23941
0.01769
0.17270
-0.85838
-0.01378
-0.32775
-0.01663
0.13338
0.11410
-0.07634
0.14939
-0.49705
0.08248
0.12654
0.16459
-0.25373
-0.07963
0.13822
0.06472
-0.25644
-0.10018
-0.02758
-0.02102
-0.54357
0.02783
-0.36420
-0.76965
0.06375
-0.16746
0.13834
-0.31825
-1.02008
0.22713
-0.28063
0.30956
-0.12634
0.09232
0.14137
0.00365
0.36132
0.17939
-0.81954
0.50864
0.22402
0.15643
-0.23228
0.18036
0.37270
0.19276
0.15864
0.38199
0.19554
0.32107
-0.01632
-0.21890
0.58871
0.17864
0.14149
0.19279
0.37206
0.16237
0.22753
0.39217
0.18779
0.56654
0.62180
-0.02225
0.33500
0.04670
-0.20211
0.21158
0.37838
0.37974
0.32903
-0.33003
-0.26709
0.06288
0.36020
0.33857
0.29198
0.36749
-0.36735
0.40654
-0.36254
0.30513
0.25446
0.07507
-0.97202
0.78151
0.17596
0.08724
0.04487
0.46987
0.14090
0.18012
0.14951
0.22361
0.14421
0.36569
0.14714
0.31185
0.07434
0.59315
0.18047
0.13645
-0.02603
0.23448
0.16253
0.28683
0.39639
-0.11705
0.00704
0.23354
0.16438
0.14017
-0.49852
0.76477
-0.03797
0.08163
0.40065
-0.33212
0.16351
-0.17110
0.10718
0.27864
-0.13063
0.38293
0.43536
0.53160
-1.23158
-0.69528
-0.89428
-0.09873
0.02012
-0.58909
-0.02168
-0.43426
0.04970
-0.79994
-0.13471
0.12677
-0.45428
-0.20890
0.52744
0.17304
0.49020
0.35281
-0.32811
0.27392
0.04555
0.54411
-0.39668
0.00008
-0.39603
0.19149
-2.02988
-1.45868
0.15058
0.17105
-0.62024
-1.86323
-1.05409
0.40912
-1.12880
0.51361
0.18379
0.47156
0.41711
0.32462
0.37783
0.52785
0.42159
0.31841
0.34273
-0.34479
0.31962
0.08386
-0.14236
0.30307
0.18118
0.18938
0.16878
0.30476
0.34368
0.16177
-0.09719
0.36742
0.36775
0.66031
0.45379
-0.37147
0.49164
0.07329
-0.16541
0.13152
-0.55688
0.08282
0.08531
0.80054
0.14678
0.15607
-0.59942
0.49679
0.34200
-0.43950
0.21762
0.33718
0.33503
0.38790
0.29561
-0.00076
0.19731
0.03712
0.04747
0.16905
-0.06210
0.31882
-0.44709
0.34939
0.06850
0.45327
0.08778
0.16217
0.36307
0.40157
-0.36429
0.35396
0.23826
0.09859
0.41443
-0.15382
0.44018
-0.86721
0.25696
-0.15873
-0.33313
0.16788
0.40967
0.08654
0.48984
0.13108
0.33579
0.08642
0.22493
-0.17647
0.27701
-0.37599
0.15480
0.17440
0.23120
0.43101
0.21638
0.21257
0.20758
-0.26283
-0.03006
0.11396
0.24766
0.30706
0.52421
-0.02496
0.21429
-0.00925
0.10276
0.40003
-0.12949
0.14985
-0.09029
-0.74221
-0.31493
-0.13024
0.24743
0.78343
-0.10741
0.14781
-0.32975
-0.95423
0.24058
0.04192
0.61452
-0.09652
0.50574
-0.36324
-0.86490
0.22668
0.26212
-0.65057
-1.64663
0.36014
0.34730
-0.31704
-1.10319
0.64331
-0.67445
-0.01642
0.15910
0.09648
0.13922
0.24289
-0.61301
-0.28584
0.05122
0.05576
0.23290
-0.15234
-1.21701
0.10715
0.58837
0.63614
0.09646
-0.54856
0.72895
-0.64622
0.15298
-0.01665
0.28367
-0.42007
-1.11142
0.34261
-0.04597
0.27365
0.29643
0.32576
0.14079
-0.75312
-0.17383
-0.45091
0.05264
0.08856
-0.17041
0.22184
-0.42829
-0.73311
0.15355
0.14324
0.11955
0.28971
-0.05979
-0.41660
-0.35764
0.19007
-0.20065
0.34590
-0.38653
0.14357
-0.63992
-0.18815
-0.28868
0.22560
0.34791
-0.16932
-1.03105
0.66658
0.55240
0.65639
0.26180
0.32389
0.68008
0.44293
-0.33657
-0.04082
0.41535
0.21058
0.32996
-0.04253
0.46101
0.33913
0.00170
0.35221
0.39270
0.10779
0.72703
0.26246
-0.81951
-0.23920
-0.21488
-0.20513
-0.13257
-0.17813
0.10207
0.24295
0.19291
0.31307
0.32296
-0.37860
0.26441
0.39237
-0.01344
0.42681
0.15241
0.38294
-0.20181
-0.07374
-0.51464
0.40103
0.45763
0.25815
-0.28175
-0.41613
0.37893
-0.36530
0.19249
0.12313
-0.38008
0.09409
-0.07356
-0.06393
0.24163
0.15453
-0.14119
0.59976
0.47754
-0.37606
-0.37018
0.21779
0.06488
0.49150
0.74576
0.55273
0.66156
0.28660
-0.01542
0.15329
-0.41606
0.26602
0.43754
0.33702
0.13449
0.08138
0.01443
-0.35074
0.43228
0.10205
0.06127
0.19828
0.13121
0.18938
-0.07025
0.48045
-0.41992
-0.66698
0.25906
0.25528
0.33063
0.10826
-0.89750
0.36735
-0.37916
-0.02298
-0.54077
-0.28520
-0.66826
0.41849
-0.64618
0.02399
0.20816
-0.19031
0.22122
-0.52848
-0.13472
0.03203
-0.40576
0.12922
0.18514
0.25283
0.36654
0.34917
-0.71826
0.15253
0.01862
0.16594
0.32257
0.49586
-0.61964
0.19104
0.59549
0.81572
0.26382
0.69370
0.33444
0.36469
0.27640
0.22070
-0.10524
0.26848
0.39699
-0.10907
-0.17776
-0.66415
0.11896
0.29084
0.36126
-0.05132
-0.12583
0.42152
-0.59185
0.13763
0.29847
0.06344
0.15350
0.32812
-0.14081
-0.05578
0.21061
0.41119
0.06232
0.13897
0.23923
0.30428
-0.46008
0.29448
0.63500
-0.22039
0.28524
0.42775
-0.09505
0.19140
0.40033
0.32716
0.26221
0.19584
0.26271
-0.16042
-0.43817
-0.27897
0.75776
-0.24069
0.81029
0.07345
-0.10059
0.70955
0.95454
0.31893
0.07959
0.29133
-0.43375
0.16274
0.11754
0.32092
0.00221
0.26233
0.47379
0.36185
0.18761
0.24208
-0.46091
0.20515
-0.06585
0.18464
0.15239
0.36352
0.42372
0.08392
0.39732
-0.43702
0.63383
0.05591
0.09110
-0.46514
0.55179
0.18337
0.20501
0.10743
-0.06605
0.44645
0.32014
-0.40629
0.70455
0.53617
0.45298
0.33826
0.29923
0.19577
0.34073
0.45619
0.16150
0.20818
0.50148
0.45919
-0.24026
0.35143
0.35828
0.19635
-0.36308
0.49011
-1.50603
-0.18146
0.07742
0.08373
0.49529
0.23538
0.03411
0.03297
0.11830
0.12170
0.22888
-0.19414
0.49974
-1.13811
-0.35951
0.39057
0.64929
-0.44718
0.17140
0.15424
0.11179
0.14770
0.13066
-0.47195
-0.08740
0.29829
-0.35742
0.01626
0.13827
0.07755
0.11684
0.37301
0.06794
0.10158
0.62847
0.01815
-0.45495
0.41073
0.03087
-0.03629
0.07340
-0.81328
0.40827
-0.10597
0.32055
-1.02454
0.07403
0.33625
0.35054
0.27500
-0.66704
0.38812
0.24834
0.17622
0.27354
0.12513
0.13252
0.24744
0.07312
-0.57692
-0.49529
0.75611
0.18560
-0.02286
0.40797
-0.40528
0.09106
0.15944
0.14676
0.31859
-0.67670
0.17662
0.28999
0.52183
0.45402
0.32490
-0.22098
-0.07609
-0.90054
0.17944
0.33308
0.23848
-0.84039
0.37188
0.32667
-0.37193
0.30479
0.17487
0.16260
-0.36936
0.18237
0.23190
-0.16967
-0.27535
0.62236
0.21713
-0.17492
-1.10292
0.12436
-0.68128
0.23432
0.72317
-0.01086
0.11338
0.31047
-0.14691
0.06692
0.02187
0.04308
0.20641
0.03172
0.37553
0.54770
0.10551
0.35301
0.13713
0.37912
0.09882
0.40470
0.39797
0.30984
-0.27345
0.11571
-0.03938
0.23165
-0.92131
0.45985
0.32303
0.39434
0.09832
-0.00251
-0.10325
-0.21192
0.28990
-0.15723
-0.02998
0.31138
0.45607
0.44667
-0.69532
0.70986
0.06731
0.10794
0.55463
0.31138
0.53575
-0.27965
0.08844
0.12469
0.04181
0.25051
-0.10297
-0.36780
-0.01600
0.20423
0.43437
0.36120
0.21921
-0.09042
-0.33237
-0.78170
0.64181
0.18349
-0.24790
0.33562
-0.40976
-1.04985
0.00033
-0.13819
0.30716
0.16799
-0.53530
0.29769
0.15115
-1.17755
0.03307
0.66576
0.02791
0.01965
0.22479
0.39484
-0.86312
0.21752
-0.34623
0.05838
-0.36037
0.23105
0.53525
0.23405
0.14654
-0.33706
-0.28441
0.38366
-1.59574
0.46034
0.19209
0.30126
0.37551
-0.88943
0.37535
-0.33772
0.37645
0.27877
-0.39543
0.29935
0.30022
0.02249
0.77889
-0.27015
-0.35561
-0.34843
0.22247
-0.38340
0.43726
0.32551
-0.35127
-0.36573
0.48008
0.15414
0.38571
0.34774
0.09352
0.58985
0.31865
0.15064
-0.01726
0.43843
-0.54147
0.39535
0.30307
0.08475
-0.81063
0.17678
0.07815
0.17378
0.17492
-0.53660
0.22871
0.17721
0.27050
0.20908
-0.07918
0.01655
0.18051
0.05352
0.55548
-0.35807
0.21918
0.75598
0.29968
0.39770
0.23235
0.11641
0.35605
-1.17246
0.28236
-1.16855
0.11900
0.61293
0.47883
-1.06135
0.32827
-0.40300
0.13336
-0.22827
0.28772
0.52826
-0.72565
0.04663
-0.42587
0.40833
0.16277
-0.88511
-0.27819
-0.10326
0.35324
-0.12863
0.57680
0.05779
-0.25396
0.28121
0.16995
0.01733
-1.07509
-0.53516
-1.09307
-0.03848
0.15887
-0.26564
0.06411
0.42830
0.01196
0.32973
0.75918
-0.49080
0.06355
0.08929
0.34394
0.54977
0.33753
0.20782
0.39511
-0.17001
0.23808
0.38498
-0.01420
-0.18577
-0.13900
0.53949
0.06902
-0.39148
-0.11782
-0.27333
0.70224
-1.07495
0.15561
0.12501
0.20057
0.08987
0.01575
-1.25268
-0.31361
0.04011
0.13762
0.14324
0.69725
0.32168
0.13933
-0.02522
-0.85289
0.30850
0.08196
0.40681
0.20098
-1.28651
0.22548
0.41385
-0.16342
-0.33014
-0.69093
0.11717
0.00390
0.52674
0.27314
0.24269
-0.22803
0.13996
-0.85933
-0.01219
-0.41405
0.11884
0.21654
0.40916
0.19871
0.32910
0.14440
-0.09051
0.13925
0.17559
0.08003
0.24778
0.66978
0.41801
-0.61196
-0.02924
0.18749
0.18258
-0.31105
-1.36189
-0.11014
0.36386
0.49142
0.05378
0.10731
0.22285
0.20324
0.31317
-0.15082
0.36153
-0.13395
0.21951
-0.26926
0.10369
0.06046
0.08367
0.22887
0.14516
0.19069
0.23530
0.56940
0.24615
0.33455
-0.16690
-0.28399
0.05854
0.13281
0.11913
0.46335
-0.28581
0.46498
-0.39961
0.41907
0.25272
0.54207
0.38935
0.39183
0.50561
0.27868
-1.07698
-0.10308
0.26281
0.33906
0.21994
0.15617
0.27013
-0.01288
-0.61760
0.04095
-0.77620
0.47976
0.49597
0.08815
-0.04448
-1.01103
0.09425
0.71134
0.31849
0.45509
0.35644
0.33204
-0.00519
-0.20040
0.24283
0.10143
-0.29347
0.23261
0.31541
0.18558
0.23428
0.44345
0.29360
0.38450
0.10275
-0.03026
-0.03431
-0.00675
0.18837
0.36192
0.23674
-0.29009
0.32838
-0.43844
0.42789
0.54216
0.14461
0.14520
0.03867
0.07743
0.27240
0.00516
0.38866
0.29882
-0.20849
0.80487
0.31136
0.06665
0.15293
-0.57642
0.59357
0.36525
-0.71079
0.06572
0.43691
0.42232
0.06485
-0.18369
0.16348
0.09778
0.33762
0.39524
0.83538
-0.11500
0.40475
-0.47282
0.54471
-0.18397
-0.24999
0.32698
0.66457
0.10049
0.33840
0.03374
-0.81498
-0.10326
-0.00925
-0.08112
0.35693
-0.02636
0.50223
0.30903
0.23747
-0.36391
0.28706
0.46433
0.15851
-0.34949
0.16281
-0.42972
0.17056
0.33611
0.45420
0.47844
0.09196
0.30163
0.31628
-0.19832
-0.47873
0.05605
0.37305
0.30113
0.22774
-0.18268
0.40592
0.66107
-0.65485
0.35044
0.34564
0.14031
0.09142
0.18402
0.44036
0.18864
0.18187
0.18812
0.51825
-0.67587
0.02139
0.37957
-0.98387
0.32083
0.27416
-0.34140
0.06639
0.31180
0.00754
0.32639
0.38115
0.07457
0.32087
-0.49047
0.36953
0.01031
0.51542
0.78683
0.38228
0.11317
0.23042
-0.53989
0.11584
0.71633
0.29268
0.28944
-0.32342
0.31644
-0.11205
0.78776
0.31737
0.68019
0.34574
0.11160
0.37796
0.13565
-0.31276
0.26896
0.32895
0.23612
0.32098
-0.57328
0.17048
0.18600
-0.00159
0.20616
-0.74369
0.37028
-0.50776
-0.49874
-0.47673
0.34271
0.22711
0.15632
-0.58481
0.44735
0.62895
-0.74572
-0.03423
0.59071
0.26470
0.15417
-0.47058
0.47698
0.45173
0.44071
-0.70159
0.37506
0.13975
0.43958
-1.10949
0.32930
0.02835
0.21209
0.41244
0.06579
0.09281
0.31869
0.55396
0.35276
0.33122
-0.32638
0.47980
-0.22668
0.07563
0.21053
0.46624
0.24473
0.83309
0.22156
0.29211
0.59605
0.21434
0.17332
-1.09431
0.36384
-0.45008
0.04263
-0.61919
0.16756
-0.24014
0.12326
0.35704
0.03749
-0.68789
0.22309
0.21592
-1.13828
0.16874
-0.18252
-0.56295
0.27200
0.25730
0.36905
0.49824
0.40618
0.30391
-0.31387
0.17712
0.16558
-0.02383
-0.78444
-0.11597
0.25289
0.26813
0.27912
0.00483
0.58595
0.38462
0.27491
0.12005
0.47742
0.47880
0.10451
-0.91482
-0.36278
0.28208
-0.31070
0.47968
0.38452
0.08812
-1.45356
-0.95460
-0.33449
0.08876
0.18922
-0.01521
0.46733
0.18620
-0.43687
0.41014
0.10766
-0.20692
-1.18412
0.13521
0.44752
0.14686
0.22377
-0.02553
0.08196
0.45143
0.29133
0.26265
0.30778
0.27186
0.36092
-0.08325
0.24831
0.53933
-1.06455
0.36088
-0.19341
-0.21107
-0.51787
0.71664
-0.53030
0.29314
0.22957
0.26871
0.30915
0.30486
0.15788
0.29376
0.20520
-0.88294
-0.17595
0.29557
-0.03866
0.18469
0.11094
0.37932
-0.39351
0.08750
-0.14993
-0.38037
-0.15881
-1.04467
0.10419
0.13259
0.29473
-0.07060
0.12905
0.36088
0.16489
0.23812
-0.27129
0.40702
-0.11963
-0.24006
-0.59036
0.19048
-0.06303
0.14000
0.03260
0.30477
-0.85992
0.10178
0.25273
-0.17605
0.38294
0.11155
0.73438
0.26536
-0.36858
0.09269
-0.93279
0.29578
0.70015
0.51493
0.20846
0.41751
0.28245
0.47895
0.47460
0.24516
-0.35240
0.36271
0.40491
-0.69143
0.71414
0.12122
-0.22816
0.14936
0.21992
0.00944
0.26572
0.52846
0.16277
-0.31054
0.23366
-0.08638
0.16185
0.05037
0.20077
-0.04575
-0.00604
0.45549
0.37476
-0.91454
0.39449
-0.94991
-0.25159
0.01173
0.36027
-0.58297
0.30246
-1.14034
0.27608
0.09059
0.43775
0.23062
0.11788
0.31753
0.39171
-0.56571
0.62092
0.34145
0.13720
-0.35060
0.29029
-0.38151
0.38807
0.40352
0.23090
0.22580
0.26574
0.22477
0.24604
0.19551
-0.01943
-0.35245
0.24150
0.17080
0.39134
0.34257
0.27552
0.00179
0.17587
0.16304
0.38429
0.60429
-0.39922
0.32361
0.30126
-0.32649
0.15166
0.12452
-1.21184
0.04738
0.32894
0.17482
0.23309
0.19264
-0.26819
-0.68966
0.11932
-0.69385
-0.40815
-0.11347
0.54528
-0.29295
0.49853
-0.36047
0.02649
-1.08214
0.24972
-0.15184
0.01543
-0.34599
0.37792
-0.12758
-0.33666
-0.02156
0.24213
0.22990
0.34252
0.24489
0.26436
0.39039
-0.76319
-0.82364
0.03162
-0.52074
0.16791
0.15593
-0.53322
0.15960
-0.38641
0.07206
-0.03368
-0.20069
-0.34225
0.36121
0.17643
-0.15385
-0.16924
-0.66662
0.07700
0.23619
-0.46037
0.40183
0.41673
0.29962
0.40202
-0.50132
-0.31073
-0.20671
0.37927
0.32946
0.34786
-0.35971
0.26661
0.24357
-0.75155
0.20337
-0.41689
0.05720
-0.02960
-0.02029
0.06386
0.83453
-0.00992
0.44995
-0.22089
0.26135
0.40426
0.72267
-0.35339
0.29071
0.12537
0.01599
-0.16348
0.19728
0.23760
-0.43475
0.18079
0.38080
-0.32493
0.21732
0.30959
0.41291
0.18417
0.15405
0.10623
0.11782
0.41562
0.36902
0.12282
0.14519
0.12935
0.15882
0.13446
0.19197
0.20416
-0.14165
0.19956
0.08090
0.29388
-0.10906
-0.33534
0.36424
0.17815
0.59792
0.11682
0.10827
0.62077
0.23987
-0.06207
-0.41247
0.15910
0.25861
0.17419
0.42924
0.16293
0.51769
0.57020
-0.13238
0.45295
-0.23853
-0.17503
-0.59705
0.53285
-0.01567
0.24066
0.14323
0.09812
-0.52521
0.20293
0.15328
0.09487
0.15799
0.34199
-0.14662
0.41466
0.43163
-0.57943
0.56184
-0.01299
-0.71060
0.10630
0.15834
0.45210
0.06800
0.26661
0.37921
0.43605
0.09774
0.42980
0.15615
-0.55627
0.11374
-0.20664
0.17182
0.50296
0.18636
0.28043
0.40211
0.67123
0.58326
0.23304
0.05512
0.41862
-0.25295
-0.43193
0.40256
0.21016
-0.12722
0.14860
-0.43921
0.02749
0.08828
0.22692
0.22330
0.21091
-0.03154
-0.88064
-1.02666
-1.29600
0.38279
0.18882
0.04812
-0.35002
0.24521
0.03780
0.45525
0.35379
0.48152
0.16974
0.18516
0.17263
0.50266
0.17267
0.72702
-1.44876
0.46947
0.42735
0.22376
0.50034
0.10237
0.65753
0.34654
0.33708
0.03646
0.31869
0.30713
0.33613
0.09008
0.17757
0.35910
0.00787
-0.33855
0.19473
0.31507
0.43848
-0.36402
0.34371
0.10574
0.02869
-0.68860
-0.37631
0.09313
0.50270
0.11032
-0.42307
0.10576
0.15863
0.19669
0.19957
0.19980
0.09737
0.23828
0.30028
0.50392
0.21575
0.42555
-0.71620
-1.49365
-0.15413
0.22488
0.24381
-0.33953
-0.21184
0.34976
0.15485
0.25350
-0.27553
0.33266
0.46418
0.06853
0.35206
0.16257
-0.04827
0.20963
0.18271
-0.83466
0.23863
-0.14415
-0.35442
0.09995
-0.28232
0.48406
0.16050
-0.39631
0.22992
0.35592
0.48678
0.07833
-1.04144
0.31455
0.54597
0.07446
-0.65612
0.32180
-0.12930
-0.64575
0.24203
0.06116
-0.25170
0.04011
0.37739
0.36154
-0.41776
0.36945
-0.15263
0.34943
0.00790
0.31171
-0.19610
-0.84001
0.18637
0.39320
-0.22732
0.19724
0.16641
0.34106
0.29445
0.05706
0.37918
0.08423
0.27813
0.12666
0.09591
0.15325
0.39554
0.42159
0.28670
-0.23051
0.40675
0.31027
-0.64212
0.14077
0.08855
0.20879
0.44532
0.38934
0.23290
-0.12532
0.26998
-0.22708
-0.50386
0.55269
0.19558
-0.47880
0.27886
0.23292
-1.21011
0.16956
0.13538
0.15539
-0.37095
-0.09227
-0.18249
0.59506
-0.13405
-0.78003
0.15211
0.21302
0.36629
0.01767
0.34329
-0.63352
0.64103
0.50778
0.12542
0.13764
0.15461
0.14764
0.43924
-0.04148
0.14989
0.25127
-0.61657
-0.13135
-0.05519
0.33120
-0.04981
0.14510
-0.42136
0.73137
0.10407
0.70451
0.64080
0.31519
0.25284
0.37542
0.26618
0.27040
0.08380
0.11939
0.06813
-0.00574
0.49271
-0.01925
0.28210
0.20323
0.45029
0.55176
0.50220
-0.42208
0.07989
-0.34988
0.09496
0.38804
0.05033
0.38826
0.38062
0.08082
0.40002
0.14100
0.12967
0.18674
0.24820
0.46485
-1.49519
0.41236
-0.28020
-0.30676
-0.14159
0.58923
-0.40655
0.18932
-0.06790
0.45483
0.31173
0.20054
0.29274
-0.90844
0.15617
-0.49542
0.16280
-0.08544
-0.73588
0.22320
0.00015
0.07672
0.47576
0.18514
-1.15142
0.38526
-0.35829
0.03731
0.10393
0.12685
-0.18128
0.17756
-1.39632
-1.52006
0.15789
0.22842
-0.09398
0.17610
-0.68072
0.13438
-0.39952
0.21922
0.25259
0.09249
-0.48101
-0.17700
0.19813
-0.05279
0.12058
0.01284
-0.40692
-0.00509
-0.28005
0.37972
0.07531
-1.18174
-0.25347
0.25185
0.07172
0.12296
0.33316
-1.05842
-0.50383
-0.42719
0.34521
-0.78154
0.39783
0.35496
0.08750
-0.89389
-0.34228
0.11207
0.37703
0.10328
0.20967
0.11132
0.51646
-0.39276
0.21242
0.60477
0.59177
-0.06843
0.02295
0.46691
-0.12939
0.43905
0.75157
-0.01365
-0.25188
-0.77501
0.33788
-0.39338
0.08789
-0.29903
0.15749
0.16310
0.59767
0.52835
0.72912
0.57103
-0.75417
-0.72962
0.11932
0.26481
-0.87633
0.41762
0.42462
-0.22992
0.13617
0.54267
-0.04976
0.51785
0.07213
-0.76200
0.79629
0.08276
-0.20161
0.49091
-0.34051
0.40828
0.39816
0.09235
0.55814
-0.31819
0.17447
0.15038
-0.36297
-0.01977
0.16354
0.11355
0.36534
0.04996
-0.20339
-0.13235
0.39476
0.76713
0.58791
-0.06356
-0.08029
0.53388
-0.50100
-0.08072
0.01284
0.04190
0.40051
0.74095
0.78318
-0.70750
-0.31549
0.02127
0.30858
0.59628
-0.77120
-0.72915
0.64112
0.19103
0.09443
-0.33139
-0.24593
0.00101
0.01715
-0.21783
0.06471
0.35059
0.19527
-0.43530
-0.23731
0.01262
0.02676
0.10356
0.55924
-0.03402
-0.08098
-0.73278
0.30176
-0.10719
0.24090
0.00349
-0.31600
-0.36025
0.59199
0.40245
0.06030
0.30984
-0.00024
0.35728
-0.75685
-0.86123
0.24048
-0.36692
0.05519
0.50335
0.10337
0.18180
0.16532
-0.07358
-0.45776
0.28105
-0.10939
0.26562
0.18821
-0.47233
0.43293
0.13537
0.16310
-0.06515
0.16521
-0.80078
0.17461
-0.01448
-0.14386
-0.17616
0.00383
-0.24293
0.03381
-0.18699
-0.41982
0.15715
0.20058
-0.39287
0.14298
-0.28869
0.20804
0.16652
0.48060
0.22312
-0.62122
-0.00696
0.32338
-0.10742
-0.01168
0.25222
0.19850
0.21195
0.34241
0.36196
-0.00726
-0.04330
0.28014
0.12844
0.46181
0.41299
0.36187
0.17809
-0.32559
0.15041
0.22710
-0.16835
0.23775
0.41623
-0.16629
0.10968
-1.02231
0.45203
-0.00673
-0.37102
-0.41622
0.09923
-0.85581
-0.36333
0.09632
-0.44988
0.43406
-0.73406
0.24898
-0.85400
0.16465
0.83257
-0.00639
0.23440
0.52221
0.00297
0.21500
0.20456
0.26436
0.24187
-0.06193
0.18239
0.22989
0.06574
-0.04819
0.01799
0.19744
-0.06694
0.16760
0.27962
-0.77155
0.16373
-0.63842
0.05840
-0.01169
-0.08193
0.21839
-0.17327
0.11179
-0.51895
0.36129
0.13346
-0.30726
0.53880
-0.11381
0.34747
-0.41362
0.29197
0.24855
-0.27356
0.54036
0.02110
0.11400
0.29483
-0.02587
0.18414
-0.60986
-0.04098
-0.26270
0.70600
0.28166
0.00385
0.00810
-1.09457
-0.40932
-0.13984
-0.02148
-0.11491
0.15287
0.25932
-0.39107
0.11722
-0.29324
-0.58910
0.09781
0.12644
-0.22878
0.17600
0.42868
-0.48704
0.16152
0.39013
0.40696
-0.06449
0.73305
0.16581
-0.61327
-0.15425
-0.17850
0.22570
0.28645
0.39379
-0.76342
-0.26969
0.27308
0.41706
0.09516
0.18117
-0.33099
0.06545
-0.58412
-1.05562
0.32357
0.11809
0.12315
-0.03040
0.14294
-0.35507
0.11637
-0.73514
0.30998
0.37039
0.38385
0.46342
0.07047
0.07169
-0.27210
-0.39241
0.45303
0.05908
0.54425
0.23312
0.32489
-0.06120
0.42059
0.21980
-0.37329
-1.46561
-0.70169
0.47690
0.50886
0.37925
-0.07954
0.35268
0.27772
0.04994
0.11536
-0.01464
0.07779
0.14069
0.72507
0.59633
0.24900
0.20006
0.74546
0.30520
0.48527
-0.01048
-0.04026
-0.30835
0.11161
-0.34612
-0.01345
-0.07170
0.16977
0.42864
0.37661
0.03116
0.01279
-0.25864
0.14076
0.22422
0.36635
-0.10575
0.12469
-0.71115
0.39421
0.33533
-0.17451
0.04723
0.04853
-0.66961
0.18832
-0.19468
0.09247
-0.28436
-0.77681
0.57738
0.23081
0.33242
-0.31503
0.27144
-0.26517
0.27769
0.19211
-0.58221
0.28090
-0.00165
0.46298
0.15403
-0.04953
0.54140
0.37794
0.56231
0.18361
-0.57271
0.43343
0.39425
-0.05914
-0.03522
0.11879
0.22688
0.27821
-0.12334
0.01520
0.15224
-0.41056
0.23368
0.72077
0.16931
0.06646
-0.02904
-0.09371
0.76713
-0.26977
-0.38674
0.30677
-0.34386
0.15856
-0.17969
0.30865
-1.24691
0.69507
-0.36182
0.02079
0.22190
-0.12556
0.20186
0.34707
0.16284
-1.00278
-0.11665
0.31470
0.07973
-0.42470
-0.43601
0.20169
0.56910
0.17194
0.41890
0.42298
0.27972
-0.66128
0.26990
0.34306
-0.40559
-0.19689
0.12770
-0.17442
0.12782
0.38410
-0.14172
0.12276
-0.05066
-0.24007
-0.42025
-0.32466
-0.02698
0.03557
-0.48003
-0.03973
-1.01694
0.10097
-0.10567
0.34978
0.37300
0.35252
-0.25973
0.26158
0.56809
0.05069
0.29320
-1.23490
0.26484
0.18902
-0.84521
-0.40176
-0.27765
0.19272
0.14792
0.43259
-0.89766
-0.56471
0.07108
0.23875
0.31444
0.17257
0.22249
0.04722
0.15223
-0.16108
0.09961
0.35027
-0.34288
-0.41700
0.06098
0.34703
0.23024
0.11872
0.01282
-0.01450
0.25618
0.05191
0.06993
0.25857
-0.93627
-0.57981
0.43074
0.36496
0.34412
0.47940
-0.07302
0.37972
-0.35231
-0.21538
-1.02863
0.03640
0.26574
-0.73820
0.16909
-0.53567
0.51799
-0.30270
-0.23182
-0.29290
-0.14405
-0.46952
0.25055
0.26410
0.30652
-1.02868
0.30061
0.20531
0.35698
0.33147
-0.04844
0.37275
-0.66092
-0.03194
-0.78528
0.35360
0.25265
0.43916
-0.58461
-1.06653
-1.23638
0.25422
-0.04416
0.76636
0.34511
0.31816
-0.17322
-0.26861
0.21072
-0.79898
0.44522
0.16591
0.29377
0.20799
-0.22919
0.16176
-0.28016
0.14576
0.29805
0.37660
0.28209
0.10066
-0.02831
-0.57738
-0.39745
-0.19666
0.13319
0.13239
0.11957
-0.15622
0.16385
0.05053
-0.54105
-0.07933
-0.53624
0.34705
-0.41241
0.46092
0.60287
0.13550
0.14897
-0.15396
-0.44516
0.18137
0.37080
0.23359
0.26123
0.49626
0.60767
0.25722
0.09573
0.25907
0.35456
-0.62945
0.17387
-0.50496
0.25691
-0.62199
0.02539
0.36665
-0.39733
0.08563
-0.13468
-0.00499
0.39332
-0.40586
0.08356
-0.45260
0.43900
0.15078
-1.64263
0.41394
0.14140
0.14857
-1.02282
0.09583
0.14752
0.33565
-0.45137
0.18838
0.23842
0.31776
-0.33840
0.26883
-0.50585
0.48752
-0.15521
-0.82588
0.15773
0.35204
0.08797
0.33138
-1.63378
0.23318
0.65843
0.25882
-0.56778
0.19536
0.31625
0.31490
-0.78855
0.17048
-0.27392
0.30875
-0.14989
-0.01929
-0.25614
0.43346
0.22098
0.46362
0.55019
-0.15367
0.65893
-0.36851
-0.14665
0.43698
0.01675
-0.30015
0.04844
-0.33156
0.27758
-0.69573
0.12771
0.40150
0.43944
-0.36213
0.47774
0.15233
0.31321
-0.22770
0.36511
-0.41648
-0.08491
0.07579
0.26270
0.27009
0.28323
0.29447
0.02136
-1.14538
-0.13745
0.10128
0.08294
0.16703
0.29382
0.33365
0.48570
-0.94165
-1.14942
-0.42690
0.49739
0.16912
0.19805
0.38842
0.52151
0.11797
-0.44049
0.29794
0.23403
0.38885
0.41688
0.04526
-0.16528
-0.03051
0.32983
-0.86081
0.11852
0.34018
-0.12918
-0.01531
0.11952
0.45340
-0.35495
0.07273
0.70716
0.09892
0.22080
-0.06633
0.16393
-0.05133
0.25604
0.80888
0.39445
-0.60841
0.12140
0.12594
0.16812
0.48680
-0.43167
0.26504
-0.07469
-0.37114
0.15661
-0.24491
0.64115
-0.98106
-0.34372
-0.73175
0.23940
0.45350
0.43682
-0.20897
0.58510
-0.86873
-0.37762
-0.13905
0.17221
0.39403
-0.20910
0.07271
0.50039
-0.33849
-0.40203
0.75600
-0.13827
-0.37341
-0.73480
0.11020
0.10996
-0.75796
-0.32497
-0.24241
-0.02641
-0.41386
0.09665
-0.37162
0.44758
0.35586
-0.74425
0.47946
0.17294
-0.39382
-0.44436
0.48211
-0.44619
-0.23043
-0.84773
0.35332
-0.01126
0.15856
0.07814
0.46554
0.07578
0.27324
0.37392
-1.21581
0.31388
-0.20682
0.06986
-0.06485
0.36754
-0.39759
-0.07931
0.01866
-0.94327
-0.37302
-0.00358
-0.73948
0.00007
0.23804
0.26198
-0.25104
-0.64603
0.05211
0.33425
0.34590
-0.24405
-0.08413
-0.33664
-0.00988
0.31541
0.12897
0.07349
0.52345
-0.03843
-0.16323
-0.26767
-0.01729
-0.25669
-0.90561
0.16059
1.15500
0.00723
-0.37282
-1.54957
0.13854
0.16687
0.13941
-0.41060
0.09845
-0.38453
0.17033
-1.41422
-0.42735
0.12911
0.46397
-0.15051
0.09007
0.53731
0.07219
0.23116
-0.19528
-0.17337
0.69441
0.26715
0.46339
-0.93315
-1.17110
0.09341
0.20625
0.12089
0.41867
-0.39109
-0.80337
-0.32031
0.29197
0.74706
0.08636
-0.64377
0.27260
-0.77416
-0.10470
-0.53530
0.26288
0.18073
0.40823
0.33305
0.21548
-0.37325
0.50261
-0.23205
0.12854
-0.10552
0.16796
0.18928
-0.18281
0.46977
-0.34911
-0.07915
-0.41536
0.38626
-0.13900
0.14847
-0.77358
0.14047
0.43901
0.25228
0.69842
-1.12377
-0.66525
-0.18609
-0.30932
-0.38906
-0.21438
-0.58035
-0.71426
-1.10968
0.12375
-1.45173
0.56673
0.22236
-0.04720
0.52686
-0.38753
0.27565
-0.03296
0.06613
-0.40517
-0.53947
-0.42599
-0.37646
0.12827
0.24468
-0.12317
0.28933
0.15265
0.22725
0.24968
0.34111
0.31325
0.26057
-0.62028
0.36628
0.39152
0.42710
0.23185
0.06265
0.14055
0.43803
-0.54412
0.27519
0.00849
0.35183
0.33502
0.63799
0.32772
0.39362
0.16210
0.09760
0.32222
-0.77486
-0.14714
-0.24601
-0.73675
0.02874
0.22958
0.22865
0.24945
0.47554
-0.48111
-0.35655
-0.57273
-0.45658
0.44803
-0.63284
0.30842
0.27100
-0.85815
0.15328
-0.38810
0.22002
-0.66132
0.22311
0.27783
0.12822
0.23150
0.05692
0.45284
0.19833
0.37412
0.38342
-0.12999
0.26426
0.24888
-1.59268
-0.14082
-0.00158
0.14162
-0.26221
0.45222
-0.99137
-0.27424
0.21132
-0.44833
0.75134
-0.09012
-0.27164
0.32087
0.62691
0.01747
0.05939
0.41362
-0.28938
-0.22079
-0.47247
0.32454
0.44370
0.17863
0.27994
0.14032
-0.03848
-0.50191
0.22324
-0.21404
0.45394
0.04307
-0.43432
-0.13734
0.26686
0.15614
-0.30906
0.14136
-0.76749
0.20555
0.04311
0.16071
0.00560
-0.36446
-0.14937
0.02237
0.06542
-0.25322
0.18337
0.26000
-0.62647
0.09295
-0.48834
0.39376
-0.58925
0.06847
-0.17817
0.24955
-0.08365
0.24813
0.25950
-0.36283
0.47282
-0.72219
0.07050
0.11933
0.17032
-0.03211
-0.54217
0.10629
-0.60413
0.08642
0.59027
-0.67542
0.49949
0.80839
0.10481
0.38281
0.43276
-0.03621
-0.55910
-0.17721
0.07517
0.40525
0.70480
0.22774
0.25720
0.10428
0.24660
-0.09794
-0.63143
0.01266
0.15986
-1.54054
-0.83477
0.47744
0.02524
-0.32391
-0.04333
0.03858
0.28370
-0.04097
0.01927
0.32369
0.18898
-0.31289
0.15316
0.27247
-0.87467
0.13494
-1.44528
-0.25841
-0.18878
-0.40437
-0.06899
0.07197
-0.64654
0.38536
-0.76550
-1.19883
-0.36802
0.16081
0.35488
0.45843
0.27567
-0.41878
0.12539
0.27176
0.08813
-0.91344
0.39646
0.01537
-0.07153
-0.66446
-1.14370
-0.82592
-0.32702
0.30897
0.20437
-0.51666
-0.23038
-0.57265
0.08307
0.37091
-0.18152
0.18628
-0.25761
-0.11983
0.22483
-0.17637
0.74486
-0.31325
-0.00589
0.27008
-0.40910
-0.21453
0.16745
0.22718
-0.53744
0.48791
0.40760
0.17825
0.01255
-0.38582
0.34927
0.32299
-1.21030
-0.19111
0.65412
0.16429
0.20877
-0.30311
-0.31887
-1.66134
0.29646
0.09872
-0.35889
-0.34224
0.26248
0.19000
-0.33484
0.30627
-0.87568
0.40524
0.41196
0.67526
0.68879
-0.78831
-0.42203
0.54734
0.04364
0.22428
0.57282
-0.69964
0.25932
-0.04009
0.21909
-0.99983
0.05363
0.40522
0.24287
0.22447
0.27497
-0.00744
0.08883
0.16572
-0.70019
0.04078
0.16265
-0.08273
-1.02124
0.79686
0.40023
-0.50805
-0.37962
0.18261
0.30353
0.51497
0.24736
0.25555
0.44491
-0.50147
-0.03220
-0.34494
0.18549
0.19150
0.02280
0.42341
-0.25747
0.17085
0.29707
0.14882
0.12832
0.23781
0.09546
0.25242
0.33025
-0.62323
0.20061
0.52772
0.38895
0.22634
0.16617
-0.33333
0.20535
0.15771
0.54650
0.43628
0.17759
-0.17168
-0.06918
0.16736
0.02104
-0.82848
-0.84548
-0.12920
0.01209
0.21661
0.19355
0.10139
-1.05734
0.37086
-0.51991
-0.82945
0.06477
-0.41227
0.21946
-0.39270
-0.68574
-0.70124
0.40581
0.16262
-0.18588
0.13102
0.28699
0.09047
0.71667
-0.51424
0.10838
0.13235
0.39371
0.12361
-0.09592
-1.21605
0.17949
0.29541
-0.66019
-0.38317
0.60032
0.88127
-0.20925
0.30083
-0.13744
-1.14819
0.57572
0.42826
-0.22305
-1.12745
-0.72155
0.32385
0.10423
0.02207
0.20229
0.17088
-0.71596
-0.09655
0.29699
-0.51621
0.35698
0.28718
0.18219
0.18794
0.01369
-0.82446
-0.35142
-0.38128
-1.13337
-0.41889
0.18776
-0.39219
-1.00836
-0.27073
0.03880
0.31182
0.01897
-0.27429
0.23895
0.56988
0.12734
0.23516
-0.08177
-0.33626
-1.01075
0.31506
0.28090
0.24609
0.07048
0.45410
-0.61448
0.19574
-0.05011
-1.07852
0.30621
0.13062
0.32871
0.06443
0.24313
0.07646
-0.42523
0.13489
-0.88787
0.16395
-0.41003
0.62105
-0.05772
0.36501
0.15620
0.28941
0.23696
-0.78948
0.26373
-0.17251
0.07113
0.32181
-0.04414
0.33090
0.15709
0.08895
-0.11708
0.17426
-0.03222
-0.07907
-0.11672
-0.90590
-0.04446
0.29889
-1.38676
0.27623
0.08458
0.21003
0.27209
-0.36710
-0.23561
-0.48485
0.17024
0.14872
0.24417
-0.35266
-1.24331
-0.15393
-0.54136
-0.11140
0.81869
0.06771
-0.06210
0.11486
0.01308
-0.43771
0.20742
0.40220
0.07681
-0.26901
0.13322
-0.31684
0.19144
0.37111
0.05677
-0.65461
-0.94438
0.25740
-0.20628
-0.08996
-0.24453
-0.50586
0.20767
-0.31916
-0.20827
0.65799
-0.00518
-0.18692
0.18769
0.16563
0.66703
0.25836
0.06337
0.10081
-1.37161
0.07724
0.03377
0.71526
-0.30205
0.30123
0.57412
0.05815
0.44558
0.16098
-0.30681
-0.62781
-0.44864
0.13204
0.54945
0.58518
0.01997
-0.07759
-1.20096
0.42015
-1.33827
0.19787
0.40397
-1.03196
0.22205
0.02162
0.11208
0.48284
0.33994
0.09120
-0.68359
0.15352
-0.25182
0.66032
0.74098
-0.09333
0.10935
0.02936
0.03825
-0.62842
-0.29693
0.12084
-0.86001
0.36548
0.23624
0.01474
0.04437
0.00983
-0.03376
-0.14691
0.41000
-1.15947
0.01925
0.24559
-0.14606
-0.29492
0.20879
0.05529
-0.42007
-0.34527
0.09177
-0.03324
0.04675
0.34963
0.35661
0.27328
-0.81519
-0.26696
-1.56772
0.09933
0.43303
-0.07960
0.02185
0.63695
-1.19690
-0.45255
0.26945
0.19166
0.12327
0.40698
0.06477
0.11260
0.51277
-0.10328
-0.47469
0.30070
0.41756
0.17890
0.04089
0.10625
0.26091
-0.73175
0.03929
0.23253
-0.07840
-0.33912
0.36569
-0.06337
0.28482
0.05780
0.14830
-0.00780
0.04350
-0.38391
0.05551
0.48833
0.23389
-0.10627
-0.32081
-0.23134
-0.58057
0.31507
0.46007
-1.37073
-0.32091
0.46365
-0.90411
0.17165
0.14003
0.18118
-0.28764
-0.00263
-0.56675
0.29247
-0.19655
-0.10860
0.02793
-0.09048
-0.98649
-1.06832
-0.20233
-0.50332
-0.63504
0.01054
-0.93928
0.25398
-0.08337
0.00973
0.19225
0.67344
0.15003
-1.24110
-0.68377
-0.20636
0.17303
-0.73636
0.12218
-0.07065
0.78815
0.28902
-0.64529
0.22514
0.20338
0.11103
0.41373
-0.22174
0.33114
0.27249
-0.05192
-0.56803
0.13479
0.12757
-0.22002
-0.90526
0.05448
0.44491
-0.34993
-0.33979
0.36432
-0.19232
0.36614
0.46912
-0.31519
0.14179
-0.04527
-0.05003
0.14853
0.24791
0.42913
0.10342
0.33652
-0.01298
0.11010
-0.42498
-0.38901
-0.08402
-0.29083
-1.27328
-0.26636
0.09879
0.18886
0.28103
0.05460
0.15150
-0.64673
-0.12693
0.04943
0.07490
-0.25841
-0.75954
-0.49296
0.30239
0.06364
-0.28677
0.31147
0.31563
0.33356
-0.39984
0.09980
0.21596
0.09371
0.25566
-0.08430
0.08173
0.06997
-0.21421
0.47700
-1.13149
-0.32421
0.22256
-1.16989
-0.13493
0.16383
0.03974
-0.27876
-0.48533
0.02845
0.20205
-0.11133
-0.29827
-0.01932
0.76453
0.69122
-0.45036
0.76306
0.26189
-0.28891
0.35960
0.38489
-0.38295
-1.16408
0.10520
-0.54094
0.27575
0.08473
0.39111
-0.08700
-0.64625
0.16199
-0.29834
0.25923
-0.40810
0.38452
0.03798
0.23947
-0.08135
0.23545
-0.38099
0.09086
0.55461
-0.97670
0.02528
-1.22654
0.25130
0.02773
-0.07317
0.51089
-0.09054
0.13626
0.40374
-0.37849
-0.38324
-0.72976
0.34084
-0.11024
0.16421
0.18687
-0.36239
0.12074
0.08764
0.07428
0.09307
-0.08163
-0.11058
0.14645
-0.32710
0.47299
0.11457
-0.69407
-0.22217
-0.56212
-0.39676
0.49009
-0.54818
0.23128
-0.29140
0.06907
-0.54726
0.07389
0.09848
0.65718
0.27198
-1.44787
0.18826
-0.10031
0.30341
0.68644
-0.18745
-0.31897
0.42588
0.03295
-0.28093
0.43059
0.05742
-0.85133
-1.03965
0.13965
-1.70182
-0.33570
-0.29445
-0.33595
0.23906
0.24671
-0.61677
0.45079
0.43584
0.00353
-0.45874
0.30491
-0.17305
-0.81062
0.28982
-0.10017
0.07325
-0.16893
-0.03287
-0.38800
0.20015
-0.59439
-0.66349
0.21606
0.01836
0.46882
0.50610
-0.54673
-0.31640
0.28764
-1.00723
-0.07234
-0.41749
0.46700
0.17393
-1.07959
0.32360
-0.12057
-0.69135
-0.34112
0.07649
0.46601
-0.18924
0.03543
-0.01495
0.19880
0.26502
0.15734
-1.17603
0.10402
0.24164
-0.92655
0.73345
-0.28249
0.09525
0.53379
0.52327
-0.24297
-0.19704
-0.64008
0.46527
-0.16891
-0.24587
0.68311
0.01698
0.07324
0.15873
0.41261
0.15861
0.16398
0.10589
0.23386
0.40561
-1.01365
0.24209
-0.33835
-0.38502
0.20903
0.11229
0.12640
-0.60535
-0.22411
-0.18593
0.15048
-0.03924
0.40600
0.37212
0.17467
-1.42446
-0.47044
-1.05787
0.38099
-0.26119
0.23228
-1.14510
0.32630
0.16370
-1.22942
0.18183
0.35335
0.13070
0.43312
0.03613
-1.02702
-0.23685
0.08041
-1.15986
0.58291
-1.36326
-0.07526
0.28943
-0.34013
-0.26554
-0.69550
0.14976
-1.43256
0.13173
-0.43993
0.16792
-0.01198
-0.12040
0.11478
0.34916
0.14985
-0.16002
0.43652
0.00806
-0.42172
-1.04951
0.24328
0.51281
0.32693
-0.22128
0.11474
0.11254
0.13334
-0.07054
0.24445
0.46753
0.05093
0.14256
0.37423
-0.70975
0.51902
-0.82514
-0.33471
0.17057
-0.37403
0.48225
0.76152
-0.33055
-1.39495
0.35246
0.05264
-0.45086
0.23995
-0.00016
0.35002
0.11907
0.67941
0.07226
0.40658
-0.55800
-0.80206
-0.24711
0.13123
0.10348
0.23005
0.05530
-0.32375
-0.45289
0.26881
0.22984
-0.46420
0.11541
-0.92038
0.14414
-0.92835
0.24773
0.18126
-0.49540
0.28092
0.13932
-0.13713
0.13921
0.10760
-0.42078
0.46850
-0.50706
0.24420
0.64699
-0.35192
0.01231
-0.08203
0.22401
-0.09407
0.08684
-0.14646
0.13848
-0.20554
-0.01031
-0.45818
-0.35379
0.17761
0.47595
0.08625
0.13461
-0.01684
0.28430
0.44457
-0.52087
-1.14383
0.02369
0.56773
0.53315
0.63374
-0.29003
-0.41002
-0.55252
-0.02136
-0.68056
0.40016
0.14150
-0.61991
-0.57113
0.21250
0.26146
-0.82666
-0.35176
0.29393
0.33768
0.26032
-0.41164
-1.05335
0.11681
-0.25174
0.71277
-0.75478
-0.12292
-0.28293
0.41476
-0.39791
0.11540
0.71852
-0.26312
-0.04045
-0.20001
0.58718
-0.26293
-0.47920
0.08431
-0.31710
-0.85746
-0.54657
0.01134
-0.22953
0.10553
0.04400
-0.03138
0.07699
0.07056
0.17159
0.24753
0.22366
0.11056
0.23660
0.18275
-0.08080
0.24746
0.01145
0.12186
0.26865
0.25879
-0.39210
-0.88713
0.08971
-0.34787
0.04832
0.19275
0.22124
0.70868
0.25472
0.61644
0.48001
-0.07205
0.20359
0.25027
-0.05054
0.20957
-0.74980
-0.42824
0.07881
-0.23565
-0.18771
-0.77766
-0.33012
0.02502
0.35287
0.07389
-0.50352
0.19909
0.18492
-0.09285
-0.26373
-0.81043
-0.12225
0.28388
0.25712
-0.45908
-0.36918
0.01425
-0.42953
-0.03804
0.24409
0.16224
1.02524
-0.31027
-0.52345
-0.06734
0.59306
-0.52016
0.06326
-0.92172
0.02972
0.24612
-0.76218
0.57800
0.21438
0.24821
-0.42051
-0.04892
-0.09869
-0.36705
0.27540
-0.37292
0.20950
0.08551
0.13803
-0.08514
0.58034
0.39599
0.06929
0.30122
0.01947
-0.34736
-0.11001
0.29039
0.31825
0.01941
-1.06087
0.14028
-0.81796
0.33504
0.13893
0.04262
0.33032
0.13385
0.07146
-0.63958
-0.23422
0.11674
0.32312
-0.85968
-0.33071
0.03061
0.23929
0.30570
0.08092
0.40042
-0.31503
-1.15046
0.48098
0.29786
-0.06735
0.39391
-0.21714
-0.25692
-1.23461
0.00998
0.73328
-0.18441
0.31074
0.09690
0.96872
-0.25236
0.15503
-0.09490
-0.09406
0.04876
0.64134
0.14925
0.34959
0.10232
0.53233
0.23108
-0.05158
0.63297
-0.02724
-0.61978
0.08782
0.12688
0.37689
-0.34800
0.40636
0.18278
-0.34741
0.09929
0.17077
0.11302
0.15074
0.11373
-0.09509
0.02621
0.59546
-0.87094
0.02437
0.58504
-0.29457
-0.73264
-1.31577
0.06425
0.54289
0.06119
-0.45767
0.30418
0.42210
0.18967
-0.76810
-0.57737
0.20831
0.47803
-0.90208
0.82393
-0.10008
0.61522
-0.81091
0.36095
-0.61066
0.13601
-0.09528
-0.17129
0.17237
-0.39572
0.11022
-0.43494
0.10437
0.19871
0.26687
-0.75105
0.34004
0.56281
-0.42211
-0.94378
-0.74385
-0.37044
0.09400
-0.64301
-0.04215
-0.64242
0.10480
0.35551
-0.11516
0.07388
-0.18971
0.11381
0.34764
0.10736
0.21026
0.11331
0.34240
0.25691
0.17317
0.28016
-0.61021
0.08041
0.31602
0.39489
0.36185
0.40301
0.05913
-0.78526
0.38141
0.04187
0.09993
0.13979
0.26676
0.14001
0.30269
-0.32009
-0.51643
-0.35985
0.11023
-0.16388
-0.13626
0.19820
-0.50769
0.16061
0.21055
-0.70493
-1.26706
-0.22249
0.06158
0.49795
-0.00596
-0.18581
-0.12156
-0.20067
0.08974
0.29245
0.05077
-0.88028
0.15100
-0.20544
0.26178
0.15328
-0.02925
-0.35695
-0.61449
0.56347
0.47161
0.49711
0.53237
0.44701
0.06559
-0.35434
0.45355
0.10793
0.10038
0.03128
-0.06495
-0.69761
0.24501
0.66178
-0.02946
0.45327
0.14560
-0.17862
0.26976
0.09761
0.27047
-0.16500
-0.43510
0.16010
0.09006
0.03330
0.09427
-0.09742
-0.25743
0.29761
0.23873
0.18429
0.13822
-0.54827
0.15427
0.36883
-1.05282
0.18598
-0.22395
0.54715
0.12841
0.03628
-0.26818
-0.00579
0.29348
-0.30952
0.20486
-0.33742
-0.16296
-0.33242
0.38839
0.11138
0.16880
0.31030
0.07499
0.31888
-0.63488
0.26878
0.02588
-0.46873
-0.00309
0.12750
0.17413
-0.91385
0.23858
0.15469
0.07304
0.15141
-0.15265
-0.97791
0.11162
-0.76809
0.01584
0.26497
0.14665
-0.27822
0.48973
0.12692
0.30701
-0.99195
0.36089
0.15194
-0.64281
0.44561
0.00652
0.68904
0.11400
-0.05152
0.06736
0.04747
0.00913
0.40616
-0.56371
-0.48046
0.16400
-1.47344
0.68390
0.44768
0.10292
0.00271
0.14331
0.85065
0.07815
-0.78157
0.30451
0.65736
0.10571
0.27997
-0.92113
0.12202
0.22752
0.33857
-0.59326
0.17308
0.22229
0.55602
0.15322
0.27126
-0.05006
0.44432
-0.54113
0.41996
-0.15527
0.13635
0.27056
-0.30993
-0.34003
-0.46770
-0.03580
0.12549
0.09967
-0.13707
-0.26321
0.03961
0.32570
0.12172
-0.25311
-0.00583
0.32788
-0.34341
0.18632
-0.25721
0.10681
0.13160
0.22525
0.42529
-0.61281
-0.36654
0.53994
-0.54124
-0.45200
0.43620
-0.98530
0.16167
0.27397
0.40970
0.09806
0.02365
-0.35289
-0.64621
-0.22348
-0.17956
0.29264
0.03506
0.12658
-0.42066
-0.03466
0.17374
0.17031
0.04671
0.12950
0.14412
0.01311
-1.37545
-1.31347
-0.13445
0.53469
-0.04585
0.58453
-0.33084
-0.04892
0.01706
-0.61992
0.08692
0.15875
0.04514
0.13738
-1.26017
0.07545
-0.78371
-0.91024
-0.33259
0.40494
0.00573
-0.45583
0.06469
-0.78316
0.02647
0.00758
0.46439
0.42157
-0.95917
0.33878
-0.06183
0.05819
-1.06272
-0.42224
0.00401
-0.87390
0.01632
0.17606
0.07437
0.45204
0.63660
-0.72237
0.13380
0.04039
0.30695
0.05974
0.11732
0.13634
0.28365
-0.38119
-0.59512
0.05713
-0.52233
0.24242
-0.97734
-0.02752
-1.13607
-0.04973
0.14591
-0.07595
0.42169
-0.27034
-0.23981
0.33900
0.75494
-0.00346
0.38466
-0.38094
0.36262
-0.20527
0.06733
0.22627
-0.34699
0.15674
-0.02599
0.31057
-1.17553
0.47286
-0.02686
0.27795
-0.00902
0.02248
0.76232
-0.27022
-0.53480
0.09958
0.13511
-0.34583
0.14336
0.10083
0.09680
0.08807
-0.54282
0.14875
0.08198
0.03793
-0.41854
-0.06019
0.13503
0.37865
0.55734
0.43886
-0.26230
-1.11123
0.04748
-0.00676
-0.14646
0.03453
0.33203
0.00168
0.04648
-0.69741
-0.06741
0.00778
0.21099
-1.57477
-0.28080
-0.09236
-0.07693
0.27202
-0.09154
0.19207
0.12487
-0.31031
0.06227
-0.03644
0.43766
-0.76967
0.09071
-0.10182
-0.16543
0.25675
-0.51027
-0.63576
0.03288
0.24110
0.27031
0.32653
0.18229
0.18272
-0.04584
-0.00625
0.16110
-0.06719
0.05064
-0.78047
-0.38931
0.00924
0.05390
-0.39317
0.03285
0.49767
0.16350
0.28827
-0.65854
0.20742
-0.08873
0.02456
0.09762
0.11281
0.16269
0.36922
0.37700
0.12950
0.17331
-0.02085
0.09972
0.22643
-0.58530
0.16786
-1.36017
0.39133
0.44491
0.08020
0.15983
-0.52221
0.09997
0.16133
0.44914
-0.04827
0.09344
-0.04515
0.25734
0.03416
0.04279
0.35059
0.42616
-0.02519
0.28543
0.04422
0.25162
0.10141
-0.36671
0.28940
-0.20603
0.12658
-0.14709
0.18934
-0.23465
-0.29545
0.02100
0.03156
0.04924
-0.46378
0.15845
0.30463
-0.40500
0.79393
-0.03002
0.13322
0.54040
-0.13626
-1.01649
0.47024
0.10282
-0.92331
0.16224
0.14029
0.39485
-0.01120
0.23261
0.08355
-0.91438
0.11823
0.01147
-0.32923
0.10005
0.12970
-0.01124
-0.18315
0.21280
0.11430
-0.54847
0.43552
-1.23244
0.33358
0.12859
-0.68659
-0.20401
0.45515
-0.27170
-1.35802
0.33303
0.10805
-0.69942
0.16453
0.10895
0.44203
0.09548
0.05233
0.08628
0.10937
0.41359
-0.01075
-0.37131
0.38619
0.12232
0.40381
0.43887
0.12780
0.54788
0.17655
0.03976
0.01622
0.14573
0.11491
0.13175
