0.26063
0.29899
-0.52848
-0.20536
0.19466
0.21289
-0.12355
0.08036
0.04338
0.17039
-0.26559
-0.71635
-0.17167
0.10585
0.12592
-0.00767
0.15570
0.28669
0.23216
-0.10450
0.14906
-0.48911
0.10006
-0.77062
0.19548
0.27093
0.17589
-0.02481
0.13562
-0.28418
0.04039
-0.46466
0.01882
-0.16281
0.02167
0.04300
-0.10052
0.01378
-0.15743
0.07118
-1.03222
0.01575
-0.02475
-0.18258
-0.14432
0.23089
0.18729
-0.71337
0.33230
0.06617
-0.10195
0.23237
0.20759
-0.12097
-1.09281
-0.28855
-0.08725
0.22678
0.37692
-0.11628
0.23632
0.03017
0.13046
0.08363
0.25059
-0.05656
0.13184
-0.54204
0.09609
-0.22339
0.29036
0.00047
0.26134
0.15327
-0.19912
0.22344
0.21528
0.06869
-0.20770
-0.08154
0.03908
0.15112
0.07359
-0.09768
0.00537
-0.16547
-0.28908
0.20659
-0.50815
-0.10098
-0.65639
-0.71171
0.55413
-0.16463
0.04908
0.01333
-0.24797
-0.07659
0.11279
-0.60177
0.29669
-0.18248
0.03264
-0.03886
-0.06739
0.18782
-0.06019
-0.13496
-0.29362
-0.04100
0.31541
-0.19732
-0.34519
0.15977
-0.43275
-0.64970
0.03790
-0.00927
0.29707
-0.11511
0.20456
0.09239
0.07683
0.20254
0.16091
0.22932
0.02556
0.18717
-0.48274
0.00956
0.14860
-0.41765
0.15595
-0.57890
-0.02763
0.18761
0.25176
-0.04299
-0.30652
-0.73065
-0.30677
-0.28829
0.04701
0.15106
-0.06608
0.15897
0.14268
0.13663
-0.07640
-0.40363
-0.00998
-0.12719
-0.26206
0.06774
0.04511
-0.86744
-0.03131
0.18443
0.20691
-0.08763
-0.07375
-0.12438
-0.35814
-0.12017
-1.16297
0.31899
-0.35929
0.20417
0.26825
0.09774
0.15321
0.06341
0.11063
-0.21570
-0.14925
-0.21699
-0.73242
0.18839
-0.36146
-0.09711
0.32923
-0.13291
0.18043
-0.11097
-0.47786
0.06350
-0.15357
-0.24492
-0.42982
-0.20367
-0.09354
0.06460
-0.29120
-0.24224
0.23719
-0.17042
0.09717
0.16142
-1.05471
-0.65973
-0.20214
-0.57175
0.22947
-0.01017
0.00065
0.06614
-0.52891
-1.19873
-0.22822
-0.17920
0.46095
-0.55701
0.19031
-0.05619
-0.06709
0.16701
-0.30449
0.00640
-0.19585
0.24379
-0.31074
0.11994
-0.52794
0.03076
0.21072
0.08627
-0.08531
0.17968
-0.12089
0.20642
0.01744
0.13024
-0.06761
0.19773
0.21598
-0.19676
0.09885
-0.08064
0.36923
-0.38993
-0.06193
-0.19936
-0.11720
-0.04159
0.19604
-0.05877
-0.14920
0.17860
0.22661
0.25686
0.20042
0.27461
-0.13533
-0.01285
-0.03188
-0.20481
0.16745
-0.22587
-0.12949
0.02473
-0.25341
0.00980
0.25333
-0.32183
-0.25598
0.11492
0.16765
0.28477
-0.01397
0.00094
-0.22238
-0.10400
0.16243
0.20597
0.11532
-0.46207
0.24571
0.02407
-0.05609
0.23448
0.12853
0.18346
0.09520
0.00621
-0.44582
-0.27669
-0.77316
0.39786
-0.02778
0.20854
-0.16518
-0.11396
-0.18260
-0.59515
0.11412
0.34989
0.15065
-0.48211
-0.10654
0.14786
-0.06014
-0.10166
-0.02956
0.34236
-0.15245
0.16543
0.16491
0.19132
0.06130
0.15405
0.15910
0.05222
-0.98935
-0.04357
-0.33232
0.18907
-0.23647
0.10849
-0.16793
-0.15513
-0.09486
-0.05476
-0.33862
0.25491
0.19050
-0.61172
0.25119
0.51523
-0.28224
-0.07922
0.12730
0.22762
0.21793
-0.22507
-0.14296
-0.67633
-0.04552
0.10055
0.05889
0.05476
-0.08154
0.14996
-0.07070
-0.21876
0.28165
0.25757
0.12569
0.17267
-0.15959
-0.01881
0.32137
0.26208
-0.75623
0.20403
0.00270
-0.02278
0.10880
0.12286
-0.23478
0.27327
0.12816
-0.11712
-0.54162
0.12294
0.12544
-0.11364
-0.60352
-0.34422
0.08679
0.20759
-0.90505
-0.21890
0.19271
-0.28264
-0.08924
-0.45952
0.10501
0.03915
0.13777
0.14001
-0.13383
0.17607
0.02659
0.03647
-0.09210
-0.14305
-0.41939
-0.08337
-0.23460
0.21334
0.22002
0.23025
-0.44057
-0.08703
-0.80757
-0.77502
-0.20572
0.14477
0.05701
-0.08727
0.09442
-0.43305
-0.45378
0.23353
-0.22356
-0.06387
-0.14009
0.41566
0.23396
-0.23614
-0.67999
0.13489
0.19324
0.07983
-0.23528
0.28416
0.27250
0.14464
-0.18883
0.22997
0.04454
-0.16830
-1.05098
-0.00035
0.04055
0.28433
0.23641
0.20280
0.13450
0.25540
-0.02440
-0.16545
-0.23205
0.18939
0.19721
-0.42398
0.01508
-0.19497
0.03942
0.05659
-0.07760
-0.20696
0.27576
0.25918
-0.55217
0.57434
-0.42934
-0.14550
-0.16422
0.22900
-0.14880
0.09370
-0.12402
-0.09451
0.21637
0.10285
-0.09980
-0.53752
-0.36223
0.19931
0.21889
-0.14325
0.12671
-0.03099
0.00607
-0.20125
0.07129
0.18569
-0.26291
-0.21170
0.12079
0.12706
-0.59360
-0.31220
-0.08473
-0.15205
-0.34411
-0.06076
0.30135
-0.24836
-0.32294
0.12496
-0.32975
-0.72211
0.21195
-0.38844
0.01527
-0.11360
0.21814
-0.21497
-0.17178
0.35937
-0.15853
0.09472
-0.21037
-0.34194
-0.12583
-0.09780
-0.24744
-0.86702
0.17855
0.06528
-0.03071
-0.32529
0.10355
-0.52486
-0.50382
-0.02980
-0.00524
0.20511
-0.06880
0.29953
-0.49780
-0.11534
0.42334
0.19147
-0.11204
-0.20148
-0.07371
-0.48335
0.10443
0.02710
-0.50940
0.26047
-0.31028
0.25298
-0.61365
-0.09264
-0.63105
-0.16758
0.23499
0.07103
-0.18500
0.03737
-0.05774
-0.46037
-0.00111
-0.08093
0.14198
0.22569
0.03459
-0.76868
-0.83780
0.10783
-0.30090
0.26517
0.07485
0.07038
0.14018
0.07263
-0.24365
0.21389
0.45023
-0.02988
-0.49055
-0.58970
0.15165
-0.03133
-0.05489
-0.29939
0.00314
-0.13697
0.00249
-0.13241
-0.44008
0.12849
-0.13246
-0.39554
0.23633
-0.06436
-0.30985
0.15832
-0.34407
0.34660
-0.04620
-0.20068
-0.15568
-0.36105
0.05229
-0.24568
-0.09581
0.02276
-0.19661
-1.00034
-0.71431
0.32829
-0.04203
-0.39012
-0.22150
-0.16954
0.10875
0.22405
0.41110
0.14751
-0.07008
-0.83592
0.00987
-0.05328
0.25536
-0.23913
-0.07929
0.08892
-0.12335
-0.12431
0.21953
-0.05679
0.24927
-0.07822
0.15884
-0.39416
-0.17181
0.14369
0.20647
-0.51428
0.00519
0.15029
0.19801
-0.33443
-0.20581
0.03320
-0.06088
-0.01676
-0.03362
-0.11965
0.06976
0.18301
-0.07492
-0.00924
-0.25524
0.21440
-0.20072
-1.01131
-0.36670
0.45453
-0.26042
-0.37655
-0.13645
0.30832
-0.06546
0.15340
-0.06589
-0.04144
0.14069
0.16935
-1.07968
0.21723
-0.41146
-0.29293
-0.10510
-0.28028
-0.49974
-0.04856
0.09182
0.07028
0.25470
-0.09149
-0.05496
0.01807
-0.27287
-0.39935
0.17743
-0.00569
0.05616
-0.11184
0.08574
0.28185
0.01150
0.15727
-0.62253
-0.17108
-0.40814
-0.14998
0.08550
-0.32703
-0.41508
-0.29258
-0.24057
0.27536
0.18860
0.07011
0.22829
0.22933
-0.58297
0.04540
-1.31500
0.10991
-0.14278
-0.03493
-0.37104
-0.09237
-0.55969
0.04048
0.14867
-0.04223
-0.38099
0.38422
-0.45479
0.31281
0.25089
-0.57850
0.09392
0.13803
0.07087
-0.27134
0.13589
0.22864
-0.58646
-0.27950
0.01697
-0.01118
-0.37959
0.07982
-0.40398
-0.09841
0.00146
-0.25253
-0.15475
0.14049
-0.24455
0.00790
-0.15717
0.07558
-0.06278
-0.95559
0.03200
0.22383
-0.03355
-0.17064
-0.42072
0.09306
-0.15819
-1.02862
-0.17058
0.21228
-0.19031
0.21741
0.06544
0.22391
-0.23123
-0.86694
0.21673
-0.11239
0.22824
0.24431
0.11609
0.26111
0.05338
-0.07468
0.08816
0.35296
0.19740
0.20295
0.22102
-0.10286
-0.01921
-0.09333
0.19964
-0.03466
-0.70595
0.18581
0.08948
0.40084
-0.31078
-0.09023
-0.05464
0.20942
-0.02105
-0.03517
0.37809
-0.46903
0.00471
-0.12292
0.21703
-0.23268
0.00652
-0.03012
-0.26526
0.07351
0.06838
0.15202
-0.19935
-0.18692
0.05166
-0.36972
-0.34908
0.09559
-0.12802
0.13368
-0.17894
0.21907
-0.24843
0.14274
-0.49036
0.29980
-0.20114
0.04567
-0.11899
0.18687
0.03833
-0.26311
-0.33699
-0.19581
0.06540
-0.12016
-0.23164
0.26737
-0.11864
0.16530
-0.20613
0.03176
-0.07400
0.10419
0.12202
0.20587
0.23631
0.22656
-0.06982
0.00739
0.20648
-0.00262
-0.10052
0.06690
-0.30936
-0.78433
-0.00261
0.00931
0.05188
-0.16932
0.18092
-0.15547
-0.33212
0.20118
0.09810
-0.16941
-0.01514
0.26714
-0.26607
0.23322
0.29402
0.10336
0.04225
-0.03420
0.19097
0.00183
0.28800
0.02862
-0.49164
0.06664
0.09650
0.20409
-0.65351
-0.73497
0.24011
0.13652
-0.23264
-0.05467
-0.54394
-1.02307
-0.10975
0.06654
0.11123
-0.24802
-0.46024
-0.20015
0.21843
-0.04233
-0.13458
-0.17078
-0.21794
0.33269
0.13645
0.19938
0.14626
-0.07489
-0.01552
0.00249
0.11465
-0.65428
0.05993
-0.19760
-0.15254
-0.21820
0.07846
0.04540
0.05217
0.08935
-0.02105
0.06181
-0.10834
-0.23233
0.03236
-0.20682
0.09689
0.22246
0.26946
-0.23337
-0.18129
-0.19929
-0.24318
0.18073
-0.28157
0.19774
0.30457
-0.31629
-0.61048
-0.00628
0.21965
-0.18609
0.19581
0.11899
-0.07465
-0.06597
-0.29853
-0.23078
0.10160
-0.14423
0.09246
-0.42854
0.26000
-0.36907
0.11432
0.20539
-0.25763
0.18224
-0.86181
0.31881
-0.41255
-0.04410
-0.01161
-0.73955
0.16918
0.33829
-0.03040
-0.55640
0.11568
-0.38938
0.11903
-0.16777
-0.46867
0.06115
0.11221
0.15002
-0.20515
-0.17148
-0.04385
0.24984
-0.08118
0.02448
-0.55383
0.29773
-0.00943
-0.15830
0.26103
-0.78928
-0.64617
-0.29067
-0.42208
0.32591
0.37444
0.54027
-0.59183
0.10081
0.21674
-0.96505
0.06206
-0.34527
0.15803
0.10805
-0.32226
0.13036
0.23892
-0.53991
0.06254
0.14693
0.16546
-0.33591
0.03368
0.15434
-0.07925
-0.21009
-0.10017
-0.23976
0.01203
-0.27872
0.02283
-0.24947
-0.31894
0.05981
-0.14024
0.35173
-0.38203
-0.72538
0.19142
-0.19276
0.46056
-0.01885
0.02159
0.19868
-0.05356
0.22364
0.34079
0.38567
0.31122
0.18913
-0.32608
-0.32050
0.24659
0.36913
0.21465
0.13179
0.18336
0.40359
-0.05751
-0.36207
0.20999
0.54582
0.21688
0.19901
0.03633
0.33789
0.21314
0.22892
0.15727
0.17178
-1.03152
0.53589
0.13349
0.19022
-0.02104
0.35131
0.18654
-0.02582
-0.19033
0.18536
0.36042
0.40110
0.32634
-0.38526
-0.35240
0.37480
-0.29695
0.33603
0.39423
0.42508
-0.42268
0.46634
0.15784
0.18728
0.17469
-1.13932
0.85531
0.08892
0.27293
-0.11280
-0.36192
0.12676
0.16249
0.22274
0.38402
0.12942
0.26422
0.15543
0.23107
-0.10411
0.35317
0.13961
-0.22045
0.15750
0.16296
-0.12772
0.31246
0.35533
-0.10237
-0.05502
0.09926
0.11996
-0.25765
0.66658
-0.28031
0.28857
0.18878
-0.40739
-0.06534
-0.13310
0.16060
0.21660
0.21419
-0.00851
-0.21239
0.44980
0.51932
0.47768
0.68413
-0.98783
-0.84437
-1.12636
0.04259
0.08124
-0.63302
0.11772
-0.46497
-0.52542
-0.01848
-0.24133
-0.88540
0.16426
-0.38425
-0.19018
0.53652
0.24755
0.58663
0.39957
0.09102
0.39434
0.00088
0.67935
-0.41388
-0.03887
-0.35105
-0.03239
0.30913
-1.81771
-1.19391
-1.79700
-0.17784
0.19376
-0.52417
-1.98725
0.35524
-1.17958
0.18103
0.05395
0.17491
0.49282
0.28457
0.36561
0.47352
-0.28607
0.46836
0.44068
-1.12147
0.25811
0.32302
0.19175
-0.49096
0.52739
0.13398
-0.01097
-0.05409
0.20017
-0.07910
0.56267
0.14274
0.50445
0.32018
0.38203
-0.28076
0.30751
0.38465
0.55923
0.10577
-0.40006
0.56269
0.54137
0.00742
-0.19222
0.19213
0.11442
-0.43905
0.02597
-0.46788
0.21145
-0.65384
0.46767
0.36466
-0.41080
0.20217
0.37907
0.34590
0.34725
0.54218
0.37105
0.12429
0.23004
-0.01362
0.06953
0.09698
-0.04757
0.36057
0.56097
0.47207
0.12128
0.05528
0.19955
0.37753
0.34152
0.24623
0.24920
0.11670
-0.56404
-0.96587
0.19205
-0.13706
-0.33257
0.40382
0.01344
0.22251
-0.53782
-0.76427
0.14610
-0.21724
0.24066
0.12759
0.25444
0.14981
0.28914
0.24473
0.28312
0.07438
-0.38039
0.06885
0.11420
0.34594
0.45141
0.22232
0.30102
-0.00616
0.02961
0.33125
-0.15802
0.23218
-0.17590
-0.17942
-0.07224
0.32325
0.60944
0.09931
-0.49238
-0.91642
0.22898
0.08210
0.80346
-0.26354
0.28284
0.60062
-0.34403
-0.79858
0.34918
-0.60375
0.32889
0.31545
0.27312
0.37220
-0.37883
-0.38595
-1.20285
0.50942
-0.77356
0.02146
0.17895
0.18292
0.13094
0.17776
-0.79645
-0.18383
0.13803
0.17975
0.25795
-0.07347
-1.20561
0.03148
0.32809
0.35925
-0.48253
0.88439
-0.91570
0.10477
0.21394
-0.60955
0.47302
-0.68504
-1.36751
0.28665
-0.32399
-0.00031
0.07287
0.33277
0.36747
0.17358
-0.19994
-0.08119
-0.40774
0.01384
0.39335
-0.48926
-0.50922
0.13365
-0.52013
-0.78348
0.12634
0.14159
-0.68340
0.56130
-0.07533
-0.40304
-0.26244
0.20006
0.14277
0.32521
0.33282
0.12580
-0.77530
-0.19757
0.09615
0.49160
-0.25205
0.56163
0.32220
0.43941
0.43383
0.64903
-0.74994
0.45299
-0.48584
-0.12692
0.37382
0.19908
0.39491
0.31608
0.45945
0.39270
-0.07705
0.39569
0.25372
0.57293
0.25020
-0.83493
-0.29092
0.41607
-0.35506
-0.11131
0.14277
-0.20555
-0.06492
0.24457
0.18015
0.32037
0.29035
0.42900
-0.40226
0.15946
0.40735
0.38080
0.15655
0.38561
0.15981
-0.82558
0.10092
0.20306
-0.14473
-0.03567
-0.40618
0.28262
0.54254
0.18669
0.40843
-0.38070
0.24670
-0.43768
-0.54388
0.27788
-0.12984
-0.09603
0.22593
0.12662
-0.10538
0.64114
0.43592
-0.53292
0.26948
-0.02436
0.46165
0.43132
0.51700
0.28676
-1.06521
-0.12335
0.18992
0.27110
0.57309
0.28291
0.05397
-0.14373
-0.40446
0.09016
-0.35925
0.46309
0.12855
0.13427
0.15453
0.09671
-0.03911
0.17683
-0.61145
0.36359
0.25578
0.40287
0.10532
-0.75513
0.25198
0.33521
-0.39654
0.06882
0.24028
-0.54048
-0.43677
-0.68997
0.15678
-0.37808
0.33634
0.26316
-0.48465
0.26853
-0.49616
-0.13966
0.17733
-1.03628
0.13880
0.33683
0.05642
-0.78414
0.17271
0.33673
0.19578
-0.00304
0.33580
0.49319
0.30331
-0.65971
0.21296
0.63313
0.64237
0.28988
0.52117
0.42685
0.23648
0.10047
0.14915
0.17625
-0.14311
0.43225
0.33496
0.24563
-0.28864
-0.71316
0.18174
0.40465
-0.13088
0.18384
-0.69107
0.24167
0.12902
0.13020
0.23197
0.36492
0.36312
0.15171
0.27400
-0.28400
0.44026
-0.02198
0.26817
0.24939
0.33573
0.32821
0.40758
-0.44513
0.07983
0.40431
-0.90552
0.41049
-0.14064
0.19942
0.49726
0.31343
0.25305
0.10519
0.27141
0.02798
0.35422
-0.45267
-0.33729
0.76049
0.04854
0.69815
0.09501
0.00896
0.61338
0.78541
0.46715
0.28354
-0.65895
0.25099
0.41199
0.21992
-0.45288
0.27741
0.26666
0.15004
0.30435
0.33422
0.36066
0.22468
-0.50244
0.07407
-0.08337
0.49155
-0.18029
0.14734
0.20738
0.36141
0.44464
0.03768
0.28089
0.58982
-0.14681
-0.01656
-0.06105
-0.43045
0.41158
0.15643
0.21764
0.18496
0.26693
-0.17264
0.52564
0.30076
0.15592
0.68433
0.14154
-0.27513
0.49807
0.51692
0.05057
0.40640
0.28615
0.40865
0.17533
0.00280
0.15825
0.49468
0.45719
0.53025
0.20329
0.17901
-0.19343
0.43781
-1.84779
0.26376
0.22797
0.25134
0.31551
0.38742
-1.24056
0.04919
0.00885
0.14336
0.09707
0.31900
0.47286
-1.15323
-0.36445
0.41548
0.54582
0.64371
-0.38941
0.19801
0.19798
0.30070
0.16650
0.17568
-0.42867
-0.03854
0.32777
-0.27423
0.02718
0.13605
0.34270
0.12733
-0.22683
0.57006
0.07474
-0.36162
0.51711
0.02131
-0.44344
0.18028
-0.55637
-0.90027
-0.11457
0.15624
-1.12446
0.07809
0.25028
0.06726
-0.28074
0.32270
-0.51045
0.63736
0.27342
0.29410
-0.00547
0.17013
0.09160
0.24021
0.23617
-0.71265
-0.53647
0.84139
0.23729
-0.00510
-0.60737
0.41997
0.17647
0.33114
-0.67672
-0.13978
0.32895
0.36522
0.53591
0.35997
-0.78787
-0.10517
-0.67890
0.21664
0.31812
0.20436
-0.45254
0.32242
-0.39469
-0.39163
0.20378
0.21064
0.15908
0.16455
-0.55079
-0.04338
-0.23297
-0.28821
0.47947
-1.24423
0.41470
0.32124
-0.21278
-1.17615
0.09002
-0.48849
0.35809
-0.01258
0.13576
0.43211
-0.33633
0.16686
-0.21781
-0.11660
-0.04352
0.47194
0.20310
0.29244
0.36283
0.19668
0.28336
0.52421
-0.37888
0.33423
0.25162
0.38249
-0.28943
0.04140
-0.09142
0.28719
-1.11148
0.74959
0.18332
0.33063
0.17895
-0.33166
0.27222
0.03951
-0.26176
0.28945
-0.23690
0.81726
-0.07509
0.36365
0.59894
0.45652
0.76977
0.06821
-0.06908
0.58455
0.35362
0.45844
-0.17990
0.15698
-0.06576
0.12033
-0.31067
-0.09195
0.36843
0.42413
0.34805
0.14216
-0.26322
-0.36280
0.36011
0.19280
-0.29076
0.25670
-0.48517
0.18508
-0.21918
-0.01484
-0.10798
0.12930
-0.27553
0.34502
0.23202
-1.28806
0.10167
0.81836
-0.07234
-0.07803
0.11406
0.49158
-0.87567
0.04504
0.22226
-0.74076
0.13771
-0.54225
0.20646
0.45643
0.17232
0.11537
-0.33261
-1.25970
0.60743
0.20510
0.44409
0.33537
-1.03937
-0.29010
0.37973
0.27702
-0.40059
0.40409
-0.16077
0.63444
0.74996
-0.31283
-0.24527
-0.33273
-0.45693
0.22541
-0.38832
0.55847
0.26103
0.11892
-0.40651
-0.46109
0.25642
0.01400
0.43653
0.47631
0.55853
0.32978
0.14809
0.42130
0.24583
0.30005
-0.37809
0.18327
0.27006
0.04426
0.16708
-0.84659
-0.59148
0.01739
0.05694
0.16724
-0.13271
0.12574
0.35071
0.34733
0.25398
-0.05891
-0.01123
0.05984
-0.03195
0.39725
0.24211
0.75606
0.36354
0.44093
0.18443
0.37254
0.15548
0.26747
-1.14952
0.43526
0.41600
-0.76762
0.12752
0.53788
0.34775
-1.20629
0.16703
0.67589
0.12301
0.39470
-0.31882
0.12610
0.26396
0.64190
0.43857
-0.81011
-0.18892
-0.48234
-0.08732
0.30950
0.18406
0.15983
0.18576
-0.06346
0.36231
-0.10369
0.47958
0.02695
-0.23778
0.31883
0.24409
0.11189
-1.21083
-0.67937
-0.72686
0.35637
-0.13429
0.21474
-0.36204
0.46132
0.30261
0.68372
0.19324
0.09342
-0.36524
-0.01762
0.15533
0.33677
0.53980
0.46941
0.14237
0.40176
-0.16211
0.25721
0.39308
-0.24165
0.46634
0.75201
0.13539
-1.28406
-0.37789
-0.04369
-0.34434
0.30436
-1.21004
0.24279
0.36424
0.20196
0.28465
-1.33387
-0.40874
-0.05232
0.08366
0.13688
0.69233
0.34446
0.10503
-0.11164
-0.82630
0.36283
-0.03735
0.50062
0.36556
0.39451
-0.01285
-1.32545
0.19036
0.38230
-0.23792
0.34854
-0.35905
-0.65833
0.05057
0.11028
0.10463
0.18329
-0.32927
-0.16780
-0.72345
-0.04703
0.46517
-0.39430
0.16491
0.21192
0.31498
0.19848
0.10170
0.15860
0.20204
0.03481
0.11650
0.10570
0.29777
0.68753
-0.41871
0.37584
0.45656
-0.21978
0.06267
0.16550
-0.21173
0.29087
-0.39018
-1.46066
0.10423
0.32263
0.49583
0.17247
0.02865
0.20540
0.23950
0.35365
-0.21427
0.45252
0.15602
0.74989
0.40223
-0.09276
0.01146
0.23612
0.11205
0.12828
0.35942
0.23949
0.15151
0.19034
0.47162
0.49566
0.13088
0.24577
0.06073
0.12549
0.02206
-0.23211
0.00612
0.29024
0.60861
-0.30157
0.57023
-0.43585
0.23377
0.38198
0.23286
0.20866
0.32531
-0.71196
-0.22008
0.40656
0.37766
0.34439
0.32896
0.31013
0.45768
0.23038
-0.22590
0.17306
0.42319
0.02791
-0.69728
0.01882
-0.31394
0.42693
0.08980
-0.49643
-0.10100
-0.95743
0.21036
0.46397
0.35195
0.42203
-0.05130
0.10712
-0.28882
0.23979
0.08497
-0.24100
0.21663
0.26378
-0.32833
0.18993
0.27095
0.33452
0.30734
0.44592
0.18952
0.04960
0.15191
0.76850
0.07497
0.39265
0.14259
0.14144
0.05411
0.31833
0.57759
0.08101
0.26577
0.16841
0.24051
0.05561
-0.17062
0.44237
0.38571
-0.16146
0.81030
0.67208
0.10347
-1.03770
0.54650
0.15789
-0.79430
0.02940
0.23954
-0.01446
0.31235
0.28573
0.21334
0.78240
-0.21935
-0.47939
0.03103
-0.15567
0.30168
0.43064
0.08053
0.48870
0.14772
-0.82740
-0.08504
-0.18549
-0.31066
0.35326
0.07013
0.27971
0.37957
0.36598
0.14353
-0.31779
0.35706
0.23957
0.17384
-0.45248
-0.02483
0.11923
-0.01612
0.26955
0.46275
0.03370
0.35308
-0.12398
-0.24282
0.03518
0.34883
0.36967
-0.42830
0.18739
0.64101
0.21065
-0.64510
0.34117
0.41692
0.10140
0.09335
0.27595
0.14365
-0.00002
0.58579
0.21124
0.06992
0.27736
0.67015
0.05272
0.43861
-0.92380
0.30882
0.27046
-0.29559
0.08898
0.24386
-0.04419
-0.11116
0.26495
0.23063
0.20178
0.37617
-0.48885
0.41060
-0.19559
0.46140
0.75593
0.37285
0.14399
0.19601
0.11515
-0.27794
0.10092
0.77937
0.31185
-0.44926
-0.39765
0.28672
0.69404
0.48476
-0.12810
0.38582
0.14119
-0.30784
0.29802
0.18857
0.27557
0.36434
-0.44702
0.03438
0.35207
0.42401
0.14582
0.09680
-0.64519
0.57792
0.34924
-0.45020
-0.66693
-0.28400
0.32416
0.25041
-0.37305
0.35951
0.59980
-0.77516
-0.50104
-0.02045
0.41077
0.26248
0.04995
0.12707
-0.51318
0.65453
0.38763
0.34632
-1.10031
0.37138
0.41277
-0.98465
0.25114
-0.03533
0.27375
0.05297
0.14339
-0.13389
0.42839
0.24558
0.26363
0.47348
0.31450
0.14124
0.37063
0.37563
0.36889
0.38892
0.79775
0.34915
0.45818
0.26200
0.09385
0.08269
0.33296
0.12617
-0.43859
0.07167
-0.58280
0.34226
-0.41958
0.16726
0.28411
0.03640
0.26941
-0.81051
0.34257
-0.48839
0.24753
-1.26494
0.30550
-0.49903
0.21907
0.46609
0.53031
-0.43896
0.19803
0.23624
0.36835
-0.21383
0.49272
0.39581
0.39470
0.08376
0.49193
0.66469
0.24797
0.12161
0.24170
0.19849
0.44878
0.11810
-0.64735
-0.40737
0.42862
0.45699
0.48713
-0.13555
0.10076
-0.79118
-1.12249
-0.47830
0.04067
0.19811
0.16003
0.23216
-0.45731
0.40014
0.12767
0.11389
-0.15677
-1.25136
0.41700
0.42460
0.07197
0.19202
-0.05334
0.29626
0.42125
0.36374
0.17633
0.38979
0.19820
0.16576
-0.48790
-0.89868
0.37039
-0.10618
-0.28853
0.67999
-0.45783
0.34594
0.37102
0.30385
-0.42592
0.26686
0.33544
0.19434
0.32758
-1.33262
-0.23485
0.30853
0.42537
0.25761
0.25336
-0.49758
-0.27401
0.15337
-0.22457
-0.07174
-0.79922
0.36449
0.11538
0.25463
-0.19282
0.10342
0.34602
0.18392
0.18355
-0.18208
0.34666
0.09999
0.23310
0.28024
-0.05689
0.07237
0.44870
-1.23756
0.20155
0.38839
-0.43473
0.42929
-0.29402
0.37001
0.15351
0.76693
0.21802
-0.13662
0.17448
-0.33396
0.35439
0.58470
0.55459
0.45965
0.27236
0.53295
0.44011
0.35660
-0.41115
0.34054
-0.58670
-1.80422
0.76074
0.03677
-0.15589
0.31463
0.28796
0.24002
0.54953
0.09916
-0.04301
-0.45200
-0.18181
0.26296
0.30178
0.08185
-0.05855
-0.02613
0.11472
-0.87705
0.31861
-0.93403
-0.48749
0.38210
0.02760
0.13700
0.14938
-0.41972
0.28764
-1.14829
0.23750
0.35204
0.45237
0.30779
0.11157
0.34228
0.21017
0.45841
-0.52280
0.63989
0.33452
0.77325
0.35675
-0.69882
-0.47192
0.32947
-0.46135
0.34688
0.31601
0.23502
-0.41952
0.37379
0.20932
0.25825
-0.08821
-0.30859
0.23018
0.12446
0.33843
-0.24609
-0.26497
-0.04414
0.19937
0.46427
0.67197
-0.43668
-0.31383
0.31065
0.18972
-0.25523
0.11401
-0.05790
-1.35057
0.10054
0.53156
0.26878
0.45626
-0.15017
-0.68017
0.28696
-0.35439
0.01925
0.23832
-0.03778
0.40862
-0.44766
-0.00882
-0.26916
-0.03410
-0.05064
-0.38020
0.36282
-0.48766
0.29121
-0.24457
-0.24949
-0.10208
0.34165
0.47381
0.29372
0.33568
-1.00635
-0.71090
-0.89375
-0.13257
-0.55322
0.38688
0.37673
-0.53312
0.18078
-0.34595
-0.05031
-0.40330
-0.17758
-0.37528
0.24743
0.41318
0.15617
0.06506
-0.21803
0.63186
0.15651
0.45261
0.39138
-0.39484
0.31321
0.33805
0.40383
0.33440
0.42533
-0.22640
-0.38754
-0.28451
0.38044
0.36276
-0.43719
0.54305
-0.78121
0.35888
-0.44055
0.21422
0.14421
0.00716
0.14961
0.69146
0.37336
0.01811
0.09453
0.61499
0.64422
0.17363
-0.37246
0.15476
0.06668
0.20126
-0.04699
-0.06050
0.27611
0.28590
-0.45265
0.30032
0.36337
-0.39544
0.27293
0.38850
0.47787
0.31489
0.17888
0.16727
-0.06120
0.50881
0.52202
0.18853
0.11423
0.25054
0.84233
0.14889
-0.29113
0.26557
0.16551
-0.48416
0.09854
0.38775
0.04344
0.09977
0.45279
0.09789
0.07879
0.54951
0.16661
-0.05273
-0.41937
0.25054
0.20256
0.06594
0.32242
0.20007
0.50264
0.52773
0.33590
-0.65350
0.07422
0.56781
-0.06581
0.31094
0.10494
-0.22238
0.08723
0.17344
-0.22824
0.33691
0.52464
-0.49266
-0.50680
0.29227
0.13287
0.41823
-0.01329
0.33508
0.34366
0.48959
0.22066
0.37483
0.00281
-0.19981
0.34736
0.42918
0.31680
0.39455
0.44429
0.31755
0.37181
0.48560
0.34991
0.02171
0.33242
-0.27665
-0.36658
0.32008
0.18209
-0.20025
0.02552
-0.70327
0.12675
0.10525
0.26905
0.13677
0.19081
0.06502
-1.04818
0.05797
-0.95051
-0.05392
0.33785
0.21414
-0.09764
-0.40931
0.14150
0.25549
0.42682
0.11572
0.40806
0.16666
0.52030
0.16657
-0.71107
0.71110
-1.61145
0.44967
0.45049
0.37688
-0.48345
0.59688
0.08800
0.31374
0.05768
0.32336
-0.02071
0.36875
0.24566
0.59386
0.29179
0.29879
0.20667
0.33723
-0.01219
-0.37391
0.21609
0.32855
0.39621
-0.44876
0.41446
0.12941
-0.07463
-0.04871
-0.36449
0.06150
0.63011
0.14153
-0.41268
-0.04188
0.18497
0.19604
0.14183
0.15601
0.26099
0.42079
0.46776
0.55133
0.25901
0.58673
-1.58551
-0.26305
0.11442
-0.12277
0.31304
-0.33736
-0.07932
0.16808
-0.14928
-0.19800
0.13246
0.26279
0.20868
-0.35108
-0.17223
0.24740
0.31202
-0.20078
0.18111
-0.23697
0.09667
0.19198
0.26060
0.02797
0.18731
-1.04820
0.26197
-0.31612
0.12285
-0.49899
-0.21690
0.49267
0.13051
-0.39067
0.21809
0.27719
-0.29430
0.02107
-1.06773
0.38084
0.50254
0.06087
-0.55104
0.29171
0.14638
-0.75930
0.29314
-0.08207
-0.71031
0.21335
0.05033
0.20277
0.29757
-0.45533
0.16692
0.40573
-0.04601
0.40250
0.15855
-0.92891
-0.05599
0.19013
0.48337
0.17204
0.19705
0.37721
-0.46080
0.12553
0.21855
0.33996
0.23770
0.32455
0.21608
0.26957
0.34182
0.62028
0.40673
0.22113
-0.34360
0.35337
0.28145
-0.04570
-0.38921
0.59086
0.06513
0.20951
0.15114
0.42077
0.18923
-0.07687
0.25357
-0.17877
0.57842
0.19683
-0.56076
-0.70528
-0.52865
0.16292
-1.22633
0.31848
0.07417
0.25990
0.22434
-0.48517
0.75062
-0.11844
0.12891
-0.26113
-0.97343
0.22108
0.14303
0.25968
0.02229
0.38694
-0.64433
0.10562
0.15666
0.15651
-0.45152
0.03036
0.22480
0.37777
0.43457
0.06858
-0.86081
0.06012
0.15224
0.15840
-0.36922
-0.07799
0.37164
-0.05942
0.15648
-0.46794
0.64693
0.17328
0.52265
0.69884
0.33476
0.40427
0.35833
0.24695
0.25089
0.03903
0.13693
0.44932
0.03649
0.26703
0.43333
0.44992
0.40416
0.39402
-0.58177
0.12137
-0.31973
-0.06226
0.21346
0.09561
0.34873
0.32417
0.12654
0.59108
0.48284
0.17377
0.13518
0.30379
0.21484
0.22210
0.42983
-1.09457
0.59581
0.17409
-0.37539
-0.29943
0.56345
-0.23150
0.15336
-0.34213
0.40720
0.23334
0.21778
0.37478
0.09719
-0.93922
0.11719
-0.32332
0.17188
0.08229
-0.69036
-0.01121
0.20550
0.63878
0.17066
-0.96333
0.34682
-0.55394
0.19343
-0.62958
0.12110
0.18105
-0.13773
-0.10144
0.25940
0.08323
-0.20640
0.23448
-0.57949
0.34131
-0.99864
-0.00415
0.29601
-0.62303
-0.20680
0.33523
-0.46404
-0.15542
0.18045
0.03050
0.25195
-0.00486
-0.44762
-0.01188
-0.14800
-0.52627
0.36486
0.06985
-0.97002
-0.38249
0.30729
0.17209
0.17308
0.31409
-1.29573
-0.64080
0.31869
-0.93084
0.35820
0.46004
0.10256
0.28168
0.19573
0.16609
0.22710
-0.35512
0.51376
0.24523
0.46475
-0.04316
0.35841
-0.04517
0.43409
0.69852
0.21458
-0.13438
-0.81871
0.21955
0.37143
-0.07325
-0.46073
0.09538
0.11395
0.45692
0.47287
0.77481
0.57612
-0.72478
0.14305
0.39158
-0.69901
0.58063
0.56478
-0.06002
0.13948
0.50939
0.23237
-0.15067
0.39564
0.12136
-0.96196
-0.21435
0.16048
-0.29572
0.60499
-0.38304
0.20238
0.39128
0.24523
0.59230
-0.36444
0.19184
0.20073
-0.05897
0.25079
0.40038
0.17971
-0.19100
-0.28901
0.53822
0.35415
0.61063
-0.08423
-0.07893
0.54928
-0.34039
-0.15434
0.46101
0.78931
0.07396
-0.05776
-0.04089
0.74742
0.59287
0.08029
0.38055
0.26474
0.51853
-0.69392
-0.71156
0.10615
0.07696
-0.36772
0.38811
-0.62498
-0.10739
-0.06069
0.08239
-0.18129
-0.00245
0.30579
-0.66871
-0.18165
0.03729
0.19018
0.59253
-0.10292
-0.56771
0.37573
0.00988
0.16351
0.36217
0.06693
-0.63006
-0.94600
0.79868
0.22888
0.11708
0.29367
0.08713
0.34261
-0.76011
-0.91661
0.24058
-0.45002
0.51956
0.43792
0.15760
-0.05357
0.18451
0.35919
-0.37031
0.28714
-0.13574
0.43632
0.12105
0.21534
0.41993
0.45426
-0.52931
0.32777
0.08402
0.16093
0.13283
-0.02718
0.28565
-0.87659
0.17688
-0.02646
-0.21350
-0.15039
0.06909
0.55152
0.19080
-0.68998
0.33047
-0.15120
0.14472
0.17014
-0.22046
-0.00790
0.22747
-0.03628
-0.35780
-0.08073
0.15453
-0.25045
0.17335
0.42521
0.20953
0.18125
0.32425
-0.01156
0.08410
0.33789
0.21895
0.17548
0.37901
0.20102
0.00647
0.13130
0.18544
-0.22792
0.19408
0.37422
-0.15805
-0.15456
-1.15442
0.34022
0.00014
-0.43284
-0.45886
0.18338
-0.91445
-0.28469
0.13422
0.13985
-0.42927
0.51523
-0.90535
0.19594
-0.88045
0.83773
0.14250
0.19155
0.23065
0.02659
0.23438
0.24904
0.40770
0.23011
-0.24249
0.17894
0.15553
-0.22829
-0.37609
0.05591
-0.05530
0.04825
0.30436
0.25450
0.19823
0.25661
0.15631
-0.48957
0.21856
-0.45002
-0.08793
0.29731
-0.00318
0.16623
-0.34046
-0.43807
0.31275
0.17380
0.24400
-0.42708
0.48984
-0.07552
0.30017
0.27466
-0.77413
-0.09956
0.30278
-0.65421
0.52101
0.11086
-0.15790
0.17688
-0.15970
-0.58724
-0.18386
0.64777
0.27942
-0.12767
0.15073
-0.02104
-1.15348
-0.43127
-0.07547
-0.21722
0.00817
0.15325
0.31030
-0.40005
0.13083
-0.27526
-0.67866
0.15006
0.33198
-0.17555
0.14476
0.36262
-0.81629
-0.18779
0.50967
0.42740
-0.02489
0.78538
0.04084
-0.64086
0.24943
-0.06545
0.25066
0.27960
0.36111
-0.56523
-0.22810
0.11739
0.40833
0.18034
0.13877
-0.66759
-1.09703
0.23611
-0.02426
-0.17440
-0.05030
0.17208
-0.37467
0.35553
0.43238
0.50283
-0.60697
0.30888
0.45105
0.48687
0.38960
-0.54011
-0.46211
0.36718
0.20668
0.18339
0.51369
0.18785
0.53201
-0.11661
0.08852
0.43523
0.20503
0.51282
-0.40786
-1.42152
-0.60631
0.56544
0.54484
0.47983
0.15226
0.62598
0.05374
0.03358
-0.02069
0.35756
0.27225
-0.03637
-0.08990
0.11832
0.42921
0.18481
0.78970
0.36353
0.28784
0.19568
0.69456
0.32671
0.63510
-0.02407
0.09506
0.05751
0.18901
0.15764
0.01901
-0.41073
-0.05598
-0.05265
0.19369
0.19226
0.07366
-0.58002
-0.26031
0.13625
0.19798
-0.10879
0.16084
-0.05827
-0.73787
0.59341
-0.31637
0.30051
-0.12585
0.10602
-0.64971
0.12534
0.00196
0.11313
-0.37861
0.76201
-0.29562
0.31195
-0.23191
0.47003
0.33033
-0.60658
0.26186
-0.16627
0.03875
0.03417
0.61493
0.30755
0.59115
0.09846
-0.22197
0.41986
0.16920
0.16592
-0.79028
0.26332
0.36902
0.42161
-0.26612
0.02315
0.12280
-0.12384
0.26139
0.13780
0.13390
-0.09703
-0.01150
0.75280
-0.27037
0.27620
-0.35500
0.26935
0.33915
0.29878
-0.67388
-0.54430
0.77957
-0.46770
0.30772
-0.36402
-0.13214
0.28192
0.29235
-1.26919
0.15855
0.29243
0.18034
-0.31147
-0.45905
0.14702
0.57636
0.11466
0.36361
0.25253
-0.57082
0.25631
0.48415
-0.43291
0.33446
-0.22748
0.10054
0.29814
0.15260
0.24398
-0.16672
0.17628
0.04761
-0.14234
-0.42705
-0.04164
-0.11743
0.23649
-0.47043
-0.03753
-0.97528
0.23716
-0.13066
0.33568
-0.02670
0.22115
0.42216
-0.27233
0.39144
0.44779
-0.04614
0.00970
-1.08315
0.57577
0.24017
-0.82520
-0.30044
0.20605
-0.38840
-0.36889
0.20520
0.04173
0.43151
-0.87782
0.32142
-0.63132
-0.17362
0.13138
0.19178
0.53677
0.16691
0.05969
0.05289
0.13902
-0.31507
-0.45426
0.24438
0.00083
0.39515
0.32999
0.29361
0.02525
-0.08051
-0.75559
0.29403
0.15849
-0.08484
0.18258
0.35448
-0.77388
-0.60366
0.43201
0.31757
0.32801
0.42527
-0.07132
0.38302
0.18757
-0.45527
0.13887
-0.22111
-1.26693
0.16170
-0.76564
0.51863
-0.74572
0.25915
-0.64525
0.41740
0.06343
0.10009
0.17901
0.14643
-0.54433
-0.04625
0.24251
0.23393
0.31502
-1.21625
0.24578
0.19459
0.34001
0.41692
-0.20630
0.15137
0.47688
-0.53136
-0.16040
-0.79144
0.35987
-1.39624
-1.08204
-0.13156
-0.35491
0.80474
0.16815
0.50871
0.36243
-0.18712
-0.47772
0.33402
-0.75918
0.41902
0.19966
0.34619
0.28936
0.01580
0.19116
0.27780
0.48039
0.38592
0.08593
0.12353
-0.25860
-0.61203
-0.39635
0.37715
0.16127
0.08295
0.43262
0.00561
-0.02039
0.11353
0.16843
-0.30472
-0.36517
0.45838
-0.17226
0.46196
0.53477
0.13181
0.05876
-0.20823
-0.62237
0.09619
0.35918
0.06161
0.68617
0.17468
0.11997
0.36924
0.38412
-0.68421
0.15044
0.08829
-0.66774
0.32867
-0.78707
-0.16794
0.25325
0.29678
-0.36858
0.54993
-0.29696
0.11424
0.44392
-0.44015
-0.05714
-0.47245
0.65826
0.12282
-1.54181
0.50212
0.23706
0.19303
0.26516
-1.21945
0.15468
0.29803
-0.90737
0.18209
0.11844
-0.84533
-0.57006
0.30289
-0.59956
0.33001
0.30182
-0.17169
-0.16797
-0.45778
0.36317
0.74045
-0.06056
-0.85280
0.37026
0.19618
0.12771
0.35418
0.43841
0.46483
0.46650
0.44318
-0.11968
-0.57363
0.54670
0.12769
0.48618
-0.76907
0.21049
-0.26493
0.22618
-0.17325
-0.39112
0.42781
0.37586
0.37695
0.31787
-0.10981
0.44046
0.10189
-0.35892
0.20639
-0.35533
0.35981
-0.06111
0.44739
-0.35433
0.09158
-0.48016
0.52984
0.20253
0.48530
0.45287
-0.57441
0.29204
0.29782
0.34377
-0.15410
0.30371
-0.40655
-0.07077
0.11346
0.42268
0.29555
0.29311
0.26837
0.00497
0.25271
-1.11877
-0.12707
0.14221
0.09497
-0.87074
-0.02511
-0.10650
0.45910
0.45812
0.46024
-0.91615
-0.34861
0.45548
0.16998
-0.51741
0.23678
0.10909
0.40489
0.35684
0.41938
0.69803
-0.12606
-0.20273
0.03386
0.27062
-1.51746
0.36609
0.44419
-0.02968
-0.03664
0.10352
0.45223
-0.36319
0.17079
0.63579
0.30173
0.18347
0.25295
-0.07260
0.28135
0.25258
0.28219
-0.78216
0.14714
-0.30480
0.35397
0.50117
0.14361
0.13643
0.14453
-0.06385
0.50139
-0.98138
-0.30237
0.27599
-0.84947
0.04454
0.63736
0.47773
-0.06435
-0.25774
-0.18737
0.28356
0.45121
-0.37129
0.53594
-0.42263
-1.25948
-0.01771
0.72360
-0.23077
-0.12487
0.23281
-0.93197
-0.87833
-0.22038
0.05230
0.02118
-0.43579
0.14159
-0.05830
0.32771
-0.31850
0.44211
0.37316
-0.44407
0.56391
0.18636
-0.95414
0.25500
-0.41930
-0.29245
-0.67411
-0.41110
-0.71109
0.47825
0.01482
0.13774
0.03472
0.56334
-0.00902
0.30390
0.35009
-1.15610
0.11901
-0.23626
0.01395
0.29142
-0.41818
0.28042
0.19198
-1.31401
0.09703
-0.43994
-0.12720
-0.74254
0.36728
0.07637
-0.72029
0.06674
0.40753
0.46553
-0.27322
-0.11325
-0.59561
0.04335
0.08034
0.16670
0.10637
-0.47193
-0.28875
-0.18129
-0.17769
0.09003
1.03298
-0.06824
0.02382
-0.30909
-1.55920
0.19902
0.15673
0.18175
-0.32489
-0.46846
-0.11743
-0.36210
0.26433
-1.39219
-0.63826
0.10482
0.00133
0.40706
0.14648
0.63245
0.19634
0.09831
-0.27858
0.76118
0.34286
0.47406
-0.40828
0.15301
-1.04462
0.26482
-0.08962
0.29732
0.38398
-0.76907
0.40158
-0.36870
-0.94038
-0.30778
0.17393
-0.47522
0.06206
-0.77254
0.37411
-0.74392
-0.10477
0.07278
0.17823
0.56269
0.16006
0.13762
-0.40618
0.51061
-0.30460
0.02843
0.01144
0.31372
0.47909
-0.44173
-0.08890
-0.14142
0.49660
-0.19029
-0.60760
0.34096
0.40764
0.30934
0.22373
-1.07275
-0.22812
-0.42613
-0.18102
0.14855
0.23524
-0.26712
-0.36351
-0.24925
-0.60354
-0.76129
-1.07718
0.52960
0.32942
0.19669
-0.39058
0.06202
0.10758
0.11973
-0.40116
-0.69865
-0.42856
0.18325
0.27408
0.16203
-0.13657
0.47361
0.31279
0.16484
0.08871
0.34877
-0.21699
0.24487
0.17190
0.48169
0.24171
-0.55193
-1.12245
0.39577
0.37387
0.13980
0.15531
0.11442
0.45860
0.69162
-0.50316
0.28526
0.13717
0.27521
0.22402
0.35133
0.26706
0.43750
0.19590
0.28776
-0.65603
-0.04990
-0.74988
-0.07533
0.19183
-0.36158
0.34679
0.30558
0.53503
-0.40347
-0.31652
-0.62639
0.11533
-0.41294
0.28168
0.26214
-0.88509
0.22484
0.51578
0.00912
-0.44025
0.17978
-0.20036
-0.55828
0.22018
0.37386
0.14834
-0.05258
0.10855
0.46563
0.34118
0.40965
-0.23870
0.14816
0.24207
0.24026
-1.72947
-0.40787
-0.06532
0.08931
0.04945
-0.34952
0.49719
-1.27731
-0.31580
-0.31907
0.11406
-0.54580
0.80128
-0.36084
-0.88202
0.53415
-0.00493
0.01925
0.38757
-0.23362
-0.37933
0.12215
-0.49239
0.34276
0.32691
0.24123
0.13173
0.40720
-0.09607
-0.40373
0.35077
0.19377
0.19360
0.12986
0.33825
-0.67802
0.22243
-0.07362
0.24525
0.09837
-0.38061
0.01368
0.15375
0.25182
-0.79239
-0.02325
0.39236
0.02301
0.02494
-0.38067
-0.00558
0.07713
0.13665
0.06960
-0.25491
0.10272
-0.52745
0.04056
-0.41236
0.20682
-0.53788
0.08554
-0.19314
0.26203
-0.26047
0.21347
0.23861
-0.32463
0.53987
-0.55395
0.16365
0.31020
-0.45380
-0.68305
-0.06125
-1.38624
0.55714
0.08952
-0.81428
-0.64063
0.39739
0.40656
0.37680
-0.08942
-0.28752
-0.24989
0.00902
0.39363
-1.24624
0.25626
0.15069
-0.06082
-0.10229
0.20698
-0.74000
0.02046
-0.73529
0.19365
-1.71951
-0.71165
0.57498
-0.41696
-0.32207
-0.20319
-0.12146
0.06243
0.01446
0.16838
0.04581
0.10800
-0.80010
0.19052
0.36195
-0.94022
0.15353
-1.17775
-0.27154
-0.21510
-0.35818
0.61396
0.11479
-0.98059
0.43903
-0.43839
-1.37524
-0.38109
0.19003
0.62177
0.37738
0.37590
-0.68504
0.24308
0.21510
0.13600
0.03466
0.45617
0.26228
0.41642
-1.15072
-0.81331
0.30586
-0.48085
-0.78564
-0.62528
0.14309
-0.28129
0.15078
-0.02018
-0.18824
-0.34182
0.77744
-0.14598
0.16070
0.21348
0.73976
0.09174
-0.58678
0.44613
0.16387
0.14264
-0.27820
0.22088
0.32096
-0.23693
0.69586
-0.77919
-0.24980
0.57498
0.04598
0.10258
0.06176
-0.33519
-0.28177
0.22035
-0.31810
0.26962
0.37073
0.57115
0.54598
0.71540
-0.90897
-0.43176
0.55179
0.20242
0.14180
-0.79624
0.56710
-0.61563
0.04800
0.28480
-0.88060
0.08239
-0.04323
0.40547
0.26540
0.25442
0.21570
0.37977
0.43424
-0.48168
-0.05447
0.22056
0.09962
-0.56440
0.09556
0.18180
-0.01841
-0.91291
0.86432
0.46961
-0.54724
0.14143
0.35112
0.27020
0.34603
-0.62974
-1.21928
0.35802
-0.05389
0.15276
0.09848
0.31594
0.53935
0.25590
0.17152
0.13889
0.21544
0.20547
-0.49319
0.29026
-0.30929
-0.96665
0.17552
0.56139
0.23724
0.18042
0.23980
0.17140
0.57333
0.45189
0.22624
-0.16350
0.41559
-0.58794
-0.94435
0.22986
0.03894
-0.10702
0.03826
-0.04679
-0.48320
0.47696
-0.74002
-0.77630
0.08211
0.25751
0.12524
-0.70980
0.49478
0.20222
0.16036
0.33882
0.05092
0.35919
0.20517
0.14805
0.45215
0.07176
-0.03770
-0.79963
0.34378
-0.73047
-0.47762
0.53522
-0.39073
0.06495
-0.22138
-0.14246
-1.30684
-0.75710
-0.00970
-0.01973
-0.69368
0.09504
0.14199
0.09060
-0.77864
-0.11859
0.25143
-0.38690
0.07600
0.45020
0.32520
0.05073
0.08862
-0.02158
-0.86970
-0.33870
-0.48338
-1.02289
-0.65331
0.44796
-0.45015
-0.33843
-1.04904
-0.28655
0.12549
0.14365
-0.29520
-0.44366
0.09377
0.56847
0.15238
0.21115
0.06936
-0.31824
-0.90045
0.23875
0.32256
0.08232
0.33314
-0.03098
0.47529
-0.61171
0.16438
0.15932
-1.09351
0.14886
0.16400
0.39648
0.04434
0.36037
0.16761
0.08480
0.13816
-0.92627
0.16575
-0.15475
0.02249
0.06532
0.32898
0.35705
0.09377
0.31823
-0.62049
-0.08280
0.36015
-0.13315
0.21390
0.25196
0.27912
0.46680
0.16619
-0.07896
0.25947
0.16165
0.04106
-0.07206
-0.11070
-0.14614
0.27627
-1.39218
0.27027
0.04215
0.12624
0.33507
-0.25121
-0.42550
-0.57861
-0.02757
0.34400
-0.24372
-0.17164
0.04758
-0.67772
-0.20169
0.76609
-0.02044
0.09035
0.13901
-0.02671
-1.13534
0.20341
0.37589
0.15941
-0.67547
-0.07103
-0.36712
0.25556
0.62462
0.06060
-0.77339
0.26389
-0.27570
-0.13838
-0.21444
-0.93194
0.15538
-0.28985
0.55235
0.10160
-0.21954
0.11498
-0.27650
0.22007
0.70354
0.25772
0.11839
0.15355
-0.00384
0.10273
0.70826
-0.33565
0.51915
0.57663
0.06177
0.55742
0.13497
-0.29112
-0.51119
-0.49799
0.63879
0.50493
0.22854
-0.01450
-0.71969
0.11329
-1.32844
0.27591
0.36289
0.19956
-1.03212
0.60457
0.08753
0.09467
0.34389
0.47392
0.13815
-0.46055
0.06852
-0.03570
0.76282
0.49391
0.19380
-0.02071
-0.06462
-0.67463
-0.28871
0.14189
-0.88392
0.28802
0.37415
-0.08089
-0.09498
0.07330
-0.08076
-0.16648
0.56461
-1.01298
0.16619
0.06530
0.24635
-0.08542
-0.42576
0.23658
-0.00951
-0.43741
-0.30160
0.19885
-0.02478
-0.11031
0.36904
0.36875
-0.78555
-0.29246
-1.46014
0.51321
0.15196
0.40760
0.12707
0.41295
0.04533
-0.07170
0.77678
-1.11899
-0.43126
0.05564
0.12512
0.12365
0.59312
0.20336
0.07591
-0.17047
-0.02827
0.42996
-0.86949
0.20641
0.16057
0.13808
0.25218
0.15773
-0.62075
-0.22049
0.22257
0.03262
-0.51071
0.38070
-0.06115
0.24277
0.03438
0.43904
0.11536
0.04735
-0.49810
-0.14318
0.35462
0.58118
0.27395
-0.01022
-0.37004
-0.22667
-0.34132
0.31884
0.38899
-1.25094
-0.14099
0.11775
-0.95558
0.26409
0.47938
-0.02960
0.22354
-0.24010
-0.32254
-0.49372
0.26786
0.04497
-0.08356
-0.15154
0.04685
-0.88940
-1.27666
-0.23235
-0.48809
-0.67921
0.02057
-0.94893
0.03690
0.22101
0.33336
-1.15576
-0.82374
-0.28903
0.31801
-0.76294
-0.47519
-0.09343
0.39252
0.51730
0.24727
0.16469
0.25014
0.13505
0.36766
0.41235
0.47067
0.20752
0.32875
-0.04878
0.35750
-0.41341
0.10328
0.11287
-0.32961
-1.03084
0.02984
-0.39850
0.36542
-0.23938
0.32991
0.53208
-0.33002
-0.03737
0.02391
0.50243
0.30797
0.46861
0.04249
0.16673
-0.58136
-0.55892
-0.08380
-0.24796
-1.20729
-0.27133
0.14167
-0.09280
-1.15131
-0.58450
0.07505
-0.37851
0.10171
-0.18611
-0.41713
0.02036
0.35621
-0.01251
-0.21008
0.10336
0.26176
0.59665
0.02047
0.10161
0.26767
-0.01480
0.19084
0.71559
0.10071
-0.11079
0.50230
-1.30181
-0.45086
0.40364
-0.99226
-0.08796
0.12415
0.14688
0.28335
0.55713
-0.46279
-0.07871
0.22963
-0.07273
-0.28213
0.17477
0.69024
0.66355
-0.42483
0.69759
0.35980
0.19987
-0.28048
0.34384
0.39100
-0.15412
-1.10209
-0.19842
0.46189
0.07696
0.59812
0.02855
-0.77391
-1.27479
0.05717
-0.59531
0.35737
0.44995
-0.03625
0.26505
-0.07233
-0.42379
-0.59269
0.01662
0.08616
0.47785
-0.87869
0.07105
-0.89026
0.19253
0.12884
0.33608
-0.04197
-0.12536
0.00464
0.42370
-0.14977
-0.28218
-0.88124
0.33580
0.11917
0.25730
0.69144
-0.37753
0.25954
0.24906
0.13878
0.24618
0.30624
-0.04589
0.50844
-0.40374
0.05673
0.54481
0.14452
-0.30831
-0.28918
-0.46204
0.10478
-0.56593
0.47873
-0.52353
0.47650
0.51031
-0.22641
0.14392
-0.56724
0.09228
0.05363
0.70615
-0.14865
0.24770
-1.44510
0.32028
-0.13593
-0.38943
0.40621
0.48564
-1.51351
-0.11708
-0.22245
-0.04383
-0.40497
-0.07889
-0.07460
0.59473
-0.41905
-0.07028
-0.97832
-0.29986
-0.65234
0.22340
-1.55439
-0.33221
-0.34626
-0.34040
-0.23475
0.21718
0.21355
-0.70091
0.52480
0.02926
0.16364
-0.07719
-0.73298
0.30936
-0.19939
0.13512
-0.17126
-0.03091
-0.51795
-0.45106
0.24286
-0.18028
0.59479
0.80165
-0.48658
-0.76703
-0.35148
0.23244
0.32589
-0.87689
-0.01404
-0.30567
0.62494
0.15710
-0.79411
0.36997
0.19398
-0.47124
-0.79787
0.19735
0.11154
-0.50984
-0.22967
0.05187
0.16127
0.24265
0.08306
0.08009
-1.25188
0.27731
-0.20130
-0.45040
0.13835
0.61033
-0.40118
0.70501
0.68745
-0.28658
0.38842
-0.17823
-0.66410
0.25870
0.04046
-0.77922
0.52148
-0.01635
0.02703
0.14135
0.68642
0.20895
0.38495
0.02742
0.26420
-0.98337
0.19643
-0.31825
-0.20773
-0.40331
0.24395
0.20070
0.15247
0.16759
-0.30670
-0.05755
0.06132
0.12981
-0.05812
0.52617
0.20347
0.20441
-1.39608
-0.28089
-0.44199
-0.94070
0.47516
-0.23205
0.04184
-0.90676
0.16538
0.29829
-0.39073
0.21484
0.40189
0.48527
0.38915
0.13348
-0.90471
0.18728
-0.85016
0.54353
-0.11011
-0.11739
0.37154
-0.35163
-1.02080
-0.21676
-0.28546
0.20949
-1.57871
0.09560
-0.28084
0.11268
0.57718
-0.02079
-0.05915
0.08091
-0.41640
0.29817
-0.07890
0.40013
-0.09051
-0.35865
-0.76967
-0.10119
0.66194
0.33332
-0.20806
0.14774
-0.07003
0.21206
-0.02806
0.26541
0.43216
0.16534
0.58788
0.12351
-0.62935
-0.77538
-0.84614
-0.19157
0.15480
-0.31288
0.79018
0.13240
0.71054
0.52798
-0.29451
-0.85913
0.29519
0.01668
-0.49814
0.23847
0.05007
0.32906
0.28714
0.05293
-0.79046
0.03535
0.08671
0.28165
-0.37708
-0.03214
-0.41551
-0.02579
0.12851
-0.40569
0.44969
0.02030
-0.95609
0.31078
-0.65375
0.43180
0.19883
-0.57760
0.16628
0.15459
-0.06851
0.08172
0.55404
0.08087
-0.57066
0.58509
-0.39285
0.23869
0.67093
0.11207
-0.42483
0.05590
0.17184
-0.02908
0.02530
-0.12822
0.10735
-0.55688
0.04871
-0.33353
0.22890
-0.49210
-0.77490
-0.42164
0.35517
0.17967
0.13047
-0.38014
0.01397
0.15537
-0.08759
0.30540
0.47899
-0.32114
-0.34280
-1.18573
-0.03260
0.54397
0.59824
0.67233
-0.11712
-0.59445
0.36935
0.08319
-0.78344
0.40557
0.14604
-0.46375
-0.40967
0.19786
0.33813
-0.46733
-0.05429
-0.48266
0.13858
0.35328
-0.47503
-0.82064
-0.92472
0.37594
0.10558
-0.28359
-0.48687
-0.69947
-0.26352
-0.21512
0.40025
-0.40408
-0.38895
0.71750
0.11035
-0.26719
-0.05473
-0.25272
0.53726
-0.47221
0.16811
-0.78573
0.14448
-0.09547
-0.44602
-0.51064
-0.14958
-0.00215
-0.37333
0.08794
-0.01251
-0.13989
0.01748
0.08883
-0.06994
0.28658
-1.18590
0.40311
0.60029
0.10621
0.24532
0.22647
-0.10128
0.07889
0.42187
0.31521
-0.37127
-0.60967
0.15830
-0.27177
-0.01962
0.21564
0.24057
0.79499
0.25139
0.48075
0.43855
-0.12254
0.39340
0.00102
-0.46640
-0.37779
-0.19759
-0.25049
-0.90845
0.29207
0.31599
0.00130
0.37513
0.07766
-0.61282
0.23196
0.32711
0.61647
-0.29444
-0.21246
-0.82898
-0.21120
-0.10792
0.03464
-0.92871
-0.33832
-0.08482
-0.45801
-0.05511
0.17821
0.18004
0.27457
0.11971
1.02905
-0.43663
-0.22233
-0.00958
0.61526
-0.57244
-0.05169
-0.79933
-0.05429
0.28832
0.19005
-0.78801
0.38203
0.19780
0.71320
0.43961
-0.44151
-0.06365
-0.14748
-0.40024
0.33923
-0.07963
0.24919
0.10562
0.00582
0.06489
-0.06567
0.62785
0.43268
0.42079
0.08534
0.18469
0.18284
-0.32069
-0.08136
0.33193
0.42796
0.15101
-0.79585
0.33854
-0.03295
0.53958
0.06601
0.29633
0.13823
0.18362
0.75909
-0.30872
0.59056
-0.76461
-0.22166
0.00687
0.25616
0.41078
0.09665
0.39614
-1.40164
0.58006
0.26966
-0.12350
0.49748
-0.27663
-0.33518
-1.32536
-0.68602
-0.13829
-0.12870
0.09454
0.48346
-0.24204
0.07552
-0.15639
-0.15369
0.03736
0.42871
0.21644
-0.32931
0.47782
0.17644
-0.10874
0.71756
0.03660
-0.51483
0.12571
0.23204
0.35219
-0.54973
0.46413
0.13230
-0.42829
0.09932
0.14779
0.09453
-0.44007
0.09351
-0.26052
-0.03565
0.56442
-1.00670
0.04500
0.32303
-0.88053
-0.05351
-1.11927
0.14830
0.52267
0.16551
-0.04158
0.13388
0.20168
-0.66238
-0.64712
0.23368
0.38504
0.37445
-1.06716
0.62399
-0.20264
0.58414
-0.40497
0.36371
-0.35588
0.14493
0.11910
0.12614
-0.19516
0.46044
-0.42907
0.13883
-0.31785
-0.41567
0.16704
0.28838
-0.83015
0.30809
0.09069
0.25537
0.42060
-0.43941
-0.82355
-0.69710
-0.36677
0.05177
-0.53271
-0.12042
-0.73521
0.12653
0.29702
-0.15756
0.02714
-0.34952
0.18555
0.28292
0.19698
0.19224
0.13459
0.09965
0.31456
0.26241
-0.12084
-0.18577
0.54198
0.23479
-0.25535
0.18907
0.33291
-0.12290
0.35939
0.32681
0.43616
0.01641
-0.70918
0.29774
0.13507
0.05569
-0.38657
0.74022
0.12185
0.35023
-0.18883
-0.50203
0.04457
0.02622
0.16790
0.39695
-0.12756
0.27988
-0.91412
-0.55128
0.19431
0.28056
-0.06119
-0.83215
-1.37035
-0.20074
0.06154
0.68628
-0.00734
-0.31387
-0.10204
-0.07096
0.02337
0.46182
0.08690
-1.05965
-0.99040
0.14260
-0.23037
0.00784
-0.01938
-0.21762
0.57392
0.60391
0.42180
0.50261
0.23141
0.02991
-0.33923
0.47050
0.16477
0.03769
0.16883
0.02706
-0.64393
0.16114
0.75180
-0.92860
-0.00954
0.29938
-0.03475
0.18886
0.31474
0.13360
0.19004
-0.18197
0.25713
-0.74940
-0.48330
0.08350
-1.25905
0.17175
0.26846
0.38844
0.01151
-0.21287
-0.27144
0.19612
0.27634
0.13950
-0.61937
-0.19857
0.39153
-1.15529
-0.00642
0.29285
0.25481
-0.35228
0.53016
0.06892
0.14988
0.07718
-0.01829
-0.43460
0.15340
-0.19384
0.11276
-0.21695
-0.70900
-0.40880
-0.08915
0.26121
0.13558
0.13542
0.13609
0.10955
0.13699
-0.04658
-0.29381
0.38773
0.20095
-0.53971
0.40110
-0.18126
-0.08175
0.30152
-0.86663
0.17872
0.20843
0.44152
0.12321
0.16029
-0.81190
0.14226
0.08700
0.13365
0.13510
0.37151
0.14796
0.30718
-1.13455
0.25402
-0.66695
0.40239
-0.03293
0.05497
0.10611
0.15501
0.37913
-0.44116
0.38680
-0.49863
0.30875
-1.54753
0.28213
0.69626
0.40585
0.12937
-0.03030
0.19596
0.17524
0.78163
0.03257
-0.73980
0.68296
0.12789
0.30102
-0.95440
0.10463
0.34448
0.17222
-0.43907
-0.11189
0.32231
0.37951
0.15611
0.39966
-0.36305
0.23002
-0.11456
0.40122
0.31300
-0.41146
0.55164
-0.33535
0.27750
-0.38459
-0.44406
-0.85521
0.21367
-0.17586
0.10432
0.14963
0.15031
-0.05030
0.23804
0.08959
-0.27861
-0.02602
-0.06500
-0.42237
0.21321
0.15116
0.13994
0.33337
0.41172
-0.66131
-0.43164
0.22051
0.73201
0.42753
-0.00354
0.53017
0.16445
0.23106
0.69804
0.13904
0.10221
-0.09871
-0.29664
-0.82478
-0.35248
-0.14837
0.19002
-0.02088
-0.19811
-0.02192
0.13396
0.36030
0.63316
0.19357
-0.73088
0.14952
0.24889
0.15712
0.08607
-1.41782
-1.39580
0.06607
-0.03904
0.54735
-0.32480
-0.03382
0.57537
0.09414
-0.53810
0.09229
0.32502
0.13336
0.09912
0.56017
-1.32270
-0.05008
-0.58342
-0.17865
0.25795
0.12826
-0.37198
0.04259
0.42701
0.42708
-1.00934
0.02812
0.09594
-0.46888
0.63543
-0.63072
0.37074
0.20357
-0.79568
0.20089
-0.19512
0.30345
0.52756
-0.71263
0.13551
0.41485
0.33416
0.22155
0.13240
-0.00899
0.29752
0.79702
-0.50370
0.30928
0.08363
-0.44242
0.34974
0.38891
-0.83427
0.11819
-0.09974
-1.25532
-0.07091
0.04646
0.00254
0.39233
-0.76457
-0.32650
0.00341
0.53989
0.68933
0.91857
0.15737
0.42059
-0.46541
0.32387
-0.17838
-0.09544
-0.43806
0.14657
-0.48748
-0.91544
-0.27325
0.35215
-0.59951
0.36429
-0.14616
0.06861
-0.04095
0.01570
0.79011
-0.24672
-0.44035
-0.03603
0.13143
-0.46415
0.17427
0.02803
0.00203
-0.40519
-0.29484
0.13429
-0.03952
0.00401
0.05388
0.11569
0.23596
0.57187
0.27860
-0.32165
-1.15977
0.08153
0.03977
-0.15031
0.00353
0.00505
0.55779
-0.01962
0.09289
-0.84835
-0.20027
0.03250
0.31489
-1.48076
-0.01868
-0.08478
-0.00533
0.41481
0.00608
0.22132
-0.31561
0.17757
-0.27178
0.42603
-0.66209
0.14498
-0.09850
-0.29251
0.41278
-0.37741
-0.73939
0.68855
0.06142
0.14718
0.18500
-0.01219
0.05659
0.21095
0.05033
0.01583
-0.77600
0.08376
0.03673
0.07330
-0.01414
-0.01861
0.52491
0.31033
-0.71122
0.28555
0.15202
0.18150
0.17768
0.21792
0.33097
0.32194
0.14386
0.16188
-0.02622
0.12482
0.25742
-0.59087
0.17859
-0.83021
-0.26322
-1.39843
0.39746
0.37458
-1.11625
0.18343
0.33853
0.48511
0.08231
0.11097
-0.01941
0.34960
0.10349
0.13072
0.31674
0.01233
0.25093
0.26637
0.21406
-0.39919
0.05428
-0.27650
0.12212
0.23342
0.16956
0.11610
-0.23972
-0.09432
-0.02727
-0.01941
-0.41334
0.30468
-0.35998
0.82633
0.00174
0.14859
0.43798
-0.02086
-0.95756
0.48375
0.16572
0.16093
0.02971
0.12307
-0.04474
0.47062
-1.04234
0.06030
0.07054
0.07978
0.22551
-0.31008
0.11167
0.29941
-0.21526
0.03359
0.65808
0.34166
0.39904
0.03642
-0.71459
0.51212
-1.33958
0.39926
-0.84229
0.14073
0.16841
-0.01654
0.04407
-0.00407
0.41301
0.02369
0.42596
0.15488
0.25332
0.41438
0.37938
0.59736
0.01079
0.08115
0.20628
