0.08323
-0.26969
-0.36691
-0.18358
0.04023
0.09490
-0.11828
0.04692
-0.02253
-0.21919
-0.26487
-0.61111
-0.35895
0.04404
0.07628
0.02737
0.14893
0.37366
0.20634
-0.12542
0.25573
-0.61839
-0.08099
-0.63392
0.15799
0.22953
0.15556
-0.33954
0.38539
-0.23031
-0.05852
-0.35288
-0.05191
-0.27766
-0.07063
0.04548
-0.18647
0.08668
-0.14944
0.11700
-1.18185
0.04837
-0.10282
-0.57347
-0.16411
0.22299
0.17174
-0.54610
0.12856
-0.02920
0.17654
-0.41114
0.20900
-0.33762
-1.22237
-0.09615
-0.06865
0.10910
0.11929
-0.16563
0.20738
-0.01095
-0.08322
0.18930
-0.00504
0.10067
-0.46687
0.10808
-0.27533
0.26157
-0.00622
0.20712
0.22713
-0.23227
0.10656
0.16008
-0.06226
-0.24481
-0.04595
-0.03541
0.14367
0.00535
-0.14852
0.01622
-0.30234
-0.39800
-0.04771
-0.53737
-0.03834
-0.62665
-0.80299
0.46242
-0.08925
0.02278
-0.17380
-0.04138
-0.19722
0.13644
-0.61752
0.16269
-0.52964
0.01642
0.11709
-0.06459
0.14485
-0.10990
-0.07723
-0.15996
-0.16402
0.03321
-0.24457
-0.57223
0.01118
-0.14530
-0.85659
0.05039
-0.17167
0.12846
-0.15518
0.17847
0.07734
-0.25626
0.03186
-0.79049
-0.85122
0.21244
0.04560
0.21470
-0.35995
-0.32069
0.11706
-0.26386
-0.05588
-0.68822
0.06640
0.13758
0.27834
0.00260
-0.68368
-0.67454
-0.28746
-0.18606
0.10990
0.08585
0.01507
0.25685
0.14780
0.07519
-0.24325
-0.36215
-0.06128
-0.12310
-0.27172
0.09283
0.04252
-0.74853
0.04316
0.15500
-0.05325
-0.22879
-0.18654
-0.05757
-0.51370
-0.00829
-0.67986
0.26235
0.10621
0.15945
0.20408
0.07697
0.24045
-0.10677
0.07920
-0.30443
-0.19554
0.14978
-0.73069
0.14925
-0.46463
-0.08431
0.25510
-0.35299
0.17651
-0.09042
-0.76244
-0.01647
-0.19417
-0.53258
0.18832
-0.18845
-0.06598
-0.05448
-0.37071
-0.26775
-0.16548
-0.23294
-0.01281
0.01578
-1.01473
-0.70097
-0.20311
-0.45658
0.15929
0.02096
0.02740
-0.04888
-0.58172
-1.23860
0.10097
-0.09874
0.22602
-0.27982
-0.04371
-0.05431
-0.12980
0.14429
-0.32934
-0.01299
-0.28156
0.05692
-0.19780
0.03735
-0.63791
0.03176
0.16334
0.36445
-0.17804
-0.49283
-0.25285
0.27217
-0.10751
-0.08439
-0.22384
0.13834
0.05699
-0.15965
-0.01800
-0.03824
-1.05459
-0.07121
0.27349
0.06057
-0.28124
-0.25462
0.19443
0.01171
-0.21872
0.16623
-0.19024
-0.43532
0.06946
0.23726
-0.16581
0.07678
-0.18907
-0.30549
0.10871
-0.40332
-0.27475
0.00085
-0.04450
-0.29318
0.11758
-0.20768
-0.18638
-0.06891
0.16119
0.10725
-0.00133
0.17888
-0.06842
-0.71442
-0.51202
0.02887
0.07337
-0.05959
0.03655
-0.09313
0.16211
0.16450
-0.29590
0.17878
0.06895
-0.07885
0.07949
-0.39683
-0.47672
0.11625
-0.10538
0.18433
-0.08492
-0.11071
-0.27558
-0.40061
0.11156
0.19751
0.11859
-0.58917
-0.16616
-0.25448
-0.14172
0.18745
-0.10183
0.28257
-0.18084
0.05644
0.25985
0.05232
-0.11017
0.13057
0.04876
0.02568
-0.51095
-0.08628
-0.02797
0.14620
-0.10791
0.04252
-0.14739
-0.18806
-0.07546
-0.28613
-0.04803
0.15380
-0.17780
-0.87773
0.13973
0.48643
-0.34978
-0.21591
-0.01604
0.07396
0.17219
-0.23538
-0.20923
-0.72342
-0.00857
0.26233
-0.02965
0.06052
-0.20481
0.20756
0.05276
0.13887
0.09721
0.13466
0.02324
0.03515
-0.13119
0.30459
0.28611
0.15893
-0.44897
0.16846
-0.13629
-0.20218
-0.03838
0.12006
-0.26232
0.29793
0.12393
-0.12612
-0.49593
-0.01835
-0.06769
0.07059
-0.24721
-0.42792
-0.08967
0.24420
-0.63849
-0.18927
0.17062
-0.69503
-0.42385
-0.35607
0.10861
-0.26700
0.04455
-0.18496
0.04406
0.28166
0.08049
-0.38659
-0.17005
-0.27455
-0.78155
-0.07066
-0.09703
0.18862
0.15377
0.27083
-0.42292
-0.16213
-0.95215
-0.78176
-0.19987
0.02652
0.13461
-0.07182
-0.24576
-0.56142
-0.22076
0.18110
-0.23125
-0.29815
-0.13185
0.28221
0.04764
-0.19150
-0.66282
0.04897
0.10257
0.02907
-0.00112
0.24633
0.23722
0.18937
-0.13744
0.24337
0.11613
-0.15685
-0.76696
0.09190
-0.11678
0.23720
0.20625
0.27279
0.02359
0.13593
-0.16716
-0.22076
-0.25986
-0.13577
0.12873
-0.35628
0.14256
-0.20600
0.01639
0.10147
-0.17495
0.07085
0.29541
0.12221
-0.59495
0.67650
0.07087
-0.18115
-0.11275
0.15182
-0.19476
0.01978
-0.18062
-0.05977
-0.09445
0.07139
-0.07793
-0.58213
-0.14942
0.03991
0.04632
-0.09724
0.15609
-0.06420
0.06246
-0.11207
0.14510
0.20655
-0.41770
-0.34815
0.08635
-0.42448
-0.62699
-0.12913
-0.14372
-0.05502
-0.57342
-0.08016
0.31597
-0.23178
-0.46611
0.02876
-0.49732
-0.62733
0.23448
0.10974
-0.00272
-0.30518
0.17684
-0.19345
-0.20642
0.27171
-0.02925
0.15905
-0.17454
-0.54772
-0.24721
-0.05867
-0.20577
-0.67896
0.15182
0.12426
0.05013
-0.22375
0.13056
0.14151
-0.59224
-0.00026
-0.06273
0.11145
-0.20951
-0.36527
-0.38349
-0.10661
0.14913
0.17252
-0.22228
-0.00563
-0.21052
-0.26851
-0.02241
0.08024
-0.73475
0.21530
-0.25897
0.15396
-0.70603
-0.14483
-0.14218
-0.33134
0.23361
0.01006
-0.19899
-0.08774
-0.16136
-0.45531
0.00131
0.00229
0.12624
0.20973
-0.09617
-0.54999
-0.63921
-0.09047
-0.52749
0.22781
-0.03503
-0.09550
0.10602
0.21286
-0.15599
0.15036
0.16005
-0.12324
-0.59769
-0.58657
-0.04759
-0.23733
0.09043
-0.38007
-0.06411
-0.12364
-0.19452
-0.00325
-0.65105
-0.13536
-0.15214
-0.12460
0.20125
-0.06868
0.03268
-0.03552
-0.47315
0.38133
-0.04036
-0.15567
-0.25391
-0.36003
-0.06783
-0.28526
-0.03743
-0.07639
-0.11326
-0.93889
-0.52941
0.56852
-0.08292
-0.18511
-0.64143
-0.19272
0.02762
0.21871
0.33993
0.02801
-0.10831
-0.91795
0.05262
-0.19018
0.15372
-0.17224
-0.14842
0.06872
-0.14189
-0.17060
0.12311
-0.20080
0.38485
-0.05707
0.09913
-0.38894
-0.12751
0.21870
0.15764
-0.29675
0.29938
0.07955
0.26853
-0.23749
-0.37381
-0.01611
-0.23815
-0.12926
0.08465
0.07612
0.13773
-0.00503
-0.20621
-0.20255
-0.52228
0.18459
0.20800
-0.82712
-0.37030
0.12075
-0.22478
-0.32795
-0.17232
0.06316
0.08518
0.11453
-0.09287
0.31187
0.08679
0.11912
-0.92057
0.14139
-0.45676
-0.24184
-0.03778
-0.38171
-0.06007
-0.06416
0.10801
0.07566
0.34041
-0.15579
0.01601
-0.02276
-0.24964
-0.59304
0.16053
-0.05388
-0.00243
-0.27155
0.02190
0.17647
-0.02648
-0.02628
-0.77705
0.00873
-0.24205
-0.29290
0.00969
-0.28241
-0.34957
-0.28276
-0.23846
0.23531
-0.11666
0.00795
-0.08805
0.25543
-0.50305
0.04822
-1.19570
0.02736
-0.09588
-0.06113
-0.30026
-0.14943
-0.72807
0.26824
0.03370
-0.20904
-0.47894
0.25617
-0.44127
0.21609
0.29927
-0.38409
-0.07570
0.08492
0.10181
-0.37737
-0.26799
0.14786
-0.68316
-0.15660
-0.12259
-0.08295
-0.37276
0.00829
-0.64188
-0.48944
-0.63598
-0.42911
-0.08453
0.32101
0.14360
0.01195
-0.20707
0.11390
-0.11989
-1.01661
0.03116
0.40397
-0.09091
-0.19436
-0.35243
0.11602
-0.24867
-1.16749
-0.02001
0.18853
-0.50716
0.08554
-0.06079
0.13927
-0.26214
-1.03130
0.18562
0.11621
0.08887
0.06107
0.30760
0.29094
0.17930
0.09030
0.01087
0.35045
0.18357
0.15622
0.19836
-0.05545
-0.03130
0.12975
-0.37187
-0.73926
0.04896
0.05154
0.13611
-0.31420
-0.06546
-0.01278
-0.00378
-0.03345
0.07458
0.19560
-0.37320
0.00401
-0.28841
0.18062
-0.20241
-0.03001
-0.05935
-0.38001
0.00811
0.04479
0.05162
-0.20312
-0.55262
0.06895
-0.35733
-0.40850
0.01759
-0.03194
0.06653
-0.27251
0.08946
-0.74595
-0.04937
-0.52035
0.17098
-0.10631
-0.10771
-0.42207
0.11857
0.10444
-0.16349
-0.45287
-0.22958
0.10932
-0.28015
-0.48376
0.16799
-0.34869
0.11420
-0.43485
0.10436
-0.08518
0.00988
0.19277
0.06077
0.23759
0.17383
-0.21836
-0.18970
-0.72807
-0.02513
0.14309
0.12462
-0.54447
-0.79717
-0.06773
0.06000
-0.00988
-0.14630
-0.54017
-0.20439
-0.57270
0.05902
0.15599
-0.13380
0.09019
0.32077
-0.61527
0.15979
0.12794
0.29675
-0.00421
-0.04987
0.15557
-0.16456
0.22094
0.10384
-0.44992
0.03752
0.05139
0.16226
-0.64371
-0.39993
0.16728
0.16856
0.28147
0.00953
-0.59995
-0.79600
-0.20608
0.03165
0.00006
-0.13748
-0.40328
-0.03313
0.09212
-0.09853
-0.27833
-0.11526
-0.21224
0.31075
-0.12672
0.12561
0.14496
-0.13819
-0.22958
0.01086
0.15466
-1.11141
0.14477
-0.22233
-0.18451
-0.18645
-0.02859
0.08493
0.42612
0.02040
-0.06076
0.05262
-0.09170
-0.35015
-0.04370
-0.19776
-0.10456
0.10282
0.15836
-0.29015
-0.17194
-0.16713
-0.11496
0.29450
-0.19338
0.09651
0.17437
-0.31637
-0.91510
-0.03879
0.14799
-0.28716
0.29340
0.20602
-0.07351
-0.05657
-0.38175
-0.04684
0.08248
-0.32496
0.10621
-0.36815
0.09611
-0.15307
-0.03563
-0.74296
-0.27343
0.13498
-1.12997
0.16871
-0.35212
0.14843
0.09786
-0.70393
0.14221
0.44153
-0.03489
-0.13299
0.24200
-0.60580
0.08183
0.03520
-0.41274
0.15286
0.09876
0.02334
-0.18267
-0.16185
0.12815
0.18537
-0.52594
0.07081
-0.45883
0.20025
0.04634
-0.42807
0.17816
-0.77511
-1.13949
-0.33787
-0.61455
0.19388
-0.01305
0.31471
-0.59975
-0.01680
0.22299
-0.88036
-0.04831
-0.41256
0.10144
0.17364
-0.32426
0.01046
-0.00334
-0.50024
0.00700
0.11719
0.15100
-0.29780
-0.04869
0.07073
0.03417
-0.62414
-0.09474
-0.05969
0.00056
-0.44634
-0.07410
-0.32972
-0.64701
0.04551
-0.23411
0.18770
-0.18197
-0.76948
0.17783
-0.26854
0.09762
-0.13128
-0.05678
0.10078
-0.26871
0.38659
0.21782
0.09278
0.49446
0.17911
0.21664
-0.12363
-0.27489
0.23382
0.45170
0.17905
0.09724
0.19234
0.38819
-0.08554
-0.31221
0.21479
0.43592
0.23311
0.21562
0.21056
0.40001
0.22062
0.17255
0.21271
-1.03086
0.20123
-0.11387
0.31128
0.14052
-0.35299
-1.17423
0.27114
0.31904
-0.43053
0.28486
-0.32813
0.03485
0.33075
0.36524
-0.30836
0.23187
0.05525
-1.11344
0.76201
0.22937
0.34351
0.00645
0.31512
0.14971
0.18121
0.15650
0.24844
0.28728
0.26189
0.03728
0.36528
0.15207
0.19749
-0.35741
0.18826
-0.09206
0.28327
0.16144
0.07464
-0.07697
0.08244
0.31014
0.09478
-0.24577
0.69494
0.35352
0.12917
0.40690
-0.32404
0.09887
-0.09183
0.14648
0.15570
0.15063
-0.13285
-0.11309
0.38303
0.28650
0.56225
-1.11758
-0.79392
-0.99970
0.08314
-0.63036
0.08957
0.12049
-0.42555
0.07279
-0.25344
-0.79325
-0.04913
-0.14567
0.58059
0.19006
0.25530
-0.23217
0.38309
0.09651
0.62558
-0.35573
0.21036
-0.15185
0.21186
-1.73699
-1.11043
-0.17332
-0.81383
-1.85960
-1.17586
0.15035
0.43460
0.03549
0.41311
0.31644
0.39980
0.37491
-0.26938
0.48408
-0.89932
0.25467
0.39431
0.11543
0.40967
-0.35624
0.09692
0.03611
0.38903
0.01286
0.07364
-0.07808
0.01894
0.51341
0.10025
0.06719
0.26921
0.27281
0.01252
-0.06421
0.34419
0.41444
0.72949
0.47335
0.11682
-0.46995
0.52853
0.63798
0.08094
-0.08203
0.10962
0.09848
0.87376
0.30170
-0.63425
0.48513
0.36581
-0.44105
0.27587
0.36805
0.31323
0.49975
0.24481
0.09824
0.14261
0.18085
0.10079
0.13481
0.27380
0.33737
-0.38372
0.32095
0.54793
0.32703
0.05322
0.23057
0.36742
0.31442
-0.52203
0.07065
0.24599
0.04522
-0.76014
0.15832
-0.06636
0.19746
0.09354
0.35341
0.04752
0.00997
0.12648
-0.72731
0.21138
0.23648
-0.29013
0.15499
0.13744
0.28284
0.16591
0.26234
0.27261
0.27477
0.18471
-0.29633
0.01996
0.00808
0.43215
0.23623
0.24172
-0.04307
0.15218
0.13921
0.00602
0.02462
0.43271
-0.12543
-0.07732
0.13064
-0.06373
-0.23498
-0.32267
-0.04477
0.47980
0.78661
0.07030
0.15372
-0.96319
0.13231
0.61981
0.20009
-0.41579
0.27665
0.08826
-0.60978
-1.59598
0.16435
0.28883
0.32721
-0.43324
-0.42678
0.49410
-0.72953
0.04346
0.16803
0.12532
0.11605
0.07520
-0.68205
-0.18117
0.50002
0.01095
-0.00057
0.29715
-0.04015
-1.15814
0.48272
0.31534
0.13524
-0.49129
0.80333
-0.87590
0.15178
-0.58178
0.37305
-0.41612
-1.06519
0.29672
0.02912
-0.14816
0.20527
0.24994
0.48645
0.14072
-0.79209
-0.05530
-0.63836
-0.41725
-0.01283
0.01051
0.16860
-0.72444
0.17760
-0.59542
-0.69942
0.12061
-0.64471
0.45570
0.23766
-0.39979
-0.32761
0.19424
-0.16742
0.32007
-0.39329
-0.19263
-0.10030
0.24275
0.39317
-0.11563
-1.11934
0.55987
0.46026
0.48555
0.20227
0.33218
0.60346
0.40094
-0.67336
0.35613
-0.34639
-0.01480
0.33841
0.18244
0.34780
0.40202
0.08189
0.39358
0.32875
0.04186
0.31442
0.40138
0.32787
0.23571
0.55399
0.41114
-0.70324
-0.35422
0.43063
-0.31244
0.06716
0.11695
-0.10016
0.01925
0.23016
0.18355
0.44264
-0.36995
0.25488
0.37462
0.41015
0.38881
0.06537
-0.81285
0.15243
0.35588
0.29387
-0.00035
-0.36020
0.47185
0.60619
0.45077
0.25263
-0.36259
0.32685
0.32881
-0.34448
0.10292
0.08180
-0.34177
-0.61891
0.34731
-0.04974
-0.01747
0.22542
0.13034
-0.20968
0.57602
-0.42979
0.08881
-0.07797
0.48074
0.57711
0.68817
-0.37825
0.21053
-0.39433
0.38356
0.42401
-0.18449
0.31334
-0.58088
-0.41288
0.45591
0.09076
0.10749
0.07197
-0.00409
0.57378
-0.33124
0.44116
0.24490
0.32683
0.24224
0.23850
0.40339
-0.02885
0.16175
-0.67741
0.70630
-0.73767
0.12750
-0.47305
0.40308
0.28923
-0.25281
0.15260
-0.16756
0.33803
0.13071
-0.62039
0.04525
0.17907
0.25970
0.25848
-0.71042
0.37437
0.15369
0.32353
0.21307
0.02444
0.18840
0.35362
-0.56376
0.18476
0.54072
0.78738
0.40091
0.47911
0.25477
0.02642
0.20869
0.14396
-0.23518
0.33329
0.31874
-0.07267
-0.33530
-0.20494
0.09406
0.38955
0.48934
-0.08705
0.00310
0.44686
-0.77209
0.35287
0.29289
-0.65393
0.18712
0.12168
0.35206
0.31586
-0.11411
0.03891
0.24132
-0.18659
0.42004
0.03455
0.11287
0.19166
0.38158
0.31337
-0.16867
0.24346
0.48784
-0.84085
-0.08482
0.08803
0.25973
0.32040
0.19822
0.20769
-0.29590
0.13953
-0.42824
0.72108
-0.34791
0.68944
0.03984
0.17968
0.75581
0.80001
0.50787
0.21482
-0.61468
0.16899
0.26642
-0.41125
0.22677
0.11059
0.07233
0.29497
0.59752
0.33311
0.31189
0.19744
-0.44070
0.08591
-0.18089
0.22574
-0.03511
0.17059
0.17245
0.41320
0.45013
0.29361
-0.39242
0.31411
-0.18912
0.10659
-0.42797
0.42592
0.13620
0.13056
0.25182
0.02041
0.56399
0.20343
-0.16677
0.21109
-0.35621
0.30875
0.34066
-0.43458
0.20562
0.11242
0.29284
0.62668
0.48173
0.15734
0.44736
0.22496
0.30996
0.08242
-0.29262
0.28082
0.28096
-0.08905
-0.14670
-1.48501
0.19843
-0.22396
-0.03035
0.41947
0.14661
0.45099
-1.14913
0.06369
0.16283
0.15624
0.12978
0.38017
-0.34963
0.31873
-0.44146
0.35298
0.55076
-0.53888
0.18143
0.13147
0.18087
0.14145
-0.45712
-0.02682
0.34463
0.11551
-0.01271
0.43662
0.08201
-0.12380
0.36725
0.00506
-0.43917
-0.37306
0.51743
-0.01548
0.30704
-0.46370
0.33817
-0.22197
0.22462
-0.87770
0.04041
0.32536
0.08439
-0.06286
0.30081
-0.60665
0.34568
0.20915
0.12524
0.30033
0.10938
0.15067
0.19933
0.00102
-0.40481
0.89041
0.22598
0.16873
-0.36832
0.41371
0.18295
0.38452
-0.66986
0.20560
0.31770
0.44632
0.53525
0.35079
-0.98349
0.04610
-0.74699
0.20901
0.38093
0.14622
-0.88790
-0.30205
0.41210
-0.36633
0.34578
0.04797
0.14421
-0.23913
0.27117
-0.05644
-0.16014
-0.47637
0.17573
-1.17982
0.37670
0.40888
-0.15410
-1.09902
0.20719
-0.33540
0.26898
0.70083
0.03499
0.16554
0.06543
0.04682
-0.31208
-0.12698
0.21627
0.28810
0.36648
0.13084
0.48719
-0.41080
0.10969
0.46099
0.12204
0.33278
-0.18141
-0.02521
-0.18884
0.17990
-1.02596
0.30950
0.45168
0.13237
-0.09524
-0.11086
0.28334
-0.22988
0.61562
0.04710
0.39262
0.32585
0.42808
-0.63080
0.74925
0.21414
0.13925
0.23421
0.30823
0.58033
-0.16967
0.06990
-0.04917
0.09132
-0.37215
0.27674
-0.14113
0.33141
0.42247
0.33035
0.28607
-0.13216
-0.69032
-0.74804
0.31227
0.16842
-0.46331
0.12357
-0.46060
0.08784
0.20662
-0.12696
-0.13482
0.25472
0.19892
0.31681
0.26725
-0.88801
0.61919
0.50635
-0.03560
0.11269
0.43859
-0.98653
0.01149
-0.71484
0.05551
-0.48094
0.83071
0.45070
-0.47163
0.29687
0.12578
-0.35285
-0.39294
0.40828
-1.22249
0.55300
0.17074
0.24985
-1.01143
0.31005
0.25533
0.41384
-0.31924
0.35730
-0.13176
0.77385
0.62825
0.28316
-0.15832
-0.22414
-0.39095
0.32289
-0.30463
0.46623
0.27345
0.23179
-0.37367
-0.47354
0.29384
0.01959
0.19115
0.49225
0.59041
0.39106
0.11481
0.51333
0.14925
-0.11157
0.36984
-0.73121
0.31859
0.23534
0.03956
0.16323
-1.26328
0.13782
0.21451
0.01110
0.20451
-0.03070
-0.72810
0.18182
0.41207
0.35320
0.28303
0.21279
-0.07758
0.15254
-0.02708
0.53020
-0.38513
0.23701
0.70048
0.26606
0.31663
0.17294
0.32028
-1.06545
0.13780
-1.09390
0.06028
0.47759
0.38883
-1.11879
0.27169
0.56902
-0.47129
0.16108
0.43723
-0.20612
-0.03326
0.32011
0.26503
-0.63924
-0.21553
-0.48052
-0.11607
0.34724
0.04270
0.01756
-0.21964
0.47656
-0.02752
0.66279
-0.99508
-0.58183
0.30754
0.23116
0.29939
-0.39755
-1.16755
-0.67283
-0.96133
0.29878
0.21880
-0.35662
0.42185
0.02575
0.34291
0.71161
0.21062
0.15250
-0.45939
0.26212
0.11241
0.42654
0.49513
0.08843
0.10752
0.51658
-0.09066
0.40171
-0.32351
0.35026
0.86243
0.11552
0.00668
-0.21607
0.34942
-1.09115
0.01174
0.14592
0.35653
0.21464
0.10014
0.43144
-1.20979
-0.36555
-0.05751
0.04231
0.11281
0.38922
0.15287
-0.14966
-0.70053
0.31074
0.03105
0.37610
-0.11388
0.29359
0.11484
-1.12910
0.18219
0.31330
-1.04271
0.03005
0.30409
-0.22100
0.11412
0.17332
0.45392
0.26146
-0.05631
-0.31878
0.31126
-0.71371
0.09807
0.39438
-0.38761
0.09908
0.33085
0.48232
0.23067
0.48011
0.14464
0.07482
0.10902
0.04693
0.07409
0.08973
0.22452
0.20331
-0.34981
0.41590
0.25368
0.07553
0.18403
-0.21393
-0.37900
-1.37137
-0.03790
0.21737
0.52322
0.09058
0.04867
0.22981
0.30427
0.31507
-0.07756
0.37947
-0.01798
0.76446
0.18836
0.11112
0.23593
0.08585
0.04385
0.23281
0.22611
0.26244
0.11484
0.15885
0.32851
0.32838
0.21226
0.54310
0.25572
0.43630
0.07447
0.05534
0.09557
0.12684
0.36738
0.57742
-0.21266
0.59813
0.33063
0.33405
0.21668
0.26053
0.06309
0.45979
0.18567
0.36694
-0.19506
0.53777
0.41124
0.04171
0.31363
0.02672
-0.33004
0.42394
0.07536
-0.20685
0.01886
0.44276
-0.14646
0.44150
0.18032
-0.44829
-0.02181
-0.81330
0.14157
0.68761
0.21071
0.41144
0.07908
-0.07042
-0.33505
0.12364
0.22389
0.36701
-0.45269
0.14661
0.23981
0.47507
0.45058
0.42057
0.09404
0.00189
-0.02169
0.58009
0.22328
0.19052
0.17034
0.17058
-0.00113
0.31019
0.13731
-0.57122
-0.43615
0.47505
0.26725
0.09369
0.03636
0.12980
0.03924
-0.35782
0.38015
0.39600
-0.22778
0.67796
0.63889
0.04772
0.14955
-1.06259
0.43574
0.09346
0.38236
-0.74113
0.03879
0.42809
0.46850
0.02284
-0.22589
0.28906
0.27420
0.39020
0.76162
-0.31124
0.35683
-0.37303
0.29598
0.03752
-0.24903
0.31408
0.71293
0.05729
-0.11242
-0.97133
-0.10161
-0.28988
-0.03067
0.13119
0.34884
0.26158
0.33328
0.28727
0.15295
-0.29307
0.25440
0.45816
-0.31683
-0.06616
0.06655
0.36829
0.33930
0.50526
0.22509
0.42187
0.35903
-0.12378
-0.19504
0.30259
0.37518
-0.53167
-0.33158
0.31209
0.13191
-0.90970
0.39435
0.11450
0.05027
0.20990
-0.01306
0.25946
0.38263
0.14960
0.01443
0.20792
0.65117
-0.85667
-0.13657
-0.07050
-0.85002
0.25251
-0.33129
0.25634
0.30798
0.04119
0.08856
0.18272
0.38624
0.21719
0.19768
0.11072
-0.16335
0.39038
0.11017
0.42456
0.64993
0.45143
-0.12271
0.34259
0.10502
-0.62007
0.77440
0.42410
0.38389
-0.62521
0.36939
-0.27890
0.36360
0.58845
0.36089
0.22956
0.34045
0.11044
-0.22980
0.22880
0.27013
0.08174
0.26611
0.33559
0.17757
0.20511
0.27709
0.17817
-0.28516
0.14316
-0.55519
0.40895
0.35444
-0.09664
-0.65473
-0.33836
0.26423
0.13090
0.09055
-0.80892
-0.58770
0.36759
0.45167
-0.70321
-0.49754
0.54660
0.25384
0.10385
0.13207
0.47271
0.19956
-0.63058
0.11282
0.10721
0.45909
0.48144
0.35450
0.03086
0.06334
-0.21081
0.40455
0.47828
0.24626
-0.31273
0.36830
0.38596
0.08725
0.32819
0.49459
0.33408
0.36357
0.88794
0.25750
0.38962
0.48670
0.33359
0.23159
-1.09425
0.37334
-0.39464
-0.73658
0.33934
-0.37201
0.26047
0.43729
0.10036
0.13906
-0.80486
0.32402
-0.38454
0.20251
-0.89452
0.25644
-0.14416
-0.58627
0.23340
0.21509
0.19572
0.64463
0.41327
-0.40267
0.10713
0.15262
-0.33267
0.18148
-0.37790
0.16937
0.31422
-0.46964
0.41037
0.46277
0.28379
0.10361
0.20734
0.42937
0.42974
0.07704
-0.62980
-0.40826
0.31128
-0.32616
0.56220
0.31650
0.13833
-0.65470
-1.08854
-0.33364
0.08586
0.24196
-0.77484
0.36878
0.11663
0.41852
0.08952
0.10626
-0.05465
-1.15541
0.21524
0.55567
0.14722
0.19115
-0.04258
0.06894
0.29090
0.29552
0.26040
0.28488
0.24430
0.42699
0.22300
-0.49961
0.44709
-0.19224
-0.05618
-0.82487
0.72295
-0.69046
0.39686
0.32218
0.26475
-0.36815
0.23067
0.39088
0.17233
0.26854
0.20220
-0.86521
-0.31642
0.32588
0.39295
0.39572
-0.06880
0.20525
-0.01159
-0.53763
-0.25899
0.08600
-0.15749
-0.32508
-0.82256
0.06338
0.22297
0.05345
0.16357
0.40050
0.14301
0.20429
-0.22635
0.40829
0.10707
-0.32257
0.39556
-0.08632
0.05266
-0.00149
0.44952
-1.16158
0.40851
0.38275
-0.63229
0.59332
0.22854
0.71695
0.19443
-0.22212
0.09420
-0.29305
0.39447
0.74843
0.57658
0.26093
0.50075
0.52755
0.25984
-0.21832
0.21887
0.36560
-0.54652
-1.66317
0.75142
0.17534
-0.21857
0.28773
0.22677
0.09051
0.23876
0.44521
0.17159
-0.13158
-0.25431
-0.05259
0.34708
0.14838
-0.06261
0.46114
-0.82444
0.40839
-0.91294
-0.38397
0.51265
0.06360
0.35507
0.10461
-0.35302
-1.10102
0.23147
0.08130
0.37099
0.25670
0.13773
0.33930
0.39780
-0.53961
0.21208
0.44752
0.28576
0.81393
0.06384
0.31078
-0.66583
-0.34835
0.41920
-0.35200
0.38723
0.08123
0.04553
0.28267
0.21718
0.25549
0.17759
-0.14955
-0.26556
0.25705
0.12323
0.39491
0.39623
-0.00015
-0.00497
0.17369
0.10863
0.28884
0.76719
-0.42405
-0.05500
0.40120
0.41833
-0.27112
0.07435
-1.10837
0.36846
0.27495
0.20895
-0.33211
-0.68636
0.11617
-0.41354
-0.68059
-0.37218
-0.07731
0.25362
-0.27395
0.45684
-0.40370
0.09348
-0.03319
-0.16848
-0.02794
-0.36193
-0.01196
-0.34391
0.37001
-0.13269
0.35097
0.24174
0.35262
0.30192
0.46170
-0.39332
-0.56366
-0.65145
-0.14569
-0.82667
0.22261
0.12200
0.16544
-0.49617
0.21145
-0.20659
-0.12235
-0.41579
0.71731
0.44465
0.27872
0.00497
-0.13086
-0.20207
-0.90462
0.78441
0.25309
0.50439
0.39245
-0.42049
0.37321
0.42214
0.34720
0.04090
-0.31323
-0.24943
0.41564
0.37362
-0.44077
0.62946
-0.60314
-0.44427
0.37869
0.14415
-0.06720
-0.05095
0.34831
-0.09719
0.35854
0.05039
0.09276
0.38370
0.15018
-0.35689
0.32486
0.10714
0.09239
-0.21018
0.27268
0.26130
-0.45448
0.22928
0.34686
-0.36434
0.26438
0.37362
0.08851
0.17472
0.19300
-0.03014
0.29944
0.36868
0.22738
0.15948
0.12807
0.83789
0.09960
-0.15265
0.27154
0.10077
-0.49601
0.19644
-0.38649
0.35488
0.07829
0.10871
0.10090
0.18797
0.53179
-0.11551
0.07661
0.20205
0.06217
0.07178
0.14822
0.58564
0.35187
0.30236
0.13776
-0.18401
-0.09415
0.24860
0.14782
-0.01218
-0.22132
0.07301
0.09146
-0.01139
0.42477
-0.12535
0.50757
0.50703
-0.07429
0.49030
0.20291
-0.64324
0.19579
0.44174
0.12222
0.12540
0.21011
0.41396
0.21207
0.45387
0.17107
0.16703
-0.66373
-0.01345
-0.30095
0.47738
0.49550
0.11114
0.29983
0.16675
0.13439
0.37570
0.56854
0.42371
0.15728
0.22874
0.27243
0.39925
-0.34600
0.29207
0.15708
-0.20943
-0.05514
-0.70909
0.09615
0.13308
0.28254
0.18313
0.17951
0.06871
-1.29507
0.42877
0.20533
0.01496
-0.41500
-0.03871
0.23113
0.00708
0.41127
0.14556
0.28299
0.12168
0.46314
0.14604
-0.54971
0.29030
0.78064
-1.39015
0.18632
0.38982
0.46469
0.38523
0.54382
-0.46240
0.41423
0.23808
0.23511
0.15665
0.25354
-0.04622
0.35685
0.18494
0.31501
0.53734
0.26650
0.19720
0.37006
0.10752
0.20819
-0.33775
0.22091
0.27394
0.38266
-0.34300
0.31512
0.08882
0.19170
-0.72789
-0.37867
0.09348
0.11473
0.21532
0.24876
0.17005
0.06011
0.21438
0.45179
0.31165
0.32326
0.34367
-0.57524
-1.40441
0.27265
0.25499
-0.28695
0.03010
-0.36333
0.54925
0.29106
-0.33766
-0.10073
0.45349
0.37397
0.20886
-0.06139
0.09954
0.35769
0.20103
-1.02155
0.26929
-0.05121
0.07606
-0.36892
0.08132
-0.27275
0.48556
0.12298
-0.42104
0.20356
0.34949
0.05794
0.07882
-1.10383
0.32288
0.23895
0.18561
-0.38465
-0.78449
-0.31256
-0.81388
0.23914
-0.43986
0.10981
0.08733
-0.45554
-0.11747
0.05011
0.24811
-0.15309
0.41963
0.01778
-0.94203
-0.08726
0.25211
-0.45081
0.20428
-0.60277
0.32718
0.10091
-0.36186
0.24945
0.15856
-0.35424
0.32459
0.19082
0.37180
0.38044
0.40474
0.28843
0.26600
0.11527
-0.62406
0.59512
0.11518
0.06690
0.02051
0.47545
0.14026
-0.03431
0.14532
-0.34121
-0.53215
0.60890
0.19860
-0.48856
-0.62872
0.16171
-0.95920
-1.07936
0.15652
0.13746
0.19955
-0.10549
-0.20381
0.12436
0.11427
0.10281
0.37021
0.05643
0.23138
-0.60927
0.42288
0.47964
0.16585
0.07564
0.13194
-0.36663
0.22963
0.21295
0.45118
0.04195
0.11606
-0.04090
0.30082
-0.55530
0.02708
0.20822
0.40077
0.02949
0.17956
0.68159
0.12384
0.30626
0.16847
0.33514
0.31292
0.23196
0.26075
0.05493
0.06796
0.50932
0.04508
0.27246
0.26513
0.48874
0.44951
0.29606
-0.47433
0.11918
-0.33325
0.20733
0.09748
0.35634
0.48055
0.42150
0.04741
0.28976
0.07776
0.22787
0.15069
0.09131
-0.96174
-0.19262
-0.27127
0.51957
0.18436
-0.03672
0.41076
0.11374
0.18910
-0.82921
0.13451
-0.39527
0.16863
-0.11330
0.30796
0.02373
0.16422
0.45324
-0.34767
-0.23528
0.10866
0.08587
-0.01402
0.00461
-1.43463
-1.38509
0.25693
0.16816
-0.19938
0.19651
0.27016
-0.80473
0.10376
0.29282
-0.77657
-0.13043
0.40392
-0.37951
-0.58203
0.19453
-0.04867
0.22402
0.13775
-0.46921
-0.35268
-0.50379
0.37642
0.08175
-1.13720
-0.44150
0.01402
0.11248
0.14555
0.30453
-0.94484
-0.37316
-0.47721
-0.44548
0.34057
0.40472
0.08816
-0.37204
-1.58992
0.16023
0.34244
0.22506
-0.00554
0.19103
0.61545
-0.33145
0.30660
0.39798
0.23510
0.56201
0.03290
0.08756
0.49731
-0.17642
0.43437
0.96591
-0.09071
-0.20878
-0.68125
0.29303
0.12072
-0.49195
0.06431
-0.63676
0.14148
0.10986
0.41455
0.31760
0.74407
0.52167
-0.87705
0.07216
0.30491
-0.68511
0.42617
0.40368
-0.11110
0.21615
0.32151
0.15745
-0.10030
0.54605
0.07550
-0.99338
-0.18751
0.78019
0.07747
-0.13610
0.66327
0.29385
0.10829
0.67760
-0.25793
0.10180
0.13159
-0.47400
0.04541
0.12690
0.30055
0.19579
-0.61561
0.54090
0.29180
0.40769
-0.15541
-0.10611
0.53304
-0.29524
0.14954
-0.05675
0.54857
0.54384
0.10387
0.07238
-0.02265
0.32364
0.97767
-0.65348
-0.37022
0.13484
0.41865
0.51938
-0.80134
-0.78984
0.49560
0.33193
0.03577
-0.31907
0.21986
-0.48229
-0.12312
0.15267
-0.18183
0.31493
0.32379
0.40282
-0.37827
0.07911
0.07981
0.54054
-0.09052
-0.52507
0.24247
-0.09237
0.23213
0.32931
-0.51895
0.27308
0.41278
0.15649
-0.87718
0.34332
0.04288
0.37984
-0.74527
-1.11392
0.22184
-0.41387
0.15479
0.15874
0.14544
0.12226
0.40907
0.00334
-0.20412
0.01942
-0.12747
0.26295
0.22393
0.22019
0.57385
-0.50450
0.28036
0.10267
0.21919
0.38395
-0.03661
-0.90708
0.11078
0.15886
-0.19832
0.09303
-0.18912
-0.02684
-0.03712
0.12219
0.20944
-0.70825
0.29424
-0.82996
0.15467
0.04350
0.02310
0.16277
0.16965
0.18251
-0.32591
-0.12789
0.28894
0.18926
0.22009
0.33447
0.33433
-0.07427
0.24112
0.30084
0.16651
0.18297
0.34661
0.05554
-0.26806
0.19464
-0.25160
0.25150
-0.15298
-0.16203
-1.01175
0.37518
-0.61508
-0.36067
0.03866
-0.85426
-0.47277
0.14405
0.14307
-0.43521
-0.42939
0.47244
-0.79451
0.12484
-0.84145
0.78011
0.39820
-0.08382
0.24245
-0.25641
0.51937
0.28281
-0.17535
0.14472
0.11993
-0.27343
0.27957
-0.34943
0.13416
0.14050
-0.14666
0.24592
0.13116
0.08331
0.25092
0.04327
-0.71954
0.13721
-0.47406
-0.12966
-0.11768
-0.09062
0.25995
0.11485
-0.31718
0.38666
0.10986
0.24922
0.59342
-0.19382
0.30834
0.39098
-0.32983
-0.01696
0.08041
-0.61200
0.58930
0.00970
0.23593
-0.13587
0.17180
0.25897
-0.62788
-0.34965
0.70880
0.21353
-0.05498
-0.90951
-0.40542
0.12022
-0.26735
-0.13194
-0.02473
0.17143
0.26108
-0.18509
0.00322
-0.50581
-0.61240
0.07952
0.36209
-0.12948
0.10364
-0.62261
-0.03437
0.14880
0.52566
0.34649
0.02293
0.65294
-0.64869
0.30850
-0.06110
0.12276
0.05614
0.16405
0.14872
-0.73095
-0.25452
0.19168
0.43045
0.16380
0.12625
0.11530
0.00782
-0.61594
-1.19180
0.28360
0.10056
-0.11425
-0.24039
0.16299
-0.39993
0.69589
-0.54607
0.54054
0.37681
-0.32703
-0.43759
0.31691
0.22098
0.14849
0.19505
0.10476
0.11550
0.48829
0.29955
-0.39138
-1.35606
-0.58419
0.46116
0.41797
0.37345
0.10358
0.08923
0.12635
0.31601
0.10137
0.14815
-0.01131
0.52630
0.18576
0.78499
0.26357
0.19678
0.64193
0.34719
0.67366
-0.08549
-0.17488
0.04080
0.08422
0.06920
-0.02932
-0.40920
-0.11382
-0.12053
0.09213
0.16007
0.42189
0.41623
0.25539
-0.57927
-0.16750
0.19341
0.16875
0.30815
-0.07019
0.11872
0.05109
-0.67312
0.34605
0.29758
-0.13839
0.17292
-0.01913
0.13757
0.19576
-0.73101
0.11731
-0.11481
0.13934
-0.30372
-0.89237
0.44314
0.16673
0.40706
-0.27494
0.32514
-0.20686
0.37439
0.07805
0.14359
0.27689
-0.07445
0.43914
0.10758
0.50888
0.25632
0.24910
0.23224
0.09282
-0.34314
0.28980
0.24099
-0.11980
-0.63794
0.23859
0.19123
0.31263
-0.14178
0.16277
0.12374
-0.33140
0.24897
0.69052
0.20915
0.00834
0.00095
-0.08910
0.69259
-0.07605
-0.39053
0.32570
-0.41285
-0.01082
0.34578
0.70052
-0.46729
0.75079
-0.40766
0.18839
0.24552
-0.37755
0.30074
0.30872
0.10931
-0.10107
0.30736
0.10369
-1.02929
0.13800
0.50349
0.17589
0.25944
0.35293
0.23860
0.54324
0.19996
0.27490
0.42731
-0.32527
-0.22626
-0.00210
-0.64025
0.13275
0.07957
0.15196
0.07741
-0.05868
-0.25925
-0.38556
0.16587
-0.03944
0.27781
-0.60777
-0.08986
-0.85669
0.04910
0.13684
0.31762
0.33432
-0.05484
0.23252
0.36292
-0.42461
0.41756
-0.05007
0.36409
0.11353
-0.68283
0.39331
0.14021
-0.73124
-0.35091
0.23238
-0.40592
-0.44027
0.20257
0.07140
0.41836
-0.75697
-0.58220
-0.18928
0.06752
0.47990
0.21809
0.07329
0.09016
0.15503
0.21022
0.14269
0.00276
-0.04571
-0.83231
-0.35256
0.11714
-0.02198
-0.07160
0.09900
0.27052
-0.67353
0.44745
0.40029
0.50860
-0.15401
0.37355
0.24071
-0.32307
0.15290
-1.03364
-0.53799
-0.58804
0.26636
-0.44516
0.43465
-0.26360
-0.35524
-0.29731
0.09493
0.15967
-0.40513
0.25456
0.18094
-0.07785
0.25025
0.21519
0.26060
0.42346
-0.23500
0.16027
0.22858
-0.59085
-0.03747
-0.87140
0.37923
0.21359
-0.60706
-1.21886
-1.08775
0.22578
-0.38417
0.68780
0.33302
0.38421
-0.23104
-0.27068
0.25882
-0.08674
0.19052
0.46927
0.43450
0.12920
-0.36104
0.19972
0.32940
0.19086
0.33411
0.20953
-0.11411
-0.10039
-0.30728
0.34721
0.11438
-0.02048
0.06612
-0.59336
-0.02192
-0.50252
0.36091
-0.81297
-0.17905
0.37046
0.58191
0.09939
0.05628
-0.48250
0.13990
0.30558
-0.03589
0.14930
0.61186
0.49290
0.11721
0.32735
0.35085
0.21713
-0.62127
0.35117
-0.28698
-0.30129
0.34611
0.08873
-0.46047
-0.61336
-0.12210
0.05518
0.43772
-0.46141
-0.40734
0.58422
-1.51935
0.38904
0.22955
0.32715
-0.93639
0.08127
0.18988
-0.83570
-0.09954
-0.56505
0.28458
0.30896
-0.59117
0.28810
0.08926
-0.43568
-0.44976
0.52482
-0.12926
-0.74523
0.24579
0.20605
0.28488
0.39311
0.20464
0.23231
0.49736
-1.24317
-0.59097
0.26927
-0.71695
0.16890
-0.17696
0.38879
0.25421
-0.73901
0.00857
-0.10132
-0.45491
0.40275
0.24921
0.28430
-0.00981
0.92610
0.22200
-0.41106
0.15204
-0.37853
0.12655
0.45818
-0.34341
0.30077
-0.63973
0.35468
0.40891
-0.28769
0.38380
0.17556
0.23147
-0.13059
0.07899
0.51803
0.13493
0.33368
0.16306
0.38452
0.05683
0.21213
-1.13287
-0.04656
0.10110
0.13518
-0.63188
0.02822
0.31028
-0.03239
0.35924
0.16009
0.49311
-0.93623
-0.48420
-0.98679
-0.54491
0.45758
0.17921
0.28657
-0.46792
0.34246
0.42044
0.32026
0.11563
0.37448
-0.03653
-0.22861
-0.10713
0.02003
0.24005
-0.53805
0.10615
0.23131
0.29810
0.00758
0.05944
0.04344
0.35317
-0.29802
-0.01137
0.45356
0.57670
0.01539
0.27153
0.11058
0.11778
0.20473
0.13237
0.21043
0.25587
0.78876
-0.60450
0.22132
-0.01751
0.28450
0.37370
-0.46159
0.24636
0.29160
0.01106
-0.47454
0.15389
0.19782
-0.09267
-0.32973
0.25406
0.35103
0.56762
0.48292
0.65959
-0.43890
-0.37679
0.51828
-0.33978
0.61279
-0.29410
-1.15152
-0.31279
0.00030
0.76962
-0.31679
0.25171
-0.96801
0.15261
0.09403
-0.80402
-0.00896
-0.02313
-0.44510
0.08379
-0.15867
0.28673
-0.19137
0.48570
0.29952
-0.21514
0.11851
0.01460
0.09750
-0.21607
0.22517
0.18239
-0.64656
0.37219
-0.40624
0.10483
0.16739
0.07559
0.78264
-0.05174
0.28634
0.14875
-1.17450
0.30958
-0.15386
-0.12362
0.12349
0.07109
0.02475
0.11787
0.05232
-1.17839
-0.40701
-0.11517
-0.65296
0.07277
0.24246
0.23058
0.04485
-0.71450
0.11251
0.44251
0.23547
-0.29605
0.02290
-0.35403
0.07116
0.12777
0.42650
-0.15799
0.02342
-0.15963
-0.17821
-0.24973
0.08603
1.00111
0.04682
-0.13720
-1.78615
0.15502
0.06399
0.17559
-0.29980
0.10852
-0.38419
0.01828
0.25577
-1.36924
-0.01434
0.11848
0.61012
-0.04326
0.09853
0.44944
0.14166
0.30622
-0.02145
-0.12440
0.69392
0.24597
0.39665
-0.35336
0.05758
-1.11442
0.22449
0.20323
0.09050
-0.88398
0.38783
-0.38974
-0.84956
0.24526
-0.43177
0.01464
0.29572
-0.76092
0.04247
-0.57252
0.09824
0.51138
0.18759
0.24513
-0.37063
0.38757
0.00869
0.03587
0.08258
0.09977
0.46862
0.47303
-0.33209
0.08888
-0.39294
0.29765
0.03334
0.02165
-0.18636
-1.04429
0.12411
0.44032
0.36492
0.66628
0.18963
-1.12568
-0.20627
-0.50613
-1.09672
-0.42323
-0.07042
0.10555
-0.30408
-0.22694
-0.75443
-1.13020
0.13547
-1.19949
0.49007
0.35951
0.14782
-0.02277
-0.00367
0.49982
-0.38453
0.11403
-0.07720
0.12374
-0.56553
0.37253
0.53982
0.15876
0.25718
0.11869
-0.08735
-0.11199
0.55155
0.22763
0.15004
-0.72448
-0.08916
0.33531
-0.81316
0.37060
-0.46076
0.28185
-1.03912
0.36599
0.40815
0.16050
0.22839
0.19724
0.14277
0.42886
0.67051
-0.47677
0.67208
0.40005
0.11277
0.36000
0.38788
0.35116
0.67536
0.36837
0.36724
0.21792
0.09419
0.31387
-0.60228
-0.10296
-0.67866
-0.04399
0.13462
0.11433
-0.36156
0.20732
0.29015
0.11929
-0.27418
0.19539
-0.57444
0.14908
0.36155
-0.15419
-0.24674
0.29978
-0.78153
-0.09811
0.46417
0.09250
-0.34581
0.06336
0.12800
-0.13760
-0.41939
0.27665
0.27861
0.17840
0.20152
0.03568
-0.01407
0.20721
0.06067
0.37122
0.40558
-0.18049
0.26025
0.25703
-1.01706
-0.36667
-0.10689
0.00511
-0.30224
0.46490
-0.84920
-0.46827
0.50291
-0.11216
-0.30311
-0.70054
0.40368
0.41602
0.09613
0.04436
0.42187
-0.17284
-0.46400
-0.42148
-0.45560
0.45544
0.32099
0.34088
0.10415
-0.11488
-0.54103
0.34035
-0.18741
0.30962
0.18159
0.12928
-0.74047
-0.93422
0.21764
0.07286
-0.34201
-0.08839
-0.00928
0.18824
-0.44247
0.17810
-0.00084
0.18845
0.08420
-0.54627
0.09970
0.29076
0.13192
0.06291
0.08294
0.26489
-0.09648
-0.14114
0.25037
-0.55614
0.15091
-0.23347
-0.18604
0.26660
0.25659
-0.56958
0.42257
0.10232
-0.07820
0.23054
0.01285
-0.40003
0.04130
-0.61635
0.02019
-1.49541
0.47175
0.18579
-0.57968
0.27668
0.75096
-0.21701
0.10776
0.36562
0.39405
0.31918
-0.03816
-0.24107
0.14567
-0.53167
-0.12908
0.10483
0.24466
0.27217
0.14831
-0.00535
0.16112
0.16409
-0.13592
-0.03936
0.16119
-0.75437
0.17892
-1.53076
-0.75390
0.35034
0.13450
-0.95222
0.08082
-0.02207
0.00535
0.05664
-0.57531
-0.01829
0.26010
-1.01848
0.16815
-1.33936
-0.18465
-0.21348
-0.24558
0.46578
-0.03872
0.11173
-0.83642
0.19374
0.23177
-0.94291
-1.77252
-0.32953
0.11961
0.27901
0.41442
0.40142
-0.90695
0.19787
-0.32991
0.07994
0.27037
0.04672
0.31001
0.07181
0.20200
-0.04515
-0.60337
-0.16078
-0.30306
0.24015
0.15235
-0.77996
-0.60192
0.17593
-0.28507
0.30863
-0.33874
0.23025
0.12444
-0.00376
-0.56558
0.23197
-0.14441
0.67612
-0.00545
0.14119
-0.25852
0.03802
0.41731
0.21912
0.09856
-0.55455
0.56675
0.40504
0.18291
0.02082
-0.12762
0.29794
-0.12777
0.66901
0.19878
0.00852
-0.30711
-0.34675
-0.33203
-1.79333
0.05115
0.19589
0.16522
-0.25831
-0.31522
0.21686
-0.28276
0.32767
0.38745
0.42074
0.69947
-0.99818
0.51027
0.04184
0.13814
0.27756
0.52787
-0.57762
0.10535
-0.01436
0.30452
-0.84577
0.13357
-0.16054
0.37520
0.23087
0.23651
0.14111
0.31473
0.35443
0.11105
0.07467
0.15089
-0.92153
0.21386
0.13660
0.09924
-0.85815
0.34923
-0.54511
0.14810
0.33860
0.19259
0.43053
-0.14254
0.07088
0.23385
0.10117
0.11591
-0.01299
0.21654
-0.35635
0.12513
0.25590
0.20481
-0.37063
0.17470
-0.03485
0.03770
0.54966
-0.14219
-1.02860
0.20039
0.33201
0.23047
0.26248
-0.30154
0.23539
0.13682
0.59377
0.33965
0.17309
0.03102
0.32751
-0.14686
-0.85281
-0.92771
0.23092
-0.07856
-0.07235
-0.22056
0.27152
0.25119
0.01145
-0.31912
0.36747
-0.65041
-0.76232
0.13481
-0.33853
0.26367
-0.21361
-0.55082
0.48175
-0.02254
-0.17027
0.12669
0.16014
0.09325
-0.55797
0.26095
0.06890
0.45200
-0.03910
-0.15519
0.09947
0.24566
-0.78277
-0.33157
0.50817
0.76917
-0.38428
-0.10529
0.13831
-0.62936
0.51543
0.41069
-0.19367
-1.16185
-0.60588
0.14360
-0.10771
-0.47054
-0.11370
-0.04018
0.27288
0.04917
-0.75351
-0.23929
-0.28998
-0.18027
-0.27560
0.22615
0.23040
0.43348
0.09939
0.16310
-0.28252
-0.45677
-1.01703
-0.57315
0.31784
-0.54548
-0.35085
-0.84221
-0.36247
0.17405
0.01196
-0.22617
-0.23131
0.20917
0.44512
0.11215
0.12111
-0.13839
-0.26337
-0.88988
0.31765
0.28334
0.07022
0.00480
0.07976
0.12879
-0.58894
0.19004
-0.07375
-0.82288
-0.16248
0.21503
0.14750
0.32048
0.09599
0.05690
0.05711
0.04114
0.05798
-0.66463
0.24115
-0.01582
-0.04834
0.27636
0.23992
0.07844
0.32212
0.19645
-0.52157
-0.24640
0.38890
-0.25054
0.30538
-0.20626
0.35533
0.45946
0.32050
0.01782
0.29423
-0.33333
0.09961
0.03838
-1.05923
-0.12743
0.16574
0.58865
0.11943
0.01988
0.16420
0.20474
0.36007
-0.42401
-0.19183
-0.51080
0.17168
0.03017
0.25204
-0.36770
-0.08264
-0.26218
-0.09886
0.74185
0.48660
0.07162
0.06191
-0.55407
0.28162
-0.31576
-0.23091
-0.28408
0.55456
-0.69108
-1.01485
0.24463
-0.29965
0.05147
-0.27555
-0.66285
-0.27762
0.46888
0.07941
-0.14650
0.07911
-0.58559
0.25550
0.63367
0.25120
0.06402
0.12892
0.16052
-1.19894
0.07518
0.20977
0.66254
-0.32107
0.17907
0.43519
0.10028
0.44358
0.12543
-0.57362
-0.39501
0.06128
0.37872
0.71057
0.02024
0.17617
0.17086
-0.12037
-0.87984
0.16437
-1.32320
0.23998
0.23680
-1.03189
0.53423
0.12149
0.01545
0.11947
0.31292
0.11746
0.05667
0.19263
-0.08910
0.70187
-0.10391
0.45723
0.07698
0.08989
0.11468
-0.66488
-0.24862
0.12174
-0.88030
0.31197
0.00223
0.21379
0.05543
-0.06615
-0.09172
0.45944
-1.02743
0.15490
0.24020
-0.02135
-0.78685
0.24862
-0.09769
-0.45501
-0.29823
-0.09913
0.26455
0.34999
0.39161
0.29977
-0.59235
-1.44640
0.27400
0.14705
0.42569
0.08220
-0.14819
-0.29694
0.50489
0.18359
-0.06186
0.11791
0.67716
0.00291
0.00620
-0.23992
0.12768
-0.80474
0.17587
0.35743
0.20098
0.11997
0.25659
0.17158
-0.14989
0.20439
-0.17860
-0.06531
0.53299
-0.28567
0.15997
0.32107
0.12942
0.12977
-0.00795
-0.50748
-0.23307
0.22264
0.51571
0.13711
-0.15544
-0.34955
-0.19960
0.31150
0.38057
-1.10315
0.43679
-1.20366
0.24187
0.49493
0.15659
0.12778
-0.48579
-0.34854
-0.66420
0.24088
0.18026
-0.31827
-0.12885
-0.16894
-0.89081
-1.47250
-0.15887
-0.50384
-0.74320
0.06026
0.22314
-0.08035
0.12341
0.11353
0.65289
0.40130
-1.10244
-0.65557
-0.26301
0.15441
-0.49983
0.74783
-0.73327
0.24972
0.20947
0.10462
0.44256
-0.00125
0.17648
-0.06225
0.15560
-0.40768
-0.03087
-0.12397
-0.88932
0.05008
0.53482
-0.29411
-0.34841
0.27068
-0.19847
0.39276
0.58814
-0.63429
0.10099
0.60942
-0.09022
0.07851
0.24697
0.41577
0.44636
0.13240
0.20505
0.11841
-0.46411
-0.50607
-0.10817
0.13402
-0.23513
-0.20134
0.21474
0.04867
0.13863
-1.02761
-0.28661
-0.00214
-0.32851
0.14871
0.07643
-0.55577
-0.50139
0.33742
-0.15853
0.11602
0.15409
0.22879
0.57702
-0.45546
0.04015
0.16446
0.08991
0.16917
-0.04004
0.14728
0.07708
-0.09754
0.45590
-1.27268
-0.32803
0.40155
-0.83121
-0.07284
0.11716
-0.03779
-0.12693
0.62467
-0.44357
-0.09665
0.19122
-0.34859
0.15092
0.71073
-0.03378
-0.36898
0.75462
0.27757
0.18776
-0.21445
0.22124
0.31810
-0.11618
-1.12902
-0.49949
0.35970
0.08647
-0.74087
-1.01516
0.21508
-0.26835
0.23791
-0.41069
0.49061
0.40345
0.05990
0.24525
0.16223
-0.36130
0.03273
0.42435
-0.64120
0.13449
-0.82661
0.33750
-0.13684
0.32166
0.11669
-0.20399
0.54378
-0.03655
-0.05153
0.34524
-0.21763
-0.32081
-0.51132
0.45606
0.26006
0.15554
0.08092
-0.20489
0.14567
0.26441
0.14240
0.01573
-0.03995
-0.07605
0.47137
-0.15671
0.09259
0.58277
-0.32037
-0.25160
-0.05267
-0.17263
0.48556
-0.65034
0.59549
0.25463
-0.22871
0.14166
-0.50917
0.01818
0.26934
0.68164
-0.00684
0.21169
-1.35827
0.15450
-0.01989
-0.15774
0.38446
0.06536
-0.24799
0.07699
0.24211
-0.28009
-0.35956
-0.38018
0.01966
-0.82365
-0.08113
-0.37032
0.16107
-1.54314
-0.34069
-0.42520
-0.13983
0.25692
0.20772
-0.79157
0.40988
0.53345
-0.02506
0.24555
0.20091
-0.18797
-0.87867
0.34508
-0.04812
-0.02462
0.08600
-0.53500
0.27632
-0.30975
0.20230
-0.03032
0.48308
0.46777
-0.47359
-0.76048
-0.30066
0.15862
0.28460
-0.85182
-0.06066
-0.28245
0.51262
0.12498
-0.42254
0.37720
0.23119
-0.67736
-0.35253
0.27030
0.17585
-0.05772
-0.24267
0.00090
0.11930
0.30599
0.16113
0.16687
-1.56649
-0.08466
-0.04559
-1.02543
0.12656
0.74444
-0.47300
0.63306
0.56140
-0.25591
-0.15327
-0.65722
0.27095
0.28509
-0.36028
0.50704
0.04429
0.12079
-0.13169
0.28558
0.31781
0.17813
0.31894
0.27682
-0.36202
0.33795
0.34531
-0.88130
0.03235
-0.30746
-0.14310
0.23494
0.12449
0.10962
0.11964
-0.48661
0.06629
-0.16766
0.11810
-0.01332
0.40138
0.38249
0.16253
-1.40988
-0.65443
0.43441
-0.24273
0.33774
0.07383
-0.85086
0.06819
0.35626
0.23503
0.35811
0.27713
0.54711
0.29579
0.08520
-0.79574
-0.24560
-0.14741
-0.42535
0.53591
-0.82720
-0.13252
-0.22513
-0.30029
-0.70367
-0.79899
-0.27586
0.21375
-1.28965
-0.35329
0.11407
0.31505
-0.36645
-0.03876
0.17497
0.20713
0.26364
-0.44381
0.20774
-0.11247
0.40808
-0.07530
0.07382
-0.37827
-0.87844
-0.28689
0.46964
0.04744
-0.19750
0.08015
-0.00627
-0.03916
0.15850
0.34116
-0.00585
0.21380
0.56468
-0.06121
-0.61330
-0.80006
0.22760
-0.72640
-0.26899
0.15659
-0.32285
0.82288
0.14728
0.67492
-1.06652
0.22541
-0.38139
0.20397
0.33644
0.30381
0.70900
0.01345
-0.88058
0.13358
0.32369
-0.44031
-0.20603
-0.32303
-0.03161
0.20933
0.35000
0.12256
0.09007
-0.91330
0.24809
-0.67313
0.31049
0.12525
-0.67703
0.37406
0.12421
-0.09022
0.08631
0.03324
-0.47494
0.49272
-0.22379
0.14841
-0.34867
0.10891
-0.01417
-0.09115
-0.06975
-0.01062
-0.04997
0.15110
-0.29694
0.06008
0.20675
-0.46107
-0.27444
0.11080
-0.00839
0.08663
0.02904
0.32170
0.49330
-0.32609
-0.37019
-1.20852
0.02948
0.60892
0.52483
0.54238
-0.55246
-0.40631
-0.71539
0.40378
-0.02741
-0.63043
0.52715
-0.55281
-0.37975
-1.03239
0.31884
-0.91053
-0.36451
0.08942
-0.45544
0.20056
0.35736
0.12467
-0.47090
-0.82837
0.28242
0.18187
-0.19865
0.14212
-0.39346
0.10567
0.42439
-0.28058
-0.35522
-0.04856
-0.33463
-0.22742
0.71802
-0.29554
0.16837
-0.39325
-0.02887
-0.04072
-0.75697
-0.67405
-0.55254
0.32208
0.09293
-0.35579
0.09836
-0.06124
0.13505
-0.30950
0.19437
-1.13055
-2.01527
0.55558
0.17603
-0.11843
0.25514
0.08323
0.15901
0.36042
0.21081
-0.34419
0.06997
-0.27456
-0.07504
0.20417
0.20459
0.70690
0.19419
0.48476
0.46879
-0.10665
-0.03983
0.28740
0.24347
0.03768
0.03708
-0.61824
-0.64997
-0.45527
-0.26219
-0.31475
-0.73784
0.24190
0.28463
-0.03334
0.16873
-0.50021
0.28403
0.62412
0.00787
0.11066
-0.80402
-0.18337
0.08256
0.20005
-0.19319
-0.28829
0.02615
-0.36630
-0.08333
0.23829
-0.39255
-0.36708
0.27893
-0.21569
0.61020
-0.61540
0.04360
-0.04533
0.19495
-0.49142
0.26865
0.49255
0.22811
0.70686
0.40699
-0.47718
-0.06886
-0.37686
0.34599
-0.11952
0.20559
0.17779
0.16393
0.14398
0.12801
-0.06349
0.24732
0.38553
0.07978
0.31307
0.14912
-0.38142
-0.12519
0.26436
0.12980
-0.78865
0.13281
-0.52292
0.42245
0.08021
0.48175
0.04539
0.25730
0.17506
0.11937
0.82361
-0.58331
-0.33382
0.65004
0.14877
0.40387
-0.38869
0.00344
0.02147
0.26833
0.18804
-1.42686
0.18025
0.38171
-0.02341
-0.39625
-1.34389
-0.50579
-0.02165
0.61828
-0.27124
0.33072
0.19136
0.50371
0.09406
0.09123
-0.08396
-0.50032
0.23098
0.15249
-0.35873
0.30443
0.17651
-0.09986
0.58226
-0.00212
-0.66901
0.12390
0.17392
0.38308
-0.51076
0.46472
0.17089
-0.37740
0.09241
0.15891
0.11665
-0.22955
0.01641
0.02597
-0.07868
0.45304
-1.03718
-0.06303
0.33587
0.56886
-0.24914
-0.81174
-0.50159
0.14710
0.05397
-0.85917
0.11526
0.33332
0.13206
-0.66466
-0.51119
0.19024
0.24799
0.46545
0.58936
-0.23140
-0.72695
0.28927
-0.14655
0.39608
-0.19357
0.07626
-0.23980
0.19147
-0.45896
0.10392
-0.43952
0.13326
0.23907
-0.90898
0.23620
-0.01679
0.23548
0.16973
-0.33474
-0.89310
-0.75860
-0.36671
0.04860
-0.43075
0.03619
0.17853
0.31477
-0.26477
-0.36106
0.11140
0.31047
0.12203
0.30908
0.14268
0.05932
0.12039
0.42214
0.24126
-0.08432
0.03089
0.35496
0.18408
0.13771
0.08687
-0.00673
-0.01943
0.40089
0.36049
0.31499
0.18845
-0.80939
0.34309
0.02193
0.08828
-0.00378
-0.02474
-0.32369
0.33143
-0.40702
-0.35360
-0.11083
-0.14992
0.08793
0.36473
-0.03987
0.09987
-0.69664
-0.47477
0.12543
0.25923
0.02779
-0.64653
-1.42221
-0.16448
0.05243
-0.18177
-0.34918
-0.14153
0.51351
0.30681
-1.01694
-0.81643
0.10948
-0.34540
-0.19789
-0.06729
0.04366
-0.50378
0.47811
0.51485
0.48844
0.48805
0.00179
-0.37250
0.16198
0.14445
-0.16825
0.36178
0.55869
-0.91522
0.08145
0.37744
0.16529
0.10475
-0.27136
0.36439
0.21933
-0.01252
-0.00237
-0.33579
0.09282
-1.14199
0.07172
-0.11722
0.03505
-0.11346
-0.25524
0.21535
0.37215
0.21301
-0.47354
0.17351
-0.23885
0.38072
-1.02875
0.00257
0.12618
0.39994
-0.32220
0.56235
0.14118
0.05333
-0.02345
-0.47540
-0.02818
0.13000
-0.11621
0.15811
0.24061
-0.30632
-0.71343
-0.44877
-0.05985
0.33458
0.19224
0.17476
0.16800
0.16671
0.06219
-0.23216
0.32413
-0.55849
0.32579
-0.09766
-0.15526
-0.04774
0.33472
0.15662
-0.70450
0.55605
0.05234
0.60913
0.24628
-0.29903
-0.78667
0.05826
-0.64048
0.07282
0.25807
0.04234
-0.26671
0.38243
0.13170
0.13195
-1.01113
0.46723
0.42923
-0.61147
0.21456
-0.10345
0.78722
0.08266
0.05366
0.05953
0.12718
0.03913
0.18220
-0.45313
-0.40982
-0.66310
0.16446
0.12925
-1.49252
0.25733
0.68733
0.37942
0.16541
0.08088
0.13198
0.16505
0.88153
0.02847
-0.53011
0.27859
0.64082
0.17126
0.26349
-0.69228
0.27242
0.33364
0.11598
0.28889
0.12313
0.27715
-0.10981
0.24643
-0.02122
0.44317
0.25517
0.67156
-0.24219
0.09918
0.21542
-0.26555
-0.41734
-0.89428
0.08062
-0.01574
0.14236
0.10356
-0.06263
-0.34026
-0.01069
0.38472
-0.31276
0.00876
-0.07855
-0.33464
0.23612
0.11049
0.02308
0.47558
-0.56367
-0.35966
0.56726
-0.59468
-0.71599
0.46523
-0.82598
0.19474
0.60836
0.15229
0.15567
-0.13490
-0.25937
-0.56090
-0.27319
-0.06394
0.02517
-0.09586
-0.32230
0.19666
-0.55500
0.08722
0.32458
0.11888
0.07818
-1.50568
-1.26578
0.08990
0.13199
0.54842
-0.24215
-0.06858
-0.25946
0.13964
-0.05820
-0.09720
0.14045
0.08759
-1.31497
0.01765
-0.65105
-0.65836
-0.24252
0.26875
0.09311
0.08349
-0.10628
-0.00778
0.39305
0.38027
-0.86579
0.46147
-0.00397
-0.07427
-0.52935
0.60585
-0.10504
0.39297
-0.19937
0.29106
-0.93067
0.15236
-0.04913
0.27692
-0.62350
0.08769
0.06953
0.30351
0.23871
0.15538
0.32015
-0.22880
0.66898
-0.57920
0.45343
0.06953
-0.60417
0.21636
0.34904
-0.80025
-0.04663
-0.06761
-1.18482
0.02605
-0.08580
0.40533
-0.36391
-0.82257
-0.21797
-0.13772
0.09875
0.91798
0.03975
0.37932
-0.30040
-0.01013
0.04108
0.06677
-0.33709
0.03793
-0.62567
-0.82695
-0.26519
-0.48620
0.29832
-0.17675
0.25618
0.07677
-0.01556
0.74239
-0.34917
-0.72701
0.09958
-0.51546
0.10542
0.11175
0.02367
-0.57310
0.19361
0.13926
-0.02469
0.06500
-0.31459
0.06283
0.09167
0.29536
0.50333
0.29553
-0.31531
-1.11405
0.06893
0.02929
-0.08819
-0.01481
0.02090
0.46182
-0.45942
-0.21589
0.05700
-1.22124
-0.27757
-0.03693
0.03034
0.41652
-0.05207
0.18453
-0.25229
0.06096
-0.59515
0.08084
-0.28344
0.07925
0.40014
-0.34191
-1.02520
0.68211
0.30481
0.24560
0.38279
0.04736
0.12562
0.00536
0.02661
-0.03605
0.02157
-1.31684
-0.10382
-0.79857
0.13476
-0.36410
0.01091
0.07341
-0.45131
0.07333
0.56264
0.35630
0.17608
-0.63878
0.28339
-0.22364
0.00116
0.10349
0.07356
0.09106
0.01658
0.29378
0.37457
0.34295
0.15809
-0.02409
-0.41907
0.13621
0.18545
-0.79319
0.10928
0.17345
-0.09181
-1.25990
0.43388
0.47016
0.00741
0.09606
-0.50545
0.31149
0.14402
0.17548
0.02778
0.38818
0.10504
0.39243
0.28768
0.41576
0.08777
0.13334
0.06388
0.27847
0.10921
0.00229
0.18368
0.22202
0.22326
0.35605
-0.23464
-0.20812
-0.11371
-0.01444
-0.08679
-0.34112
0.36968
-0.60890
0.69005
-0.08884
-1.05109
0.35592
0.16465
-0.82413
0.17028
-0.13791
0.42834
0.07016
0.43846
0.12151
-1.06530
0.03443
0.08273
-0.16177
0.28264
-0.30268
-0.42258
0.13583
0.06018
-0.20630
0.25518
0.15309
0.70048
-0.15835
0.45111
-0.89756
0.37777
0.37733
-0.04284
-0.72501
-0.25027
-0.18281
-1.31383
0.35478
0.16355
-0.74150
0.16565
0.14392
0.60670
0.07628
0.09109
0.11539
0.45536
0.01130
0.42781
0.04000
0.40537
0.41088
0.34614
0.48431
0.35708
0.09831
0.05181
0.13078
0.06253
