0.13070
0.26445
-0.85819
-0.54368
0.05239
0.16266
-0.02491
0.17956
-0.00420
-0.06068
-0.28923
-0.60577
0.04340
0.08155
0.09267
-0.06729
0.18996
0.26327
0.03836
-0.18280
0.31538
-0.50496
-0.03795
-0.65814
0.12878
0.17958
0.15161
-0.35313
0.22391
-0.15577
0.12129
-0.25762
0.02830
-0.22578
0.05236
0.22984
-0.23942
0.12704
-0.07000
0.13529
-1.25541
0.14249
-0.01668
-0.48756
-0.14810
0.22124
0.19694
-0.34673
0.18358
-0.02414
-0.04875
-0.51043
0.13408
-0.20825
-1.29154
-0.29269
-0.11706
-0.20310
0.40816
-0.15268
0.21105
-0.03662
0.17559
0.05532
0.13012
-0.06259
-0.05690
-0.36508
0.12290
-0.21567
0.31565
0.02295
0.21040
-0.10231
-0.39730
0.24305
0.27942
0.02972
-0.31031
0.27899
-0.01480
0.10960
0.04503
-0.35816
-0.02044
-0.33589
-0.21938
0.15595
-0.51571
-0.10984
-0.97680
-0.64445
0.56713
-0.10456
0.02969
-0.13961
-0.24178
-0.13339
0.09944
-0.40647
0.20799
-0.05470
-0.00574
0.06665
-0.05917
0.20797
-0.12986
-0.12440
-0.16895
-0.14495
0.34427
-0.15368
-0.31755
0.02279
-0.04010
-0.64782
-0.04705
-0.09053
0.06989
-0.00259
0.19071
0.13381
-0.10340
0.06607
-0.53327
-0.86282
0.08373
0.06807
0.12983
-0.40251
-0.08302
-0.04613
-0.38629
0.11716
-0.53461
0.02636
0.14738
0.30345
-0.10358
-0.25744
-0.70032
-0.41818
-0.20837
-0.13765
0.15981
0.12767
0.18110
0.13332
0.06886
0.18565
0.08438
0.02400
-0.10575
-0.25178
0.10322
0.00883
-0.82419
-0.05472
0.15521
-0.04336
-0.00221
-0.13507
-0.15213
-0.51465
-0.09449
-0.93950
0.29736
-0.23571
0.18152
0.29496
0.10493
0.10607
-0.11857
0.08758
-0.19438
-0.22339
-0.18855
-0.91598
0.16885
-0.33571
-0.14466
0.26368
-0.18020
0.17544
-0.50359
-0.58738
0.10797
-0.43082
-0.02908
-0.48322
-0.30345
-0.00022
-0.01140
-0.43986
-0.25578
-0.02184
-0.37736
-0.03916
-0.08756
-1.06513
-0.57245
-0.15555
-0.30191
0.05101
-0.09131
-0.02947
0.00770
-0.47837
-1.09309
0.15353
-0.02720
0.27326
0.13348
0.07352
0.10257
-0.01663
0.15212
-0.33605
-0.03299
-0.38755
0.06963
-0.19238
-0.01543
-0.71028
0.03589
0.00577
-0.18615
-0.10988
-0.55882
-0.25433
0.21363
-0.12265
-0.21163
-0.24741
0.17625
0.25958
0.22223
0.09802
-0.02964
0.38770
-0.25149
0.12661
-0.08644
-0.22120
-0.15424
0.15413
-0.01511
-0.14268
0.18794
0.26956
-0.30896
0.16256
0.27326
0.43503
0.01288
-0.21604
-0.45608
0.15286
-0.41175
-0.15190
0.03631
-0.03948
-0.19432
0.08563
-0.38948
0.10644
0.07312
0.17268
0.12047
-0.12289
0.02663
-0.30206
-0.40093
-0.77395
0.03776
0.07407
-0.29821
0.18706
-0.12332
-0.16006
0.20355
-0.16382
0.20800
0.15183
-0.10494
-0.66782
-0.33275
-0.50285
0.24727
-0.01051
0.18052
-0.05731
-0.10117
-0.17488
-0.66695
0.05562
0.14873
0.08161
-0.56170
-0.15881
-0.12448
-0.17827
-0.13388
-0.05553
0.25522
-0.26801
0.04186
0.51701
0.11787
-0.10092
0.14211
0.01792
-0.11287
-0.37270
-0.11154
-0.14416
0.24626
-0.13673
0.00676
-0.14123
-0.16820
-0.06136
-0.16242
0.03573
0.08031
0.12782
-0.69335
0.21296
0.44821
-0.39138
-0.11475
-0.00107
0.18492
0.14243
-0.17644
-0.20311
-0.78579
-0.00774
0.25254
-0.04728
0.08917
-0.09967
0.08695
0.08181
-0.15828
0.16291
0.20606
0.02737
0.04077
-0.19479
0.08777
0.19529
0.20547
-0.91409
0.18627
-0.08401
-0.35553
0.11805
0.08494
-0.09925
0.21505
-0.04221
-0.09772
-0.51573
-0.09595
-0.00259
-0.02141
-0.44783
-0.73500
0.04348
0.23548
-0.44070
-0.13684
0.19321
-0.65334
-0.17217
-0.39629
0.09439
-0.05628
-0.06790
0.08899
0.09632
0.30375
-0.00445
-0.29693
-0.05454
-0.24607
-0.62944
-0.06521
-0.24034
0.17175
0.12734
0.13297
-0.71005
0.10450
-1.03146
-0.73892
-0.21723
0.12711
0.00372
-0.09216
-0.19798
-0.41946
-0.25112
0.12820
-0.21944
-0.25641
-0.04172
0.37003
0.05667
-0.35336
-0.43560
0.09034
0.20336
-0.00342
-0.26517
-0.02934
0.20890
0.15207
-0.28862
0.25019
-0.09490
-0.21756
-0.31775
0.05420
0.01368
0.24158
0.22660
0.20805
0.06306
0.10355
-0.06669
0.01641
-0.53807
-0.10746
0.17949
0.02441
0.03176
-0.05980
-0.01961
0.07127
0.13920
-0.26219
0.13570
0.18121
-0.64620
0.52105
-0.21520
-0.11585
-0.25409
0.17484
-0.21035
0.01588
-0.31954
-0.04551
0.17398
0.15076
-0.19775
0.17437
0.00724
0.05758
0.13033
0.04827
0.17575
0.12953
0.07553
-0.28782
0.16838
0.19857
-0.38224
-0.36712
0.14280
-0.37645
-0.59567
-0.31128
-0.27412
-0.54127
-0.17658
-0.14836
0.33174
-0.25689
-0.53692
0.08072
-0.24812
-0.87770
0.06812
-0.46610
0.03902
-0.10961
0.16922
-0.24546
-0.20061
-0.04971
0.03915
0.19938
-0.24650
-0.39874
-0.10044
-0.03657
-0.34250
-0.41488
0.20206
0.19953
0.05885
-0.49505
0.07203
-0.21334
-0.35613
0.13711
-0.17716
0.15621
-0.11652
-0.41263
-0.86494
-0.04625
0.33198
0.19342
-0.11477
0.04212
-0.15021
-0.18859
-0.14667
0.17870
-0.50401
0.26397
-0.25816
0.25562
-0.63898
-0.11228
-0.12624
-0.34404
0.25652
-0.04432
-0.37319
-0.02686
-0.07410
-0.46871
-0.01298
0.04876
0.09829
0.21332
-0.00401
-0.36012
-0.70253
-0.04884
-0.33513
0.29643
0.05105
-0.37403
0.08855
-0.02240
-0.26558
0.18470
0.31342
-0.10474
-0.47782
-0.55003
-0.01261
-0.28347
0.03228
-0.25611
-0.13708
-0.20680
-0.09779
-0.05693
-0.62500
0.14513
-0.03471
-0.03384
0.20017
-0.12347
-0.25792
0.16969
-0.48712
0.18092
-0.21612
-0.19515
-0.31154
-0.27556
-0.05400
-0.21824
0.07211
-0.20384
-0.11098
-0.74365
-0.41398
0.55830
-0.16312
-0.17894
-0.09904
-0.20552
0.09652
0.20238
0.47093
0.05387
-0.10757
-1.12624
-0.01864
-0.21391
0.23788
-0.29516
-0.11965
0.09755
-0.09996
-0.12184
0.09477
0.07908
-0.10440
0.08026
-0.44732
0.10623
0.18622
0.16340
-0.52804
0.06616
0.00945
0.19062
-0.23349
0.00740
-0.00344
-0.15112
-0.00590
0.17730
0.16158
0.33231
0.12304
-0.32092
0.16260
-0.38561
0.19883
0.15832
-0.79468
-0.06690
0.05626
-0.37898
-0.53944
-0.19267
0.22257
-0.09527
0.20154
-0.06131
0.41948
-0.17359
0.16591
-1.01550
-0.09283
-0.53935
-0.29643
0.23291
-0.37684
-0.05535
-0.08024
0.16149
-0.01067
0.20657
-0.06764
0.06066
0.03431
-0.31124
-0.56344
0.17989
0.01855
0.25090
-0.36902
0.02244
0.13540
0.00901
0.01824
-0.76849
-0.14833
-0.23815
-0.19751
-0.03666
-0.22880
-0.54883
-0.24019
-0.30896
0.28402
-0.07581
-0.03253
0.25075
0.01210
-0.56342
0.07193
-1.01116
0.07211
-0.20279
0.06712
-0.24867
-0.07199
-0.66372
0.34212
0.15838
0.03851
-0.59640
0.34783
-0.38419
0.19746
0.45882
-0.67759
0.06623
0.02151
0.02945
-0.20595
-0.19717
0.18385
-0.67537
-0.12283
0.08488
0.04374
-0.32882
0.00223
-0.62559
-0.16240
-0.48247
-0.34366
-0.25159
0.13488
-0.26847
-0.07481
-0.15585
0.18962
-0.18476
-1.09117
-0.06719
0.40219
-0.06434
-0.12665
-0.75492
0.18384
-0.17687
-0.95748
-0.16862
0.13918
-0.18022
-0.11897
0.03311
0.10941
-0.23983
-1.17972
0.19972
-0.25633
0.20134
-0.17515
0.19718
0.20024
0.11553
0.11358
0.04711
0.06591
0.06895
0.15406
0.23405
-0.07786
-0.01851
0.02447
0.15210
-0.35196
-0.94187
0.09028
0.05679
0.28679
-0.33933
-0.25976
-0.04741
-0.01456
0.03207
0.14613
0.33877
-0.33565
0.16896
-0.08248
0.16197
-0.26180
-0.03514
0.00231
-0.29994
0.15632
0.07956
0.04142
-0.26720
-0.19861
0.22857
-0.48345
-0.36092
0.03315
0.07643
0.12546
-0.28273
0.03832
-0.43778
-0.09585
-0.44426
0.22709
-0.41420
0.07252
-0.17903
0.18050
0.03082
-0.07332
-0.07329
-0.26247
-0.07847
0.11860
-0.09218
0.13936
-0.19179
0.19095
-0.36296
0.32397
-0.14162
0.07017
0.18103
0.09847
0.18581
0.13991
-0.13219
-0.24578
-0.85682
-0.00945
0.12050
0.17734
-0.46685
-0.72389
0.11222
0.03072
-0.08946
-0.04277
-0.54358
-0.29871
-0.46492
0.18278
0.10655
-0.17324
-0.17393
0.54872
-0.37026
0.20950
0.14036
0.25461
-0.05554
-0.13302
0.14276
-0.07896
0.24555
-0.00020
-0.50410
-0.01116
-0.01664
0.22659
-0.54518
-0.50978
0.15833
0.12872
-0.12375
-0.04294
-0.50705
-0.55188
-0.13419
0.03263
-0.05553
-0.18619
-0.33011
-0.12740
0.15239
-0.07399
-0.41611
-0.15272
-0.27175
0.31083
0.09149
0.17273
0.09638
-0.23786
-0.25070
-0.02686
0.02801
-0.78686
0.08160
-0.16610
-0.18207
-0.18172
-0.18423
-0.02756
0.03821
-0.04242
-0.03235
-0.00168
-0.13922
-0.26006
0.03498
-0.21348
0.11823
0.10195
0.13821
-0.25641
-0.00097
-0.29247
-0.25054
0.14042
-0.30742
0.21009
0.08927
-0.57391
-0.66296
-0.08031
0.11585
-0.05115
0.31271
0.11306
-0.22745
-0.06781
-0.53835
0.16020
-0.25889
0.12257
-0.35193
0.16803
-0.21595
-0.13972
-0.25212
-0.21704
0.07079
-0.94867
0.21536
-0.33540
-0.15057
-0.05150
-0.63606
0.14301
0.33859
-0.10139
-0.96078
0.14241
-0.45822
0.31260
-0.31543
-0.49011
0.00993
0.15219
0.09101
-0.29494
-0.02605
0.10120
0.19528
-0.56779
0.01579
-0.73289
0.29713
-0.03833
0.10971
0.13659
-0.85413
0.12240
-0.44424
-0.37880
0.19494
0.12291
0.20005
-0.54359
0.12492
0.18295
-0.75590
0.04087
-0.32565
0.09399
-0.00675
-0.25814
-0.00703
0.07612
-0.62628
0.06249
0.05407
0.08038
-0.32309
-0.00982
0.11932
0.14652
-0.52564
0.08637
-0.16809
0.00732
-0.35869
-0.01756
-0.48497
-0.35094
-0.01043
-0.32672
0.08589
-0.32576
-0.67547
0.17777
-0.32660
0.24725
-0.04462
-0.14991
0.09058
-0.14145
0.17662
-0.40547
0.16772
0.24320
-0.28065
-0.30668
0.20873
0.42464
0.19217
0.15257
0.36620
0.21645
0.38944
-0.09352
0.39720
0.18332
0.16335
0.19674
0.30791
0.19772
0.15752
0.41311
0.15632
0.21108
0.18160
-1.07024
0.47260
0.18998
0.22960
-0.01301
0.19130
0.15904
-0.26487
0.28748
0.38416
0.34433
-0.37899
-0.41637
0.33614
-0.29337
0.43487
0.40231
-0.35698
0.20964
0.40726
-0.38534
0.33516
0.32383
-0.31006
-1.04590
0.68565
0.16218
0.32944
-0.06199
0.32979
0.20893
0.72173
0.17268
0.19242
0.14423
0.17232
0.29602
0.21301
0.36143
0.02605
0.54372
0.24226
0.20979
0.20398
0.03738
0.45674
0.17753
0.08926
-0.04233
0.09683
0.25561
0.19615
0.06150
-0.49551
0.79658
-0.26160
0.09797
0.33167
-0.32964
-0.11394
0.11067
0.22655
0.25264
-0.04274
-0.17278
0.40112
0.49160
0.46270
-1.35244
-0.65107
-0.15964
0.01721
-0.63121
0.07742
-0.36611
-0.48900
0.14641
-0.23589
-0.84791
-0.05873
0.22648
-0.50247
-0.20364
0.20043
0.53534
0.32409
0.34196
0.43316
0.06454
0.71689
-0.36346
0.19830
-0.45668
-0.02293
-1.72411
-1.11301
-1.55079
0.09342
0.21822
-0.46767
-1.85216
-1.14909
0.28868
-1.15754
0.13307
0.16158
0.00909
0.07403
0.29792
0.29307
0.36314
0.53925
-0.28209
0.45716
0.28255
0.31820
0.47735
0.11800
-0.40241
0.13866
0.49222
0.20747
0.10176
-0.04298
0.16219
0.05275
0.56389
0.13796
0.07904
0.35221
0.32312
0.24075
-0.25429
0.42828
0.33246
0.72971
0.49003
0.19337
-0.60832
0.51596
-0.11506
0.05549
0.28196
-0.27242
0.03761
0.15316
0.67472
0.19769
0.28932
-0.62639
0.34695
-0.43158
-0.23001
0.28903
0.36492
0.37429
0.46588
0.30902
0.10430
0.13936
0.21925
0.17346
0.09708
0.08433
-0.13165
0.35212
-0.45864
0.37680
0.13509
0.52190
0.58514
0.40027
-0.07454
0.08194
0.39313
0.36513
-0.36030
0.21277
0.24784
0.07945
0.32730
-0.40477
-0.92999
-0.13091
-0.29023
0.15870
0.09535
0.02282
-0.02832
-0.62214
-0.75487
0.34171
0.09498
-0.04644
0.33100
0.13669
0.22526
0.23808
0.39133
0.20991
0.25583
0.09225
-0.25697
-0.23251
0.15109
0.17480
0.40702
-0.10291
0.19138
-0.04178
0.08090
0.33665
0.11230
-0.18106
0.66570
-0.08600
-0.29035
-0.30703
-0.16738
0.26855
0.54871
0.15622
0.07460
-0.45963
-1.13587
0.22796
0.13016
0.65206
0.23541
0.49970
-0.35233
-0.28228
0.32514
0.07592
-0.63805
-1.38685
0.40177
0.33707
0.27645
0.28517
-0.41207
-0.42874
0.53313
-0.73629
0.06180
0.20402
0.10360
0.14176
0.20041
-0.58922
0.71925
0.14391
0.01548
0.23218
-1.06319
0.17697
0.30412
0.27493
-0.60624
-0.65453
0.10718
0.19389
-0.51291
0.38874
0.32382
-1.19907
0.32255
0.09960
-0.14115
0.26355
0.26838
-0.36173
-0.21157
-0.48665
0.14953
0.08294
0.30147
-0.78475
-0.58594
0.20917
-0.63018
0.10208
0.11474
0.18595
-0.65722
0.37630
-0.07996
-0.29358
-0.40760
-0.20906
0.37566
0.34580
0.14139
-0.66672
-0.24133
0.28129
0.45542
-0.02696
-1.02857
0.55900
0.72821
0.19003
0.23387
0.50772
0.70865
-0.53104
-0.59091
0.46448
-0.47369
-0.09839
0.14385
0.32920
0.29922
0.31585
0.40359
-0.04098
0.35347
0.40557
0.29300
0.23170
0.61032
0.33191
-0.74945
-0.24672
0.39171
-0.19620
-0.01576
0.15837
-0.19965
0.01790
0.17818
0.40315
0.36633
0.37904
-0.41689
0.29393
0.35823
0.39578
0.00585
0.40503
0.08261
-0.74359
0.18662
0.33483
-0.38591
0.09296
-0.66528
0.27759
0.52933
0.24394
-0.38502
0.32098
0.26773
-0.36799
0.11217
0.06304
-0.24868
0.26260
-0.09114
0.26829
0.02843
0.45986
0.43085
-0.31603
-0.36940
0.27187
-0.01765
0.45747
0.80137
0.32911
0.55097
0.23909
-1.00377
-0.16816
0.24120
-0.48843
0.17762
0.47152
0.04327
0.04043
-0.56999
-0.40695
0.55609
0.05772
0.09424
0.14241
0.11278
0.22699
0.60734
-0.31696
0.42732
0.27235
0.41696
0.01180
-0.58366
0.24292
0.41008
-0.43025
0.09600
0.13219
-0.35362
0.48213
0.12310
-0.32681
-0.00425
0.27960
-0.49361
-0.13531
0.14342
0.07340
0.33556
0.06858
0.20876
0.00529
0.07819
-0.70117
0.41819
0.13199
0.33980
0.16951
0.31225
0.22187
0.47136
-0.63538
0.26720
0.36388
0.76962
0.31081
0.60857
0.21493
0.34951
0.06170
0.20403
0.30914
0.36387
-0.11707
-0.18315
-0.55184
0.35983
0.43117
0.47320
-0.05012
-0.14002
0.43917
-0.59705
0.27979
0.22562
-0.71409
0.06785
0.21067
0.31129
-0.15679
0.09083
0.20843
0.53506
0.00012
0.12465
0.19122
0.32520
-0.44302
0.30938
0.45812
-0.28419
0.38998
0.45405
-0.94436
-0.08370
0.18523
0.45342
0.22079
0.22032
0.19211
0.32716
0.31261
-0.47982
-0.34999
0.77082
0.58319
0.74416
-0.23915
-0.13553
0.72553
0.11828
-0.70282
0.05327
0.28664
0.25545
-0.47131
0.16871
0.10126
0.05874
0.27248
0.01350
0.21622
0.60077
0.25483
0.36851
0.32650
-0.42599
0.00982
0.04328
0.28221
-0.11761
0.23376
0.22040
0.41063
0.50276
0.01150
0.31869
-0.46473
-0.20594
-0.09118
-0.04383
-0.48360
0.37269
0.15413
0.18542
0.21878
-0.02506
0.41725
0.42323
0.03454
0.42947
0.62667
-0.44383
0.58957
0.34533
0.20653
0.30487
0.01063
0.49290
0.54623
0.27596
0.17130
0.62823
0.08021
-0.30255
0.37501
0.33601
0.26931
-0.24064
0.43841
-1.55192
0.21042
-0.15838
0.02142
0.47134
0.15084
0.35711
0.10550
-0.67334
0.11360
0.12260
0.07590
0.47426
0.32117
-0.27741
0.47084
0.30315
0.52581
0.82648
-0.40313
0.19551
0.21423
0.18863
0.14996
-0.54831
0.07985
0.13332
-0.26494
-0.10089
0.08829
0.42616
0.14279
-0.07387
0.59386
0.04771
-0.30415
0.38027
0.03836
-0.25518
0.14223
-0.61093
0.33288
-0.01381
0.30204
0.02857
0.31246
-0.13432
-0.24227
0.23365
-0.70586
0.37073
0.17258
0.26516
0.12746
0.02814
0.09668
0.19404
0.24651
0.18997
-0.41113
-0.47339
0.77223
0.16762
0.27685
0.00381
-0.39455
0.38477
0.19841
0.20098
0.55509
-0.65574
-0.60722
0.19629
0.29558
0.33898
0.41996
-0.85764
0.07491
0.20626
0.19340
0.17216
-0.79890
-0.38362
0.42727
-0.40321
-0.54166
0.21642
0.04655
0.13493
0.12115
-0.52265
0.14795
-0.06522
-0.46091
-0.48590
0.54425
-1.38539
0.26685
-0.18285
-1.11156
0.05949
0.32626
0.66357
-0.05191
0.17055
0.08722
-0.14160
-0.20349
0.09796
0.15991
0.08725
0.34753
0.45654
0.32606
0.34388
0.16285
0.21974
0.43694
-0.33155
0.13536
0.35493
0.37436
0.30533
-0.13335
0.08529
-0.08252
0.24943
-0.94419
0.52235
0.26798
0.39028
0.05991
-0.38035
0.22890
-0.11743
-0.17628
0.13733
-0.27793
0.67659
0.00916
0.22406
0.29426
0.40585
-0.54206
0.69275
0.13281
0.82377
0.25971
0.46737
-0.20271
0.05105
0.28421
-0.20388
-0.50906
0.28872
-0.03056
0.38775
0.36334
0.30256
0.11511
-0.10450
-0.68695
-0.36932
-0.86028
0.83207
0.11567
-0.31972
0.29281
-0.69448
-0.74059
0.08311
-0.23277
0.07466
-0.22974
0.11242
-0.42106
0.29726
-1.26423
0.10025
0.68716
0.08932
0.15372
0.43180
-0.53885
0.22818
-0.64003
0.07298
-0.30374
0.21374
0.40885
-0.45245
0.37104
0.12236
-0.33558
-0.52376
0.17368
0.34848
0.34408
-1.26746
0.56092
-0.39194
0.32299
0.32348
-0.33919
0.26434
0.25664
-0.08097
0.76402
0.64301
0.35876
-0.14222
-0.21117
-0.38803
0.36746
-0.32852
0.50834
0.30060
0.24968
-0.44217
0.22669
0.08134
0.19146
0.67783
0.45988
0.45943
0.12152
0.46000
0.29878
-0.05783
0.40350
-0.78411
0.20891
0.10689
0.10651
0.16165
-0.77767
-0.56249
0.02629
-0.27586
-0.40280
-0.68054
0.17115
0.45438
0.38449
0.19475
0.06590
-0.19789
-0.02892
0.38832
0.03355
0.18524
-0.32471
0.21318
0.67551
0.34011
0.32843
0.22493
0.10645
0.17786
-1.10282
0.41560
0.39049
-1.22194
0.61372
0.33631
-1.11071
0.12179
0.46264
-0.43343
0.20402
0.33760
-0.20470
0.25806
0.60815
0.44227
-0.60224
-0.13862
-0.19183
0.32713
0.06609
-0.00601
-0.78022
-0.18878
0.40426
-0.01919
0.45061
0.01329
-0.23010
0.25359
0.03238
0.14327
-0.16096
-0.63019
-0.83264
0.12729
0.01629
0.17696
-0.27352
0.36559
0.33817
-0.04894
0.27206
0.72363
0.15409
0.12132
-0.41568
-0.26501
0.13654
0.36643
0.51940
0.32213
0.24051
0.51170
0.28904
0.38615
-0.07334
-0.24902
-0.31262
0.37257
0.72491
0.09891
-1.23759
-0.32511
0.08618
-0.19472
-1.01630
0.09475
0.20457
0.20957
0.09901
0.20846
-1.03231
-0.02628
0.16436
0.78925
0.34995
0.42364
-0.87829
0.17346
-0.00301
0.40108
0.09397
0.10711
-1.20072
0.20127
-1.16047
0.02827
-0.34981
-0.65556
0.06886
0.19533
0.49038
0.25795
0.21215
-0.26145
-0.33692
-0.00082
0.06924
0.39041
-0.38786
0.15838
0.24902
0.54473
0.31708
0.09750
0.19923
0.05623
0.25241
-0.02189
0.09704
0.26091
0.68657
-0.43479
0.31212
0.40780
0.36071
-0.43624
0.06974
0.21404
-0.15114
0.39568
-0.35747
-1.29175
-0.29815
0.42215
0.18311
0.09629
0.08269
0.22107
0.34383
-0.09715
0.42708
-0.07036
0.12784
0.25873
0.15866
0.13021
0.15043
0.21968
0.23222
0.04167
0.24097
0.19310
0.47918
0.17111
0.33935
0.03678
-0.26399
0.23160
-0.07352
0.35390
0.55495
-0.25372
0.53347
-0.30058
0.07908
0.31528
0.39399
0.30330
0.07659
0.40037
0.23227
-0.89107
-0.11784
0.50375
0.51421
0.29340
0.35227
0.21870
0.42530
0.01223
-0.36834
0.37974
0.05073
-0.26452
0.05796
0.46170
-0.16839
0.35832
0.01545
-0.41223
-1.01726
0.12497
0.67943
0.08440
0.39856
0.08676
-0.05304
-0.42352
0.43599
-0.05195
-0.27978
0.26315
-0.53634
0.20391
0.42210
0.29041
0.48311
0.18911
0.09512
0.07090
0.47602
0.28660
0.12150
-0.16216
0.29785
0.14236
-0.59337
-0.37969
0.28988
0.19141
0.13589
0.19851
0.22684
0.40273
0.13528
-0.23322
0.23029
0.43077
0.20795
-0.10124
0.76850
0.60047
0.05130
-1.06517
0.62261
0.14443
0.38157
-0.75344
0.00372
0.30870
0.47125
0.33643
0.16293
0.16654
0.12252
0.09170
0.58793
0.75728
-0.79499
0.37090
-0.43897
0.43033
0.02165
0.29789
0.74980
0.13230
0.44918
-0.03547
-0.48093
0.01480
-0.26025
0.35345
0.09430
0.47404
0.27265
0.37514
0.13982
0.29819
0.39198
0.18340
-0.34172
0.29296
-0.49674
0.03976
0.18985
0.32080
0.23572
0.57406
-0.10362
0.32984
-0.08153
-0.65750
-0.04287
0.36327
0.30985
-0.48490
-0.27977
0.34734
0.11593
-0.97994
0.30085
0.35563
0.14162
0.08008
-0.01849
0.23789
0.04927
0.22800
0.04764
0.24759
0.47794
-0.70229
-0.14681
0.16090
0.38174
-0.34282
0.14103
0.09650
0.08573
0.03093
0.38329
0.22250
0.12303
0.11157
-0.21543
0.33497
-0.33353
0.41205
0.76017
0.08810
0.29724
0.31179
-0.42840
-0.07370
0.74667
0.36585
-0.32405
0.41173
-0.41462
0.73797
0.20078
0.67560
0.32985
-0.16232
0.37650
0.24896
0.16978
0.32984
-0.64017
0.27085
0.23907
-0.01417
-0.09431
0.10469
-0.69645
0.54949
0.35599
0.18727
-0.32475
0.30051
0.21133
-0.88297
-0.54549
0.33040
-0.69596
-0.53940
0.07285
0.48396
0.26291
-0.52005
0.49319
0.42650
0.32953
0.14545
-0.51917
0.12928
0.08126
0.33017
-1.06403
0.32067
-0.07783
0.35822
-0.08222
0.12277
0.11268
0.47521
0.40451
0.15139
-0.27540
0.45311
-0.20209
0.10577
0.40128
0.49534
0.43669
0.81773
0.49863
0.20905
0.16342
-1.12226
0.37764
-0.39889
-0.79184
0.41229
-0.39978
0.25218
0.42243
0.13932
-0.60669
0.28925
-1.05359
0.11152
-0.59485
0.23729
0.14908
0.40486
0.46919
0.46173
0.32866
0.08178
-0.00562
-0.02651
-0.30238
-0.34206
0.30692
0.29995
0.33345
0.00994
0.50039
0.52201
0.24689
0.25164
0.47206
0.10332
-0.84726
0.31588
-0.37456
0.30279
-0.05679
0.17036
-1.43340
-0.80156
-0.36073
0.22284
-0.63693
0.13990
-0.27206
0.36791
0.03323
0.07447
-0.31237
-0.94465
0.28952
0.46281
0.24271
-0.04986
0.15548
0.40996
0.25856
0.24058
0.30918
0.42930
0.25011
0.41284
-0.07630
0.19362
0.57179
-0.70415
0.45306
-0.09277
-0.26344
-0.48422
0.77472
-0.44943
0.34650
0.26934
0.28314
0.22860
0.26349
0.17074
0.24703
-0.91013
-0.21194
0.25412
0.30266
-0.09694
0.19724
0.02347
-0.56271
-0.29843
-0.11068
-0.36036
-0.02480
-0.76914
0.22100
0.07559
0.31226
0.37807
-0.01573
0.12569
0.30610
0.19854
0.18954
-0.23701
0.39336
0.15363
-0.67163
-0.60585
0.19327
-0.08723
0.05130
0.07491
0.06010
0.39404
-0.57986
0.41573
-0.26882
0.31582
0.80394
0.19158
-0.41936
0.08220
-0.32345
0.70871
0.64139
0.22837
0.45407
0.20873
0.50676
0.55647
0.11693
-0.33445
0.12456
0.38460
-0.56237
-1.76489
0.27610
0.08774
-0.25513
0.35911
0.21373
0.46299
0.25295
0.45763
-0.08785
-0.30676
-0.31977
-0.22544
0.20168
0.18855
0.08143
0.00429
0.57943
-0.78285
-0.99146
-0.23114
0.54708
0.18536
0.33353
0.16487
-0.63860
0.31928
-1.14530
0.34423
0.10340
0.42300
0.35555
0.09939
0.13137
0.35788
-0.50596
0.17708
0.42944
0.37205
0.66223
0.35643
-0.65784
-0.34499
0.35267
-0.40349
0.36109
0.29520
0.22598
0.31756
0.13310
0.21112
0.25492
0.11705
0.36969
0.40147
-0.15855
-0.19849
0.05298
0.00180
0.09303
0.18691
-0.41113
-0.24244
0.27923
0.34767
0.19171
-0.22184
0.26084
0.17176
-1.36007
0.08903
0.33532
0.22057
0.32449
0.38323
-0.71956
0.16443
-0.27201
-0.29609
0.04202
0.28897
-0.21742
0.49997
-0.33955
-0.10904
-1.00984
-0.26689
-0.54389
-0.06269
-0.32728
0.38888
-0.22211
-0.14515
-0.05746
0.32901
0.15230
0.55343
0.29292
0.41387
0.46305
-0.81009
0.09067
-0.33020
0.26224
0.17125
-0.49538
0.14193
-0.35522
-0.23381
-0.13214
-0.51078
0.26069
0.46291
0.23132
0.06049
-0.27809
-0.65768
0.65289
0.26837
0.58267
0.30820
-0.34312
0.38165
0.38718
0.39996
0.43189
-0.30012
0.37008
0.37511
-0.33835
0.63043
-0.60737
0.24389
-0.38234
0.49501
0.11139
-0.02255
-0.05003
0.09054
0.83774
-0.09001
0.20410
0.49612
0.77313
0.19480
0.17045
0.12205
0.10485
0.04326
-0.30703
-0.31467
0.22300
0.30136
-0.34936
0.38096
0.13461
0.17790
0.18199
0.21235
0.02275
0.43154
0.30787
0.19707
0.17568
0.17123
0.21001
0.81932
-0.12688
-0.23379
0.07417
0.10373
-0.56557
0.13091
-0.39833
0.23191
0.06460
0.10943
0.52091
-0.12019
-0.29934
0.33698
0.02671
0.02197
0.32294
0.09014
0.45942
0.70106
0.42989
0.02951
-0.26582
0.19401
0.55475
0.18698
0.10978
0.00124
0.22959
0.03261
0.02246
0.52423
-0.30061
0.53379
-0.66455
0.29079
0.03822
-0.80445
0.04230
0.12014
0.45302
0.24972
0.28336
0.27087
0.46576
0.16572
0.50317
0.34335
0.19328
-0.64355
0.00653
-0.43583
0.22958
0.45990
0.09572
0.05080
0.18793
0.20394
0.37561
0.44611
0.49386
0.30179
0.24390
0.34053
-0.27861
0.34892
0.22565
-0.41268
0.09282
-0.44797
0.16205
0.13846
0.26369
0.16258
0.02143
-0.33487
0.44189
-0.23963
-0.36212
0.23167
0.34304
0.42485
0.35287
0.42311
0.15805
0.13625
0.13795
0.27032
0.79595
-1.74425
0.12951
0.34381
0.30375
0.30542
0.41474
0.10353
0.56425
0.43272
0.19762
-0.19770
0.20215
0.23452
0.24653
0.33693
0.59356
0.28910
0.17640
0.40468
0.06027
0.21973
-0.39724
0.20894
0.40295
0.44069
-0.47905
0.29518
-0.09284
-0.03183
-0.78926
-0.40917
0.26633
0.34976
0.11935
-0.35353
0.04113
0.20336
0.19117
0.23846
0.20962
0.22322
0.28304
0.62050
0.40498
0.39593
-0.56118
-1.56178
-0.04776
0.24410
-0.37168
0.23048
-0.21206
-0.22505
0.44846
0.16097
0.17607
-0.08025
0.34046
0.44770
0.38532
0.22176
-0.03880
0.16029
0.24434
0.14242
0.13688
0.15185
-0.19565
0.02587
-0.27886
0.06153
-0.32281
0.66732
0.12400
-0.46895
0.21515
0.29171
-0.01296
0.06037
-1.11654
0.25980
0.43614
0.17328
-0.70679
0.29782
-0.90948
-0.11192
-0.00821
0.12167
0.11164
0.32130
0.27656
-0.46212
0.38899
-0.12330
0.10385
-0.05802
0.30295
-0.17078
-0.92613
0.00579
0.15187
0.37970
0.21489
0.17374
-0.73124
0.32869
0.10522
0.27076
0.21632
0.39449
0.08770
0.30588
0.14107
0.07779
0.27246
0.42810
0.44838
0.28562
-0.31451
0.34956
0.25169
-0.08931
-0.70008
0.30766
0.15878
0.08588
0.61716
0.07920
0.34564
0.33417
0.19256
0.25508
-0.27647
-0.51395
0.52953
0.17662
-0.52700
-1.02856
0.15568
-1.05596
0.28206
-1.15088
0.07004
0.07901
0.10035
-0.32089
-0.16476
-0.12718
0.54247
-0.82347
0.27544
0.22169
0.24797
0.04922
0.11039
-0.90044
0.17579
0.14282
0.12247
-0.07813
0.16978
0.41645
0.06920
0.13196
0.30478
-0.74544
-0.22754
-0.11813
0.38539
0.35182
-0.03194
-0.35817
0.71949
0.75735
0.59810
0.10874
0.21298
0.32187
0.35693
0.25267
0.13644
0.07326
0.10985
0.21632
0.17106
0.35087
0.37947
0.40620
-0.84652
0.15841
0.06282
-0.34352
-0.06456
0.06953
0.34175
0.32463
0.14046
0.42078
0.19355
0.12717
0.09088
0.42158
0.09896
-1.00339
0.45987
0.16987
-0.35898
-0.34088
0.23773
-0.18508
0.37855
-0.50797
0.17850
0.00891
0.34962
0.26505
0.16003
0.34225
-0.87669
0.09987
-0.42283
0.20311
-0.15256
-0.64982
0.26836
0.01376
-0.04852
0.74377
0.18812
-1.27302
0.40763
-0.60797
0.04507
-0.41593
0.05678
0.14897
-0.09031
0.24570
-1.43599
-1.48424
0.21294
0.24155
0.16004
-1.06227
0.08659
0.26748
-0.71694
0.01883
-0.53314
0.23411
-0.36473
0.05575
0.02902
-0.46228
0.25268
-1.10408
-0.33179
0.19998
0.28390
0.42503
-0.50384
0.47732
0.34731
-0.97658
-1.63998
0.31688
0.14031
0.02273
0.32902
-0.20334
0.15289
0.48487
0.25366
0.36963
0.14363
0.35237
0.02594
0.31704
0.63395
0.01115
-0.29960
0.39475
-0.42606
0.00685
-0.38879
0.14964
0.47449
0.40510
0.68424
0.57486
-0.62144
-0.03192
0.29383
-0.83978
0.48087
-0.16968
0.41143
0.19264
0.31612
-1.22293
-0.04964
0.73678
-0.07007
0.30725
0.49746
-0.30717
0.35389
0.64755
0.16486
0.16645
-0.42489
-0.11261
0.22230
0.05998
0.33398
0.18206
-0.66934
0.57220
0.41366
0.58298
-0.43615
0.15135
-0.15629
0.39213
0.69948
0.16424
0.00919
-0.05826
0.43997
-0.12043
0.72719
-0.79875
-0.43053
0.05275
0.36266
-0.62472
-0.62231
0.54179
0.28919
-0.37321
0.30593
-0.47848
-0.02849
0.15403
-0.17737
0.04876
0.28442
-0.47130
-0.28760
-0.05468
-0.05336
0.00571
0.56755
0.19009
0.11156
-0.19527
-0.58066
0.26300
-0.19800
0.12212
0.05399
-0.99005
-0.47697
0.51934
0.07552
-0.49753
0.27959
0.09059
0.30061
-0.79249
-0.94005
0.27024
-0.31551
0.03667
0.26917
0.36110
0.13655
0.23297
0.40529
-0.00859
-0.21584
0.28767
-0.02553
0.35602
0.16571
0.13622
0.26076
0.49065
0.11456
0.20383
0.05357
0.01346
0.14230
-0.77876
0.15793
0.11095
-0.22070
0.14463
-0.02256
0.02799
-0.25510
0.12470
-0.13904
0.03098
0.19594
0.28292
-0.25195
0.14043
0.17053
-0.25213
-1.20937
0.08235
0.17122
0.32645
0.34930
0.25137
-0.48698
-0.27708
-0.31350
0.32474
-0.13991
0.26307
0.19683
0.19517
0.24113
0.33406
0.46097
-0.02148
-0.27081
0.27227
0.41986
0.36163
0.36868
-0.31825
0.14196
0.66085
-0.20538
0.26778
0.36408
-0.06806
-0.07537
-1.00749
0.32352
0.03891
0.31237
0.00271
0.00299
-0.56131
-0.38102
-0.92529
0.12237
0.16233
-0.07498
-0.42800
0.51132
-0.73237
0.28581
-0.71414
0.77976
0.01944
0.17407
-0.09613
0.24325
0.27502
-0.24948
0.50867
0.26897
-0.21599
0.19142
0.18049
-0.22717
0.34903
-0.26968
0.13780
0.17583
0.10582
-0.03179
0.16817
0.25529
0.11122
-0.56805
-0.25038
-0.13285
0.12854
0.21526
-0.29127
0.10750
-0.25095
0.37387
0.13597
0.25578
-0.25482
0.35799
0.32844
0.15478
-0.46541
-0.01627
0.25126
-0.83391
0.51223
0.33669
0.00178
0.23757
-0.07830
-0.24819
0.58200
0.29813
-0.17233
0.01223
-1.05758
0.21178
-0.20416
-0.13367
-0.33227
0.17465
0.24652
-0.33434
0.05108
-0.53013
-0.59648
0.11316
0.28886
-0.29407
0.34543
-0.72168
0.11276
0.14194
-0.25269
0.42760
0.30910
0.12459
0.14457
-0.56325
-0.40437
-0.12497
-0.02111
0.01082
0.26091
-0.61395
-0.26728
0.16669
0.07084
0.14058
0.16613
-0.34573
0.14779
-0.60424
0.23549
0.04257
-0.07907
0.13836
0.16480
-0.42372
0.26246
0.62632
-0.48106
0.38466
0.53202
0.49727
0.20574
-0.47258
0.33596
0.25976
0.53018
0.18059
0.36531
0.31087
0.34118
-0.40973
-1.37170
-0.48000
0.55914
0.50807
0.74153
0.08273
-0.08587
-0.05422
0.29281
0.37062
-0.00407
0.15445
-0.05747
-0.06365
0.42253
0.19618
0.81680
0.20172
0.73529
0.32138
0.71114
-0.03618
0.04211
-0.05247
0.26363
0.12687
-0.03491
-0.33558
-0.04795
-0.14442
0.12389
0.08697
0.46407
0.20239
-0.77702
-0.17948
0.19023
0.25503
0.17437
-0.06302
0.03757
-0.04152
-1.17315
0.52732
0.33888
-0.10316
0.08084
-0.13412
0.21044
-0.73210
0.12325
-0.03456
-0.37197
-0.92212
0.31782
0.11274
0.23395
-0.27223
-0.25942
0.37262
0.04073
0.02913
0.22948
0.43923
-0.08490
0.55514
0.34733
0.22357
0.27109
0.19612
-0.50172
0.29462
0.36089
0.43655
0.12050
0.09538
0.44845
-0.25871
-0.00423
0.00431
-0.10011
-0.06786
0.24338
0.22385
0.07249
-0.13042
-0.00098
0.73105
-0.16242
-0.43216
-0.32674
0.26922
-0.16608
0.12030
-0.39764
0.72900
-0.39660
0.26979
-0.26984
-0.01529
0.33786
0.13686
-1.06971
0.12855
0.21772
0.09937
-0.44197
-0.30869
0.26620
0.68511
-0.03376
0.35913
0.35966
0.26141
0.54817
0.21249
0.25247
0.45698
-0.37400
0.38692
0.22239
0.37599
0.13350
0.19128
-0.03014
0.10735
-0.15338
-0.22085
-0.44042
-0.09628
0.38337
-0.53649
-0.11955
-0.95498
0.12280
-0.11251
0.32443
0.37211
-0.02483
0.33710
0.43174
-0.38789
0.33774
0.67159
0.08646
0.33621
0.14031
-0.34385
0.17784
-0.34074
0.06725
0.37893
-0.58861
0.31702
-0.57678
-0.17904
0.02068
0.37421
0.21691
0.12109
0.19656
-0.05462
0.10601
-0.00733
-0.24613
0.14909
0.22690
-0.47492
-0.23510
0.27509
0.07273
0.29738
0.27963
0.14801
-0.05917
-0.07677
0.25381
-0.37489
0.04238
-0.08848
0.10035
0.21045
-0.70559
-0.57379
0.38055
0.33821
0.42365
0.52450
-0.40282
0.34995
0.28012
-0.31110
-1.06529
0.07353
-0.81701
0.46530
-0.66980
0.26952
-0.48667
0.42498
-0.31729
-0.29060
-0.25944
0.13510
0.17357
-0.41404
-0.26505
0.23894
0.10842
-1.08514
0.24295
0.23526
0.37496
-0.25357
0.11507
0.55628
-0.61257
-0.08661
0.11630
0.39421
-0.56716
-1.36505
-1.32838
0.36789
-0.33568
0.25407
0.56240
0.26305
-0.18090
0.15124
-0.59066
0.13360
0.47110
0.33579
-0.13870
-0.43015
-0.18696
0.15001
0.26035
0.35092
0.35989
0.26270
0.09234
-0.30882
-0.58344
-0.02000
0.12078
0.08482
0.07731
0.04232
0.10981
-0.58469
-0.46114
0.38908
-0.87627
-0.11734
0.26277
0.57919
0.02398
-0.00309
0.11142
0.39894
-0.00905
0.09950
0.62495
0.21705
0.13099
0.27432
0.38541
-0.64581
-1.01166
0.35868
0.15770
-0.36292
-0.04569
-0.30654
0.45990
-0.25484
0.16183
0.50435
-0.02959
-0.37799
0.54998
0.18877
-1.63846
0.18862
0.21595
-1.01339
0.18316
-0.81071
0.20510
-0.33638
-0.70823
-0.46740
0.26521
-0.59213
0.27360
0.26289
-0.13548
0.50435
-0.42865
0.39469
0.47724
0.12477
-0.77067
0.30939
0.23258
0.44776
0.16606
-1.53872
0.13565
0.26173
0.39882
-0.42282
-0.78929
0.43207
0.27411
-0.67674
0.16172
-0.29514
0.24160
0.30489
-0.81398
-0.02819
-0.00756
-0.19783
-0.22094
0.53639
0.46586
0.22704
-0.00581
0.63839
-0.37683
0.27942
-0.34694
0.43328
0.39366
-0.32397
0.42311
-0.76600
0.15292
0.44751
0.36650
0.53183
-0.25875
0.40244
0.33963
0.40712
-0.18531
0.37550
-0.38207
-0.00566
-0.06987
0.37057
0.54525
0.47695
0.36212
0.11849
0.37182
-0.52793
0.10453
0.27288
-0.74250
-0.04643
0.22552
-0.11376
0.31514
0.40000
0.36100
-0.99459
-1.00212
-0.25186
0.40256
0.20547
-0.46457
0.24304
0.42116
0.11978
0.48536
0.22053
0.50171
0.20539
-0.15694
-0.15955
0.25470
-0.34583
0.21453
0.41002
0.28014
0.39872
-0.41893
0.10099
0.38422
0.22452
0.28197
0.14758
0.14748
0.80648
0.21540
-0.73794
0.18047
0.01017
0.27021
0.41377
-0.36784
0.24148
0.20670
0.16781
-0.37124
0.17142
0.15160
0.39694
-0.84339
-0.21973
0.26379
-0.79248
0.19634
0.57817
-0.06426
0.58108
-0.47973
-0.35034
0.23090
0.49853
-0.27055
-0.55608
0.20828
0.54689
-0.47950
-1.28429
-0.22736
-0.08260
0.68170
-0.28013
0.36944
-0.77242
0.06184
-0.76006
-0.26751
-0.05490
-0.01432
-0.26468
0.29816
-0.12654
0.43797
0.22920
-0.29219
0.39050
0.15720
-0.44554
-0.40062
0.10791
-0.42150
-0.79257
0.47485
-0.43100
0.00815
0.11557
0.05607
0.37014
0.27571
0.39956
-1.13188
0.26093
-0.17460
-0.10103
0.12251
-0.11504
0.17517
-0.49401
0.09467
0.09621
-1.12753
0.24484
-0.06218
-0.56821
-0.06994
0.25340
0.05586
-0.72855
0.09692
0.50639
0.48993
-0.32662
-0.08170
-0.38704
0.05551
-0.64678
0.21979
0.14804
0.52345
-0.01880
-0.05513
-0.09849
-0.21125
-0.25854
-0.76384
0.15428
1.16443
-0.00137
-0.21151
-1.63103
0.21825
0.10559
0.17402
-0.03640
-0.02171
-0.26116
-0.15945
-0.06067
0.20735
-1.29273
0.03146
-0.00385
0.49852
-0.64418
0.06214
0.45045
0.15624
0.26313
-0.09257
-0.12149
0.62663
0.26811
0.53112
-0.43863
0.01081
-1.26284
0.15747
0.52853
0.21314
0.07740
-0.89465
-0.35011
-0.95677
-0.16552
0.31818
0.83410
-0.05877
-0.78627
0.32477
-0.53881
0.10541
0.11705
0.44606
0.11726
0.32202
-0.45442
0.46615
-0.12178
0.00529
-0.04440
0.12892
0.09827
0.37732
-0.42414
-0.10094
-0.11004
0.19357
-0.64069
0.11880
0.39530
0.33191
0.61981
0.15986
-1.19254
0.07715
-0.46803
-0.63485
-0.05288
-0.18088
-0.58139
-1.12231
-1.20514
0.59659
0.19999
0.00458
0.00742
0.45546
-0.32171
0.33833
0.13578
-0.04345
-0.71411
0.52441
0.00135
-0.55355
0.10702
0.23044
0.19777
-0.07519
-0.05868
0.61434
0.31323
0.12105
-0.59274
0.32676
0.27931
0.12711
-0.92240
-0.49196
-0.59723
-1.01380
0.39308
0.45618
0.20244
-0.01404
0.12776
0.48575
-0.57059
0.74191
0.25423
0.09497
0.36769
0.35255
0.71274
0.21300
0.42371
0.22084
0.26374
0.37417
-0.78508
-0.01972
-0.21269
0.03329
0.17320
-0.33650
0.04102
0.33017
0.38487
-0.40231
-0.26190
-0.58340
-0.20668
0.12450
0.39529
-0.03018
0.45333
0.11212
0.18133
-0.46409
0.16673
0.00575
-0.29462
0.28524
0.16364
0.32202
0.11726
0.51579
0.38040
-0.19618
0.28499
0.20106
-1.01297
-0.01335
0.15422
0.09644
-0.23693
0.29389
-1.01849
-0.22922
0.23509
-0.47600
0.63968
-0.08863
-0.44414
-0.84894
0.37667
0.54118
-0.01652
0.39709
-0.18919
-0.36971
-0.37766
0.16841
-0.47003
0.41393
0.36899
0.26806
0.13568
-0.51698
-0.14543
0.08220
-0.61755
-0.96905
0.26732
0.12854
0.21132
0.04952
-0.36800
-0.11898
0.07905
0.18965
-0.37999
0.18819
-0.18630
0.34568
0.07386
-0.41062
-0.05640
0.06937
0.01187
0.15596
0.12071
-0.05436
0.19429
0.25510
-0.70168
0.07750
-0.92901
0.07390
-0.51728
0.04207
-0.03066
0.18393
-0.35917
0.22141
0.23629
-0.33128
0.60287
-0.67661
-0.05202
0.04527
0.08696
-0.19377
-0.73482
-0.00102
-0.07702
-1.41082
0.55011
-0.76021
0.24037
0.86555
-0.76648
0.05072
0.44810
0.56040
0.28603
-0.08040
-0.35468
0.19647
-0.13829
-0.00960
0.38854
0.67435
-0.91859
0.25080
-0.14451
0.13223
-0.48835
-0.03439
-0.66878
0.20879
-1.70491
-0.77065
0.61771
-0.65063
-0.32277
-0.16338
0.07492
0.47434
0.45005
0.17805
-0.13148
-0.74315
0.14952
-0.72528
0.05640
-1.22355
-0.34753
-0.18800
-0.31304
0.58143
-0.88850
0.23109
0.22954
-0.75734
-1.51360
-0.39344
0.16902
0.53688
0.34888
0.26044
-0.38247
0.27851
-0.35254
0.09359
0.26731
0.07871
-0.93357
0.21500
0.49244
-0.51695
-0.46536
-0.18148
0.34751
0.08534
0.21559
-0.54548
0.06725
-0.05352
0.37691
-0.21889
0.25721
0.12959
0.12778
-0.16504
0.24674
-0.25483
0.78244
-0.23698
-0.08724
0.17204
-0.38525
-0.00153
0.54141
0.21738
0.09181
0.43495
0.51455
0.08960
0.05100
-0.23029
0.27153
-0.32412
0.55311
0.14045
0.26409
-0.45460
-0.37842
-0.31443
-1.63788
0.46252
0.09758
0.11784
0.02616
0.07857
-0.17595
0.40626
0.15600
-0.33605
0.25480
-0.67448
0.53986
0.60127
0.64619
-1.07672
-0.45935
-0.00163
0.07008
0.37161
-0.71709
0.56637
-0.71960
0.11275
-0.84004
0.13456
0.00342
0.41308
0.27718
0.22662
0.18034
0.29161
0.26518
-0.97492
0.03271
0.05936
-0.75180
0.22315
0.10962
0.10801
-0.84494
0.77867
0.29892
-0.57566
-0.26699
0.17429
0.26793
0.54488
0.22003
0.27888
0.50487
-0.40714
0.05008
-1.27084
0.10826
-0.06527
0.20376
0.04146
-0.28065
0.13047
0.19096
0.03652
-0.48034
0.26954
0.18902
-0.11449
-0.08616
0.53255
-0.54860
-1.21214
0.21302
0.09797
0.16270
0.20913
-0.37682
0.16769
0.14060
0.48776
0.52448
0.14719
-0.04447
0.24871
0.02464
-0.41816
-0.19000
0.21149
0.00532
-0.04498
-0.52879
0.12965
0.11713
-0.06269
-1.07446
0.51577
-0.49112
-0.16542
0.05600
0.26125
-0.33420
-0.66616
-0.01163
-0.20381
0.21569
0.10477
0.65552
-0.97894
0.29807
0.19728
0.46737
0.22224
-0.24675
-0.82180
0.12684
0.24151
-0.66624
-0.29570
0.50293
-0.67641
0.20372
-0.22720
-0.39370
0.26528
0.52382
-0.44461
-1.16256
-0.71870
0.05413
-0.02817
-0.43127
-0.35987
-0.19987
0.03993
0.13780
-0.90469
-0.17364
-0.20088
0.36396
-0.67386
0.11659
0.17784
0.53551
0.00773
0.22969
-0.00626
-0.27958
-0.45783
-1.00233
-0.40921
0.59571
-0.32157
-0.49721
-0.46909
-0.27299
0.05953
-0.01505
0.06970
-0.16796
0.18682
0.70857
0.20225
0.16719
-0.11884
-0.27547
-0.99206
0.31939
0.01269
0.36618
0.06318
0.34867
-0.58307
0.30044
-0.08198
-1.12085
0.35265
0.18896
0.06292
0.25681
0.11209
0.02410
-0.31882
0.20819
-0.90149
0.31478
-0.18147
0.07239
0.04972
0.33318
0.34826
0.19436
0.19914
0.14704
-0.57368
0.31871
-0.29525
0.33400
-0.11042
0.51889
0.16521
-0.77334
0.07603
0.31454
-0.62186
0.04486
-0.06375
-0.07163
-0.02928
0.78257
-1.34496
0.09219
0.01676
0.20500
0.14626
0.22764
-0.34423
-0.45807
0.09898
0.06870
0.25440
-1.52348
0.10848
-0.71422
-0.18251
-0.08174
0.13173
0.13509
-0.08755
-0.07475
0.23463
0.34743
0.10124
-0.70328
0.00013
-0.23699
0.25869
0.54997
0.06858
-0.72383
-0.77208
0.24606
-0.23728
0.01638
-0.25065
-0.29887
0.35983
-0.38845
0.63725
0.11041
0.14268
-0.87201
0.26708
0.58635
0.25319
-0.10751
0.15951
0.04883
-1.18143
0.02164
0.13471
0.61454
-0.32062
0.17406
0.39635
0.09404
0.55727
-0.36842
-0.53045
0.10172
0.15492
0.49853
0.60115
0.46860
0.18217
-0.09922
-1.18037
0.27037
-1.55179
0.24932
0.42816
0.09730
-1.20116
0.54658
0.20328
0.08553
0.11728
0.14938
-0.55942
-0.00955
0.64475
0.76537
-0.02654
0.15304
0.13988
0.07948
-0.99952
-0.31291
-0.74939
0.31524
0.35955
-0.14061
-0.12297
-0.74279
0.06949
0.30456
0.26820
0.10438
-0.78781
0.14273
-0.04521
-0.62105
-0.34049
0.12591
-0.06758
0.00899
0.46186
0.44736
0.15447
-0.83816
-0.45561
-0.89961
0.19868
0.53525
0.54226
-0.15800
0.09366
0.48495
0.52093
-1.06010
-0.24298
0.15024
0.14035
0.10148
0.47401
0.01505
-0.22349
0.11366
-0.00253
-0.70196
0.17904
-0.79167
0.44114
0.07529
0.24442
0.16576
-0.76331
-0.00634
0.11848
-0.13090
0.21874
-0.28278
0.44765
-0.14876
0.29941
0.03684
0.30575
0.09871
0.05574
0.19354
-0.50357
-0.29313
0.29873
0.45554
0.34778
-0.35815
-0.24371
-0.26480
0.25004
0.43955
-1.10372
-0.08095
0.23260
-1.20339
0.44669
-0.03075
0.20965
-0.32230
-0.31637
-0.62979
0.32550
0.06275
-0.06981
-0.12503
-0.01621
-0.02173
-1.00824
-1.33542
-0.15261
-0.53931
-0.54346
0.07272
-0.96050
-0.08570
0.57834
0.40786
-0.73071
-0.28837
0.04094
0.36135
-0.67941
-0.49237
-0.11823
0.57052
0.24787
-0.56443
0.21822
0.23945
0.11898
0.37558
0.37845
0.02081
0.22807
0.23767
0.07441
-0.66625
0.00983
-0.26199
-0.78336
0.16537
-0.36482
-0.38960
-0.21493
0.21415
0.45552
-0.27054
0.09845
0.42919
-0.16902
-0.13944
0.05902
0.32475
0.47304
0.39499
0.14158
0.51906
-0.00584
0.02827
-0.53753
0.10102
-0.25530
-1.47226
-0.24059
0.15412
0.15197
0.26390
0.29704
-0.40163
0.18015
-1.09780
-0.38397
0.03701
-0.41757
0.09856
-0.26483
-0.48394
-0.38995
0.35444
0.40112
0.13324
0.13653
0.27809
0.60359
0.06440
-0.38539
0.14302
-0.00837
0.15484
0.20192
-0.20711
0.57801
0.07476
0.01655
-0.06136
-0.42412
0.33883
-0.98904
-0.05897
0.04282
0.09849
0.46043
-0.68317
-0.20701
0.28665
-0.15006
0.07687
0.77122
-0.30270
0.73300
0.22815
0.13001
-0.13600
0.50196
0.33381
-0.33062
-1.06464
0.12532
-0.51376
0.34073
0.20249
0.07373
-0.55723
-1.33077
0.02507
0.17456
0.29376
0.17409
0.20655
-0.45322
-0.37906
0.03323
0.50222
0.03753
-0.16778
0.27649
0.00373
0.38921
0.49161
0.40560
-0.24971
-0.45772
-0.80562
0.42404
0.30495
0.13760
-0.48251
0.15187
0.22753
0.19883
0.44193
0.05810
0.00380
0.47424
-0.39525
0.01071
0.51318
0.10399
-0.56592
-0.18988
0.29478
0.12340
-0.29957
0.50147
-0.64648
0.48961
0.23135
-0.18262
0.03196
-0.52370
-0.01734
0.17230
-0.27638
-1.49299
0.20485
0.02233
-0.35310
0.33364
0.60387
-1.33936
-0.22847
-0.21800
0.11445
0.39949
0.16337
-0.40628
-0.47014
0.63518
-0.41228
0.04159
0.00111
-0.66698
0.17117
-1.72864
-0.30974
-0.29993
-0.01100
-0.21832
0.23458
-0.74550
0.38443
0.47725
0.09187
-0.29268
0.21626
0.21541
-0.28117
0.60687
0.01106
0.13760
-0.06304
0.10461
-0.37011
-0.66356
0.23414
-0.00588
0.49886
-0.64605
-0.83892
-0.30315
0.28811
0.17480
-0.75990
-0.04797
-0.31121
0.44596
0.14073
-0.68803
0.34725
0.16361
-0.60988
0.01145
0.25514
-0.16024
-0.39125
0.01611
0.13849
0.11047
0.17191
0.09566
-1.29654
0.11225
-0.19012
-0.39155
0.17011
0.41890
0.37996
0.11840
0.65207
0.81570
-0.27304
-0.15798
-0.83464
0.24701
-0.06045
-0.52498
0.42456
0.22081
0.13037
-0.11659
0.27069
0.35271
0.14964
0.33281
0.19362
0.00920
0.31356
0.42107
-1.07725
-0.36197
-0.22667
-0.48277
0.25991
0.19314
0.17354
0.10802
-0.36804
0.03963
-0.11882
0.10847
0.57283
0.34399
0.21147
-1.49178
-0.16216
-0.83453
-0.17599
-0.01120
-1.08498
0.15703
0.34071
-0.43182
0.49674
0.18856
-0.19580
-0.01090
-0.48773
0.47483
-1.39032
-0.18852
0.07336
0.33630
-0.51558
-0.14001
-0.42967
0.64611
0.12497
-0.40882
0.21270
0.43326
0.04340
0.06095
0.10047
0.26906
0.15759
-0.33168
0.28213
-0.09833
0.06214
-0.31958
-0.76439
0.20779
0.45586
0.37859
-0.25785
-0.09340
0.06177
-0.06930
0.13996
0.32898
0.02717
0.26168
0.32491
-0.21757
-0.72108
-0.90555
-0.74397
-0.14473
0.13277
-0.28994
0.70825
0.50068
0.49476
0.13495
-0.23587
-0.90489
0.36531
-0.44275
0.24647
0.06140
0.22839
0.81603
0.03345
0.38931
-0.37221
-0.43150
-0.26900
0.18156
0.16057
0.16387
-0.54747
-0.12752
-0.23343
0.19982
-0.24413
0.36876
0.12380
0.09589
-0.97349
-0.05044
-0.48799
0.22106
0.11416
0.29095
0.22290
-0.03991
0.14710
-0.35195
-0.17082
0.31696
-0.43561
0.18543
-0.03351
0.21306
-0.07724
0.07305
-0.24688
0.01946
-0.22353
-0.07576
-0.48058
-0.87294
-0.31084
0.06799
0.09398
-0.20781
-0.09374
0.31334
0.52823
-0.24584
-1.16095
0.07159
0.54029
0.55703
-0.43059
-0.39228
-0.65293
0.40811
0.10336
-0.63351
0.45699
0.12310
-0.23464
-0.49388
-0.80685
0.11364
-0.02375
-0.82445
-0.45430
0.05009
0.13278
0.32119
-0.45605
-0.67972
0.10016
-0.23358
0.16918
-0.48299
-0.09698
-0.40527
0.45523
-0.41551
-0.24128
0.74858
0.05832
-0.23590
-0.07597
-0.16348
0.60188
-0.46904
0.21051
-0.38595
-0.06655
-0.25694
-0.55081
-0.59782
-0.03081
-0.30713
0.03183
-0.01022
-0.14310
0.12671
0.10799
0.34785
0.42873
-1.12949
0.32322
-2.26495
0.61932
0.06313
0.22580
0.18597
0.23326
0.01636
0.10739
0.43914
0.17804
-0.29799
0.30743
-0.47491
-0.06823
0.20826
0.25535
0.56838
0.57438
0.44048
0.00997
-0.10293
0.02309
0.24116
-0.75270
-0.20009
-0.17571
-0.05609
-0.82144
0.40066
0.28180
0.03312
0.14325
0.02427
-0.74673
0.21722
0.19415
-0.22143
0.01642
-0.72373
0.03745
-0.05344
0.27045
-0.70185
-0.26835
-0.12406
-0.48276
-0.08356
0.17134
0.21726
0.22096
-0.32093
-0.52976
-0.03599
-0.26861
-0.45864
0.09473
-0.92592
0.22385
0.35754
-0.20540
0.62896
0.62035
0.28788
-0.47726
0.25988
-0.41127
0.48769
-0.10095
0.17907
0.18334
0.12822
-0.00401
0.06153
-0.11428
0.41170
0.33306
0.04703
0.14036
-0.39938
-0.00483
0.25097
0.33047
0.04814
-1.02971
0.18356
-0.81243
0.36902
0.30091
0.05429
0.33838
0.38206
0.18535
0.04469
-0.67891
-0.24721
0.48648
0.13542
0.36292
-0.36322
0.02662
-0.02144
0.20792
0.36073
0.12991
0.31164
-0.29284
-1.32436
0.51638
0.21293
-0.13530
0.36281
-0.24422
-0.47571
-1.27790
-0.32457
-0.08508
0.75455
-0.14210
0.12334
0.07610
0.10705
0.08339
-0.57157
0.04847
0.44851
0.21491
-0.34818
0.36867
0.09533
0.59963
0.15177
-0.04305
0.06466
0.42094
0.06023
0.14582
0.18321
-0.44373
0.05481
-0.43920
0.04675
0.04516
0.14729
-0.47270
0.04195
-0.07350
-0.31506
0.03468
0.62121
-0.92179
-0.06539
0.14382
0.54601
-0.72463
-0.16326
-0.84560
-1.19900
0.16101
0.55029
0.03987
-0.04440
0.06515
-0.70473
-0.59020
0.23813
0.42168
-1.02179
0.60195
-0.06910
0.78974
-0.69159
0.24992
-0.43383
0.02087
0.20761
-0.05382
-0.30422
0.38205
-0.37508
0.15375
-0.44931
0.12707
0.38407
-0.84490
0.16430
0.23669
-0.37485
-0.84251
-0.48311
-0.24309
-0.43674
-0.68368
0.12122
0.31264
-0.03562
0.01499
-0.15763
0.07936
0.27391
0.15303
0.19875
0.13975
-0.00120
0.37678
0.26524
-0.33708
-0.07890
0.27170
0.27578
-0.31752
0.35972
-0.09983
0.33606
0.37734
0.35139
0.05762
-0.77596
0.56530
-0.10929
0.11045
0.12579
-0.09841
0.18842
0.30916
-0.35613
0.28216
0.11063
0.32750
-0.09144
0.30631
-0.84514
-0.29334
0.14782
0.28085
-0.11531
-0.76163
-1.33938
-0.02796
0.52881
0.02287
-0.27719
-0.15954
-0.16011
0.37009
0.38397
0.11083
-0.96309
-0.69999
0.13126
-0.36760
-0.21833
0.10736
0.08156
-0.46909
0.49535
0.53191
0.42361
0.17067
0.02546
-0.34655
0.41703
0.22821
-0.01534
0.05520
-0.34092
0.61293
-0.91483
0.02053
0.19169
-0.03805
-0.30854
0.44023
0.30382
0.26659
-0.12899
0.26887
0.10616
-0.44814
0.08189
-0.92147
0.14611
0.24872
0.35742
0.10403
0.04523
-0.15154
0.40561
0.36143
0.32163
0.16210
-0.60548
0.21663
-0.33916
0.48363
-1.13595
0.05881
0.27181
0.21118
-0.27090
0.59428
0.00676
0.08498
-0.00773
-0.33876
-0.21198
-0.16761
0.18539
0.22876
-0.25812
-0.40847
0.12900
0.36605
0.07373
0.22401
0.31977
0.08343
0.20370
-0.30693
0.03939
0.16970
-0.09668
-0.43024
-0.07075
0.33153
-0.73177
0.00846
0.53771
0.12178
0.14575
-0.34787
-0.76325
0.09144
-0.71847
0.04221
0.18886
0.00162
-0.26271
0.28438
0.03004
0.32689
-1.00444
0.30974
-0.65747
-0.05464
0.77018
0.12665
-0.00506
0.06687
0.04887
0.39630
-0.53968
0.41328
-0.46297
0.15768
0.13750
-1.44402
0.15386
0.58886
0.44163
0.27131
-0.06470
0.15967
0.11792
0.03573
-0.21403
0.32162
0.54416
-0.11719
0.38187
-0.93194
0.05448
0.23664
0.12342
0.18922
0.15856
-0.33477
-0.04614
0.39784
0.17574
-0.44623
0.56005
-0.30576
0.08114
0.21584
-0.13978
-0.44839
-0.92812
0.17199
-0.12945
0.03722
0.18182
-0.06759
-0.34534
-0.08634
0.09652
0.17689
-0.06261
0.00988
0.09606
-0.30782
0.24362
-0.22348
0.00443
0.19851
0.15688
0.38058
-0.77648
-0.47529
0.18698
0.53860
-0.79555
-0.31345
0.49081
-0.89829
0.14073
0.23820
0.53750
0.12038
-0.13100
-0.21136
-0.35027
-0.23491
-0.34355
-0.12447
0.03548
0.00526
-0.11874
0.02899
0.13030
0.38894
0.60009
0.05083
0.21711
0.05840
-1.07759
-0.44055
-0.04681
-0.59751
-0.01917
0.52875
0.13037
-0.59875
-0.14782
0.34561
0.32336
-0.00341
0.42479
-1.25420
-0.17035
-0.75126
-0.71403
-0.36063
0.42331
0.16063
-0.51808
0.17650
-0.46080
0.01301
0.06967
0.41662
0.30907
-0.88340
0.00677
0.00810
0.05579
-0.50306
0.63881
0.10958
0.39941
-0.12216
0.22734
-0.82977
0.00287
0.08192
0.26929
0.49675
-0.76402
0.11592
0.37163
0.21783
0.28496
0.13939
0.20590
0.41739
-0.26440
0.73973
-0.60915
0.35114
0.02760
-0.49559
0.31704
0.39638
-0.83363
-0.01546
0.06623
-0.72360
0.03586
-0.00525
-0.06336
0.39590
-0.38088
-0.43525
0.01238
-0.09611
0.34034
0.71166
0.16696
0.37311
-0.40687
0.36248
-0.14512
0.01405
0.17336
-0.42727
0.15039
-0.53403
-0.73038
-0.32834
0.38670
-0.64560
0.27298
-0.04499
0.36849
0.18893
0.11073
-0.35412
-0.51816
-0.10219
0.16868
-0.38948
0.09759
0.08613
0.02504
0.04700
-0.33825
0.11857
0.12941
-0.07807
0.04213
-0.51984
0.16386
0.18827
0.59237
0.47332
-0.39703
-1.04246
-0.00565
0.03896
0.02527
0.00011
0.44307
-0.77911
-0.23387
0.00654
0.21269
-1.17886
-0.06054
-0.04933
-0.00870
0.20099
-0.06402
0.18020
0.20406
-0.20521
0.11212
-0.36172
0.36538
-0.99452
0.01984
-0.07817
0.38484
-0.38094
-0.90069
0.73505
0.06786
0.10813
0.22587
0.00058
0.32551
0.10285
0.05765
0.13934
0.08240
-1.14394
-0.31658
-0.53143
-0.24181
0.11398
-0.51326
-0.01733
0.44822
0.51929
0.21911
-0.75867
0.27187
-0.24393
0.08035
0.32797
0.11916
0.28618
0.41240
0.11632
-0.52133
0.41767
-0.85970
0.11353
0.02828
-0.06624
0.40208
0.35411
0.10877
0.13978
-0.91532
0.16901
0.06200
0.21731
0.05301
0.12988
-0.04525
0.40362
0.21208
0.36167
0.60170
0.09250
0.26706
0.02081
0.29241
0.16290
-0.42320
-0.18814
0.13096
-0.11346
0.14869
0.24145
-0.21808
-0.02052
-0.43880
0.23527
0.27434
-0.63348
0.76084
-0.04670
0.11499
0.39252
-0.10549
0.46119
0.13269
-0.77779
0.11818
0.15357
0.22147
0.33816
0.07453
0.44745
0.09452
-1.06608
0.07859
0.03337
0.10397
0.24603
-0.26727
-0.46464
0.14214
0.12926
-0.00983
-0.21173
0.23161
0.15776
0.80573
-0.31478
0.46997
-1.21477
0.32452
-0.07499
-0.63465
-0.06277
0.36996
-0.25752
-1.29791
0.02101
-0.74259
0.10224
0.63228
0.04429
0.55954
0.12815
0.05577
0.19341
0.37587
0.02886
0.38523
0.37423
0.12282
0.23715
0.01550
0.02575
0.13766
