0.06285
-0.50725
-0.68946
0.23098
0.09283
0.19600
-0.09800
0.06972
-0.02279
0.00896
-0.49689
-0.48726
-0.12686
0.14774
0.11947
0.03038
0.07776
0.36248
0.22288
-0.09332
0.22801
-0.61382
0.00252
-0.54568
0.20892
0.28031
0.16596
-0.07718
0.34409
-0.21065
0.09622
-0.31280
0.09092
-0.16976
0.00462
0.03749
-0.15573
0.03680
-0.14250
0.16628
-1.28805
-0.04450
-0.04622
-0.59095
-0.14840
0.23947
0.20340
-0.17548
0.29515
-0.04419
0.21560
-0.27694
0.22416
-0.17631
-1.18387
-0.31293
-0.03925
0.11323
0.20369
-0.26696
0.24774
0.15414
0.27253
0.16674
0.21231
-0.08306
0.01041
-0.24148
0.09384
-0.24199
0.29261
0.09647
0.17564
0.17770
-0.25656
0.26807
0.09629
-0.03958
-0.19186
-0.09187
-0.05921
0.10423
0.04433
-0.35588
0.01312
-0.17337
-0.24092
-0.01234
-0.47654
-0.12405
-0.66628
-0.83132
0.65215
-0.11098
0.06677
-0.00039
-0.11910
0.01567
0.09683
-0.73877
0.09250
-0.21032
0.04648
0.07206
-0.02317
0.13514
-0.02320
-0.08484
-0.28231
0.19953
0.32878
-0.40854
-0.27859
0.04369
-0.17022
-0.72395
0.15481
0.04722
0.12632
-0.32258
0.18750
0.20568
-0.05393
-0.00421
-0.33880
-0.66284
0.13930
-0.12202
0.18244
-0.33636
-0.11633
0.08324
-0.29360
-0.00274
-0.46124
0.02247
0.17533
0.28769
-0.02086
-0.31490
-0.26242
-0.36249
-0.25170
0.10073
0.07489
0.01121
0.23128
0.21813
0.06977
-0.06422
-0.33479
-0.00291
-0.20958
-0.27632
0.10322
0.09812
-0.54099
0.09296
0.05372
-0.16589
0.18476
-0.13977
-0.10883
-0.45521
-0.08309
-0.58767
0.31509
0.16879
0.20988
0.04454
0.11918
0.15485
-0.12166
0.12040
-0.23111
-0.06269
0.08504
-0.80756
0.16170
-0.33402
-0.17626
0.29721
-0.42346
0.19696
0.19729
-0.60188
0.07536
-0.15319
-0.22308
-0.55817
-0.18409
0.05490
0.00989
-0.41775
-0.30649
-0.28551
-0.20806
0.08086
0.02621
-0.89774
-0.51318
-0.21073
-0.37856
0.11109
-0.16662
0.06949
-0.05544
-0.63972
-0.97367
0.18093
-0.06850
0.39786
-0.41090
0.04875
-0.06388
-0.23907
0.14192
-0.34776
0.03942
-0.25434
0.16079
-0.16413
0.11646
-0.52197
0.06515
0.12992
-0.10326
-0.24059
-0.32839
-0.20977
0.23258
-0.08276
-0.08189
-0.26579
0.15054
0.21025
0.08318
0.00834
-0.00767
-0.62609
-0.12710
0.23883
0.00084
-0.10219
-0.19686
0.16295
-0.00769
-0.12342
0.13946
0.15366
-0.17332
-0.90931
0.24692
0.14249
0.13387
-0.27833
0.14593
-0.41800
-0.23438
0.05995
-0.22650
-0.30273
0.13290
-0.14834
0.09054
0.04146
0.21343
0.07581
0.00539
0.07284
-0.18044
-0.28330
-0.41988
0.12011
0.13667
0.02349
0.17818
0.04430
-0.17873
0.23056
-0.15561
0.20374
0.08229
-0.13757
-0.71622
-0.20575
0.11676
0.22183
0.05211
0.19125
-0.13143
-0.09156
-0.15216
-0.60294
0.08331
0.27395
0.00778
-0.51879
0.17791
-0.02981
-0.02271
-0.04141
-0.06691
0.30343
0.17320
0.06348
0.35910
0.19695
0.01972
0.18784
0.00530
0.05088
0.25280
-0.20542
0.09019
0.21238
-0.11914
0.09176
-0.14412
-0.18566
-0.07824
-0.25878
-0.47403
0.15177
-0.13553
-0.63674
0.07308
0.50696
-0.30409
-0.06021
0.16159
0.10095
0.05696
-0.16232
-0.14658
-0.61233
0.09860
0.17865
0.05529
0.04598
-0.00252
0.10308
-0.30308
-0.29208
0.35432
0.15730
-0.01627
0.15972
-0.25230
0.09984
0.23161
0.29171
-0.84340
0.22974
-0.12140
-0.38567
0.01148
0.26151
-0.19044
0.28340
-0.01760
-0.02218
-0.42402
-0.19253
0.08890
-0.15944
-0.44393
-0.39899
0.00712
0.29348
-0.64297
-0.15979
0.21174
-0.78804
-0.08616
-0.30887
0.00836
-0.23764
0.13481
0.07295
0.18915
0.35783
0.10780
-0.16736
-0.09369
-0.14258
-0.81637
-0.05857
-0.21668
0.20386
0.01658
0.23624
-0.52005
-0.05241
-0.92597
-0.95248
-0.16028
0.11595
0.11210
0.03431
-0.21134
-0.29459
-0.28240
0.20054
-0.21058
-0.10821
-0.17166
0.41276
0.15481
-0.30608
-0.41795
0.08443
0.14000
-0.10300
-0.13717
0.22886
0.15957
0.16563
-0.16869
0.23770
-0.07080
-0.27628
-0.36464
0.13989
0.00739
0.25695
0.19656
0.42768
0.07395
0.08050
-0.12897
-0.00490
-0.19804
0.00016
0.18525
-0.29091
0.11651
-0.00922
0.13663
0.16573
0.15485
-0.24397
0.17765
0.10345
-0.74747
0.67726
-0.28738
-0.21983
0.04726
0.15850
-0.08581
-0.29796
-0.18473
-0.03897
-0.13058
0.12813
0.15910
-0.42424
-0.29529
0.08384
0.15341
-0.03876
0.04238
-0.11392
0.13765
-0.22465
0.08854
0.17923
-0.24886
-0.17361
0.16386
0.18780
-0.51057
-0.04827
-0.23132
-0.20247
-0.22961
-0.05652
0.28532
-0.33685
-0.35351
0.13984
-0.27050
-0.86277
0.13331
-0.32795
0.04172
-0.27140
0.22928
-0.18565
-0.16130
0.09744
0.01720
0.00978
-0.17888
0.00954
-0.23147
-0.17861
-0.17401
-0.50891
0.14037
0.22317
0.22024
-0.31401
0.16392
-0.44466
-0.46604
0.02780
-0.20634
0.13217
-0.10470
-0.06001
-0.36412
-0.06099
0.15453
0.19226
-0.10000
-0.17031
-0.05839
-0.48492
0.02568
0.11575
-0.50948
0.29640
-0.20121
0.24866
-0.63359
-0.06506
-0.21360
-0.42285
0.24300
-0.15984
-0.18366
0.02808
-0.11522
-0.23653
0.09551
0.03253
0.13503
0.22261
0.12983
-0.53110
-0.62677
0.15236
-0.16822
0.23456
-0.08533
-0.53169
0.15323
-0.51008
-0.14285
0.32542
0.31699
-0.06250
-0.46908
-0.57395
0.21734
-0.10767
0.04691
-0.29651
0.01362
-0.01900
-0.18082
-0.09733
-0.62117
-0.16492
-0.07849
-0.01259
0.23471
-0.06830
-0.41325
0.18211
-0.50295
0.33636
-0.22349
-0.14484
-0.36196
-0.39722
0.04086
-0.04239
-0.09302
0.02703
-0.12982
-0.60585
-0.43016
0.63968
0.10150
-0.55174
-0.41469
-0.23841
0.00839
0.18798
0.50819
0.11910
0.02010
-0.88716
0.15751
-0.13259
0.20153
-0.10351
-0.16096
0.13262
-0.16404
0.02699
0.17705
-0.07632
0.21550
-0.03221
-0.01626
-0.42613
0.06128
0.13368
0.20456
-0.27183
0.01040
-0.10415
0.18743
-0.36000
-0.22943
-0.03445
-0.13400
-0.55995
0.04835
0.07373
0.26451
0.06765
-0.06795
-0.07375
-0.12395
0.16276
0.25086
-0.90208
0.07294
0.41176
-0.25799
-0.03651
-0.28325
0.14467
0.01134
0.11399
0.07668
0.04030
-0.09381
0.13378
-0.94648
0.16342
-0.62886
-0.28363
-0.01935
-0.30030
-0.20402
0.06862
0.15673
0.20489
0.28777
-0.10706
0.19090
0.00049
-0.21993
-0.52708
0.14384
-0.13391
0.05998
-0.31686
0.05815
0.20255
0.15598
0.06200
-0.55549
-0.13057
-0.21366
-0.22360
0.09713
-0.15576
-0.31125
-0.34431
-0.12907
0.24842
0.14174
0.09174
0.21472
0.18907
-0.60914
0.08271
-1.09681
0.03234
-0.03801
-0.08373
-0.11304
0.16307
-0.40857
0.17143
0.04551
-0.01739
-0.29670
0.42593
-0.39430
0.22115
0.41508
-0.37914
0.11202
-0.06813
0.09041
-0.03473
-0.24384
0.21806
-0.54132
-0.12057
-0.00859
0.01852
-0.29427
0.20667
-0.07250
-0.14763
0.11119
-0.36597
-0.16045
0.14717
0.21833
0.01932
-0.33511
0.13070
-0.15803
-1.02926
-0.04499
0.26564
-0.02258
-0.13748
0.19798
0.09967
-0.26806
-0.96890
-0.01272
0.18910
-0.22853
0.22651
0.01874
0.21456
-0.24090
-1.04096
0.22560
0.01589
0.25764
-0.08861
0.20807
0.33621
0.23579
0.06122
0.20225
0.09449
0.19705
0.13971
0.21942
-0.45834
0.05965
0.10773
0.07790
-0.23077
-0.79139
0.02783
0.03411
0.29640
-0.34876
-0.31275
-0.07597
-0.04101
0.04439
0.11136
0.32932
-0.45682
0.02432
-0.04979
0.25842
-0.30051
0.01468
-0.17390
-0.43819
-0.07730
0.09780
0.14429
-0.16743
-0.36169
0.26108
-0.35462
-0.31559
0.06784
-0.06245
0.17629
-0.06384
0.08441
-0.66095
-0.04203
-0.38434
0.20332
-0.26272
0.00316
0.06312
0.20177
-0.17651
-0.07034
-0.47606
-0.25148
0.09797
-0.00039
-0.23992
0.17866
0.08192
0.18847
0.30204
0.07459
-0.10640
0.10943
0.23243
-0.08433
0.23275
0.22029
-0.31201
-0.07510
0.16407
-0.04169
-0.05449
0.11402
-0.33714
-0.61654
-0.00397
0.03083
0.10456
-0.24511
-0.42970
0.19573
-0.43433
0.16266
0.13429
-0.15476
-0.18569
0.36105
0.09551
0.23226
0.11206
0.33641
0.10239
-0.21405
0.19319
-0.07421
0.33820
0.17407
-0.40486
0.08991
0.23276
-0.46401
-0.54246
0.21955
0.13798
-0.35648
0.04189
-0.67488
-0.50075
-0.22170
0.04090
-0.04949
-0.16980
-0.53791
-0.16037
0.10049
-0.04431
-0.14838
0.20054
-0.18816
0.42701
0.13646
0.14644
0.12156
-0.22673
-0.34046
0.05553
0.05538
-0.75692
-0.01664
-0.22453
-0.24607
-0.18340
-0.11773
0.11984
0.19021
0.05667
-0.07543
0.08898
-0.05512
-0.33078
-0.02517
-0.05719
0.23214
0.21311
0.22527
-0.29892
0.10474
-0.16732
-0.21757
0.22765
-0.05154
0.19486
0.22451
-0.37315
-1.06556
-0.07013
0.20733
-0.18208
0.21052
0.10651
-0.16000
0.01161
-0.64912
-0.01048
0.08540
-0.18405
0.05835
-0.40177
0.15616
-0.11939
-0.09180
-0.24395
-0.27256
0.15042
-0.96681
0.19210
-0.60460
-0.20323
0.02360
-0.54699
0.21887
0.40713
-0.11532
-0.80247
0.16094
-0.34338
0.25979
-0.14186
-0.22348
0.07188
0.34250
0.06668
-0.24331
-0.05324
0.07995
0.21136
-0.26297
0.21015
-0.83654
0.26285
0.04406
0.15524
0.18221
-0.97881
-0.66290
-0.31798
-0.52939
0.22725
0.19208
0.78342
-0.73718
0.16780
0.22444
-1.44030
-0.04053
-0.23004
0.07593
0.08865
-0.21150
0.08223
-0.00776
-0.65458
0.11005
0.16712
0.15927
-0.24943
0.04186
0.08258
0.16235
-0.47920
-0.17252
-0.25782
0.01883
-0.30062
0.06197
-0.27563
-0.38519
-0.00942
-0.29113
0.07134
-0.29802
-0.80449
0.21014
-0.23834
0.15984
-0.07491
-0.02197
0.26620
-0.15858
0.26248
0.24221
-0.39502
0.50402
0.26716
-0.25684
0.17363
0.16587
0.19705
0.16553
0.49404
0.15291
0.36895
-0.10249
0.19028
0.33945
0.14500
0.08708
0.14955
0.35374
0.19898
0.18473
0.24522
0.16238
0.20731
-1.19393
0.18426
0.19118
-0.06383
0.19446
-0.03082
-0.24692
-1.04101
0.24752
0.36007
0.37221
-0.34074
-0.33375
0.32993
-0.20806
0.08227
0.41738
0.40319
0.35637
0.43635
-0.33798
0.20232
0.33266
-0.36673
0.19912
0.13503
-1.40833
0.73608
0.19413
0.38156
-0.06457
0.35701
0.19279
0.14300
0.21392
0.13824
0.17011
0.44453
0.16575
0.23396
0.18274
0.24879
0.15817
0.57232
0.13291
0.17141
-0.27138
0.19738
0.15569
-0.09214
0.27463
-0.47042
-0.01602
-0.07576
0.17049
0.20789
0.18912
-0.65842
0.85825
-0.21350
0.18625
0.45798
-0.13441
0.11949
0.22583
0.18476
-0.22505
0.69896
-0.92488
-0.17088
0.04446
0.12384
-0.30696
-0.43932
-0.01259
-0.27954
0.02634
0.24577
-0.52759
-0.23355
0.58591
0.12314
0.58623
0.33008
-0.02590
0.40526
-0.28668
0.22417
-0.65208
0.16408
-1.86648
-1.14761
-1.59872
0.09340
0.18114
-0.57737
-1.12325
-1.17821
0.18370
0.12468
0.43229
0.35733
0.37720
0.42654
-0.20679
-1.06062
0.44964
0.31147
0.16514
0.34810
-0.49010
0.12550
0.09237
0.56812
0.07838
0.62127
-0.05832
0.07313
0.54310
0.14468
0.52398
0.31006
0.22321
-0.23114
0.40506
0.39506
0.84334
0.57799
0.10409
-0.67948
0.46843
0.48801
-0.17559
0.11459
-0.23461
0.03906
0.12343
0.36308
-0.57575
0.44951
0.33329
-0.45249
0.19313
0.35753
0.39883
0.35301
0.59248
0.24063
0.05047
0.02873
0.17882
0.08819
0.08502
0.20615
-0.12025
0.36434
0.13852
0.27422
-0.03875
-0.00112
0.30796
0.28720
-0.32280
0.30013
0.14298
0.12859
-0.36993
0.50159
-0.87489
-0.24391
-0.29518
0.16316
0.37975
0.20920
0.41310
0.10350
0.31689
0.12760
-0.63590
-0.20804
0.24397
-0.24135
0.34421
0.14345
0.28944
0.14757
0.30605
0.31837
0.03248
-0.13692
-0.08467
0.15193
0.13302
0.29858
0.38059
-0.20056
0.30031
0.10373
-0.09528
0.38405
-0.58944
0.17874
-0.07583
-0.48640
-0.49886
-0.27110
0.27258
0.39768
-0.06306
0.18264
-0.45991
-1.00143
0.30990
0.07448
0.55876
0.30210
0.51923
-0.28961
-0.39239
0.42399
0.09938
-0.78719
0.28894
0.25112
0.33824
-0.40894
-0.36682
-1.11437
0.39254
0.05302
0.13127
-0.51854
-0.14782
0.05242
0.02527
0.22832
-1.32807
-0.06620
0.51768
0.34230
0.66898
0.17688
-0.38687
0.80484
-0.70862
0.09687
0.22821
-0.35658
0.30370
-0.59024
-1.29435
0.26079
0.08041
0.06175
0.19544
0.40292
-0.90573
-0.31274
-0.69280
-0.45375
0.00156
0.17575
0.29327
-0.98295
-0.34984
0.20890
-0.78113
0.18361
0.15626
-0.66143
0.40292
-0.40615
-0.41324
-0.36791
0.25901
0.20330
0.33563
-0.46066
0.40382
0.11358
-0.84776
-0.39227
-0.06016
0.30529
-0.02577
0.62699
0.64902
0.47218
0.31640
0.44666
0.54437
0.77168
-0.55702
-0.50002
0.49116
-0.31868
-0.03639
0.38822
0.20428
0.29849
0.27028
-0.11913
0.42194
0.23788
-0.04072
0.30954
0.23471
0.70089
0.34489
-0.74525
-0.32802
-0.18231
0.09300
0.22024
0.06396
0.25150
0.40708
0.23328
0.40765
-0.40152
0.17365
0.38542
-0.10139
0.38189
0.16084
-0.83274
0.09297
0.38657
0.28897
-0.16243
-0.22390
-0.36125
0.47533
0.58000
0.38738
0.33595
-0.42522
0.31816
-0.34294
0.22445
0.14172
-0.36107
-0.28705
0.29687
0.25022
0.60549
0.40490
-0.32965
-0.43715
0.22806
0.00563
0.51316
0.75350
0.63176
0.30696
-0.29909
-1.09696
-0.01192
0.17665
-0.44443
0.26939
0.57046
0.03824
0.17125
0.00657
-0.29822
-0.36052
0.48637
0.14064
0.22321
0.15880
0.12761
0.09106
-0.03347
0.55591
-0.48141
0.21383
0.35013
0.21582
0.35565
0.32791
-0.47664
0.12163
0.25386
-0.48958
-0.73673
0.19214
-0.17884
0.33276
-0.23483
0.18999
-0.46730
0.00763
0.17771
0.22395
0.14981
0.24811
0.07180
0.31107
0.32629
0.18431
0.36710
0.14446
-0.02420
0.28036
0.15760
0.38697
-0.64825
0.21215
0.85689
0.76450
0.30098
0.44466
0.14934
0.27121
0.15117
-0.11971
0.32410
0.31145
-0.14013
0.22833
-0.70400
0.41805
0.21472
0.38974
-0.15716
-0.09069
0.40563
-0.54142
0.29678
0.27383
0.11324
0.14620
0.32169
0.37367
0.04662
0.26166
-0.27506
0.42393
0.10401
0.18922
0.34553
-0.47854
-0.17680
0.31227
0.40924
-0.86661
0.23168
0.17285
0.32398
0.39310
0.32514
0.22106
0.03097
0.27510
0.42953
-0.46125
-0.40226
0.83931
0.12833
-0.03295
-0.18801
0.72219
0.44780
0.22321
-1.06349
0.17833
0.19256
0.30098
-0.48863
0.26336
0.10434
0.35337
0.03295
0.32928
0.52095
0.32705
0.43811
0.21164
-0.44112
0.00520
-0.06593
0.45598
-0.12020
0.24698
0.13311
0.34960
0.36688
0.43772
-0.49258
0.69573
-0.19585
0.01330
-0.39787
0.42569
0.07178
0.17553
0.28141
0.00472
0.52438
0.39565
0.09782
0.65528
-0.25960
0.59326
0.17305
0.09933
0.32129
0.22105
0.31412
0.24871
0.25753
0.15656
0.57631
0.54187
0.24921
0.17886
0.48082
0.26863
0.47323
-0.06596
-1.46826
-0.36219
0.20346
0.36240
-1.21208
-0.76703
0.23830
0.09690
0.10790
0.19829
-0.28203
0.35548
-1.09961
-0.37787
0.34443
0.47135
0.58731
-0.53062
0.15463
0.19187
0.17766
0.18101
-0.37918
0.11956
0.22132
-0.36959
0.03400
0.13572
0.11875
0.12770
0.13853
0.01611
0.56441
0.00576
-0.35436
0.42235
-0.34802
0.10445
-0.48786
0.39749
0.29708
0.20939
-0.86861
0.14412
0.39775
0.11363
-0.21424
0.22385
-0.73533
0.50726
0.23671
0.16660
0.27854
0.05717
0.08850
0.16577
0.22049
0.20758
-0.67790
-0.51750
0.77845
0.20882
0.29097
-0.09627
0.34735
-0.50228
0.41700
0.18845
0.15127
0.19607
-0.10121
0.29247
0.45846
0.41264
0.46650
-0.93906
-0.07688
-0.73722
0.17403
0.31507
0.22228
-0.88972
-0.38628
-0.35604
-0.30034
0.22529
0.13036
0.13442
-0.29067
0.27066
-0.03940
-0.27928
-0.22068
0.51518
-1.27899
0.38320
0.27634
-0.17907
-0.73101
0.24435
-0.50173
0.27297
0.66188
-0.00305
0.09699
-0.26197
0.02820
-0.43395
-0.05752
-0.03365
0.41311
0.21784
0.36746
0.14727
0.33645
0.42024
0.24783
0.30679
0.28739
0.35265
-0.34677
0.17983
-0.05383
0.25168
-0.98260
0.12291
0.44878
-0.00522
-0.22782
0.29786
0.02776
-0.26762
0.24731
-0.19718
0.62016
0.25161
0.32859
0.34157
-0.71257
0.61592
0.25313
0.11207
0.21328
0.32295
0.48365
-0.15748
0.12834
0.02926
0.22694
-0.02427
0.18465
-0.28629
0.12327
-0.04081
0.44634
0.42668
0.22736
0.12451
-0.11609
-0.70241
-0.49252
-0.78027
0.28906
0.19241
-0.40025
0.31678
-0.53068
-0.65747
0.17367
-0.18956
0.02359
0.22463
0.17715
0.33246
-0.23406
0.30359
-1.16397
0.12393
0.76182
0.05546
0.50392
-0.05083
-0.00385
0.39815
-0.94639
0.01263
-0.62531
0.09931
-0.41123
-0.08668
0.36334
-0.42986
0.20399
0.11427
-0.14116
-0.52363
0.40462
-1.29038
0.58496
0.20454
0.51094
0.39208
-1.02941
-0.34984
0.40266
0.37137
-0.45259
0.38259
-0.10437
0.82933
0.78026
0.03901
-0.47917
-0.25160
-0.47183
0.36274
0.46632
0.21172
-0.42560
0.40808
0.33905
0.79911
0.42007
0.53726
0.29514
0.11285
0.61502
0.45104
0.26645
-0.54764
0.25772
0.30789
0.37806
0.31415
-0.95908
0.11246
-0.86998
-0.05846
0.25913
-0.58373
0.20940
0.19359
0.32909
0.19522
0.09107
0.02966
0.04115
0.34400
-0.08651
0.58927
0.27633
0.69936
0.49792
0.35367
0.20381
0.14077
0.41010
-1.08367
0.44225
0.23063
-0.94330
0.13860
0.37712
0.34019
-1.06679
0.24094
0.62038
0.03361
0.01887
0.21806
0.75553
0.33907
-0.70197
-0.12624
-0.43866
0.00771
0.39814
0.17230
0.13596
-0.81118
-0.42059
0.06970
0.32836
0.08933
0.80785
-0.08269
-0.23088
0.30412
0.33783
0.23355
-0.29688
-0.80323
-0.55868
0.15803
-0.06179
0.17638
-0.71247
0.35543
0.37838
0.03114
0.31152
0.81502
0.17580
-0.26102
0.08201
0.11404
0.39223
0.65124
0.13081
0.05500
0.44857
-0.02667
0.23492
0.39402
-0.07201
-0.21386
0.13026
0.10212
-1.12851
-0.36496
-0.34360
-0.20717
0.32492
0.20242
0.16257
0.46216
0.20789
-0.60061
-1.05420
-0.39239
-0.03682
0.07435
0.14754
0.36363
0.16213
-0.01215
-0.83958
0.17751
0.57086
0.28593
0.27287
0.09595
-1.12732
0.21867
0.49413
-1.24978
-0.21295
-0.39179
-0.64822
0.13920
0.16897
0.48572
0.35883
0.30735
-0.36589
-0.17515
-0.07665
0.45200
-0.46584
0.11232
0.25619
0.39595
0.20832
0.24656
0.03571
0.18690
0.06859
0.17704
0.01253
0.28483
0.53428
-0.49020
0.36399
0.50927
0.38997
0.05085
0.16008
-0.08295
0.21812
-1.50196
-0.07144
0.36940
0.44875
0.32200
0.22831
0.24131
0.19795
0.24365
-0.23842
0.20738
0.07952
0.65025
0.12148
0.07340
0.02803
0.25376
0.09508
0.14158
0.16729
0.22832
0.23268
0.10861
0.20112
0.23114
0.22186
0.14565
0.52001
0.48953
-0.00377
-0.22579
0.02317
0.06507
0.27044
0.44341
-0.25049
0.63410
-0.36046
0.20994
0.45445
0.17285
0.50825
0.35899
0.17566
0.40161
0.30545
0.34506
-0.78935
0.29911
0.48551
0.38408
0.36811
0.19338
0.16246
0.25905
0.29083
-0.07828
0.46115
0.10333
-1.20679
-0.00570
0.54101
-0.71425
0.15444
-0.39950
0.05172
-0.94136
0.21678
0.39195
0.41505
0.01019
0.32310
-0.31494
0.23047
0.27585
-0.37365
0.17264
0.38193
0.38509
0.46731
0.24684
-0.06223
0.00250
0.73968
0.17027
0.42803
0.27463
-0.02119
0.26591
0.21233
-0.59677
-0.21382
0.53424
0.20518
0.22447
-0.00940
0.14669
0.25031
0.09189
-0.26740
0.21416
0.22830
0.33503
0.68125
0.14264
0.03348
0.21684
-1.28925
0.57837
0.05173
0.37838
-0.59466
0.10738
0.27809
0.34677
-0.34639
-0.31148
0.18902
0.22888
0.07204
0.32997
0.67102
-0.22345
-0.54622
0.27852
0.07898
-0.29898
0.39075
0.50766
0.12079
0.01681
-0.72736
-0.13071
-0.09040
-0.12968
0.35588
0.00694
0.34250
0.32701
0.37098
0.35892
0.08744
-0.36457
0.38632
0.14885
-0.37964
-0.47512
0.00340
0.40522
0.32294
0.50408
0.20276
0.55688
0.28348
-0.09566
-0.70441
-0.07578
0.35717
0.33387
-0.42989
0.32303
-0.26746
0.28979
0.27436
-0.75304
0.38466
0.44827
0.09609
0.13663
0.04681
0.57721
0.21491
0.02999
0.24814
0.56023
-0.64192
0.06545
0.05628
-0.90836
0.20499
-0.21371
0.10618
0.35663
0.03410
0.12817
0.34779
-0.18413
0.38501
0.10078
0.63671
0.55558
0.12600
0.15816
0.21596
-0.40525
0.09407
0.75973
0.41092
0.26593
-0.05093
0.37020
-0.04622
0.76076
0.36484
0.71441
0.06034
-0.02576
0.40770
0.16329
-0.21938
0.30871
0.26629
0.13027
0.38979
-0.44079
0.30651
0.30717
0.07847
-0.08218
0.31753
0.32103
-0.18936
-0.27894
0.15538
0.16303
0.11893
-0.75383
-0.57319
0.35940
0.40604
-0.90686
-0.52757
0.08161
0.66936
0.35460
0.17850
0.12326
0.11293
-0.47165
0.46837
0.46761
0.21155
-1.03875
0.36943
0.45275
-1.06576
0.40419
0.02436
0.32983
-0.25247
0.10003
-0.04777
0.55962
0.39238
0.29979
-0.75331
0.37750
-0.44343
0.05863
0.38847
0.32711
0.16983
0.34313
0.89146
0.34116
0.47063
0.20819
0.24007
0.36337
-0.45094
-0.92224
0.47846
-0.38710
0.56613
0.26860
0.10387
-0.65670
0.44367
0.12363
0.31889
-1.12036
0.08995
-0.63970
0.22566
0.29520
0.51841
0.39152
-0.35107
0.10841
0.15031
-0.27175
-0.78648
-0.23315
0.20700
0.15216
0.48000
0.26035
0.68328
0.13862
0.19983
0.18120
0.48338
0.38550
0.13709
-0.75312
-0.37115
0.07843
-0.26170
0.37787
0.51320
-0.10211
0.14055
-1.47898
-0.48194
0.02295
0.21642
0.26112
0.43694
0.09351
0.40867
0.03724
0.06730
-1.10747
0.14233
0.56459
0.07353
0.09891
0.15167
0.45590
0.28702
0.29482
0.27833
0.23007
0.31895
0.25464
0.52663
-1.02303
0.32577
-0.20265
-0.19041
-0.45586
0.78938
-0.54342
0.36358
0.22933
0.30586
-0.49443
0.27997
0.34289
0.27554
0.24432
-0.30646
0.26207
0.26426
0.42910
0.10526
0.37346
-0.02445
-0.34223
-0.48091
0.13803
-0.12446
-0.48441
-0.12323
-1.06702
0.25474
0.21877
0.37078
-0.09385
0.43274
0.17024
0.17182
-0.33650
0.34024
0.02239
0.22147
-0.61333
0.25701
-0.31340
0.12190
0.07324
0.44962
-1.05626
0.06643
0.42269
0.42381
0.37335
0.26646
0.73273
0.28690
-0.37615
0.15939
0.23361
0.25762
0.79580
0.34963
0.31488
0.25435
0.51177
0.27740
-0.24987
0.26655
-0.60911
-1.82258
0.32573
-0.01286
-0.17480
0.46454
0.22285
0.07253
0.56406
0.10710
-0.25579
-0.21082
-0.07194
0.15657
0.14577
-0.07527
-0.13634
-0.82960
0.37902
-0.89887
-0.40744
0.52913
0.10165
0.37082
0.12116
-0.55294
0.17733
-1.14391
0.28492
0.15802
0.49100
0.18501
0.15315
0.40238
0.15496
-0.51235
0.31116
0.55363
0.28149
0.63579
-0.05632
-0.67523
-0.47808
0.33789
-0.46173
0.36351
0.34932
0.10264
0.27349
0.15137
0.15436
0.15009
-0.24888
0.26328
0.13392
0.29125
-0.14836
-0.39844
0.21821
0.15162
0.20875
-0.37493
-0.20740
0.43840
0.10516
0.08441
-1.18041
0.08741
0.20484
0.33743
0.37020
0.37981
-0.45291
-0.79805
-0.44100
-0.85057
-0.36057
0.03559
0.68579
0.02040
0.41779
-0.37333
0.12832
-0.20795
-0.22153
0.00959
-0.36170
0.04729
-0.24893
0.40103
-0.33782
-0.16324
-0.10413
0.10973
0.45785
0.27525
0.42075
-0.85202
-0.58546
-0.84360
0.33715
-0.63419
0.23268
0.18072
0.15313
-0.51428
0.16140
-0.38957
-0.30997
-0.14840
-0.22622
-0.48975
-0.30812
0.16983
-0.03575
-0.18576
-0.61058
0.75361
0.29507
0.39601
0.23776
-0.48935
0.39280
0.42490
0.34888
0.21409
0.30136
0.45814
0.04701
-0.48219
-0.36175
0.09629
0.31985
0.29479
0.36887
0.16429
-0.76229
-0.36784
0.42445
0.11220
0.27625
-0.20005
0.23767
0.73566
-0.04658
0.28255
-0.13591
0.21274
0.62255
0.74401
0.06450
-0.34301
0.37000
0.12958
0.15493
-0.02110
0.15018
0.14413
0.32385
0.30251
0.25431
0.11244
0.14644
0.18429
0.19361
0.21507
0.30992
0.30662
0.12894
0.12253
0.14121
0.21854
0.83650
0.24266
-0.07236
0.20759
0.10679
-0.38769
0.35850
-0.31753
0.11366
0.12078
0.19141
0.52021
0.17941
0.29598
0.50272
0.21317
-0.03092
-0.01298
0.09582
0.09490
-0.00064
0.20499
0.64189
0.23706
0.12530
-0.18940
-0.02189
-0.65246
0.13489
-0.15229
0.29733
0.11180
0.05489
0.22691
0.00814
0.06764
0.09044
-0.20668
0.50224
0.61578
-0.40079
0.59179
0.15171
0.10365
0.12121
0.37035
0.03227
0.29667
0.34773
0.32496
0.24101
0.43802
0.30725
0.16434
-0.68802
-0.46321
0.46016
0.50729
0.11984
0.28298
0.28170
0.18058
0.49189
0.72018
0.53304
0.24806
0.22447
0.07220
0.39273
-0.15941
0.35935
-0.04845
0.08233
-0.59176
0.15693
0.11041
0.19700
0.20770
0.18713
0.10456
-1.10377
0.01900
-1.34108
0.33717
0.19548
0.01769
-0.39773
-0.09083
0.03883
0.46971
0.37735
0.46397
0.30900
0.16084
0.48139
0.15507
-0.62953
0.35121
0.75649
-1.70136
0.31949
0.12032
0.37503
0.49797
0.18572
0.84486
0.21108
0.18885
-0.02664
0.20410
-0.15233
0.30020
0.23039
0.35704
0.51644
0.25820
0.27888
0.18145
0.30107
0.14092
-0.35574
0.13495
0.43497
0.47711
-0.58349
0.30284
0.06246
0.27087
-0.74848
-0.43890
0.10830
0.40112
0.13570
-0.00947
0.16546
0.20135
0.15690
0.17074
0.11436
0.16621
0.00292
0.44017
0.58835
0.61323
-0.72867
-1.30537
0.23791
-0.15452
0.26421
-0.01143
-0.22388
-0.25930
0.29814
0.32249
0.22100
-0.18427
-0.03925
0.34272
-0.03109
0.36909
0.21473
-0.02066
-0.00607
0.17259
0.29439
0.13359
0.15556
0.11596
-1.04226
0.20102
-0.22646
-0.50358
0.20495
-0.27676
0.69733
0.07711
-0.46894
0.16798
0.33699
-0.00750
0.09910
-1.18255
0.03691
0.47146
0.19327
-0.51823
-0.56833
-0.11520
-0.65184
0.22194
0.02394
-0.46958
0.26242
0.15397
0.27306
0.39769
0.29793
0.33705
0.42720
0.04154
-0.87454
0.05465
0.11852
0.51143
-0.11597
-0.81956
0.37341
-0.29884
0.05215
0.22587
0.31320
-0.19131
0.29890
0.20976
-0.00161
0.26541
0.38702
0.37183
0.40909
0.16916
-0.19728
0.41648
-0.03449
-0.01451
-0.79290
0.57358
0.62563
0.09548
0.16756
0.28356
0.39586
0.19385
-0.09300
0.22651
-0.43873
0.24131
-0.43513
-0.77116
0.23086
-1.03462
-1.04368
0.10183
-0.20372
0.22663
-0.03903
-0.22705
0.09485
0.15706
0.18450
0.04139
0.38850
0.13814
0.57090
0.45477
0.14674
0.17806
-0.47245
0.56216
0.48054
0.07026
0.12724
0.31292
0.13419
-0.19861
-0.07382
0.46125
0.26382
-0.02240
0.11096
-0.42895
0.69055
0.30276
0.56151
0.21886
0.41749
0.34758
0.27947
0.24237
0.11759
0.06849
0.47002
0.16842
0.31456
0.24160
0.48834
0.23996
-0.50977
0.07753
0.07484
-0.34022
-0.09189
0.30930
0.07616
0.36828
0.53806
0.48822
0.14587
0.16548
0.20532
0.19454
0.30794
-1.40992
0.38089
0.10916
-0.40639
-0.42788
0.17714
-0.19936
-0.50987
0.18750
0.02400
0.21546
0.26302
0.31649
-1.03097
0.14932
-0.36289
0.16768
0.05061
-0.77505
0.24131
-0.14201
0.18645
0.44886
0.13146
-1.37437
0.30360
-0.66584
0.11020
-0.65031
0.11125
-0.21905
0.03347
-1.44011
-1.50942
0.29711
0.05159
0.15891
0.31482
-0.85970
0.28999
-0.76175
-0.08602
0.11487
0.24413
-0.44982
-0.50546
0.17360
-0.11524
-0.37278
0.03654
0.35421
-0.51740
0.28487
0.07618
-1.23529
-0.47062
0.35133
-0.19623
0.11266
0.24873
-1.02458
-0.46057
-0.47027
0.36663
-1.03552
0.36604
-1.00435
-1.56508
0.14821
0.27292
0.24555
0.10331
0.72675
-0.72324
0.19858
0.52989
0.32370
0.50619
0.06072
0.03081
0.30298
0.43172
0.74127
0.09984
0.25364
0.47638
-0.40928
-0.16427
-0.25652
0.12299
0.42406
0.52394
0.67142
0.49201
-0.70734
0.17282
-0.73811
0.55083
0.53569
-0.14362
0.10685
0.31574
-0.13760
0.54185
0.11198
-1.05434
0.74050
0.08030
-0.06343
0.42201
-0.39532
0.34869
0.29250
0.05452
0.74989
-0.37901
0.12864
0.14034
0.00534
0.15767
0.35978
0.23273
-0.24623
-0.12449
0.63572
0.37733
0.56265
0.58010
-0.05255
-0.01337
0.65553
-0.67379
0.09008
-0.13577
0.64266
0.11345
-0.01456
0.27654
-0.07849
0.67658
0.80788
-0.79563
-0.33853
0.08425
0.36520
0.44673
-0.66795
-0.66592
-0.67685
0.53008
0.25359
0.15524
-0.52471
0.30304
-0.51634
-0.00983
-0.01712
0.07076
0.15146
0.27970
-0.39539
-0.17006
0.11343
0.07764
0.57651
-0.00113
-0.12042
-0.61139
0.27974
-0.14471
0.18049
0.36611
0.09065
-0.93734
-0.33242
0.53871
0.16863
0.50020
-0.38688
0.34722
0.03063
-0.76546
0.24546
-0.33752
0.09818
0.23261
0.04889
0.17390
0.46798
0.06454
-0.17104
0.32450
-0.12433
0.24682
0.22484
0.29967
0.45480
-0.53655
0.51564
0.16978
0.11807
0.31062
0.12679
-0.85149
0.13096
0.03912
-0.31014
-0.09582
-0.24513
0.03310
-0.17590
-0.32396
0.18305
-0.78353
0.29201
-0.95779
-0.14906
0.02654
0.13201
-0.37631
-1.10885
0.00266
0.14763
0.35503
0.09885
-0.34010
-0.22126
-0.23605
0.39706
-0.10925
0.28911
0.27546
0.11402
0.37644
0.44782
-0.35853
0.18436
0.15061
0.15725
0.38986
0.36237
0.15979
-0.38373
0.16608
0.22172
-0.21185
0.25115
0.42565
-0.18782
-0.12632
0.18743
-1.18000
0.35224
-0.11967
0.56820
0.04246
-0.58262
-0.44840
-0.36578
0.18725
-0.88652
-0.36771
0.09216
-0.10002
-0.43335
0.55220
-0.87118
0.24153
-0.64894
0.19088
-0.00585
0.17848
0.33866
0.21878
0.27174
0.21209
0.47284
0.19683
-0.10062
0.17374
0.24806
-0.37551
0.24465
-0.39851
0.11744
-0.07706
0.32718
-0.09527
0.17426
0.24043
-0.61071
0.17883
-0.49332
-0.03114
0.01177
0.06569
0.24671
-0.31138
0.16936
-0.23983
0.43737
0.22329
-0.33074
0.50032
0.36308
0.34797
-0.34139
0.35340
-0.70669
0.47575
0.01738
0.30868
-0.14218
0.15955
0.51328
-0.53836
-0.08196
-0.40722
0.43030
0.14262
-0.00214
-1.17425
-0.45260
-0.04470
-0.15839
0.03745
0.14992
0.28958
0.18477
-0.63067
-0.65762
0.11460
0.26992
-0.23686
0.14406
0.44340
-0.78079
-0.15785
0.18281
-0.28018
0.52509
0.41688
0.20832
0.73238
-0.64054
-0.34540
-0.05207
0.18685
0.05233
0.28759
0.20922
-0.58643
-0.39747
0.21914
0.44701
0.15906
-0.35145
-0.55306
-1.35646
0.02865
-0.04174
-0.16528
0.17202
-0.36380
0.23387
0.35899
0.64708
-0.60690
0.49124
0.35809
0.54531
0.13263
0.18808
-0.25308
-0.45461
0.20978
0.14070
0.11522
0.75113
0.21972
0.53037
0.09293
0.28148
0.55194
-1.38048
-0.61471
0.40550
0.41964
0.40554
0.11373
0.73581
0.15233
0.14392
-0.05373
0.33416
0.35416
0.17754
0.24887
0.16062
0.47219
0.11028
0.78139
0.43840
0.82088
0.41064
-0.05981
-0.00615
0.40261
0.09677
0.03231
-0.00794
-0.11675
0.55709
0.25810
-0.51915
0.20413
0.04736
0.27638
-0.09859
-0.04616
-0.65259
0.44765
0.31428
-0.17727
-0.04579
-0.10774
0.10526
0.32998
0.19058
-0.08193
0.18691
-0.33388
-1.08508
0.58225
0.30785
0.03711
-0.17635
0.26006
0.01100
0.47510
0.27646
-0.28191
0.16796
0.20064
-0.15647
0.40598
0.06574
0.50236
0.45099
0.25371
0.24159
0.13273
0.16488
0.34789
0.10048
0.37376
0.25177
0.46987
-0.13504
0.04494
0.05070
-0.14426
0.13500
0.69364
0.25467
0.08968
-0.49244
0.01128
-0.32970
-0.35920
0.38398
-0.12097
0.31736
0.62169
-0.33618
-0.46892
0.07032
0.14425
-0.20133
0.35606
0.24766
0.11695
-1.06401
-0.15681
0.30103
-0.39965
0.34714
0.17928
0.44713
0.13300
0.39037
0.41779
-0.57812
0.25915
0.49883
-0.43180
0.45353
-0.25018
0.29034
-0.27013
0.11052
-0.49826
0.14819
-0.01518
-0.27946
-0.36189
-0.01688
-0.17315
0.34099
-0.62693
-0.91916
0.11657
0.02392
0.37270
0.38758
-0.13115
0.40439
0.45830
-0.42318
0.44842
-0.11352
0.32740
0.06993
-0.78400
0.25876
0.03430
-0.94838
-0.20768
0.19729
0.24081
0.10364
0.42614
-0.92088
0.30367
-0.59030
-0.17227
0.08118
0.24666
0.16139
0.29175
0.07852
0.11378
-0.13088
-0.24258
0.15109
0.11618
-0.64727
-0.04130
0.17480
-0.07592
0.34172
0.52262
0.13877
0.30775
-0.07689
-0.08265
0.11194
-0.38637
0.10811
0.00717
-0.04758
0.10778
0.28949
-0.68318
0.37443
0.36267
0.33953
-0.36738
0.46450
-0.47584
-1.07628
0.00718
0.46533
0.22859
-0.41639
0.34499
-0.32120
-0.20768
-0.27070
-0.13189
0.09517
-0.39662
-0.44141
0.24455
0.32836
-1.39451
0.22347
0.30843
0.27360
0.42382
-0.31154
0.05968
-0.64931
0.10979
-0.89175
0.13562
0.26481
0.53727
-0.59477
-1.27791
-1.51551
0.23308
-0.24815
-0.39108
0.29081
0.53110
0.29250
-0.14304
0.06812
-0.69927
0.32664
0.15441
0.34780
0.23643
-0.08636
0.10740
-0.57454
0.20987
0.26251
0.41585
0.21598
0.05927
0.15595
-0.41984
0.18243
0.12086
0.35290
0.48958
0.15056
0.04052
-0.61713
-0.21429
-0.57396
0.30574
-0.72183
0.63485
0.13875
-0.02092
-0.06467
-0.57133
0.13405
0.30934
0.19194
0.16304
0.58924
0.51698
0.02459
0.11941
0.23044
0.45830
0.26165
0.12084
-1.14996
0.31910
-0.31654
0.19036
0.34009
0.15390
-0.39564
-0.00808
-0.21361
-0.31995
0.02317
-0.43512
0.18950
-1.54305
0.61532
0.22690
0.17031
-1.28501
-0.82569
0.43296
-0.67672
-0.53202
0.26365
-0.58115
0.20034
0.33748
-0.35438
-0.17323
-0.47244
0.47312
0.57354
-0.17306
-0.67066
0.17131
0.19876
0.14027
0.33167
0.55075
-1.62323
0.19494
0.51048
-0.49808
-0.64095
0.55729
0.29686
0.17889
-0.27210
0.27445
0.22150
-0.85271
-0.03199
-0.13428
-0.73512
0.41592
0.39824
0.43966
0.16045
0.42632
0.93654
0.09469
0.42532
0.19164
-0.42223
0.03047
0.38146
-0.18232
-0.31883
0.20645
-0.53571
0.16268
0.27684
0.62515
-0.38026
0.61938
0.20825
0.36048
-0.19830
0.45428
-0.35514
0.09089
0.05820
0.43408
0.07268
0.35920
0.21756
0.33510
0.10262
0.33866
-0.46688
0.22785
-0.65080
-0.07382
0.17968
-0.21077
0.31036
0.20417
-0.45766
-0.48239
-1.24300
-0.60891
0.50091
0.12820
0.21378
0.39444
0.42456
0.17409
0.38080
0.02780
0.41543
-0.03903
0.29735
-0.23438
-0.06224
0.39533
-0.53279
-0.39928
0.45722
0.31155
0.08279
0.15059
0.11859
0.30161
0.10796
0.44565
0.72744
0.01855
0.30459
0.48033
0.17854
0.37975
-0.36718
0.22743
0.79107
-0.79726
0.20997
0.11194
0.47307
0.43899
-0.30799
0.24236
0.21705
0.12248
-0.30427
0.15145
0.66303
0.11154
-0.07391
0.46483
-0.93351
-0.38929
0.22421
-0.70671
0.27372
0.45976
-0.10617
0.40778
-0.34670
0.33929
0.43122
-0.26981
-0.83652
0.56464
-0.39420
-1.15502
-0.20458
0.02791
-0.25754
-0.19573
-0.08085
0.21810
0.14882
-0.34470
-0.14330
0.17504
-0.41837
0.15362
-0.15999
0.40710
-0.04105
0.47046
-0.30604
0.46872
0.13480
-0.52374
0.23704
-0.43404
0.17761
0.12835
-0.32820
-0.35600
-0.80226
-0.41674
0.14642
0.10936
-0.01710
0.63664
-0.08921
0.26592
0.47697
-1.16045
0.10423
-0.17256
-0.15470
0.16678
0.00575
-0.41366
0.33382
-0.98999
0.23228
-0.48253
0.01545
-0.79273
0.18014
0.22812
0.12143
0.17028
-0.64067
0.20672
0.45032
-0.13409
-0.03891
0.31050
-0.04959
-0.13535
0.14912
0.60065
-0.12619
0.01162
-0.15262
-0.06190
-0.77065
-0.08697
0.99723
0.02447
0.06400
-0.37866
-1.85303
0.09168
0.18058
0.17627
-0.46698
-0.26569
0.29287
-1.35934
0.02577
0.15777
0.00465
0.59642
-0.64342
0.44314
0.05325
0.23723
0.00716
-0.11130
0.48276
0.37265
-1.03269
0.02706
-1.27484
0.26392
0.09545
0.17654
0.01685
-0.76378
0.18070
-0.49125
-0.90870
-0.18212
0.17164
0.30537
0.00701
0.36426
-0.66461
-0.66443
0.07618
0.06908
0.35313
-0.39232
0.37966
-0.18237
0.15204
0.16972
0.42924
-0.37065
-0.06439
0.14216
-0.00645
-0.12286
-0.59275
0.17970
0.40145
0.41617
0.17121
-1.07872
-0.18481
-0.46914
-0.91655
-0.40285
0.17386
0.17836
0.08880
-0.40689
-0.82305
-1.28741
0.13437
-1.16063
0.19426
0.15712
0.07759
-0.00512
0.44450
0.08448
0.06217
-0.46071
-0.72258
-0.33196
0.23348
0.24892
0.11143
-0.06163
-0.11811
0.61313
0.34285
0.16695
0.06900
-0.81030
0.41262
-0.85258
0.50360
0.22461
-0.64794
-1.06004
0.45525
0.27069
0.49190
0.17777
0.31737
0.03805
0.17841
0.46858
0.65592
-0.35892
0.68688
0.21460
-0.03087
0.46579
0.37267
0.24033
0.82898
0.32757
0.38091
0.21979
0.25471
0.01785
-0.13006
-0.66650
0.04436
0.18733
0.15088
-0.40193
0.12047
0.25180
0.38369
-0.42976
-0.36865
-0.58696
-0.47111
0.12787
0.41170
-0.16860
-0.33714
0.24205
0.44465
-0.81090
0.43545
0.67003
0.01061
-0.52613
0.14849
0.04386
0.48831
-0.41500
0.29143
0.40796
0.11166
-0.18982
0.38287
0.20044
0.34659
0.17666
-0.32656
0.33404
0.22776
0.22532
-1.06339
-0.35575
-0.12323
-0.03167
0.06204
-0.18498
0.40892
-1.05911
-0.29900
-0.43820
0.19321
-0.40212
0.36659
-0.00079
-0.60106
-0.71889
0.31266
0.43264
-0.05020
-0.06469
0.50473
-0.27406
-0.52109
-0.37622
0.11523
-0.41952
0.33602
0.39042
0.20064
0.16196
0.40523
-0.11522
-0.59707
0.29948
-0.14399
0.38298
0.15281
0.09871
-0.44330
0.16297
0.23790
0.12257
0.01601
0.11712
0.22185
-0.54830
0.19966
-0.25209
0.07647
0.02362
-0.40857
0.10986
-0.04781
0.13856
0.03676
-0.09534
0.01888
0.23598
-0.54691
0.16395
-0.86392
0.22261
-0.64103
-0.15005
0.33868
-0.26861
0.21118
0.21933
-0.23842
0.50484
-0.58369
0.16434
0.40328
0.00121
-0.56266
0.02116
-0.66467
0.03627
-1.51251
0.64305
-0.42580
0.36192
0.82921
-0.54127
0.04044
0.49966
0.48769
-0.02312
-0.27161
0.24060
-0.72484
-0.10294
-0.06771
0.34241
-0.65189
0.21646
0.13657
-0.02380
0.27078
0.19456
0.02878
-0.20861
0.03012
-1.83720
-0.86617
0.50329
0.09287
-0.22504
-1.04571
-0.00112
0.36434
0.10573
0.07180
0.27909
-0.06693
0.35793
0.31020
0.01845
-1.16822
-0.35314
-0.34633
0.50149
-0.14623
0.17848
-0.88038
0.37241
0.20793
-0.80722
-0.12708
-0.32061
0.20382
0.46231
0.36095
0.23290
-0.73565
-0.43358
0.12594
0.20134
0.03558
0.50778
0.15487
-0.70297
-0.79789
-0.17467
0.27748
0.09100
-0.85884
-0.22691
0.24528
-0.07237
0.33497
-0.32852
0.31840
0.17828
0.18235
-0.23237
0.28370
-0.12839
-0.22258
-0.01012
0.11429
-0.33786
-0.16837
0.55001
0.21145
0.10487
0.48406
0.46527
0.12474
-0.01012
-0.27974
0.23216
0.29144
-1.12084
-0.24051
0.68365
0.28534
0.17560
-0.24437
-0.40968
-0.31326
0.53124
0.30518
0.15747
-0.33453
-0.42921
0.30798
0.15969
-0.41651
0.38371
-0.79679
0.41400
0.41199
0.73055
0.49433
0.70843
-1.09390
0.10510
0.11305
0.19599
-0.75104
0.51750
-0.63889
0.01562
0.04972
0.34120
-1.00226
0.08545
0.06120
0.42866
0.23668
0.26424
0.27923
-0.56722
0.00151
0.12799
0.14287
-0.67448
0.16078
-0.83257
0.87772
0.24513
-0.57893
-0.30770
0.08394
0.29641
0.59528
0.32620
0.27692
-0.49696
0.05326
0.45161
0.20680
0.12694
0.17311
0.39263
0.20006
0.07723
0.12480
-0.38455
0.24506
0.14861
-0.07609
0.17784
0.54319
-0.06035
-0.95237
0.23675
0.70707
0.24715
0.21898
0.08282
0.20584
0.13477
0.55061
0.37214
0.06998
-0.23819
0.42208
-0.22787
0.31294
-0.71468
0.21741
-0.03502
-0.05544
-0.16818
0.08200
0.36203
0.04143
-0.02788
-0.54279
0.33615
-0.42311
-0.64069
-0.41080
0.24607
-0.25669
-0.74688
-0.89113
0.44387
0.08303
-0.24863
0.19374
0.41908
0.21607
0.68860
-0.52067
0.27490
0.10341
0.49598
0.17597
-0.18982
-1.05370
0.08790
0.33709
-0.74311
0.18372
0.35789
0.86067
-0.34935
0.01796
-0.14032
-0.44123
0.64809
0.47864
-0.48341
-0.66009
0.14484
-0.18485
-0.42401
-0.83204
-0.20609
-0.02295
-0.18624
-0.96722
0.14356
-0.55957
0.04898
0.32058
0.00650
-0.03216
0.16106
0.10259
-0.76459
-0.36499
-0.46956
-1.09163
-0.44237
0.48078
-0.82260
-1.02638
-0.24698
0.21053
-0.01847
-0.18911
-0.24632
0.10144
0.69075
0.06581
0.16910
-0.09052
-0.36335
-0.96106
0.34934
0.08345
0.42340
-0.01926
0.15938
-0.62128
0.34109
-0.29458
-0.97339
0.30889
0.17967
0.12826
0.18709
0.06461
0.24691
0.14576
0.06242
-0.06131
-0.37204
0.09966
0.36233
-0.11310
-0.14813
0.01197
0.13034
0.47710
0.16519
0.07779
-0.86075
0.06642
0.40725
0.28177
0.32350
0.40647
0.00248
0.35638
0.55179
0.14114
0.00916
0.45149
-0.19911
0.20646
-0.08728
-0.02041
-0.19549
-0.97164
0.05490
0.26555
0.81457
-1.34074
0.04866
0.00085
0.17319
0.17322
-0.07406
-0.47678
0.13625
0.00367
-0.34685
-1.64794
0.12992
-0.66324
-0.24003
0.64150
0.02972
0.19456
-0.67275
0.14763
-0.68072
0.14702
0.13854
0.24908
0.08671
-0.64979
-0.88535
0.21823
-0.31297
0.05123
-0.26855
-0.62680
0.32665
-0.32135
-0.21272
0.79666
-0.27903
-0.28747
0.15463
-0.74832
0.04574
0.04028
0.09281
0.20377
0.02818
0.23343
0.65308
-0.28473
0.22401
0.46321
0.04369
0.49125
0.24232
-0.51337
0.67946
-0.39950
0.43111
0.44854
-0.00273
0.36008
0.23837
-0.10818
-0.78638
0.25561
-1.52647
0.23580
0.07734
-0.81767
0.57623
0.12133
0.00838
0.16203
0.34829
0.12651
-0.03233
0.00577
0.60033
0.68378
-0.06996
0.45309
0.17550
0.07523
-0.29434
0.15121
-1.08219
0.36168
0.23766
-0.10601
0.05342
0.10964
-0.07073
-0.14547
0.49425
-1.11549
0.16000
0.33501
0.19955
-0.76097
0.32343
-0.30173
0.06789
-0.08642
0.43629
0.36765
0.40238
0.25324
-0.34972
-1.14377
0.39968
0.39837
0.07361
0.07212
0.09168
0.66147
-1.22525
-0.31445
0.14849
0.10429
0.12533
0.58971
-0.29737
0.39251
-0.09186
-0.69079
0.23951
-0.74981
0.15880
-0.02468
0.14573
0.21002
0.12452
-0.76256
-0.00914
0.13699
-0.15851
-0.45560
-0.14885
0.27394
0.09798
0.28913
0.06119
-0.03777
-0.01478
-0.48913
-0.33424
0.30170
0.46055
0.07948
-0.41733
-0.20005
-0.26553
0.28694
0.40137
0.25395
-0.92832
0.24113
0.51329
-0.01479
0.19470
-0.84309
-0.03821
-0.69016
0.50768
-0.10417
-0.11019
0.14911
-0.00558
-0.22814
-0.84816
-1.12765
-0.30323
-0.45846
-0.73181
0.01842
-1.15571
0.24906
0.08305
0.24169
0.70621
0.48375
-1.33435
-0.91244
-0.32800
0.32732
-0.86444
-0.52636
0.40404
0.24858
-0.73726
0.21411
0.29739
0.14271
0.44630
0.44771
0.11209
0.32539
0.14000
0.03925
-0.66978
0.00801
0.09929
-0.21408
-0.84352
0.03459
-0.35872
-0.35377
0.11697
-0.17360
0.28138
0.57584
-0.20167
0.21918
0.19026
-0.12066
0.06033
0.26392
0.55616
0.35090
0.11355
-0.04521
0.16409
-0.70570
-0.45838
-0.12608
0.00892
-0.26152
-0.19504
0.15057
0.07559
0.20806
-0.05101
0.28974
-1.09006
-0.36044
0.01415
-0.30341
0.11793
0.02470
-0.54730
-0.15623
0.24499
0.01097
0.42849
0.25462
0.13442
0.21830
0.07730
0.03334
0.03151
0.28727
0.03747
-0.01981
0.23644
-0.22144
0.16903
0.06558
-0.05393
0.46009
-1.24362
-0.35663
0.27261
-1.10492
-0.05523
0.12963
-0.09380
-0.37297
0.42579
-0.35983
-0.02205
0.18852
-0.06052
-0.22721
0.10662
0.67237
0.58881
-0.33457
0.77412
0.28384
-0.28752
0.16079
-0.20275
-1.02708
0.04053
-0.53854
0.13977
0.06970
0.57392
0.19658
-1.27393
0.09848
-0.43097
0.26932
-0.37790
0.28879
0.24702
-0.09294
0.17823
-0.37218
0.06825
0.38893
-1.18194
0.07640
-1.03866
0.27549
0.21560
0.00166
-0.03569
0.01426
0.06195
0.33471
-0.03161
-0.52665
-0.82390
0.42917
0.39876
0.15444
0.08600
0.82820
-0.38757
0.30221
0.19695
0.24879
0.24426
-0.02737
0.12201
0.08842
-0.35759
0.04398
0.58227
0.15761
-0.50519
-0.32742
-0.56769
0.10937
-0.40619
0.43380
-0.69434
0.55763
0.47905
-0.18157
0.15279
-0.51750
0.08985
0.22996
-1.42822
-0.04968
-0.09017
-0.28130
0.32409
-1.16697
-0.17201
-0.28554
0.05851
0.35824
0.16270
-0.40567
-0.00354
-0.40332
-0.45635
-0.09110
-0.81925
-0.07777
0.19226
-0.36625
-0.44531
-0.13518
-0.82517
0.42031
0.50013
0.09958
-0.44777
0.27390
0.31530
-0.69464
0.15289
-0.30327
-0.00400
-0.19164
-0.00184
-0.15058
0.29142
-0.58588
0.25495
0.13305
0.51591
-0.85848
-0.87730
-0.33317
0.32057
-0.88956
-0.09128
-0.35487
0.42474
-0.71216
0.35167
0.11619
-0.36145
0.09223
0.28443
-0.08427
0.03653
0.00636
0.10293
0.49211
-0.02769
0.10954
-0.93027
0.13169
-0.11565
-1.03849
0.12044
0.69873
-0.51226
0.08563
0.63115
0.70280
-0.27154
0.37563
-0.67172
0.25343
0.03922
0.47382
-0.13692
0.03199
-0.05556
0.20105
0.28633
0.13685
0.28530
0.46207
0.11345
0.40376
-1.15014
0.15857
-0.30291
-0.36193
0.27971
0.19250
0.13843
0.12571
-0.59881
-0.02020
-0.19426
0.17701
0.00797
0.22105
0.15990
-1.54935
-0.01792
-0.45706
-0.93892
0.53992
0.08277
-1.05270
0.38156
0.29152
-1.17621
0.43828
0.29471
0.51522
0.07521
-0.84668
0.01798
-0.85790
0.48641
-1.20965
-0.22769
0.01201
0.33863
-0.27241
-0.39246
-0.81333
-0.32983
0.03166
0.15360
-0.24822
0.12899
0.51322
-0.17067
-0.21700
0.14522
0.20042
-0.39195
0.25608
-0.14471
0.40268
-0.00057
-0.43492
0.48746
0.52430
0.41766
-0.22293
0.10449
0.35358
0.07256
-0.03428
0.07682
0.25670
0.42114
0.09817
-0.96397
-0.73845
0.29209
-0.23622
0.12246
-0.47444
0.76586
0.18987
0.42504
0.53579
-0.29898
0.35699
0.13767
0.08075
0.15104
0.29946
0.52919
0.46639
-0.58843
-0.81690
-0.28156
0.25254
0.29101
-0.30211
-0.27909
-0.45236
-0.05137
0.19166
-0.31455
0.14649
0.17290
0.36008
-0.61186
0.35713
0.24017
-0.41709
0.44141
0.02469
-0.15959
0.63511
0.09030
-0.49071
0.76654
-0.45064
0.70421
0.11146
-0.33717
-0.04364
-0.08165
0.23177
0.19421
-0.17660
0.13788
-0.59927
0.16495
-0.30242
0.13124
-0.61151
-0.80930
-0.18942
0.38196
0.16624
-0.25054
0.12928
0.10767
-0.01323
0.25602
0.52507
-0.24800
-0.37610
-0.44372
0.05651
0.62097
0.53913
-0.34359
-0.36720
0.35594
0.14623
-0.73419
0.13806
-0.21750
-0.77852
0.16270
0.12850
-0.72382
-0.50468
0.07874
-0.45846
0.10087
-0.38985
-0.75081
-0.94143
0.19253
0.07309
-0.17479
-0.44624
-0.65483
-0.13279
0.02746
0.38226
-0.37682
-0.18166
0.83261
-0.29553
-0.10271
-0.22016
-0.39638
0.17215
-0.33556
0.14034
-0.45316
-0.66150
-0.60272
-0.02704
-0.26296
0.00059
0.02895
0.08493
-0.18905
0.03819
0.36409
0.71272
0.14759
0.26323
-0.05658
0.23641
0.04816
0.11786
0.16146
0.17820
-0.39804
-0.66682
0.20205
-0.31817
-0.26554
-0.26652
0.22004
0.20982
0.73087
0.22709
0.51196
0.61582
0.01318
0.29615
0.03889
0.13643
-0.63035
-0.47091
-0.40116
-0.31704
-0.29193
-0.73732
0.12868
0.24432
-0.39912
0.08003
0.12302
0.17121
-0.49003
0.27771
0.63106
-0.21575
0.08211
-0.86201
-0.03826
0.33200
-0.64648
-0.33983
-0.45066
-0.28740
0.16330
0.27012
0.33719
0.18110
0.96463
-0.39730
-0.32178
0.59257
-0.52413
-0.00793
-1.21831
-0.09511
0.33222
0.34346
-0.68219
0.35203
0.44097
0.23073
0.78839
0.37145
-0.47045
-0.04392
-0.40242
-0.41420
0.34410
-0.22392
0.27694
0.05522
0.02177
0.09250
0.48449
0.40382
0.26173
0.17305
-0.05847
0.26832
0.08195
-1.01640
0.14797
-0.96313
0.33911
-0.01313
0.47506
0.09318
0.35139
0.40961
0.14048
0.09136
-0.65868
-0.25719
0.90288
0.11646
0.40607
0.01753
0.27363
0.29528
0.14445
0.33799
-0.36784
0.32935
0.57848
-0.29868
-0.52558
-1.39562
-0.66240
-0.10207
0.70887
0.18972
0.33365
0.09069
0.68821
-0.37065
0.17663
0.09910
-0.11022
-0.51232
0.02093
0.48503
0.27257
-0.40922
0.43815
0.08655
0.48940
-0.12057
0.63044
-0.06435
0.25493
0.10182
0.03860
0.45121
-0.44353
0.48708
0.14065
0.17545
0.14597
-0.41778
0.09528
-0.16298
0.61684
-0.62109
0.22746
0.28564
0.44556
-0.30352
-0.92024
-1.15001
0.13971
0.11175
-0.74634
0.34752
0.34012
0.17619
-0.73892
-0.35712
0.14328
0.40547
0.40938
-0.85881
0.60621
0.72097
-1.02378
0.35859
-0.36252
0.14103
0.15116
-0.01669
0.06720
0.11425
-0.09379
0.35839
-0.46375
0.12201
-0.53699
-0.47726
0.10920
0.14554
-0.82197
0.29201
0.11747
0.29544
0.16972
-0.90533
0.17132
-0.42596
-0.03578
-0.72395
0.37566
-0.09584
-0.39598
0.33356
0.20221
0.15823
0.02112
-0.00994
0.45451
0.24535
0.09097
-0.04047
0.22008
0.27780
0.14460
0.31564
-0.17727
0.39915
0.41772
0.44934
0.20145
-0.97932
0.33364
0.15655
0.12156
0.00803
-0.20179
0.17156
0.32682
-0.33196
-0.26180
-0.38219
-0.13728
0.14594
0.13309
-0.08889
0.40164
-0.55736
0.17789
0.30028
-0.01393
-0.69764
-0.98805
-0.21593
0.43999
0.03444
-0.13799
-0.06958
-0.06980
0.37858
0.11418
-1.06346
-0.77361
-0.26078
-0.54955
0.20983
0.05046
0.01092
-0.47838
0.52499
0.45275
0.61098
0.48036
0.07958
-0.39331
0.26363
0.07395
0.20409
-0.00837
-0.05421
0.35969
-0.91809
0.05896
0.35695
0.30315
0.41354
0.25651
-0.04027
0.25033
-0.65601
-0.43274
0.14923
-1.13157
0.17029
0.51652
-0.03495
0.07861
-0.14197
-0.43211
0.45953
0.17528
0.17937
0.44954
-0.43285
0.15942
-0.26938
0.38043
-0.01175
0.34834
0.33914
-0.35836
0.57504
0.04936
0.11122
0.07700
-0.26768
-0.33815
0.17197
-0.09463
0.10809
-0.26089
-0.97051
-0.38936
0.11360
0.31737
0.22222
0.14028
0.14234
-0.32269
0.24623
0.16228
-0.47382
0.17339
-0.23496
0.03093
-0.16868
0.06103
-0.83307
-0.00196
0.61577
0.16876
-0.66645
0.04698
-0.69922
0.30066
-0.03239
-0.26455
0.11248
0.10924
-0.97758
0.34685
-0.69204
0.01472
-0.09723
-0.03568
0.16581
0.07138
0.40328
-0.38459
0.40665
0.07566
0.20780
-1.57392
0.25266
0.71441
0.27914
0.05998
0.16944
0.15374
0.86267
0.04675
-0.62979
0.25058
0.71089
0.07558
0.14014
0.31191
0.33837
0.22980
0.32992
0.37655
-0.30319
0.14618
-0.06655
0.35452
0.19207
0.54142
-0.19155
0.15709
-0.40194
-0.39522
-0.88109
0.20094
-0.20961
0.09415
-0.58482
0.13030
0.20979
0.12820
-0.24920
0.06344
0.10160
-0.37783
-0.32996
0.10059
0.14044
0.39639
-0.57195
-0.39863
0.34039
0.44112
-0.60524
-0.37958
0.42636
-0.99556
0.14856
0.14314
0.38190
0.13555
-0.10056
-0.27538
-0.79865
-0.31738
-0.35590
-0.23057
0.27654
-0.15122
0.40010
-0.17423
-0.01513
0.08977
0.45980
0.52308
-0.62806
0.12686
0.37027
0.13166
-1.34432
-1.28059
-0.33080
0.36147
0.68436
-0.21985
-0.17368
0.36196
0.18030
-0.65027
0.00048
0.15164
0.24217
0.18146
-0.01869
0.40040
-0.02014
-0.80673
-0.69722
-0.32510
0.33434
0.11696
-0.51805
0.17223
-0.14155
0.08225
0.38663
0.57313
-0.92297
0.08353
-0.02123
-0.42335
0.83001
-0.17880
-0.05136
0.05861
-0.03105
0.27010
0.19917
0.33464
0.37463
0.17107
0.20034
0.03400
0.37787
-0.31600
0.88055
-0.53662
0.25967
-0.30197
0.31129
-0.97537
0.10841
0.01354
-1.06950
0.14271
-0.32334
-0.71767
-0.20770
0.79620
0.67342
0.86360
0.46279
0.31509
-0.35574
0.12105
-0.37702
0.14880
-0.72415
-1.30929
-0.35862
0.33218
-0.42895
0.42639
0.06208
0.31519
-0.03977
-0.01073
0.77723
-0.32167
0.01105
0.16317
-0.61097
0.16391
0.15199
0.05911
-0.34974
-0.42857
0.12236
0.14015
0.00362
0.03550
-0.38900
0.02842
0.21391
0.22044
0.61535
0.45438
-0.45599
-1.10728
0.10581
-0.02253
0.02248
0.02296
0.51474
0.14125
-0.85522
-0.15883
-1.29500
-0.28475
-0.39273
0.32104
-0.05543
0.10587
-0.11274
0.12686
0.16595
-0.30207
0.40542
-0.81565
0.17398
-0.30953
0.44885
-0.20320
-0.80919
0.67377
-0.05955
0.14110
0.26525
0.60322
0.22522
0.13150
0.08897
-0.05786
0.15355
-0.05284
-0.03065
-0.64768
0.17189
-0.30797
0.00701
0.12555
-0.10450
0.59237
0.25328
0.32119
-0.62889
0.28050
-0.13767
-0.07539
0.22057
0.05711
0.11681
0.15967
0.28210
0.42636
0.38235
0.09310
0.09619
0.24709
0.10644
0.23950
-0.64980
0.15208
-0.54691
-0.12841
0.41847
0.52355
0.09333
0.13734
-0.65710
0.16299
0.54728
0.07970
0.07931
0.31576
0.04717
0.37032
0.29305
0.60212
0.01349
0.08338
0.24599
0.16482
0.23262
0.21554
0.25435
0.44371
-0.21261
-0.05891
0.03219
-0.45880
0.15058
0.28526
-0.69995
-0.34384
-0.08036
0.13396
0.43618
-0.32306
0.36004
0.13393
-0.82837
0.15062
0.04100
0.17721
0.33989
0.02932
0.37383
0.22777
-0.53071
-0.01341
-0.00176
-0.35819
0.23812
-0.30325
-0.49283
0.09272
0.09776
0.07679
0.15044
0.71797
-0.21008
0.40199
-1.18232
0.34719
0.03074
-0.67111
-0.27754
-0.27189
0.14921
0.36629
-0.28479
-1.34791
0.31856
-0.80800
0.14251
0.12755
0.18428
0.66639
0.07916
0.15183
0.37785
-0.00883
-0.38427
0.41631
0.41851
0.35321
0.10413
0.52747
0.40699
0.05246
0.15849
