0.11675
-0.35980
-0.98481
0.08840
-0.04611
0.18998
-0.14030
0.14839
-0.09076
0.15531
-0.41697
-0.63265
-0.45997
0.07063
0.09262
0.08274
0.18607
0.39334
0.05002
-0.03825
0.21654
-0.71266
-0.08158
-0.77871
0.18663
0.15843
0.16929
-0.23758
0.38186
-0.05475
0.11887
-0.30372
0.06082
-0.22124
-0.00237
0.06804
-0.22132
0.06547
-0.07765
0.06518
-1.08775
-0.01788
-0.08467
-0.52491
-0.16441
0.27936
0.15391
-0.53170
0.21461
-0.07096
0.19606
-0.49698
0.11715
-0.30097
-1.23752
-0.38094
-0.12636
0.17589
0.23354
-0.16723
0.18108
0.04176
0.22069
-0.04110
0.26470
-0.23379
0.08650
-0.33806
0.13865
-0.44298
0.26335
-0.25779
0.14494
0.14882
-0.44787
0.13409
0.19033
-0.05237
-0.31475
-0.04833
-0.02462
0.10136
-0.06232
-0.10566
0.02410
-0.28979
-0.06709
0.30274
-0.81106
-0.08526
-0.77050
-0.90927
0.80328
-0.00365
0.02089
-0.12626
-0.32779
-0.16238
0.05457
-0.65646
0.26946
-0.09547
0.06013
-0.03357
-0.09560
0.17591
-0.11401
-0.01246
-0.53192
-0.25839
0.26877
-0.28789
-0.52100
-0.06822
-0.10618
-0.67963
-0.55443
-0.04061
0.15986
-0.18763
0.08710
0.15748
-0.29924
0.17411
0.03845
-0.08403
0.26932
0.09959
0.13217
-0.50204
-0.06585
-0.01976
-0.34012
0.14097
-0.54278
-0.13603
0.16435
0.20905
-0.06339
-0.45058
-0.80096
-0.50278
-0.24501
0.13499
0.24399
0.02691
0.20832
0.25211
0.08291
-0.22230
-0.06918
-0.13763
-0.07615
-0.39438
0.09398
-0.06319
-0.83464
0.06662
0.19052
-0.14362
-0.18774
-0.24329
-0.13956
-0.57755
-0.02267
-0.65891
0.30702
-0.24662
0.15680
0.20313
0.07727
0.13076
0.08849
0.09681
-0.25646
-0.19740
-0.00952
-0.92114
0.18567
-0.40441
-0.14199
0.32519
-0.33562
0.16179
-0.18612
-0.52370
-0.11396
-0.15483
-0.29170
-0.41015
-0.30567
0.00836
-0.01044
-0.36015
-0.21935
-0.30125
-0.34767
0.08756
0.07945
-1.31782
-0.96853
-0.39729
-0.38091
0.20825
-0.07040
0.02169
-0.00687
-0.77733
-1.17511
-0.36350
-0.07651
0.28546
-0.05350
-0.03215
0.10904
-0.35304
0.13494
-0.34984
-0.05214
-0.33612
0.21214
-0.11803
0.01745
-0.52172
0.10008
0.20649
-0.04533
-0.25849
-0.44203
-0.24146
0.22219
0.04519
-0.11064
-0.30432
0.15875
0.16499
-0.18107
0.16113
-0.38684
0.35651
-0.08514
0.14635
-0.01922
-0.27549
-0.40657
0.18001
-0.02589
-0.12791
0.13312
0.15181
-0.38107
0.14781
0.23022
-0.15039
0.20381
0.04276
-0.17613
0.09637
-0.40586
-0.28354
0.00424
-0.09385
-0.19333
0.17494
-0.23796
-0.13469
0.03993
0.19074
0.17340
0.01270
-0.01743
-0.22974
-0.49983
-0.48054
0.18139
0.00760
-0.35834
0.16700
-0.01872
-0.07982
0.12124
-0.26647
0.21141
0.08894
-0.07149
-0.82557
-0.27002
-0.50701
0.13600
0.00184
0.13853
-0.09776
-0.17859
-0.27357
-0.57337
0.03113
0.29794
0.11394
-0.42841
-0.09668
-0.21138
-0.15083
-0.16780
-0.13485
0.16029
-0.29870
0.14549
0.58987
-0.09577
0.00007
0.15743
0.09246
0.03720
-0.88874
-0.05814
-0.09187
0.14256
-0.19039
-0.03946
-0.06428
0.04123
-0.03873
-0.29792
-0.67341
0.10331
-0.07647
-0.81603
0.10614
0.42062
-0.29999
-0.07133
0.10462
0.11068
0.18760
-0.13321
-0.32945
-0.66787
-0.06265
0.12626
-0.08731
0.07944
-0.12077
0.11695
-0.05617
-0.27529
0.10892
0.23601
0.04189
0.03069
-0.19227
0.05636
0.16619
0.21906
-0.44320
0.11606
-0.02942
-0.05946
0.18650
0.14086
-0.20580
0.29065
-0.24295
0.22384
-0.58856
-0.14415
0.12513
-0.17238
-0.47720
-0.22874
0.04237
0.15657
-0.68999
-0.18331
0.19643
-0.68090
-0.07337
-0.41748
0.02106
-0.05833
0.07627
0.02322
0.00543
0.08678
0.01976
-0.34968
-0.19754
-0.19304
-0.65609
-0.06602
-0.26484
0.16833
0.08005
0.22040
-0.49280
-0.09523
-0.91797
-1.14679
-0.15398
0.10930
0.12584
-0.08501
-0.35375
-0.42594
-0.31000
0.20241
-0.15848
-0.07622
-0.12417
0.39991
0.05471
-0.23678
-0.34719
0.03150
0.14385
0.03624
-0.10558
0.18693
0.23749
0.12163
0.00493
0.22420
-0.05076
-0.24435
-0.36153
0.04084
0.05794
0.26254
0.11061
0.27099
0.03563
0.02440
-0.09446
-0.11796
-0.52371
-0.03428
0.14891
-0.43691
-0.17479
-0.11017
0.04093
0.11961
0.04344
-0.27544
0.12288
0.06616
-0.54253
0.64767
-0.24346
-0.27627
-0.15292
0.15751
-0.24488
-0.44471
-0.43135
-0.07399
-0.15656
0.08697
-0.09719
-0.37375
-0.57856
0.13781
0.08734
0.20949
0.19412
-0.18569
0.04537
-0.09335
0.15912
0.15942
-0.50033
0.12860
0.12573
-0.56234
-0.71650
-0.18046
-0.08889
-0.19160
-0.19606
-0.06092
0.30878
-0.31826
-0.39199
0.10553
-0.45217
-1.01158
0.09305
-0.31275
-0.01398
-0.44712
0.17906
-0.18146
-0.10883
0.13088
0.02933
0.04244
-0.08622
-0.32664
-0.24622
0.02581
-0.29532
-0.79695
0.06994
0.17557
0.06793
-0.37365
0.11360
-0.64783
-0.23575
0.04809
-0.15505
0.13917
-0.29295
-0.17418
-0.49237
-0.10814
0.29459
0.19421
-0.06204
-0.21946
-0.12457
-0.32198
-0.19262
0.14143
-0.35665
0.26615
-0.32268
0.22382
-0.59299
-0.29464
-0.33753
-0.33910
0.22843
-0.08476
-0.37784
0.05068
-0.16407
-0.50780
-0.08720
-0.03970
0.08421
0.21612
-0.00256
-0.51424
-0.52803
-0.06687
-0.28035
0.22313
-0.09240
-0.47131
0.14896
-0.23294
-0.19600
0.20698
0.16573
-0.07885
-0.51128
-0.61156
-0.10698
-0.41126
0.04110
-0.20941
-0.17211
-0.06806
-0.03500
-0.22374
-0.28057
-0.01929
-0.20581
-0.23693
0.24572
-0.01703
-0.20601
0.18432
-0.70183
0.33619
-0.04493
-0.18826
-0.37627
-0.49308
0.00469
-0.33426
-0.03809
-0.03859
-0.05753
-0.90017
-0.71052
0.48631
0.05600
-0.69220
-0.21318
-0.41702
-0.04499
0.21384
0.29898
0.03527
-0.11703
-0.94027
0.13258
-0.29604
0.18008
-0.14980
-0.09802
0.04369
-0.03148
-0.12513
0.14137
-0.19542
0.18175
-0.04283
0.08687
-0.47000
-0.02433
0.19109
0.15007
0.07707
0.19072
-0.02337
0.21874
-0.33816
-0.36198
-0.03982
-0.09769
0.03650
0.15505
0.18374
0.13850
0.19541
0.24215
-0.07146
0.18985
0.20620
-0.14155
-0.89211
-0.47185
0.16220
-0.29603
-0.24607
0.15784
0.30050
0.04828
0.07345
-0.04450
0.43533
-0.03666
0.12861
-1.40021
0.16954
-0.49973
-0.34624
-0.12184
-0.26762
-0.15264
-0.05023
0.25352
0.06613
0.38700
-0.25154
-0.15243
0.02643
-0.19851
-0.59907
0.00112
-0.09559
-0.07060
-0.28712
0.03450
0.18663
0.10706
0.01934
-0.80665
-0.23914
-0.24714
0.15705
0.12428
0.09542
-0.40863
-0.19892
-0.09311
0.19882
-0.26330
0.09360
0.15965
0.00092
-0.61364
0.07546
-1.03922
0.05151
-0.14740
0.01162
-0.24025
0.04675
-0.70082
0.00511
0.25503
-0.32583
-0.40383
0.46765
-0.60040
0.26948
0.32066
-0.68040
0.07800
-0.01951
0.02209
-0.39941
-0.46153
0.18748
-0.63021
-0.45419
-0.07690
-0.10384
-0.35674
0.05937
-0.02959
-0.18693
-0.48754
-0.39501
-0.09123
0.10241
-0.26057
-0.05119
0.00186
0.20769
-0.18845
-1.20315
-0.06135
0.60729
-0.11548
-0.15336
0.18787
0.11561
-0.26139
-1.15572
-0.04256
0.16458
-0.58748
0.10987
-0.07851
0.15670
-0.17904
-1.25764
0.18075
-0.13880
-0.10570
0.06473
-0.11007
0.30660
-0.01514
0.07592
0.02918
0.27003
0.21928
0.16802
0.19477
-0.08037
-0.02639
0.00444
0.16419
-0.27325
-0.75336
0.02377
0.01734
0.28759
-0.36498
-0.18396
-0.03833
0.01710
-0.06720
0.01837
0.35021
-0.28393
0.06389
-0.22136
0.17167
-0.12464
-0.01361
-0.08806
-0.45271
0.05963
0.04569
0.14006
-0.35999
-0.68416
0.16145
-0.45957
-0.28643
0.04564
-0.10813
0.05574
-0.18450
0.10526
-0.59747
0.00053
-0.41276
0.18676
-0.01087
-0.09205
-0.28582
0.12728
0.16392
-0.13101
-0.31073
-0.21593
-0.14718
-0.21836
-0.37104
0.14443
-0.49080
0.10577
-0.28521
0.13987
-0.04912
0.12221
0.22572
0.14698
0.19592
0.17907
-0.00758
-0.46391
0.15006
-0.06028
-0.13691
0.05878
-0.46192
-0.78815
0.05420
0.06241
0.07711
-0.23181
-0.39147
-0.16509
-0.44985
0.17551
0.17336
-0.18194
-0.08793
0.52839
-0.37305
0.18264
0.13124
0.20757
0.05861
-0.27173
0.11991
0.18824
0.31451
0.12722
-0.43875
0.01982
0.07463
0.14028
-0.78099
0.17397
0.05936
-0.90287
-0.01747
-0.45502
-0.66440
-0.13088
0.05647
-0.02295
-0.27202
-0.44011
-0.10485
0.16495
-0.09854
-0.25592
0.11245
-0.17661
0.12816
0.16338
0.14205
-0.02566
-0.12095
-0.00572
-0.04925
0.13865
-0.68076
0.10758
-0.27677
-0.22023
-0.14010
0.03575
0.14978
0.05106
0.03094
-0.08073
0.06102
-0.16919
-0.17328
0.01163
-0.39234
0.10123
0.20507
0.17697
-0.32485
0.13972
-0.28920
-0.20510
0.12923
-0.46906
0.05986
0.14323
-0.19796
-0.71270
-0.15326
0.15603
-0.25968
0.23463
0.12815
-0.10311
-0.09150
-0.44712
-0.02022
-0.06108
-0.44428
0.10168
-0.21628
0.15893
-0.28427
0.04494
-0.11871
-0.13940
0.13309
-1.45908
0.17543
-0.49297
-0.13531
-0.08331
-0.52389
0.11668
0.45432
-0.09113
-0.67024
0.18345
-0.33374
0.15275
-0.23837
-0.46871
-0.01914
-0.06806
0.06841
-0.21984
0.15167
0.02935
0.19909
-0.21221
-0.14312
-0.75710
0.18304
0.06336
-0.40020
0.20346
-1.07137
0.16236
-0.38170
-0.57124
0.17680
0.15312
0.16674
-0.41132
0.00023
0.08422
-0.90636
-0.12849
-0.32286
0.07676
-0.02928
-0.32471
-0.00564
-0.12638
-0.49679
0.08535
0.11161
0.07782
-0.28342
0.03782
0.18729
0.08990
-0.33439
-0.05358
-0.07608
0.10048
-0.34566
-0.05641
-0.52486
-0.37466
0.06120
-0.17742
0.18653
-0.35097
-0.76140
0.17579
-0.16568
0.12046
-0.08564
0.13403
0.12420
-0.21584
0.36080
0.15586
-0.89194
0.52967
0.29310
0.20231
-0.16423
-0.11670
0.15964
0.23091
0.07378
0.41283
-0.08665
0.32991
0.02958
0.48591
0.17604
0.07040
0.20966
0.41606
0.17022
0.17506
0.28605
0.20940
0.17790
-1.01582
0.50002
0.58850
0.34955
-0.07090
-0.22063
-1.25147
0.28527
0.31636
0.30933
-0.45123
-0.44108
0.30110
0.02733
0.37157
0.41322
0.45337
-0.33646
0.15612
0.38333
-0.31014
0.28209
0.27140
0.27524
0.81628
0.12631
0.26433
0.31550
0.20175
0.12397
0.14070
0.16449
0.05806
0.15774
0.20264
0.18029
0.62787
-0.00923
0.58745
0.17588
-0.35183
0.21319
0.16648
-0.05026
0.32170
-0.05406
-0.00754
0.04811
0.23493
-0.18244
0.66671
0.25877
-0.31006
0.02004
-0.07920
0.17581
0.19913
0.14942
0.38994
0.38658
0.39254
-1.15100
-0.82967
-1.11495
-0.00209
-0.63219
-0.07404
-0.34719
-0.38114
-0.09255
-0.22139
-0.88137
0.10440
-0.42525
-0.15528
0.56820
0.22328
0.56239
0.31445
0.32894
0.61861
0.07453
-0.29254
0.33549
-0.26657
-0.01925
0.21683
-0.19617
0.22029
-0.52119
-1.25160
0.34048
0.10783
0.28791
0.09123
0.17872
0.47104
0.26023
0.35629
0.37273
0.47396
0.31935
0.38606
0.33572
0.21192
-0.43875
0.14984
-0.01522
0.64860
0.18996
0.54706
-0.03881
0.18095
0.55848
0.16851
0.22003
0.31413
0.28980
0.01162
0.39697
0.66669
-0.20724
0.46623
0.47262
0.01599
0.14738
0.28708
0.21318
0.22904
-0.36030
0.18047
0.04329
-0.60888
0.50115
0.37728
-0.42523
-0.21033
0.37657
0.30625
0.45494
0.76568
0.13986
0.15414
0.16680
0.10396
0.22988
-0.05924
0.26510
-0.44293
0.32280
0.13087
0.44864
0.46949
0.26890
0.01638
0.14821
0.34728
0.42177
-0.19584
-0.28480
0.33142
0.24390
0.36643
-0.83895
0.28845
-0.13586
-0.39040
0.40950
0.13186
0.19613
0.06431
0.22528
-0.00941
-0.46103
-0.18001
0.25002
-0.37010
0.24517
0.15859
0.23842
0.20411
0.20673
0.39206
0.19346
0.18328
0.10295
-0.17088
-0.00719
0.09861
0.38750
0.20549
0.32401
-0.06410
-0.32650
0.02459
0.30828
-0.14278
-0.49311
0.01185
-0.25071
-0.31354
0.59037
0.61874
-0.11041
0.16239
-0.49050
-1.06008
0.09524
0.52413
0.09604
0.27572
0.46474
-0.69729
0.32607
0.04915
-0.52131
-1.53436
0.28126
0.35193
0.38397
-0.42882
-0.44223
0.44693
0.04224
0.15548
0.16498
0.10394
0.24187
-0.63707
-0.20458
0.74679
0.14926
0.02103
0.22120
-0.01442
-1.15908
0.07769
0.51533
0.58636
0.08552
-0.91237
0.14097
-0.33967
0.35092
-0.54777
-1.05643
0.06135
0.05800
0.22854
0.07869
0.32548
0.10657
-0.78266
-0.00977
-0.76638
-0.47490
0.43710
0.00927
0.16372
-0.78302
-0.25442
0.17125
-0.56928
-0.79011
0.10579
0.14775
-0.69671
0.03459
-0.10611
-0.25841
-0.43142
0.12655
0.37505
-0.35758
0.25832
0.03583
-0.38407
-0.12077
0.35713
0.38403
-0.19797
-1.13031
0.51651
0.58721
0.24086
0.23410
0.37590
-0.50882
-0.57600
0.34067
-0.17237
0.40754
0.19990
0.43784
0.33893
-0.08391
0.37426
0.36640
-0.11357
0.35127
0.33512
0.59234
0.18036
-0.29476
-0.39701
-0.04560
-0.02269
0.16279
0.26296
0.42423
0.43457
-0.32889
0.11261
0.43962
0.33085
0.15002
0.12667
0.19943
0.13391
0.06767
-0.39376
0.26665
0.53333
0.24847
0.23424
-0.14748
-0.29665
0.31051
0.34330
-0.31850
0.15146
-0.38263
-0.60364
-0.00578
-0.03455
0.12538
-0.23487
0.43335
0.32827
-0.27426
-0.44045
0.20995
0.05075
0.55281
0.79447
0.37085
0.54302
0.26604
-0.34210
-0.97070
-0.22479
0.13103
0.29242
0.50939
-0.20736
-0.41230
0.10233
0.52496
0.08705
0.21500
0.16532
0.12783
0.11032
0.01609
0.56441
-0.55934
0.32649
0.23656
0.01514
-0.64396
0.26094
0.31611
-0.34032
-0.03776
0.08544
-0.80401
-0.37454
-0.62484
0.09714
-0.31333
0.15796
0.32158
-0.26134
0.21601
0.09144
0.13854
-0.74816
0.09647
-0.06728
0.22253
0.06336
0.11078
-0.68847
0.29362
0.28649
0.05250
-0.04676
0.31149
0.24463
0.50528
0.09519
0.70691
0.65335
0.39711
0.65679
0.23467
0.43392
0.11118
0.21697
0.19837
0.11640
0.22661
0.29575
-0.13955
-0.22623
-0.30055
0.40311
0.41942
0.38710
0.01864
-0.12569
0.37987
-0.09268
0.19708
-0.68847
0.26980
-0.20771
0.06549
0.29044
-0.11875
0.47294
-0.12520
0.13863
0.19089
0.33610
0.37662
0.46530
-0.17100
0.42298
0.36524
-0.80833
0.28157
-0.32775
0.16667
0.39449
0.36118
0.17856
0.16462
0.14568
0.40774
0.31711
-0.45576
-0.33427
0.80542
0.02815
0.70593
-0.00427
0.07309
0.63346
0.85570
0.18328
-0.73866
0.19802
0.36708
0.17060
-0.37528
0.17354
0.06358
0.31613
-0.01377
0.28060
0.52519
0.19163
0.45195
0.16146
-0.47522
0.11100
-0.04195
0.10853
0.14847
0.35822
0.40942
0.12608
0.47200
-0.39314
-0.01431
-0.14027
-0.45332
0.39113
0.10392
0.21797
-0.23755
0.40687
0.24359
0.15346
-0.41007
0.60808
-0.33731
0.53243
0.39850
0.08193
-0.02915
0.35639
0.43777
0.34681
0.18450
0.17905
0.46174
0.39440
0.25462
-0.34129
0.51380
0.28135
0.10683
-0.09162
0.41300
-1.50078
0.27368
-0.24380
0.31962
0.03847
0.39049
-1.16633
-0.75525
0.16076
0.20242
0.35229
-0.14461
0.35282
-1.20644
-0.41984
0.34798
0.29469
0.56766
-0.39218
0.17309
0.15459
0.16448
0.18486
0.15023
0.14368
-0.37511
0.08092
0.06638
0.06833
0.28516
0.40418
0.02321
0.14326
0.58698
-0.04516
-0.64712
-0.23820
0.36190
-0.11650
-0.30895
-0.73069
-0.75130
-0.21573
-0.86902
-0.01327
0.11162
-0.02348
0.09299
-0.58931
0.44932
0.23314
0.19840
0.27097
0.08354
0.24250
0.20711
0.24843
-0.00157
-0.47792
0.78364
0.20820
0.16322
-0.02082
-0.46262
0.29451
0.19039
0.16831
0.27634
-0.67151
-0.07861
0.35005
0.45150
0.36867
0.49889
-0.81972
-0.12898
0.19010
0.32753
0.09054
-0.89837
0.15365
-0.32663
0.18562
0.17922
0.12882
0.18344
-0.37707
0.20310
-0.01432
-0.33658
-0.34229
0.51820
-1.31185
0.37112
0.33733
-0.20725
-1.07633
0.01386
-0.30920
0.26128
0.76500
0.03722
0.09787
0.10680
-0.22654
0.01893
0.22895
-0.15847
0.23566
-0.13166
0.43380
0.46655
0.26315
0.38923
0.13573
0.18157
0.45020
-0.31804
0.32186
0.32802
0.38590
-0.37143
0.13141
-0.18430
0.12619
-1.03788
0.66088
0.18515
0.46869
0.09791
-0.11202
0.22451
-0.16773
-0.36418
0.18292
-0.18451
0.70572
-0.05283
0.41227
0.42934
0.52173
-0.73597
0.77993
-0.06755
-0.07953
0.65819
0.18102
0.60933
-0.19445
0.12842
0.05040
0.19187
-0.00761
0.25097
-0.06936
0.31513
-0.06584
0.11627
0.31498
0.45463
0.06730
-0.16325
-0.40718
-0.68739
0.42752
0.16286
-0.22500
0.22141
-0.17357
-0.99068
0.18229
-0.04939
-0.00136
-0.12907
-0.06666
-0.29014
0.47057
0.29338
-1.22444
0.09563
0.71787
-0.07310
0.66031
-0.05511
0.42748
-0.91259
0.00679
0.19026
-0.72962
0.03128
-0.44706
-0.06671
0.39774
0.29374
0.15272
-0.05122
-0.33792
0.39153
-1.24766
0.43219
0.16145
0.10466
0.42207
-1.00625
0.42541
-0.30597
0.35156
0.27033
-0.43966
0.30534
0.34932
-0.12857
0.63467
0.64019
0.02236
-0.10855
-0.24948
0.37964
0.53149
0.31027
0.15002
-0.36016
-0.45731
0.09828
0.35110
0.65103
0.42008
0.25192
0.15568
0.40010
0.19411
-0.00524
0.30717
0.03050
0.23921
0.28837
-0.34992
0.18579
-1.49777
0.08048
-0.64295
0.03477
0.04394
0.11737
-0.10822
-0.68254
0.19053
0.36456
0.41130
0.12554
0.12079
0.12795
-0.05480
0.12819
0.04741
0.33514
-0.41607
0.26150
0.37632
0.43014
0.17889
0.10092
0.36727
0.10674
0.42350
0.36862
-1.11257
0.14371
-0.29912
0.17523
-0.31299
0.10686
0.29559
0.59244
0.44072
-0.77786
-0.11584
-0.44894
-0.22855
0.54317
0.15909
0.05669
-0.78644
-0.19915
-0.29089
0.44175
-0.11782
0.58270
0.28795
-0.24540
0.24175
0.37590
0.18621
0.18407
-1.09852
-0.81706
0.26878
0.05225
0.20837
-0.43054
0.45441
0.37488
-0.07831
0.20399
0.21698
0.17593
-0.34695
-0.00762
0.12329
0.37765
0.52287
0.32299
0.13056
-0.18206
0.33472
0.37536
-0.03524
-0.17546
-0.27300
0.07187
0.71134
-1.24706
-0.29891
0.35338
-0.37095
0.70788
-0.94591
0.02895
0.19374
0.17656
0.07896
0.32563
-1.14379
-0.31652
-0.10801
0.11651
0.15382
0.81149
0.34112
0.13110
-0.09788
-0.78924
0.29079
0.00511
0.24443
0.30188
0.20158
-0.01440
-1.27217
0.14230
0.42935
-1.45924
0.01066
0.41434
-0.30840
-0.65787
0.24291
0.12758
0.58915
0.19417
0.56354
-0.22316
-0.11061
0.04206
0.07493
0.39700
0.14815
0.34087
0.40619
0.24786
0.31787
0.12717
0.07880
0.07845
0.20531
0.10518
0.11091
0.04406
0.72574
-0.35955
0.23127
0.38664
0.32180
-0.24773
0.02381
0.17135
-0.20824
0.33743
-0.38210
-0.05392
0.41157
0.51646
0.09857
-0.04685
0.20886
0.23791
0.32846
0.17843
0.43067
-0.18297
0.69327
0.35750
-0.05222
0.03107
0.22591
0.10240
0.01070
0.29380
0.26092
0.08498
0.11938
0.25169
0.23498
0.16635
0.60408
0.14642
0.37768
0.07481
-0.18079
0.36577
-0.02246
0.28476
0.44025
-0.31753
-0.34161
0.25048
0.44993
0.15016
0.44704
0.36616
0.04921
0.44771
0.26966
0.28553
-0.92183
0.44081
0.33000
0.35266
0.28812
0.24831
0.01281
0.15535
0.31750
-0.46101
0.48520
0.10285
-0.24050
0.02044
0.43756
-0.16813
0.43663
0.11466
-0.49223
-0.16402
-0.86228
0.33389
0.72302
0.46630
0.24298
-0.23429
0.13135
0.36104
-0.09091
-0.27657
0.25040
-0.55288
0.13375
0.05176
0.10322
0.42925
0.18113
0.05189
-0.00933
0.63415
0.13555
0.21076
0.37290
0.11011
0.07454
0.43543
0.13532
-0.66959
0.76036
0.34344
0.26523
0.16121
0.24546
0.00769
-0.14328
0.24615
0.39606
0.12353
0.46852
0.76509
0.58882
-0.12268
-0.54283
0.39925
0.10364
0.41265
-0.61494
0.11422
0.42106
0.40420
-0.33174
0.31382
0.22918
0.11497
0.37425
0.57388
0.82022
-0.18838
0.41550
-0.39500
0.49303
0.04227
-0.28689
0.32193
0.71492
0.04874
0.46763
0.05700
-0.77382
-0.16042
-0.20141
0.42001
0.25210
0.36864
0.15938
-0.38473
0.34056
0.17143
0.13705
-0.45894
0.11993
0.27575
0.23688
0.49915
0.14671
0.52483
0.34157
-0.38009
0.00924
0.30808
0.26686
-0.44262
-0.15731
0.55292
0.27199
0.42321
0.09036
0.29793
0.04428
0.15586
0.31683
0.23967
-0.03711
0.32059
0.59689
0.10288
0.11166
-0.87974
0.29959
0.20671
-0.28255
0.26474
0.43653
0.22438
-0.04004
0.31211
-0.18425
0.36799
0.29220
0.73365
0.36945
0.12879
0.30324
0.18508
-0.26479
-0.02010
0.76053
0.29596
0.36582
-0.19975
0.34760
-0.35604
0.36255
0.70315
0.26356
-0.43766
0.39481
-0.18968
0.24136
0.27896
0.13253
0.35036
-0.46676
0.20753
0.16866
0.17589
-0.17333
0.15336
-0.70642
0.45293
-0.23751
-0.60388
0.28572
-0.03182
0.13867
-0.73268
-0.75798
0.40163
0.48612
-0.70126
-0.41656
0.03075
0.51343
0.34508
0.24064
0.11638
0.14233
-0.44026
0.49381
0.52608
0.38452
0.18383
-0.65831
0.09990
0.14138
0.38225
-0.77810
0.43007
0.03240
0.32145
0.35639
0.07570
0.02406
-0.01339
0.54299
0.49567
0.32359
0.19023
-0.26434
0.00706
0.13954
0.40447
0.32426
0.85391
0.08501
0.42060
0.31240
0.11459
-1.17770
0.37201
0.14200
-0.45475
0.10244
-0.96360
0.41710
0.21254
0.13992
0.12883
-0.56447
0.32925
-0.35500
0.32611
-1.37570
0.15669
-0.26848
0.38836
0.22190
0.37822
0.49106
0.19382
-0.28664
0.13865
0.48268
-0.00313
-0.37265
-0.10829
0.26001
0.23292
0.39620
0.16241
0.53474
0.41317
0.47251
0.28526
0.08364
0.25484
0.21681
0.50692
0.39989
0.14340
-0.59131
-0.34554
0.22852
0.43657
0.48286
-0.09103
0.11887
-0.68415
-0.39289
0.04796
0.15250
0.06824
0.33582
0.15161
0.15191
-0.10594
-1.16601
-0.06262
0.48943
0.23715
-0.02932
0.24893
0.28330
0.27530
0.25899
0.25297
0.32401
0.19075
0.26749
0.17882
-0.14557
-0.96183
0.41378
-0.30653
-0.11712
-0.42768
0.61490
-0.47081
0.27219
0.22227
0.23516
-0.43979
0.21931
0.25191
0.16858
0.30409
0.13319
-0.89318
0.26107
0.28065
0.25593
0.38164
-0.11552
0.13413
0.11271
-0.50937
-0.24156
0.08570
-0.27030
-0.36971
-0.06891
-0.90964
0.23426
0.24643
0.16594
0.25434
-0.25792
0.11943
0.39749
-0.02500
-0.46918
0.38441
0.04523
-0.54638
0.30187
0.15499
0.06963
-0.01096
-1.02994
0.09367
0.43076
-0.51971
0.02955
-0.30734
0.08188
0.30243
0.79909
0.36943
-0.12479
0.15557
-0.83010
0.17226
0.57353
0.53379
0.18914
0.46514
0.22969
0.55284
0.33030
0.42966
-0.16319
0.29879
0.34882
-0.31565
-1.89229
0.25147
0.01131
-0.20296
0.30413
0.51422
0.42283
-0.00861
-0.08070
-0.15938
-0.07733
0.12468
0.49961
0.01164
-0.00372
0.02828
0.45290
0.30434
-0.78685
0.37372
-1.00525
-0.25746
0.45155
0.01362
0.38833
0.08746
-0.59142
0.21841
-1.09661
0.10941
0.11562
0.38447
0.20461
0.07978
0.12248
0.43475
-0.56871
0.26366
0.17178
0.01637
0.32061
-0.83558
-0.34294
0.43318
-0.39375
0.43699
0.42169
0.14236
0.22283
0.17601
0.11288
0.13542
0.24581
0.05044
0.42017
0.36989
-0.12350
0.06972
0.09319
0.06313
0.25017
0.57086
-0.40452
-0.07978
0.34267
0.33543
0.12053
-0.19929
0.04383
0.05243
-1.16303
0.15002
0.00780
0.29075
0.36028
-0.32030
-0.59594
0.20398
-0.48670
-0.31626
-0.04546
0.18641
-0.31960
0.30918
-0.33167
-0.15204
-0.38609
0.48022
-0.16331
-0.00199
-0.30965
-0.24705
-0.16799
-0.03569
0.28486
0.22988
0.42554
0.26761
0.39183
0.45620
-0.62470
-0.64114
-0.12468
-0.68279
0.23192
0.18909
0.15729
-0.44856
0.15958
-0.36640
-0.20272
0.07944
-0.22746
-0.32884
-0.20078
0.23927
0.18459
-0.08161
-0.16775
-0.22783
-0.97498
0.57801
0.16201
0.49339
0.32649
-0.46473
0.43244
0.44365
0.39119
0.19929
0.38440
-0.09350
-0.33712
-0.18638
0.38736
0.41993
-0.31879
0.56567
0.12843
-0.80033
0.09164
-0.29292
0.11395
-0.48466
-0.06313
0.20041
-0.03422
-0.05384
0.14661
0.42952
0.50078
0.17453
-0.35768
0.19686
0.11074
0.06817
-0.04738
-0.35792
0.29309
0.24253
-0.41217
0.30012
0.24109
0.24603
0.38722
0.21607
0.17036
0.17336
0.03164
0.40660
0.37719
0.07012
0.16295
0.17787
0.14274
0.92399
0.22138
-0.14553
0.26736
0.10795
-0.62816
-0.08297
-0.32372
0.08036
0.12567
0.54542
0.11931
0.13015
0.25756
-0.00020
0.09605
0.33089
0.17341
0.01311
0.33542
0.20846
0.46965
0.65299
0.04867
0.28606
-0.00372
-0.14060
0.13731
0.52897
0.19271
0.12667
-0.01297
-0.16773
0.15307
0.02651
-0.00073
0.40986
-0.18938
0.50036
-0.46167
0.60456
0.05217
-0.10872
0.29852
0.40531
0.01932
0.30496
0.35152
0.52417
0.08076
0.30970
0.17859
-0.46883
-0.03109
0.23229
0.26291
0.53025
0.18795
0.25502
0.22359
0.32788
0.56650
0.63470
0.24292
0.22017
0.30510
-0.23668
0.17078
0.17262
-0.04587
0.19795
0.04031
0.23427
0.16450
-0.04279
-0.85476
0.20131
-1.33677
0.32292
-0.13901
-0.40132
0.01848
0.17496
-0.18802
0.23678
0.53509
0.15630
0.12004
0.29756
0.11926
-0.78889
0.25637
0.14616
0.33265
0.37043
0.37508
0.49307
0.24661
0.77933
0.26168
0.15136
0.09502
0.22195
0.22617
0.20476
0.34513
0.22216
0.00196
0.23078
0.41585
0.15399
-0.36728
0.18930
0.45833
0.44657
-0.44106
0.33387
0.09300
0.01266
-0.69784
-0.01607
0.51043
-0.17878
0.00867
0.16361
0.21962
0.19354
0.22067
0.21506
0.24707
0.46028
0.39773
0.32496
-1.32647
-0.15271
-0.07321
0.22725
-0.10087
0.19008
-0.14766
-0.17953
0.31767
0.18241
0.16002
-0.31549
-0.08677
0.16212
0.15179
-0.04016
0.35334
0.11765
0.21668
0.14851
0.22744
0.08213
0.25803
-0.23277
0.14669
-0.42672
0.23227
-0.21684
0.59831
-0.67000
0.15209
0.26738
-0.12725
0.19727
-1.25225
0.26593
0.42141
0.17412
-0.50057
-0.53003
-0.18709
-0.97786
0.16206
-0.06266
0.34714
0.11424
0.17530
0.24482
0.31307
-0.43622
0.15273
-0.17924
0.05704
0.36339
0.41590
-0.21675
-0.91773
0.29459
0.43497
0.16413
0.22268
-0.70304
0.30427
0.23447
-0.33377
0.26729
0.22732
0.37879
-0.27681
0.32975
-0.03645
0.43189
0.32723
0.33378
0.25410
-0.16369
0.40970
0.16653
-0.11799
-0.60817
0.10114
0.06543
0.06689
0.18581
0.27121
0.36428
0.18812
-0.21908
0.17919
-0.12356
-0.40678
0.43470
0.19732
-0.46336
-0.72582
-0.52246
0.16478
-1.06269
-0.91186
0.08745
0.19355
-0.40809
-0.08050
-0.13920
0.30758
-0.74006
0.13885
0.06721
0.29331
0.12210
0.40692
-0.68847
0.51643
0.10830
0.13192
0.16750
-0.39906
0.21736
0.15645
0.42988
0.47538
-0.00182
-0.66106
0.10528
0.26020
-0.55017
-0.23243
-0.03656
0.38609
0.31293
-0.05189
0.13490
-0.44408
0.55201
0.33684
0.31639
0.62527
0.29373
0.35350
0.34969
0.33506
0.18146
0.13212
0.06537
0.03271
-0.09485
0.13017
0.14814
0.56908
0.53713
0.33650
-0.53124
0.15924
0.05913
-0.10969
0.04417
0.10989
0.27717
0.07582
0.49292
0.56569
0.10151
0.32474
0.21308
0.33892
0.12257
-1.29893
0.40501
0.15199
-0.34247
-0.34223
0.19843
-0.22988
0.46689
0.19159
-0.35317
0.37878
0.22947
0.10054
0.46852
-0.93200
-0.40114
0.20222
-0.05770
-0.74784
0.13880
0.64652
0.19591
-1.19873
0.40706
-0.54386
0.00372
0.11556
-0.16869
0.14516
-1.43858
-1.63729
0.21844
0.16643
-0.14925
0.16663
-0.69122
0.34080
-0.90377
0.00099
0.35446
-0.75452
-0.20598
0.37183
-0.37106
0.18264
0.35242
0.13597
-0.28011
0.04306
-0.01721
0.37250
0.05086
-0.32609
0.28081
0.22102
0.12833
0.57724
-0.24841
-0.48137
0.34540
0.36889
0.09101
0.15439
-0.94130
-1.65896
0.09075
0.32523
0.17532
0.09629
0.15143
0.51984
0.43526
0.21900
0.63180
0.12810
0.43197
0.01120
0.42494
-0.14533
0.30560
-0.21310
-0.29727
0.24829
0.36172
-0.57066
0.08357
-0.32294
0.13200
0.40483
0.42884
0.52902
-0.70601
-0.72245
0.17383
0.40507
-0.71084
0.48785
0.48647
-0.06657
0.19100
-0.04703
0.46187
0.09586
-0.94172
-0.16393
0.74885
-0.04476
0.33508
0.40827
-0.33744
0.30557
0.24444
0.57640
-0.34773
0.18007
0.09284
-0.26033
0.23012
0.15715
0.13028
-0.22026
0.54114
0.37774
0.60924
0.57495
-0.11115
-0.08546
-0.82230
-0.05353
0.47428
0.66479
0.10453
0.03228
-0.07459
0.53573
-0.20640
0.74680
-0.73361
-0.37403
0.06758
0.42219
0.44287
0.47764
-0.71704
-0.72551
0.59618
0.35499
0.06428
-0.45450
0.20475
-0.76943
-0.09894
0.08318
-0.21412
-0.08356
0.32157
-0.71321
-0.25756
0.03080
0.49355
0.30574
-0.04293
-0.70437
0.16566
-0.45139
0.06727
0.03583
-0.63248
-0.23149
0.66437
0.15982
0.46107
-0.49030
0.34261
0.01171
0.27775
-0.77723
0.25130
-0.29169
-0.07189
0.47977
0.31560
0.21045
0.31490
-0.15434
-0.09908
0.31530
-0.09818
0.29478
0.13940
0.24377
0.25497
0.53238
-0.50902
0.38335
0.10263
0.30631
0.20578
0.01004
0.17574
-0.82396
0.24270
-0.03110
0.08213
-0.26754
-0.26893
-0.33555
0.17894
-0.78331
0.32860
-0.91608
-0.13307
0.06063
-0.30142
-1.03098
0.15489
0.37190
-0.31895
-0.37322
-0.08393
0.08381
0.11199
0.35407
0.17857
0.22223
0.19314
0.49774
0.35497
0.22189
0.06578
0.35237
0.37011
0.28426
0.09931
-0.27330
0.15440
0.37099
-0.19321
0.15005
0.31442
-0.10496
-0.12135
0.10824
-1.02913
0.31357
0.05292
0.04323
0.04488
-0.71018
-0.47681
0.11326
-0.82544
0.11859
0.09314
-0.43055
-0.43770
0.68809
-0.83607
0.22699
-0.74113
0.10866
0.80795
0.03495
0.20399
0.48582
0.25669
0.22677
-0.40262
0.48836
0.23894
-0.08037
0.19153
0.11597
-0.28783
0.32712
-0.42948
0.21773
-0.01849
0.02699
0.16015
-0.07142
0.24958
0.08139
0.16423
-0.57074
-0.06827
-0.06917
0.13531
0.15931
-0.30870
0.12193
-0.37777
0.39863
0.11517
0.20887
-0.30640
0.44375
-0.41136
0.32335
0.42122
0.20718
-0.09292
0.42891
-0.79674
0.54677
0.00273
-0.05941
0.22330
0.18189
0.17116
0.27713
-0.65028
-0.36634
0.76906
-0.01871
0.17881
-0.07525
-0.46591
-0.17984
-0.25032
-0.06491
0.27975
-0.17136
0.16716
-0.38750
-0.62501
0.12148
-0.09966
0.36216
-0.72812
0.18480
0.31320
0.12890
0.71419
-0.57652
-0.25837
-0.07544
0.19345
0.04599
0.28695
0.40016
-0.74998
-0.21985
-0.00173
0.48674
0.12376
0.10671
0.12187
-0.38345
-0.02611
-0.54769
-1.12070
0.18943
0.06152
0.15536
-0.45480
0.30579
0.22851
0.50931
-0.67559
0.46420
0.47926
-0.27361
0.34178
0.11295
0.18997
0.44631
0.24660
0.02129
0.38127
0.21329
0.35759
-1.30722
-0.67256
0.11123
0.63890
0.43497
0.16166
0.13825
0.22731
-0.07136
-0.23340
0.45559
-0.03155
0.02224
0.00985
0.45958
0.10709
0.62529
0.45804
0.22129
0.17376
0.65176
0.29585
0.75976
-0.03704
-0.05501
0.08370
0.40361
0.13677
-0.07856
-0.43824
-0.07206
0.15203
0.10228
0.51332
0.33908
-0.20176
-0.68184
-0.11048
0.16360
0.25281
-0.05175
0.12418
-0.07187
-0.66939
0.50936
0.38694
-0.20046
0.38490
-0.06691
0.12456
0.20550
-0.62831
-0.30856
0.11306
-0.31172
-0.80568
0.70141
0.27477
-0.24845
0.22922
-0.24135
0.16417
-0.20501
0.12689
0.23133
-0.01809
0.47421
0.07516
0.11471
0.55441
0.44162
0.55526
0.13909
0.16522
0.12671
-0.69872
0.33053
0.11972
0.07294
-0.65847
0.57570
-0.16736
-0.14038
0.24201
-0.20246
-0.09363
0.31180
0.79379
0.19577
0.23246
-0.05693
-0.02513
0.76986
-0.19565
-0.36389
0.35214
-0.28842
0.44047
0.32455
-1.30102
-0.34563
-0.09546
0.26033
-0.33172
-0.31795
0.54137
0.38765
0.14948
-1.10483
-0.06739
0.29744
0.13167
-0.36812
0.40358
0.53131
0.16182
0.36110
0.44375
0.26303
0.59782
-0.59162
0.22937
0.37589
-0.40336
0.14460
-0.26097
0.21007
-0.37286
0.34778
-0.09008
0.08200
-0.22125
-0.41349
-0.22551
0.05478
0.17005
-0.52296
-0.02794
-0.88960
0.12276
-0.23709
0.39194
0.39609
0.06333
0.14259
0.37848
-0.15807
0.18007
0.49792
0.04025
0.28995
-0.07177
-1.22873
0.34616
0.10526
-0.93255
-0.32523
0.13090
-0.38005
-0.38382
0.06958
0.41492
-0.95853
0.35175
-0.07776
0.20260
0.25595
0.11795
0.30159
-0.07763
-0.30112
-0.36865
0.09468
0.36394
-0.57119
-0.30561
0.20826
0.01239
0.34502
0.40040
0.08186
0.27602
0.03235
0.16316
-0.37160
-0.02557
0.09676
0.34025
-0.75039
-0.56856
0.35707
0.38878
0.30333
-0.17097
0.25511
-0.36630
0.14357
-0.28347
-1.09396
-0.69660
0.39436
-0.54566
0.10516
-0.78015
0.42520
-0.27987
-0.29335
-0.28755
0.15527
0.13909
-0.02998
0.23536
0.26905
0.33260
-1.10541
0.25580
0.20793
0.31696
0.31017
-0.21266
0.22631
-0.58386
-0.19449
-0.76329
0.35641
0.23687
0.40593
-0.61201
-1.39031
-1.36002
0.26977
0.49217
-0.42687
0.72873
0.13060
0.52214
0.37524
-0.10082
0.32292
-0.88478
0.35695
0.16541
0.33572
0.34473
-0.14467
0.02121
-0.40119
0.15435
0.24790
0.39803
0.35012
0.24428
0.10612
0.00644
-0.60421
-0.43175
-0.00827
0.11117
0.09498
0.33829
0.02993
-0.03240
0.23706
0.12815
-0.57295
-0.05297
-0.55604
0.34002
-0.77981
-0.21049
0.48161
0.12377
-0.20307
-0.75240
0.12122
0.31015
0.15721
0.56683
0.54248
0.22249
0.14312
-0.84422
0.22429
-0.99257
0.36176
-0.44392
0.05264
0.26803
0.01715
-0.08263
-0.01014
-0.26781
-0.11123
-0.40812
0.54453
0.09220
-1.50377
0.19777
0.22622
-0.07576
0.18488
0.34595
-0.73216
0.16680
0.25840
-0.38564
0.26338
0.33680
0.31724
-0.06120
0.32916
0.44031
-0.04200
-0.73093
-0.01115
0.02262
0.13657
0.35300
0.49753
-1.70962
0.30776
0.47299
0.41079
-0.37430
-0.97282
0.09891
0.23293
-0.67020
0.27374
-0.78796
0.01422
-0.10751
-0.24361
0.38395
0.29757
0.56187
0.33946
-0.29509
0.80414
-0.08837
0.16941
-0.47472
0.18682
-0.01170
0.48364
0.17808
0.28994
-0.70886
0.40943
0.40706
0.51074
0.09666
0.59365
0.37409
0.35601
-0.29360
0.21010
-0.40711
-0.18618
0.10406
0.47432
-0.04754
0.30898
0.24471
0.57988
0.36925
-0.21669
0.08530
0.22245
-0.57608
-0.15648
0.16204
-0.03364
0.51003
0.28198
-0.81897
-0.54854
-1.10960
-0.56832
0.22001
0.17751
-0.43414
0.29431
0.28845
0.18376
-0.71508
0.46495
0.14533
0.23073
0.36228
-0.26159
0.33858
-1.17476
0.18952
0.24599
0.23561
-0.14451
-0.02134
0.11251
0.60480
-0.19635
0.09411
0.57002
0.44815
0.28271
0.41684
0.01575
0.25517
-0.01285
0.14696
0.25022
0.74986
-0.68968
0.10960
0.04708
0.29387
0.39708
-0.44635
0.24781
0.22855
-0.11022
-0.38769
0.57616
0.14316
-0.01583
0.63135
-1.00751
-0.37474
0.23697
-0.78271
0.28708
0.63318
0.35014
-0.11933
0.75494
-0.75194
-0.31699
0.27094
0.42085
-0.55283
0.16153
0.57044
0.18517
-1.22546
-0.36599
-0.04673
0.62328
-0.22743
-0.18917
0.26384
-0.81119
0.13331
-0.24969
-0.21445
0.09178
-0.45019
-0.18241
0.28901
-0.07955
-0.16439
0.35585
0.13656
-0.61422
0.26369
-0.36691
0.10488
-0.16815
-0.64317
-0.27351
-0.83443
0.48243
-0.47035
0.10500
0.10555
0.21972
0.49425
-0.17847
0.09444
0.46784
-1.14167
0.19331
-0.15288
-0.07538
0.05510
-0.00009
-0.45212
0.23966
0.07745
-0.85917
0.11864
-0.20757
-0.78589
-0.22229
0.35563
-0.02056
0.45369
-0.52433
0.25184
0.43294
0.36616
-0.28923
-0.11756
-0.32651
0.08982
0.18164
0.16319
0.11779
0.39794
-0.05766
0.02583
-0.17547
-0.09501
-0.69217
0.08499
1.11413
-0.10862
-0.03991
-0.12445
-1.77148
0.17911
0.07299
0.15569
0.09331
-0.38735
0.14297
-1.29119
0.21999
0.21816
0.10269
-0.65689
0.14030
0.51254
0.11400
0.17188
-0.25875
0.36829
0.55082
-0.89731
0.07781
-1.16529
0.15045
0.11407
0.23868
0.41106
-0.62830
0.44491
-0.46415
-0.91907
-0.10880
0.23223
0.23752
-0.78624
0.40475
-0.75403
-0.55825
0.08846
0.06933
0.42041
0.17520
-0.37692
0.42119
-0.11379
0.05719
0.13678
0.08402
0.10479
0.29943
0.33178
-0.37021
-0.16458
-0.26657
0.12011
-0.50714
0.09751
0.39789
0.35631
0.58183
0.20819
-0.10705
-0.54293
-0.55127
0.27234
-0.00335
-0.40314
-0.60547
-0.73142
0.13571
-1.24326
0.58886
0.36839
0.19298
0.07937
0.63198
0.14706
0.00162
-0.41241
-0.69014
0.46872
-0.25150
-0.29681
0.12055
0.23138
0.12412
-0.19891
-0.12055
0.49839
0.36406
0.12738
-0.25978
-0.05910
0.29206
0.09651
-0.84457
0.46386
-0.30808
0.24013
-0.36516
0.16885
0.23375
0.24874
0.25570
0.42335
0.80127
-0.48743
0.67262
0.30140
0.07391
0.46866
0.38724
0.28661
0.76881
0.32064
0.11156
0.21046
0.35321
0.11685
-0.13090
-0.64745
0.09273
0.09223
0.19922
-0.31807
0.33041
0.34589
0.41363
-0.34810
-0.34512
-0.56299
0.13804
-0.15934
0.17457
0.32044
-1.12159
0.24244
0.10588
0.03236
-0.50375
0.12747
-0.04519
-0.13523
-0.61672
0.34434
0.07990
0.03902
0.09464
0.40715
-0.05640
-0.01367
0.42537
-0.20417
0.13907
0.20671
0.24611
-1.51225
-0.39732
-0.03027
0.06396
-0.06335
-1.05335
0.12060
-0.52439
0.34829
-0.09705
-0.13952
0.22728
0.47173
0.01444
0.03127
0.09935
-0.41050
-0.51747
0.11060
-0.44985
0.41090
0.44671
0.41330
0.23585
0.22885
0.17363
-1.09143
0.28090
0.12118
0.11863
0.25380
-0.67117
0.20393
-0.17676
0.21200
0.13004
-0.24231
0.04305
0.22450
-0.98020
0.21617
0.00441
0.22182
-0.06741
-0.37524
-0.04793
-0.00032
0.07649
0.13844
0.14268
-0.21242
0.19981
-0.59692
0.04397
-0.94001
0.27363
-0.61867
0.14400
-0.33579
-0.23024
0.23983
0.22555
-0.29101
0.59515
-0.63182
-0.03959
0.15185
0.18866
-0.41027
-0.96767
0.09217
-0.62266
0.34645
-1.36337
0.42119
0.13035
-0.82702
0.78013
-0.82993
0.49031
0.26635
-0.11320
0.11462
0.18397
-0.01596
-0.00597
0.04207
0.40024
0.75791
-0.67862
0.22305
-0.13684
-0.14873
0.13565
0.04967
-0.68156
0.11412
0.17327
-1.64793
-0.52831
0.58838
-0.61647
-0.22405
-1.12652
-0.01634
0.30977
0.09239
0.34500
-0.17283
-0.74936
0.15422
0.18389
-1.07054
-1.03072
-0.13571
-0.38138
0.65658
-0.01299
-0.93604
0.24486
-1.31479
-1.18201
-0.30846
0.17293
0.56346
0.26083
-0.79410
0.21484
0.30179
0.11904
0.22487
0.02323
-0.71807
0.51477
0.30328
0.43063
-0.08069
-0.80123
-1.01600
-0.71013
0.14381
0.12519
0.19409
-0.16085
-0.54376
0.07730
0.00610
0.12132
-0.16078
0.20335
0.13940
-0.08181
-0.13962
-0.18443
-0.08608
0.28990
-0.46255
-0.01988
0.49675
0.10842
0.14095
-0.60702
0.43359
0.55947
0.15558
0.07367
0.19166
0.00517
0.59584
0.24776
0.23794
-0.43395
-0.38693
-0.33323
-1.71200
0.46221
0.16531
-0.10008
0.11342
-0.26528
-0.39252
0.36326
0.19367
-0.36490
0.37315
0.51510
0.60444
0.43037
0.73352
-0.84632
-0.41164
0.10183
0.17512
0.35471
-0.67108
0.38020
0.29417
0.34059
-0.81462
0.07340
0.40190
0.17398
0.27809
0.33558
0.04165
0.10880
-0.79619
0.18003
0.11455
0.14298
-0.03833
-0.82434
0.37689
-0.51885
0.13324
0.26940
0.30927
0.36313
0.30100
-0.29489
-0.01882
-1.08436
0.31060
-0.05893
0.06363
0.12243
-0.10518
0.36190
-0.44509
0.14032
0.20397
0.10989
0.08396
0.22960
0.16328
-0.17691
0.09592
0.48337
-0.23824
-1.17098
0.12620
0.58279
0.27866
0.14205
0.09474
0.16768
0.13034
0.58954
0.33023
-0.06538
-0.09734
0.29455
-0.00341
-0.60987
-0.92125
0.18488
-0.07554
-0.04964
0.04190
0.05192
0.10181
-0.00559
-1.12672
0.50211
-0.20001
-0.01718
0.09489
-0.86602
0.23329
-0.32542
-0.58593
-1.01254
0.54852
0.10900
0.12744
0.34346
0.05158
0.74822
-0.63049
0.11126
0.25615
0.38104
-0.27943
-0.85389
0.10677
0.09917
-0.54930
-0.27722
0.68966
0.71955
-0.41797
0.21107
-0.03017
-0.48217
0.60383
0.28339
-0.24015
-1.20940
-0.67462
0.23893
0.09199
-0.47203
-0.39720
-0.30015
0.00455
0.16209
-0.10726
-0.93743
-0.58785
-0.55621
0.11466
0.43487
0.28551
0.28759
0.12323
-0.31493
-0.44775
-1.04490
-0.41235
0.13623
-0.61058
-0.31767
-0.44103
-0.26713
0.22802
0.00491
-0.17573
-0.27147
0.08955
0.66561
0.15880
0.19030
-0.93988
0.26428
0.29107
-0.04560
0.31304
0.00070
0.09024
0.36112
-0.60742
0.24952
0.24955
-0.76941
-0.17110
0.12140
0.12825
0.20041
0.01254
0.13179
0.15339
0.02061
-0.29754
0.10944
-0.70914
0.18033
0.32954
0.20747
0.16540
0.43170
0.15266
0.38535
0.08925
-0.94298
-0.34078
0.12004
0.23664
-0.11497
0.38394
0.14173
-1.01004
-0.05185
0.28544
-0.28451
0.21599
-0.06193
-0.10570
-1.16352
-0.28479
0.02943
0.70336
-1.35734
0.12964
0.04698
0.33327
0.01607
0.20707
-0.32956
-0.36526
-0.42694
0.12664
0.06605
0.18880
-0.35092
0.31366
-0.55810
-0.27333
0.68782
-0.01576
0.03639
0.13021
0.00926
-0.79588
0.19367
-0.29742
0.06356
-0.33980
0.21846
0.55257
0.10192
-0.75698
-0.97373
0.24813
-0.30864
-0.08691
-0.27768
-0.68399
-0.36688
-0.22243
0.69995
0.60429
0.07550
-0.14552
0.08998
-0.24467
0.27100
0.61737
0.27767
0.00535
0.03453
0.13978
-1.20114
0.10722
0.60872
-0.22560
0.17875
0.09470
0.36258
0.10945
-0.33667
-0.46408
-0.28328
0.04750
0.65044
0.00822
0.03528
-0.16570
-1.04081
0.20022
-1.39012
0.21817
0.51883
0.11974
-0.97357
0.58602
0.24568
0.13480
0.19730
0.33705
0.41601
-0.45847
0.15835
0.47569
0.84727
-0.23680
0.52403
0.04146
0.13364
-0.75024
-0.28472
0.11659
-1.14078
0.35347
0.49843
-0.16226
0.13713
0.07288
-0.07268
-0.12935
0.23729
-0.84615
0.14938
-0.05929
0.22754
0.25491
-0.68197
0.10098
-0.46578
-0.38723
0.16099
-0.04917
0.21407
0.35999
0.34434
0.31802
-0.62283
-0.37212
-1.70497
0.15009
0.53483
0.05707
-0.79261
0.13147
0.58701
0.62128
-1.06234
-0.30172
-0.05343
0.09037
0.13240
0.65428
0.50596
-0.43897
-0.00763
-0.55530
0.22062
-0.87190
0.13711
0.12682
0.27046
-0.61987
-0.15698
0.23549
-0.00136
-0.11318
0.44921
-0.53252
0.32447
0.03631
0.24652
0.06316
-0.03616
0.05506
-0.46830
-0.15033
0.21579
0.11240
0.06448
0.33388
0.40691
-1.39154
-0.13049
0.13985
-0.89846
0.41721
0.15558
0.20419
-0.96947
0.01422
-0.63616
0.25898
-0.08063
-0.03246
0.01066
-0.14384
-0.98185
-1.06685
-0.69955
0.21727
0.03238
0.19049
0.69224
0.31924
-0.64973
-0.17127
-0.66475
-0.80329
-0.13132
0.48435
0.50313
0.23381
0.26390
0.15004
0.39094
0.43361
-0.09006
0.25323
0.18050
-0.03479
0.19174
-0.63979
0.11115
-0.15373
0.03851
0.40941
-0.45391
0.04904
-0.23803
0.53037
0.49818
-0.29055
0.05826
0.52132
-0.08889
-0.10601
0.00895
0.35884
0.37794
0.14195
0.51820
-0.01476
0.05971
-0.57355
-0.71544
0.03064
-0.20994
-1.32738
-0.24439
0.06740
0.01135
0.24205
-0.02584
0.24958
-1.06366
-0.07798
0.04929
-0.39601
-0.21735
-0.58463
-0.37179
0.30289
-0.46915
0.22427
0.18178
0.09920
0.38028
-0.62281
0.54164
0.22382
-0.02673
0.24689
-0.10274
0.67038
0.14915
0.10982
-0.12011
0.49650
-1.20888
-0.21085
0.31801
-1.08337
-0.07836
0.11469
-0.00794
-0.25194
0.50783
-0.35037
-0.13427
0.18605
-0.04024
-0.28948
0.14501
-0.16360
0.61185
-0.36727
0.65017
0.21545
0.17176
-0.28204
0.19016
-0.40310
-1.09858
-0.06093
-0.45976
0.07305
0.05437
0.46548
-0.11169
-0.61681
-1.20976
0.10784
-0.28946
-0.28092
0.43383
0.03842
-0.10189
0.14337
-0.29991
0.03243
0.49154
-0.72026
-0.01297
-1.00147
0.32827
-0.08950
-0.08286
-0.12469
0.45456
-0.16570
0.02516
0.38471
-0.31582
-0.44241
-0.72721
0.21250
0.32330
0.13383
0.68563
-0.44064
0.12214
0.10135
0.04894
0.32374
0.01235
0.47597
-0.10719
0.43258
0.12849
-0.66834
-0.19115
-0.58341
-0.06958
-0.38131
-0.67255
0.40967
-0.23361
0.17955
-0.51707
0.17972
0.64784
0.12255
0.25372
-1.33996
0.13642
-0.06830
0.24617
0.57840
0.12767
-0.21893
0.07254
0.34268
0.00095
-0.33911
-0.15827
-0.41684
0.52883
-0.47815
-0.03799
-0.80533
-0.46172
0.11220
-1.58703
-0.35991
-0.31293
-0.36476
-0.14926
0.21525
-0.87823
0.45007
0.35828
-0.07637
-0.33800
0.29751
0.31297
-0.26230
-0.71025
-0.00517
0.17677
-0.10712
-0.07164
-0.25510
0.28091
-0.78389
-0.42307
0.24374
0.12509
0.57446
-0.46640
-0.91463
-0.33079
0.44366
-0.86407
-0.02960
0.35316
-0.79669
0.40126
-0.48695
-0.79080
0.27619
-0.14785
-0.51069
0.02095
0.03216
0.21052
-0.13042
-1.69978
-0.07631
-0.08774
-1.13952
0.03493
0.76120
-0.69226
0.27388
0.30785
0.67392
-1.19912
0.38824
-0.32369
0.24339
0.11554
-0.26935
0.76386
-0.02234
0.07581
-0.23100
0.25742
0.32200
0.32414
0.22305
0.36613
0.26924
0.30995
-1.04797
0.17376
-0.34844
0.25369
0.17365
0.11794
0.10106
-0.68756
-0.23211
-0.10032
0.13671
0.07524
0.20408
0.13537
-1.50501
-0.36357
-0.46738
-0.95482
0.44329
0.11917
-0.93880
-0.02750
-1.29258
0.16038
0.36288
0.24557
0.51820
0.28138
0.05218
-0.86638
-0.13729
-0.87885
0.53829
-0.18690
-0.07788
-0.82918
-0.20619
-0.28291
0.09228
-1.45739
0.16208
-0.35675
-0.26996
-0.23690
0.08544
0.29650
0.25338
-0.30490
-0.10737
-0.00938
0.04572
-0.44867
-0.85298
0.37088
0.16768
-0.17143
0.12813
-0.05137
0.02315
-0.12975
0.12491
0.37350
0.17938
0.27803
0.54483
-0.19015
-0.21634
-0.83786
0.10624
-0.94240
-0.15636
0.12371
-0.35768
0.71967
0.11259
0.19099
-0.32336
-0.16593
0.27772
0.23250
-0.40600
0.10662
0.23708
0.50627
-0.00839
0.34159
-0.47497
-0.94494
0.14719
0.16116
0.22588
-0.65524
-0.11195
-0.44002
-0.05878
0.10908
-0.38537
0.37117
0.09561
0.05052
-0.82526
-0.06295
-0.76924
0.19276
0.12304
-0.30439
0.27114
-0.11048
0.19345
0.64957
0.15465
0.30120
0.68464
-0.36580
0.30752
0.12356
-0.39456
-0.00730
-0.12799
0.20421
0.07488
0.13237
-0.17482
0.10231
-0.52826
-0.28814
-0.39123
-0.74827
-0.26638
0.08656
0.42743
0.11329
-0.41368
0.10254
0.00465
0.25014
0.41830
-0.25071
-0.28864
-1.16529
0.10807
0.52036
0.62190
0.56264
-0.42207
-0.45862
-0.74351
0.25390
-0.10404
0.13622
-0.46407
-0.46083
-1.02940
0.18889
-0.02348
-0.64076
-0.42128
0.02579
-0.49055
0.12721
0.29558
-0.38243
-0.46924
-0.85887
0.23528
0.06864
-0.13859
0.19937
-0.60834
-0.33122
0.34889
-0.46039
-0.00893
-0.10141
-0.21822
0.70966
-0.42309
0.14968
-0.45061
-0.04031
-0.41378
-0.78840
-0.69514
0.09754
0.11122
-0.18848
0.02968
0.02180
-0.04898
-0.39159
0.10434
0.05023
-2.05165
0.55921
0.02159
0.24639
-0.11442
0.24543
0.02771
0.05979
0.30174
0.18134
-0.36570
-0.47169
0.31539
-0.34657
-0.21388
0.24184
0.15334
0.59701
0.26950
0.04352
-0.10814
0.34038
0.26693
0.00421
-0.66876
-0.47534
-0.32491
-0.26312
-0.18990
-0.83428
0.33832
0.31664
0.43103
-0.66256
0.23048
0.51555
-0.04142
0.20410
-0.77681
0.03072
-0.30586
0.25814
-0.88243
-0.31809
-0.05331
-0.44041
-0.03761
0.18741
0.33732
0.15472
0.99943
-0.43920
-0.62868
0.24033
-0.34308
0.57483
-0.53516
-0.82835
-0.04668
0.27038
-0.49084
0.40004
0.40039
0.10079
0.62373
0.35569
-0.48489
-0.11425
-0.39618
-0.33842
0.33920
-0.21324
0.08336
0.06516
0.04150
0.02477
-0.02340
0.57847
0.38317
0.27743
0.14653
-0.34092
0.06536
0.29576
0.31276
0.02212
0.18000
-0.82257
0.40063
0.16142
0.47149
0.06815
0.13089
0.33723
0.02706
-0.68301
-0.21293
0.77313
0.11311
0.41280
-0.34396
-0.11843
0.04270
0.28031
0.27110
0.08743
-0.34050
0.59278
0.41309
0.49873
-0.23253
-0.32084
-1.21981
0.04130
-0.16545
0.71149
0.23991
0.32333
-0.26516
0.06350
0.30066
-0.52038
0.27187
0.23090
-0.29673
0.23863
0.13479
0.48143
0.15760
-0.15539
0.05385
-0.38138
0.08824
0.17612
0.41276
-0.39494
0.46843
0.16285
-1.03606
0.11324
0.07342
0.11642
0.56990
-1.11167
0.05388
0.24430
0.55664
-0.18250
-0.84701
-0.48988
0.13661
0.40722
0.02235
-0.39206
0.27415
0.30396
-0.65905
-0.52730
0.17669
0.26404
0.52847
-0.87786
0.54183
0.44137
-0.68581
0.33208
-0.32634
-0.14894
0.06936
0.43996
-0.04293
-0.13712
-0.41844
0.10116
-0.46536
0.40647
0.16821
-0.81877
0.33509
-0.21485
0.18478
0.25598
-0.40705
-0.86602
-0.62791
-0.33517
0.18125
-0.40672
0.02076
-0.69788
0.14848
0.45101
0.10686
-0.12153
0.13048
0.33634
0.15150
0.18456
0.15656
0.12977
0.05275
0.42719
-0.04477
-0.18193
0.08438
0.42272
0.35605
-0.31333
0.10540
0.27011
-0.27812
0.33390
0.32614
0.17242
-1.00256
-0.03787
0.08529
-0.20344
-0.28101
0.60440
0.07643
0.39082
-0.09544
-0.39326
0.01089
0.19600
0.30366
0.23725
-0.84594
-0.47917
0.16864
0.21810
-0.18843
-0.64116
-1.08503
-0.23024
0.04652
0.45710
-0.06774
-0.35299
-0.13086
-0.17883
0.08550
0.33165
0.11454
-1.05435
-0.91723
-0.53359
-0.21983
0.34955
-0.12791
0.10578
-0.53348
0.49815
0.58671
0.45662
0.31677
-0.01415
-0.31054
0.21980
0.02971
-0.13181
-0.18740
0.30306
-0.84069
0.08479
0.31195
0.27758
-0.05076
0.37505
0.14212
0.31074
-0.06508
0.24314
-0.37480
0.07907
-0.97718
0.20052
0.23118
0.70037
0.03045
0.07199
-0.15229
-0.25888
0.43013
0.38159
0.19313
0.15335
-0.50151
0.16380
0.41968
-1.05205
0.23117
-0.34482
0.50321
0.06830
0.14436
0.11350
-0.19631
-0.38935
0.12885
0.22490
-0.26606
-0.73790
-0.36833
0.09696
0.34229
0.08008
0.13988
0.21172
0.09921
0.07990
0.04099
0.18454
0.28582
-0.48333
0.35676
-0.28955
-0.08549
0.07015
0.14749
-0.76797
0.22149
0.08168
0.55571
0.32971
-0.36165
0.07947
-0.64651
0.04186
0.14916
-0.17730
-0.26904
0.06717
0.15410
0.17925
-0.89789
0.33456
-0.74460
0.74772
0.02873
0.06526
0.37587
0.03490
0.44451
-0.60139
0.36980
0.09678
0.24143
-1.46749
0.23687
0.69656
0.39262
0.11695
-0.00483
0.16053
0.13232
0.06161
-0.63976
0.23915
0.65988
-0.00940
-0.73211
0.15342
0.31606
0.38750
0.09684
0.29993
0.15909
0.33282
-0.31101
-0.12089
-0.12479
0.39231
0.18567
0.59056
0.17654
0.23332
-0.39662
-0.35345
-0.95891
0.29523
-0.00734
0.10567
-0.16394
-0.29388
-0.00545
0.14834
-0.29689
0.04384
0.25186
-0.28974
0.23696
-0.27836
0.09926
-0.02296
0.22675
0.37428
0.11020
-0.32840
0.52310
-0.60623
-0.45359
0.51718
0.07937
0.30597
0.45775
-0.08398
0.04053
-0.39304
-0.53347
-0.29267
-0.25220
-0.04374
0.25480
-0.12512
0.21613
-0.24945
-0.00702
0.10141
0.41012
0.66002
0.11774
-0.71510
0.10459
0.31836
0.18408
0.11010
-1.56055
-0.33431
-0.02645
0.35600
-0.03814
0.54994
-0.33600
0.04828
0.72068
0.19697
-0.35348
0.08432
0.21533
0.10829
0.14804
-0.03391
0.37880
-1.68362
0.12732
-0.86020
0.08792
-0.07383
0.42864
0.14462
-0.61553
0.13860
0.16184
0.38077
0.39365
0.02987
-0.08871
0.08914
-0.41915
0.60619
-0.15315
-0.00920
-0.97481
0.04539
0.17323
0.29300
0.66502
-0.58601
0.47669
0.19202
-0.06695
0.13561
0.09055
0.45931
-0.56370
0.40135
0.02927
-0.58144
0.24492
0.47156
-0.82906
0.16196
-0.96306
-0.03740
0.06981
-0.04311
0.42143
-0.34967
-0.72257
-0.43583
-0.11763
0.01649
0.55906
0.07772
-0.35924
-0.02980
0.00053
-0.03385
-0.39978
-0.78887
-0.25818
0.40450
-0.41866
0.30837
-0.17204
0.26927
0.05987
0.10732
0.71631
-0.71424
-0.54486
0.12129
0.08046
0.13419
0.12195
0.01941
-0.30795
-0.24370
0.11434
0.06724
-0.06894
0.45856
-0.28197
-0.98349
-0.07696
0.13095
-0.10396
0.12474
0.63427
0.06741
0.12714
-0.77160
-0.16203
0.03647
0.26025
-0.86398
-0.35239
0.34834
-0.10626
0.05171
-0.09395
-0.30807
-0.03381
0.05632
-0.29736
0.42497
-0.64999
0.09496
-0.17710
0.30509
-0.09283
-0.71748
0.75858
0.11653
0.11974
0.27076
0.61439
0.12965
0.02911
-0.03444
-0.01056
-0.11976
-1.31255
-0.27907
-0.72474
0.08097
-0.31499
0.03505
0.10008
-0.43355
0.00994
0.43434
0.49069
0.38188
0.26744
-0.27024
0.04429
0.08340
0.11652
0.08742
0.21153
0.39665
0.14936
0.15409
-0.49617
0.26915
0.16440
0.16729
-0.64533
0.11360
-0.31456
-0.04688
-1.33387
0.35050
0.48071
0.08428
-0.64566
0.03372
0.39223
0.09393
0.11326
0.12442
0.25876
0.07595
0.13273
0.36867
0.08698
0.15858
0.12405
0.23715
0.18679
-0.38028
0.00630
-0.33337
0.15721
0.19714
0.15931
-0.10867
-0.48307
-0.02671
0.01012
0.25758
0.06748
-0.82780
0.76887
0.13759
0.37787
-0.14288
-0.94023
0.28655
0.06474
0.17802
0.08710
0.39526
0.14970
0.28486
0.50300
0.20398
-1.23333
0.08146
0.03495
0.10117
0.23184
-0.22513
-0.33921
0.09515
0.30325
-0.21398
0.51348
0.00856
0.63002
-0.26264
0.36265
-1.20600
0.32382
0.30835
-0.22462
0.33579
-0.37193
0.26601
0.14062
0.12050
0.54780
-0.02920
0.59655
0.10035
0.00513
0.40615
-0.38474
0.44847
0.46084
0.40617
0.24482
0.16578
0.09104
0.01064
