0.18497
-0.24675
-0.63372
0.07586
-0.06935
0.17038
-0.07249
0.13259
-0.11198
0.07573
-0.19599
-0.70775
-0.49253
0.14956
0.12671
-0.05503
0.12603
0.06999
0.18183
-0.07817
0.18892
-0.61658
-0.03550
-0.71226
0.18367
0.21096
0.15575
-0.26719
0.30036
-0.17778
0.07887
-0.41383
0.00498
-0.14007
-0.11024
0.16042
-0.18059
0.08520
-0.18206
0.20192
-1.38262
0.08913
0.00513
-0.50571
-0.20092
0.22377
0.13582
-0.30466
0.22577
0.12456
-0.06269
-0.51869
0.17222
-0.36694
-1.24332
-0.32967
-0.15701
0.14949
0.28766
-0.15503
0.18659
0.10295
0.11089
0.00294
0.23773
-0.06835
0.03661
-0.36772
0.06602
-0.35807
0.34257
-0.00163
0.11314
0.10123
-0.27708
0.04513
0.19085
-0.12070
-0.26113
-0.04437
-0.03274
0.12173
-0.03109
-0.10197
0.13637
-0.31937
-0.13486
0.12697
-0.52106
-0.10552
-0.76143
-0.93501
0.48559
-0.13040
-0.05467
-0.18393
0.02433
-0.24260
0.07819
-0.66185
0.13253
-0.13968
0.11627
-0.17969
-0.04903
0.20132
-0.31808
-0.03215
-0.45649
-0.03421
0.35248
-0.25664
-0.34847
-0.00880
-0.07312
-0.68492
-0.33032
-0.13182
0.10512
-0.35454
0.16821
0.07720
0.02266
-0.07208
-0.45825
-0.76582
0.02592
-0.00820
0.13339
-0.47176
-0.08928
-0.24018
-0.28890
0.15078
-0.68652
-0.02907
0.18505
0.21963
-0.04579
-0.35129
-0.73995
-0.32496
-0.24558
0.00112
0.13665
0.02480
0.16264
0.20900
0.10010
-0.10357
-0.36240
0.16594
-0.27081
-0.26257
0.07863
-0.11763
-0.73117
0.08262
0.11734
-0.00503
-0.12198
-0.12910
-0.14689
-0.61907
-0.01191
-0.61032
0.30302
0.15832
0.16718
0.21955
0.09709
0.05757
-0.21801
0.10137
-0.16854
-0.08463
-0.01695
-0.92540
0.04914
-0.34330
-0.12594
0.31535
-0.45483
0.16604
0.17100
-0.61208
0.00482
-0.15979
-0.29049
0.11737
-0.19811
-0.07846
-0.10065
-0.20778
-0.40936
-0.11784
0.11733
0.06217
-0.30682
-1.07878
-0.50432
-0.43886
-0.34476
0.15585
-0.02930
0.09223
-0.00015
-0.58894
-1.29874
-0.21751
-0.12377
0.24681
-0.25101
0.12974
-0.25233
-0.12916
0.09762
-0.37712
-0.04798
-0.44451
0.13084
-0.21347
-0.01335
-0.60897
0.00413
0.10839
-0.06543
-0.19821
-0.46091
-0.22071
0.22855
0.07781
-0.07456
-0.20907
0.16480
0.30622
0.23110
-0.03738
-0.14798
-1.35852
-0.28613
0.17345
-0.05315
-0.17388
-0.17212
0.07563
0.00809
-0.09383
0.12949
0.02533
-0.26408
-0.50041
0.22853
-0.01459
0.07569
0.00575
-0.19742
0.12435
-0.37434
-0.15334
0.00278
-0.26356
-0.19702
0.15303
-0.25081
0.12971
0.01146
0.16546
0.13365
0.01182
0.08808
-0.23305
-0.36408
-0.76825
0.00148
0.05904
-0.39066
0.05810
-0.03493
-0.13261
0.17952
-0.29719
0.22552
0.08638
-0.08725
-0.55232
-0.10344
-0.28264
0.04989
0.05040
0.20997
-0.22282
-0.13016
-0.16921
0.13610
0.05006
0.17805
0.06954
-0.45673
-0.15456
-0.20950
0.25621
-0.10328
-0.05487
0.20530
-0.06175
0.03712
0.57709
0.01714
0.04364
0.13003
0.04875
0.12726
-0.46342
-0.21454
-0.01074
0.15047
-0.18869
-0.01454
-0.11942
0.01666
-0.06041
-0.13932
-0.60033
0.27509
-0.15489
-0.59908
0.27621
0.50510
-0.35549
-0.11098
-0.10402
0.14479
0.18958
-0.16443
-0.21862
-0.55729
0.05732
0.17353
0.08392
0.06317
-0.10953
0.14356
0.04358
-0.16088
0.35034
0.18222
0.08130
-0.00783
-0.10503
0.01060
0.20820
0.33064
-0.47991
0.05347
-0.16312
-0.14859
0.02243
0.26207
-0.15778
0.20344
-0.11712
0.19672
-0.62656
-0.31094
0.06309
-0.13103
-0.42730
-0.42878
0.06398
0.16537
-0.51131
-0.17415
0.11557
-0.70593
-0.16956
-0.47393
0.04557
0.03092
0.05747
-0.00828
-0.01979
0.31308
0.03776
-0.37454
-0.08851
-0.24886
-0.42223
-0.08477
-0.28301
0.18437
0.11855
0.23501
-0.61004
0.06940
-0.98943
-0.72791
-0.22184
0.11239
0.08703
-0.02236
-0.30314
-0.36296
-0.13006
0.10794
-0.13724
-0.41065
-0.09673
0.43449
0.04179
-0.27158
-0.61528
0.03586
0.15725
0.01775
-0.40838
0.06793
0.32223
0.06871
-0.25428
0.17809
-0.02653
-0.01355
-0.54724
0.13520
-0.08157
0.14259
0.11981
0.35990
0.02286
0.17623
-0.13719
0.00816
-0.49447
0.01921
0.15975
-0.49107
-0.02424
-0.19360
-0.02123
0.17003
-0.13033
-0.29726
0.18659
0.09607
-0.71435
0.77786
-0.26262
-0.04683
-0.13236
0.18779
-0.14832
-0.23573
-0.58386
-0.07955
-0.23881
0.08305
-0.09706
-0.41331
-0.54280
0.14627
0.14976
0.06774
0.11508
-0.09922
0.14706
-0.10232
0.14921
0.17927
-0.28896
-0.34065
0.14398
-0.34017
-0.64687
-0.06142
-0.12157
0.10069
-0.05505
-0.06316
0.28038
-0.40132
-0.41592
0.13991
-0.29646
-0.74889
0.20849
-0.39691
-0.03710
-0.32592
0.14724
-0.34252
-0.19539
0.01771
0.07378
0.04830
-0.16467
-0.33875
-0.34413
-0.10440
-0.24108
-0.66288
0.14655
0.07352
0.00459
-0.24539
0.03450
-0.62429
-0.28025
0.11394
-0.21422
0.14107
0.15036
-0.43817
-0.55002
-0.17870
0.30690
0.17435
-0.19951
-0.22879
-0.23289
-0.19769
-0.04474
0.00120
-0.43526
0.27510
-0.36586
0.28014
-0.68334
-0.17082
0.04338
0.04604
0.22738
-0.05992
-0.00854
-0.11331
-0.04277
-0.28537
0.07401
-0.10265
0.06103
0.20814
0.01260
-0.42151
-0.93851
0.09499
-0.37761
0.19543
-0.00878
-0.44808
0.17694
-0.35507
-0.32074
0.26245
0.29178
-0.17243
-0.55936
-0.61139
0.07802
-0.22004
0.01507
-0.26206
-0.10473
-0.07298
-0.25004
-0.18058
-0.59055
-0.08896
-0.19936
-0.24670
0.20737
-0.10220
-0.35213
0.15823
-0.53700
0.20716
-0.14362
-0.15839
-0.39118
-0.35514
0.02412
-0.52031
0.09374
-0.00017
-0.08524
-0.89494
-0.53352
0.30334
0.01940
-0.38385
-0.31021
-0.24789
0.04385
0.11109
0.32970
0.04172
0.03986
-0.92483
0.01662
-0.20278
0.19161
-0.22967
-0.12569
0.06111
-0.26529
-0.22190
0.14579
-0.18115
0.13454
-0.13795
0.09324
-0.44838
-0.02349
0.10017
0.04990
-0.30446
-0.02117
0.26954
-0.34960
-0.30587
0.01297
-0.16682
0.15898
-0.02150
0.15832
0.08074
0.16321
-0.22794
-0.17337
-0.36559
0.14212
0.17032
-0.90183
-0.29259
-0.08604
-0.06493
-0.35160
-0.30138
0.11366
0.00523
0.11314
0.03501
0.29538
0.10035
0.04953
-0.96215
0.11543
-0.17081
-0.35628
-0.12794
-0.43077
0.04670
-0.11160
0.16246
-0.02996
0.15787
-0.12528
-0.13806
-0.05495
-0.23659
-0.92514
0.09485
-0.02441
0.09656
-0.11928
0.12176
0.17099
0.04117
0.07787
-0.67327
-0.27267
-0.26220
-0.25911
-0.01878
-0.24452
-0.30022
-0.28817
-0.26825
0.20940
-0.12156
0.02189
0.08750
0.05251
-0.52420
0.06047
-1.04698
0.08845
-0.07443
-0.21485
-0.37712
0.41404
-0.48370
0.03288
-0.05158
0.03782
-0.52598
0.23638
-0.38072
0.10888
0.36775
-0.35801
0.11690
0.08999
0.10834
-0.18534
-0.25170
0.17853
-0.95356
-0.14453
0.04744
-0.03422
-0.31110
0.02317
-0.31800
-0.16845
0.04059
-0.25799
-0.09087
0.27074
-0.24896
0.03239
-0.33354
0.09211
-0.51923
-1.22022
-0.03670
0.41756
-0.01280
-0.15898
-0.26562
0.08962
-0.22880
-0.84956
-0.18284
0.14565
0.04163
-0.00396
-0.07773
0.18461
-0.19664
-0.96925
0.17693
-0.04247
0.23038
-0.27154
0.22050
0.35261
0.08658
0.02912
0.02412
0.39913
0.17920
0.18938
0.21379
-0.05570
-0.01284
-0.04219
0.07994
-0.22917
-0.83764
0.03445
-0.00768
0.14909
-0.40945
-0.29487
-0.08485
-0.01249
-0.04966
0.05984
0.17867
-0.33990
0.05502
-0.08972
0.20135
-0.35023
-0.03364
-0.08582
0.20672
-0.32832
0.02903
0.10864
-0.22126
-0.19699
-0.07413
-0.34211
-0.22117
0.06274
-0.16846
0.12615
-0.12283
0.06664
-0.50188
0.07828
-0.31983
0.25261
-0.13002
-0.04784
-0.43519
0.16408
0.02323
-0.18016
-0.59162
-0.42902
-0.03603
-0.12612
-0.37780
0.15494
-0.20344
0.22036
-0.40400
0.15317
-0.11029
0.15002
0.18969
-0.09517
0.23901
0.11412
0.00298
-0.10165
-0.66992
-0.00557
0.15844
0.09084
-0.47672
-0.58745
-0.07235
0.00845
0.01359
-0.18336
-0.35368
0.14859
-0.50853
0.10811
-0.02665
-0.37269
-0.04792
0.44509
-0.42453
0.14666
0.11590
0.16656
-0.02633
-0.06404
0.11083
-0.06423
0.30059
0.01066
-0.48611
0.06763
-0.00669
0.13920
-0.52660
-0.63481
0.22878
0.05660
0.19192
-0.00985
-0.62452
0.07023
-0.18075
0.05356
0.00471
-0.34372
-0.40148
-0.21087
0.09312
-0.10463
-0.37090
-0.12924
-0.40246
0.17923
0.07606
0.18167
0.03922
-0.16631
-0.11967
0.12649
0.08833
-0.82385
0.07531
-0.22619
-0.37640
-0.12265
-0.34416
0.13930
0.08158
0.12784
0.03015
0.04252
-0.05519
-0.33454
0.07931
-0.19450
0.06126
0.13735
0.19964
-0.28409
-0.02689
-0.15774
-0.30141
0.18315
-0.39132
0.15288
0.16062
-0.23536
-0.53814
-0.12764
0.16453
-0.22157
0.23836
0.06666
-0.05090
-0.11557
-0.48375
-0.00838
0.15650
-0.13016
0.09622
-0.22438
0.19769
0.13451
0.01693
-0.25048
0.05882
-0.02510
-1.55629
0.20337
-0.28650
-0.10000
-0.09345
-1.10764
0.14871
0.45338
-0.12339
-0.56934
0.27225
-0.48346
0.22084
0.06485
-0.21656
-0.02353
0.19386
-0.02323
-0.29332
-0.15213
0.06744
0.18802
-0.25590
-0.07519
-0.65515
0.17905
0.06255
-0.33539
0.23028
-0.75634
-0.74126
-0.49698
-0.54435
0.34589
-0.04333
0.37981
-0.50178
0.02733
0.09036
-0.82962
-0.10151
-0.28769
-0.08784
0.14154
-0.19564
0.07991
-0.05163
-0.70567
0.04682
0.09358
0.17393
-0.27585
-0.06064
0.05817
0.07193
-0.36666
-0.17893
-0.26361
-0.02578
-0.18872
-0.02791
-0.44544
-0.74736
0.06309
-0.21048
0.06866
-0.33023
-0.75020
0.08162
-0.22179
0.31432
-0.11671
0.12666
0.02177
-0.26346
0.25119
0.26141
-0.42600
0.37273
0.25433
0.22479
-0.24486
-0.29053
0.17258
0.35721
0.15452
0.09398
0.46814
0.20535
0.20064
0.20499
0.19002
0.11638
0.42512
0.22161
0.19797
0.36606
0.30174
-1.13711
0.22159
0.18917
-0.03564
0.07755
0.16634
-0.06599
-0.15840
0.23773
0.29296
0.29566
-0.30052
-0.30131
0.32580
-0.25483
0.01807
0.43976
0.33020
0.34616
-0.30195
0.15769
0.38635
-0.39897
0.31845
0.08481
0.36154
-1.13729
0.82058
0.11438
0.27662
-0.03605
0.36540
0.21491
0.20359
0.18041
0.18355
0.27373
0.17089
0.21255
0.14552
0.31061
0.39053
0.16218
0.15964
-0.36919
0.20094
0.15405
-0.10041
0.33250
0.26923
0.16496
0.05005
0.15897
0.21722
0.21575
0.07682
0.72108
-0.09308
0.00841
0.03261
0.39875
-0.36381
-0.13805
0.14230
-0.08663
0.56601
0.47073
0.50725
0.36783
-0.93081
0.09262
-0.58175
0.11737
0.01615
-0.51668
-0.05583
-0.18752
-0.88288
-0.02632
0.07372
-0.59118
-0.16546
0.26188
0.55659
-0.31043
0.57846
0.57857
-0.20298
-0.06684
-1.92664
-1.08897
0.28755
0.19814
-1.74429
-0.98736
0.35136
0.17270
0.49539
0.04901
0.04464
0.57510
0.39624
0.40410
0.28149
0.49964
-0.24312
0.48117
0.49134
-1.07219
0.17445
0.38018
0.12345
0.40407
-0.43608
0.13695
-0.01097
0.74662
0.22007
-0.48162
0.08824
0.22114
-0.14566
0.59906
0.25901
0.60458
0.31882
0.39435
0.36120
0.57759
-0.33890
0.59834
0.48932
-0.02243
-0.08045
0.11365
0.25529
0.12983
0.05561
-0.79254
0.68496
0.15982
0.11724
-0.57924
0.29645
-0.40249
-0.18756
0.38297
0.31364
0.51749
0.33520
0.03908
0.25870
0.19195
0.18489
0.11744
0.25211
-0.03963
-0.42425
0.39351
0.16236
0.59079
0.44538
0.23301
0.08929
0.22310
0.37862
0.35832
-0.41698
0.14683
0.19491
0.04407
0.31262
0.34004
0.49264
-0.87680
0.16292
0.10989
0.08191
0.15640
-0.02608
0.25345
-0.00322
0.16038
-0.09337
0.27905
0.21091
-0.16096
0.13672
0.24177
0.15853
0.15163
0.03741
-0.26663
-0.22658
0.11872
0.30305
0.22394
-0.03474
0.18402
-0.24113
0.09335
0.30629
-0.29216
-0.11379
-0.54017
0.50580
-0.51795
-0.23461
-0.23496
0.15566
0.59873
-0.09966
0.03777
-0.88104
0.11870
0.67115
-0.10187
0.15167
0.63496
-0.36867
-0.51642
0.28015
-0.74966
0.01519
0.00896
0.21534
0.34406
-0.27491
-0.31036
-0.97250
0.42352
0.03778
0.18476
0.16198
0.21789
-0.62987
0.10679
0.07733
0.25495
-1.26387
0.06966
0.45393
0.24131
0.52333
0.77276
-0.76499
0.10356
0.20391
-0.30424
0.39646
-0.44981
-0.91298
0.25674
-0.03346
-0.06286
0.27792
0.34913
0.35282
0.19252
-0.82130
-0.14320
-0.72392
-0.42636
-0.05625
0.16179
0.32481
0.34974
-0.33859
0.17394
-0.44803
-0.84672
0.10497
0.21194
-0.64617
0.23005
-0.06986
-0.33441
-0.44073
0.07442
0.18492
0.42114
0.12421
-0.13127
-0.07351
0.36266
0.47183
-0.10609
-1.16250
0.62733
0.57695
0.47888
-0.51195
-1.02674
0.43852
-0.45343
0.22190
0.41517
0.31606
0.09384
0.52035
0.34746
-0.07632
0.34972
0.35631
0.35821
0.19761
0.72581
0.21631
-0.79211
-0.29123
0.41634
-0.18267
-0.29685
0.22024
-0.10965
-0.31932
0.11058
0.18326
0.44481
0.27764
0.42568
-0.40986
0.24309
0.41505
0.37809
0.16939
0.40451
0.06106
-0.86609
0.08245
0.20992
-0.26510
0.07290
-0.88296
0.36992
0.55679
0.37640
-0.13619
-0.37866
0.34519
0.34569
-0.37334
0.06507
0.14212
-0.41376
-0.48771
0.24441
-0.12483
0.25593
0.02189
-0.06877
0.53301
0.39589
-0.33928
-0.40791
0.27572
-0.07354
0.46607
0.73048
0.40105
0.42892
0.24935
-0.33587
-0.97995
0.21043
0.32087
0.49977
-0.11743
0.52425
0.01071
-0.60507
0.05075
0.50487
0.06352
0.08785
0.06152
-0.06778
0.51474
-0.44713
0.27759
0.50517
0.00837
-0.56360
0.41735
-0.40603
-0.05553
0.10556
-0.83347
-0.28497
-0.68336
0.01560
-0.27657
0.00949
-0.42569
0.20763
-0.40916
-0.00539
0.17454
0.14177
-0.84146
0.15488
0.07933
0.26457
0.36002
0.25193
-0.69843
0.01931
0.32911
0.31616
-0.04687
0.28768
0.25287
0.45619
-0.56099
0.11076
0.59809
0.64597
0.31240
0.67562
0.24253
0.45242
0.08332
0.30385
0.20006
0.10155
0.42633
0.40352
-0.37527
-0.13914
-0.59042
0.40618
-0.02455
0.01994
-0.51245
0.24971
0.11576
-0.73973
0.16767
0.11635
0.33320
0.33507
-0.15559
0.04123
-0.24585
0.17641
0.01716
0.06459
0.52877
-0.24903
0.30960
-0.97172
-0.19355
0.12521
0.19792
0.18210
0.21055
0.24146
-0.28207
0.06277
-0.40712
-0.40283
0.71485
-0.25977
0.74508
0.07536
-0.01745
0.66858
0.89892
0.36291
0.13919
-0.77737
0.17084
0.29912
-0.41433
0.21838
0.10245
0.08921
0.35049
0.03727
0.38535
0.43136
0.37937
0.16614
-0.42937
0.05193
-0.01416
0.37896
-0.17189
0.13656
0.11564
0.38854
0.55890
-0.01029
0.40141
0.65625
-0.25364
0.07323
-0.19962
0.36900
0.12775
0.20825
0.11114
0.15113
0.07418
0.54343
0.43589
0.14274
-0.22801
0.76997
-0.22842
0.43915
0.08205
-0.18589
0.11310
0.24513
0.48593
0.24938
0.10207
0.52296
0.34116
0.30483
-0.27650
0.43001
0.05447
0.42308
0.05219
-1.46365
0.26440
-0.18036
0.09678
0.43752
0.07798
0.36139
-1.35798
-0.18470
-0.84053
0.11117
0.16038
0.19967
0.11685
0.29259
-0.18776
0.48623
-0.96231
-0.34698
0.56847
-0.25682
0.15339
0.15094
0.17019
0.16429
0.10388
0.08136
0.37230
-0.34377
0.09082
0.14088
0.09832
0.37923
0.07028
0.27664
0.51729
-0.01989
-0.51007
-0.31156
0.29504
-0.01148
-0.59172
0.27303
-0.53384
0.36722
-0.80806
0.04929
0.30086
-0.96302
-0.02390
0.06654
-0.01097
-0.09582
0.34145
-0.41685
0.46190
0.18783
0.11976
0.09188
0.12140
0.12531
0.19656
0.12184
-0.61844
-0.48705
0.73615
0.19046
0.12615
-0.02905
0.26203
-0.64810
0.34116
0.12337
0.13489
0.29408
-0.63939
-0.51064
0.27040
0.46975
0.41760
0.47991
-0.76671
0.44870
-0.69391
0.21098
0.28783
-0.02513
-0.68856
0.37074
-0.36957
0.23845
0.22083
-0.25519
-0.02676
-0.14739
-0.21368
0.17995
-1.54031
0.38572
0.29396
0.03153
-1.13669
0.16541
-0.34937
0.29950
0.74849
0.10372
0.19282
-0.25594
-0.12365
-0.21510
0.21052
0.00253
0.31755
0.33092
0.03938
0.33464
0.13779
0.35288
0.40894
-0.33719
0.19976
0.39967
0.33588
0.41324
0.42456
0.23770
-0.16187
0.25301
-0.99946
0.34897
0.04774
-0.14054
0.26159
0.06187
-0.28952
0.24453
-0.18201
0.71097
0.42216
0.32925
0.27640
0.67751
0.12286
0.01879
0.56459
0.17577
0.46068
-0.18933
0.08684
0.08929
0.06048
0.28742
-0.24811
0.15426
0.02166
0.34129
0.38772
0.37352
-0.15472
-0.34301
-0.36993
-0.73447
0.16624
0.05834
-0.26754
0.27483
-0.64744
0.09379
-0.23686
0.15893
-0.24055
-0.10838
0.18488
-0.44416
0.29255
-1.07455
0.04041
0.49006
0.29669
-0.90551
0.07196
0.18604
-0.79959
-0.01504
-0.37973
0.22658
0.44761
-0.42348
0.32396
0.12994
-0.44654
-0.21916
0.08966
0.36528
-0.30478
-0.26846
0.48996
0.02280
-0.35540
0.42591
0.37316
0.43889
0.69793
0.59587
0.39343
-0.16473
-0.32572
-0.38141
0.44445
-0.33529
0.47108
0.30814
0.19972
-0.37128
-0.37430
0.39309
0.30776
0.72267
0.55274
0.39438
0.12891
0.55672
0.49984
0.02591
-0.46916
0.15396
0.29952
0.01019
0.22173
-0.85717
0.04977
-0.54527
0.03727
-0.09028
0.13668
0.25506
-0.72162
0.20925
0.37408
0.10876
0.14173
-0.05874
0.01599
0.00933
0.29491
-0.41339
0.20104
0.38384
0.40672
0.29621
0.23846
0.34267
-0.93615
0.29057
0.29483
-0.96899
0.11236
0.43432
0.46149
0.28391
-0.37538
0.39780
-0.24426
0.10850
0.15956
0.51580
-0.71683
0.08661
-0.53273
0.36488
0.08695
0.11841
-0.80457
-0.17734
-0.06349
0.40871
-0.08499
0.57446
0.08506
-0.24720
0.22324
0.21575
0.20472
-0.38716
-1.08255
-0.74482
0.30481
0.02905
0.15763
-0.31548
0.61251
0.40501
0.34886
0.76244
0.25449
0.15975
-0.04970
0.07451
0.12382
0.41925
0.27529
0.07566
0.52396
-0.21656
0.29641
0.39068
0.12027
-0.18413
-0.26224
0.42359
0.12711
-1.30702
0.13884
-0.13191
-1.13887
0.15073
0.27142
0.03803
0.05999
-1.04229
-0.31652
0.01020
0.17866
0.21894
0.70246
0.27467
0.13270
-0.06777
-0.63394
0.32488
0.09592
0.44732
0.35837
0.27132
-0.09875
-1.13174
0.25887
0.37986
-1.19850
-0.06104
0.26867
-0.41484
0.19079
0.24845
0.53350
0.30017
0.23215
-0.31553
0.07806
-0.79587
-0.02883
0.40960
0.07445
0.31684
0.34887
0.28228
0.32127
0.15812
-0.19479
0.21762
0.06164
0.18836
0.16768
0.77696
-0.49958
0.43035
0.46910
0.38740
-0.60258
0.04116
-0.01371
0.27176
-0.40614
-1.48865
-0.10336
0.32060
0.45009
0.09734
0.16378
0.16722
0.19920
0.34958
-0.16172
0.15869
-0.24919
0.08800
-0.04000
0.05648
0.27284
0.09923
0.33561
0.18998
0.28731
0.13801
0.29907
0.20834
0.33974
0.13328
0.51004
0.26060
0.38526
0.09901
-0.34946
0.12240
0.13751
0.10207
0.54243
-0.22180
-0.37417
0.33964
0.20694
0.14166
0.48867
0.31095
0.21200
0.43890
0.27683
0.32248
-0.76820
-0.10334
0.24173
0.35284
0.35424
0.32523
0.12569
0.32728
-0.02187
-0.20075
0.42334
-0.80019
-0.00598
0.49433
-0.34124
0.42487
0.21499
-0.38675
-0.09581
-0.94953
0.13041
0.71882
0.45927
0.42157
0.45459
-0.04490
-0.15522
-0.27716
0.21323
0.25141
0.30970
-0.46466
0.14773
0.19792
0.49358
0.30554
0.48076
0.21331
0.10283
0.06566
0.14619
0.22308
0.41184
0.27236
0.06837
0.17152
0.12510
-0.43624
-0.28063
0.51718
0.56589
0.22835
0.25177
-0.11113
0.16543
0.16741
0.38103
0.10835
-0.19376
0.32258
0.35884
0.21149
-0.20319
0.11306
-0.13259
0.22771
-0.17075
0.54921
0.31535
-0.73264
0.12247
0.35778
0.39598
-0.01005
0.38523
-0.03854
0.35515
0.43809
0.72410
-0.16245
0.34076
-0.48125
0.44197
0.05728
-0.22546
0.72558
0.07967
0.42078
0.10034
-0.02876
0.01205
-0.23941
0.36038
0.31184
0.24929
-0.30343
0.30322
0.31187
0.22813
-0.38522
0.01493
-0.37611
0.05550
0.32090
0.30644
0.46793
-0.07144
0.59955
0.32193
0.06806
-0.43757
0.38995
0.30369
-0.44332
0.45152
0.40368
0.07615
-0.57267
0.32376
0.40950
0.35396
0.26730
0.14186
0.09295
0.33960
0.54476
0.19511
0.24179
0.13154
0.54966
-0.65019
-0.24772
-0.10472
-0.97275
0.29672
0.24796
0.15218
0.28073
-0.01814
0.21129
0.35490
0.20840
0.13325
0.10992
-0.06030
0.40059
0.08882
0.39611
0.63875
0.40908
0.21404
0.24119
-0.53486
0.76822
0.38466
0.26272
-0.23583
0.35785
-0.25618
0.70130
0.31779
0.55800
0.33088
-0.12744
0.34794
0.07146
-0.23273
0.12410
0.26575
0.38265
-0.80411
0.22818
0.26310
0.17950
-0.06120
0.18830
-0.60529
0.28638
0.02424
-0.28255
0.23994
0.16378
0.11577
-0.62340
-0.51072
0.39362
0.50738
-0.76675
-0.52062
0.00629
0.52192
0.37741
0.20553
0.13529
-0.43712
0.21060
0.22466
-1.03127
0.38371
0.08880
0.36567
-1.03676
0.39756
-0.05954
0.23699
0.02698
0.15896
-0.01466
0.51945
0.49402
0.09791
0.55855
-0.19693
0.14170
0.29005
0.44096
0.29695
0.70594
0.24077
0.35016
0.16509
0.12628
-1.15330
0.33247
-0.44957
0.08373
-0.67580
0.37952
-0.25537
0.23051
-0.01567
0.24982
0.18494
-0.62680
0.29835
-0.35219
-1.35633
0.20146
-0.58346
0.21431
0.22900
0.42890
0.53695
0.40537
0.22666
-0.40357
0.06607
0.01756
0.34453
-0.33849
-0.18430
0.24968
0.22735
0.28696
-0.59932
0.51681
0.49998
0.28512
0.10701
0.20024
0.16048
0.45958
0.41210
0.14744
-0.64553
-0.41542
0.33686
0.42125
0.52678
0.04929
-1.34567
-0.84069
0.00999
0.16125
0.67879
0.42488
0.23224
-0.30174
0.44288
-0.04496
-0.35516
-1.28014
0.40159
0.51313
0.04688
0.10051
-0.21708
0.22091
0.31584
0.41448
0.26818
0.41842
0.28066
0.19364
0.39941
0.13099
0.27113
-0.35363
-1.11500
0.41142
-0.02393
-0.20564
-0.50014
0.71068
-0.53797
0.32768
0.20800
0.23942
0.32777
0.34601
0.16321
0.37470
0.02595
-0.76930
-0.21302
0.27898
0.25711
0.41688
0.24247
-0.11972
-0.61176
-0.47566
0.17814
-0.35519
-0.17986
-1.09398
0.19776
0.25268
0.13458
0.15107
-0.20993
0.15512
0.13923
0.08764
0.01334
-0.25342
-0.56241
-0.07877
0.08287
0.09075
-1.03518
0.20601
0.25204
-0.71430
0.45616
-0.25345
0.37039
0.15555
0.84300
0.28919
-0.16150
-0.26615
0.29119
0.69783
0.57629
0.43863
0.24001
0.49933
0.43458
0.27716
-0.24466
0.41015
0.42919
-0.02821
0.78154
0.04404
-0.34623
0.38945
0.24607
0.17553
0.25132
0.42117
0.17938
-0.23717
-0.22798
-0.08627
0.35435
0.09079
0.12410
-0.06485
0.46411
0.33175
0.40120
-0.92635
-0.38331
0.45833
0.16388
0.08462
0.11060
-0.50678
0.26262
-0.94153
0.11208
0.50369
0.22437
0.07909
0.40426
-0.51839
0.26991
0.52196
0.34564
0.69903
-0.41453
0.40017
-0.33954
0.34201
0.25622
0.22117
0.20908
0.20559
0.29095
0.08243
-0.24924
0.21801
0.10473
0.40322
0.31740
-0.61257
-0.29935
0.12975
0.07674
0.29115
0.76962
-0.37934
0.13948
-0.15576
0.24782
0.06523
-1.13313
0.26434
0.26307
0.32987
-0.64181
0.05687
-0.21787
0.03688
0.22325
-0.33514
0.34121
-0.36400
0.01299
0.26316
0.00551
-0.33402
0.01324
-0.38039
0.30688
-0.20866
-0.30299
-0.07574
0.35781
0.18527
0.46942
0.40664
0.39361
-0.17296
-0.53118
-0.77925
-0.08366
-0.50230
0.29960
0.14216
0.17436
-0.56307
0.19564
-0.33115
-0.30717
-0.08813
-0.13777
-0.28786
-0.36105
0.46925
0.16128
-0.04733
0.70091
0.15823
0.22897
-0.46955
0.38172
0.37815
0.35429
0.30170
0.35309
0.40722
-0.07045
-0.65016
-0.33457
-0.24432
0.39146
0.35331
-0.33832
0.58980
0.23465
-0.76451
0.25367
-0.09106
-0.15762
0.31184
0.88697
-0.07840
0.20822
0.09070
0.05786
0.10944
-0.28347
0.12419
0.10542
-0.37083
0.37468
0.07506
0.21484
0.14914
0.17338
0.24066
0.40434
0.47348
0.27280
0.20191
0.16539
0.16700
0.16298
0.20702
0.19398
0.17533
0.25803
0.17004
-0.44699
0.07136
-0.37378
0.39366
0.09455
0.58021
0.18836
0.03728
0.50866
0.36046
-0.11522
-0.32961
-0.00193
0.39341
0.35184
0.03152
0.30979
0.16484
0.45240
-0.00304
0.44467
0.24561
-0.15769
-0.22571
-0.60322
0.09522
0.61539
0.02466
0.21242
0.11832
0.19970
0.02487
0.17398
0.10650
0.45110
-0.18612
0.45195
0.44301
-0.46890
0.63961
0.09706
-0.54941
0.18555
0.12470
0.52729
0.05648
0.32564
0.26940
0.39145
0.25821
0.34192
0.12756
-0.78442
0.08112
-0.22263
0.53671
0.03445
0.05685
0.30338
0.25230
0.28185
0.45670
-0.12502
0.27822
0.27710
0.21158
-0.34321
0.31714
0.19879
0.43597
0.17723
-0.74843
0.09728
0.13371
0.22989
0.12710
-0.86976
0.17692
-1.01636
-1.09215
0.43410
-0.05457
-0.31871
0.28019
0.01751
0.43817
0.20808
0.30230
0.13648
0.14522
0.12845
0.39514
0.19668
-0.73046
0.28196
0.76529
-1.63779
0.29280
0.36288
0.36154
0.28148
-0.57146
0.69932
0.24794
0.25924
0.15613
0.32004
-0.10089
0.30700
0.23948
0.37187
0.49428
0.31325
0.22832
0.40326
0.03089
0.26077
-0.36125
0.23028
0.42150
0.37706
-0.51247
0.29831
0.02614
-0.09394
-0.90306
-0.35115
0.18418
0.40747
0.14271
-0.36885
0.13816
0.22977
0.22730
0.12561
0.18779
0.13944
0.45582
0.33670
0.46374
-0.79622
-1.44456
0.27664
-0.10036
0.24786
-0.28761
0.21970
-0.17611
-0.14790
0.41301
0.18832
0.23507
-0.06561
-0.01252
0.40257
0.25691
-0.22461
0.16112
0.24031
0.30456
0.06648
0.24675
0.13285
-1.18013
0.20630
-0.17695
0.16106
-0.41650
0.15931
-0.28273
0.58588
-0.48802
0.15400
0.02357
-0.09837
-1.04128
0.34181
0.43336
0.13016
-0.51444
-0.59523
-0.62016
0.27092
-0.10794
-0.38184
0.07847
0.20963
0.31564
-0.39158
0.40385
0.09732
0.36707
-0.04560
0.41913
0.10479
-0.93214
-0.15538
0.22351
0.40018
0.14965
0.17988
-0.66269
0.34066
0.13837
-0.42454
0.29630
0.04487
0.37792
0.05427
0.26892
0.15633
0.12488
0.37266
0.51030
0.39258
0.28325
-0.22648
0.36791
0.18434
0.14759
-0.04746
-0.45346
0.62759
0.41927
0.19477
0.30325
0.38363
-0.08277
0.10879
0.59772
0.13369
-0.50846
-0.66573
-0.54082
0.24893
-1.26866
0.24177
-0.97061
0.09324
0.11294
0.19453
-0.62221
-0.38322
0.61406
-0.89665
0.46991
-0.02506
0.37897
0.61329
0.39719
0.12799
0.14778
0.17266
-0.38562
0.25283
0.11686
0.00373
0.44044
0.05060
-0.67685
-0.04808
0.26133
-0.60474
-0.22328
-0.10515
0.58087
0.30848
-0.07862
-0.43782
0.63326
0.30602
0.29277
0.59625
0.18737
0.35195
0.31832
0.36043
0.27883
0.27738
0.12687
0.07760
0.06562
0.05853
0.47543
0.13272
0.32078
0.42737
0.45150
0.39647
0.35796
-0.68978
0.08532
0.18483
-0.31305
-0.11922
0.30205
0.06355
0.30194
0.56206
0.13992
0.14524
0.30592
0.07107
0.23716
0.38327
-1.13128
0.51383
-0.27383
0.21265
0.47542
-0.43427
0.13848
0.39359
0.24790
0.16319
0.37056
0.38279
-0.79181
0.15108
-0.47755
-0.10573
-0.79930
0.17375
0.01710
-0.06911
0.73770
-0.91125
0.38129
-0.74071
0.06005
-0.47963
0.03411
0.07195
-0.19100
-1.43049
0.11979
0.18160
0.26164
-0.66745
0.13222
-0.66755
0.06114
0.19642
-0.70974
-0.19419
-0.02427
0.27195
-0.43128
-0.51727
0.16566
0.03622
0.37717
-0.08521
0.03794
-0.05004
0.30112
0.11426
-0.96984
-0.37009
0.18264
0.02195
0.17140
0.43222
-1.19794
-0.30419
-0.61997
-0.63203
0.38302
-0.88886
0.32047
0.22010
0.06859
-0.81158
-0.41065
-1.51298
0.37829
0.14372
-0.00661
0.19199
0.70356
-0.76502
0.18828
0.60882
0.48593
0.06688
0.47389
-0.05316
0.43300
0.73138
0.13722
-0.25006
-0.66565
0.31462
0.33089
-0.43445
0.20650
0.11509
0.37008
0.55687
0.71170
-0.54688
-0.56258
0.02079
0.41894
-0.75686
0.45062
0.56260
-0.10595
0.25843
0.39881
0.25837
-0.09550
0.48351
0.10977
-0.87398
-0.22564
0.78213
0.23539
-0.26386
0.45015
-0.48899
0.32326
0.06692
0.68332
-0.31788
0.11282
0.13433
-0.37839
0.03467
0.16220
0.32400
-0.20110
-0.28841
0.60908
0.30574
0.64172
0.53808
0.04020
-0.00289
0.61009
-0.17580
0.14785
-0.13661
0.81802
0.59024
0.01715
-0.10083
0.37796
-0.05900
0.70140
0.77280
-0.69082
-0.39531
0.08620
0.40345
0.45256
0.59399
-0.57319
-0.59035
-0.57734
0.27340
0.05593
-0.41899
0.28038
-0.96548
-0.04063
0.07948
-0.05540
0.20544
0.37340
0.31468
0.31344
0.07225
-0.01154
0.13335
0.60657
0.22120
-0.04910
-0.06955
-0.59901
0.08343
-0.38386
0.03752
0.28784
0.04698
-0.41998
0.29052
0.56866
0.10507
0.39436
-0.41512
0.21721
0.08818
0.37401
-0.61707
-1.17574
0.22312
-0.36920
0.15147
0.37295
0.17833
0.10781
0.23838
0.36230
0.00431
-0.18274
0.18396
0.04162
0.28828
0.40241
0.32614
0.36614
0.38502
0.13897
0.14408
0.27703
-0.08857
0.16207
-0.79990
0.23227
0.07111
-0.26266
0.17139
0.02382
0.03303
-0.05295
0.54704
-0.76569
0.34488
0.07421
0.07245
0.03729
0.14955
0.13518
0.49373
-0.29740
-0.34797
-0.16199
0.16754
0.25751
0.21802
0.20409
0.20886
0.32653
0.51441
0.29875
0.16867
0.39854
0.38125
-0.00634
-0.47997
0.17163
-0.22641
0.20866
0.31590
-0.15646
-0.13266
0.13609
0.35699
0.06262
0.61605
0.04391
-0.01155
-0.62664
-0.37115
-0.42509
-0.84028
-0.31470
0.09027
0.16089
-0.10681
-0.39687
0.59856
-0.86807
-0.61846
0.14143
0.11161
0.17851
0.40733
0.00888
0.23690
0.32515
-0.22809
0.46441
0.21686
-0.09234
0.12083
-0.26321
0.32242
-0.34909
0.17915
0.20454
-0.40012
0.05596
0.03400
-0.67649
0.11469
-0.46102
-0.21941
-0.02168
-0.01451
-0.29653
0.16563
0.44799
0.03099
-0.31846
0.66085
0.35080
0.30982
0.40583
-0.63772
0.47191
0.05971
-0.08148
0.17040
-0.03302
0.18111
-0.54459
-0.39459
0.50216
0.21129
0.00557
0.04185
-0.34231
0.19482
-0.05287
-0.10504
-0.14241
0.13859
0.22795
-0.34084
0.12374
-0.36470
-0.52467
0.12581
0.09260
0.48505
-0.21610
0.45174
0.40711
0.15801
0.31485
-0.62889
-0.25707
0.28813
0.05154
0.37435
-0.84702
-0.30344
0.07968
0.38345
0.20152
0.12194
-0.38923
0.04711
-0.58114
-0.95741
0.19752
-0.05746
0.17108
-0.60714
0.43393
0.44748
0.47720
0.06273
0.14244
-0.30387
-0.36683
0.32330
0.28470
0.17024
0.47472
0.07755
0.43861
0.09919
0.38829
0.26514
0.41082
-0.42717
-1.35276
-0.66417
0.45573
0.49075
0.47995
0.13565
0.70824
0.15074
0.04213
-0.01786
0.26872
0.47640
0.12025
-0.19174
0.44457
0.16396
0.75554
0.18994
0.73847
0.33823
0.77834
-0.08138
0.01721
0.12374
0.11121
-0.42496
-0.11646
0.12936
0.26604
0.52655
0.18772
-0.66046
-0.23577
0.10195
0.26673
-0.15029
0.09706
-0.02262
-0.54627
0.49711
0.42488
-0.26301
0.35745
-0.17279
0.12168
0.19869
-0.78976
0.11057
-0.08059
0.07635
-0.27028
-0.80285
0.39292
-0.22872
0.27368
-0.45191
0.39926
0.07890
-0.32131
0.19405
0.21004
-0.14908
0.00399
0.37240
0.54047
0.25871
0.14114
0.18424
0.21914
-0.73740
0.26922
0.33338
0.42361
-0.18714
-0.17885
0.12997
0.26131
-0.16277
0.31019
0.83160
0.19968
0.26526
-0.39579
-0.01280
0.77277
-0.31031
-0.38469
0.20370
-0.34837
0.36168
0.09462
0.34770
-0.46790
-0.55271
0.66715
-0.36054
-0.11563
0.21610
-0.63892
-0.07324
0.18769
0.28164
0.17776
-1.09860
-0.16092
0.22727
0.09449
0.27023
0.08232
0.54662
0.13061
0.34201
0.24195
-0.79889
0.27869
0.48062
-0.34676
0.49857
0.22843
-0.24499
0.21494
-0.32904
0.08802
0.19656
-0.07760
-0.16553
-0.32744
-0.40006
-0.25878
-0.05642
0.20352
-0.41538
-0.02078
-0.98701
0.12037
-0.24045
0.34949
0.37156
-0.00606
0.44323
0.43041
-0.25866
0.34883
-0.00254
0.32171
0.00993
-1.04422
0.30615
0.39634
-0.74550
-0.11220
0.08247
-0.33857
-0.38806
0.25832
0.38637
-1.10834
-0.56332
0.09651
0.18707
0.31041
0.18719
0.27842
0.07486
0.08991
-0.01914
-0.26528
0.13299
-0.01784
-0.46674
-0.10139
0.15349
0.39152
0.09616
0.26306
-0.02110
-0.02670
0.19403
-0.90522
-0.33885
0.00878
-0.05264
0.06255
0.33492
-0.70359
0.36997
0.41478
0.40843
0.45412
-0.16502
0.26412
-0.40275
0.16243
-0.26879
0.12624
-0.55034
0.46038
-0.52048
0.19503
-0.78806
0.41376
-0.32862
-0.36758
-0.34891
-0.11319
0.12186
-0.46177
-0.09508
0.20712
0.33837
-1.00427
0.28022
0.19632
0.38013
-0.40956
0.11840
-0.52083
-0.84305
0.35576
-0.56284
-1.07884
-1.37398
0.22723
-0.37964
0.73542
0.06496
0.39330
0.32233
-0.12828
0.22687
-0.81893
0.32171
0.29879
0.09995
0.21951
0.27307
0.27525
0.38903
0.17824
-0.04832
-0.13294
-0.57912
-0.34885
0.12637
0.15167
0.33158
-0.02819
0.03610
0.05311
-0.55489
-0.02123
-0.43017
0.37592
-0.05981
0.53823
0.11932
-0.01087
-0.57423
0.13921
0.36406
0.14172
0.17367
0.53743
0.52890
0.16926
-0.01252
0.26941
0.36831
-0.73625
0.20306
0.12087
-0.73366
-0.09073
-0.29370
0.33868
0.30095
-0.38660
-0.04982
-0.04090
0.46000
-0.44820
-0.13637
0.58296
0.13734
-1.58220
0.35512
0.24101
0.10465
0.22275
-1.04414
0.21639
0.31842
-0.77987
0.17948
0.44639
-0.53791
-0.43991
0.23764
-0.55685
0.33605
0.31137
0.13724
-0.13807
-0.44124
0.37690
0.65139
0.05242
-0.65723
0.38489
0.36094
0.34615
0.17139
-1.64017
0.22270
0.24186
-0.17575
-0.66487
0.44781
0.14375
0.10386
-0.70968
-0.32912
0.34074
-0.73985
0.05010
-0.00438
-0.06585
-0.58403
0.37207
0.27218
0.18136
0.01442
0.59572
-0.00937
0.35428
0.15279
-0.25614
0.39290
-0.48808
0.02632
-0.36894
0.38472
0.13333
0.48792
0.52364
0.12426
0.46718
0.30106
-0.08148
0.27770
0.05809
0.07005
0.38763
0.31889
0.37595
0.21904
0.33315
0.09059
0.32553
-1.03216
-0.55286
0.21920
-0.80379
0.15088
0.16524
-0.03232
0.23781
0.17755
0.42189
0.59933
-0.95092
-0.41343
-1.10340
0.49447
0.20803
-0.51965
0.36476
0.31796
-0.55509
0.49689
0.05453
0.28030
-0.04467
-0.09884
0.01728
0.56907
0.04103
0.25571
0.31108
-0.03601
0.10021
0.48330
-0.33000
0.08301
0.37857
0.09613
0.22755
0.18263
0.07179
0.22011
-0.14207
0.16208
0.25945
0.22134
-0.56929
0.09205
0.06696
0.47731
-0.13480
0.28984
-0.46469
0.13301
-0.01106
0.56784
-0.92446
-0.38803
0.24196
-0.79145
0.32501
0.46832
-0.16478
0.57637
-0.76881
-0.35439
0.20866
0.57837
-0.30046
-0.60282
0.38438
0.59459
-1.08648
-0.27905
-0.30365
0.71070
-0.33137
0.32477
0.18620
-0.19781
-0.08683
0.01983
-0.39838
0.09357
-0.40793
0.41121
-0.02771
0.43929
0.17916
-0.47050
0.47204
-0.56835
0.33778
-0.54674
0.41007
0.16331
-0.39197
-0.23572
-0.78728
-0.41487
0.06066
0.08858
0.51794
-0.10821
0.35358
0.26545
-1.21580
0.32288
-0.09045
0.09428
0.05929
0.07652
0.13098
0.01813
-0.87561
0.23492
-0.46451
-0.70694
-0.06409
0.45860
0.12249
0.47946
-0.81078
0.22296
0.25403
0.48468
-0.32895
0.29178
0.02428
0.11524
0.15394
0.09537
0.47291
0.03973
-0.09646
-0.12848
-0.21808
-0.75630
0.09623
1.13406
0.00124
-0.05129
-0.38382
-0.72792
0.08089
0.23449
-0.18546
0.05757
-0.23345
-0.27844
0.28483
-1.41688
0.12881
0.11070
0.49360
-0.10276
0.12410
0.54007
0.11602
0.21582
-0.19506
-0.18777
0.61894
0.27963
0.53680
-0.85747
0.05799
0.18515
0.23078
0.09554
-0.75919
0.33319
-0.29906
-0.89499
-0.14587
0.28047
0.19808
-0.03005
-1.10606
0.25847
-0.72791
-0.05774
-0.48150
0.05217
0.32758
0.02019
-0.39998
0.54080
-0.09632
0.05474
0.02566
0.17508
0.05862
0.39697
0.54091
-0.37397
-0.00041
-0.43545
0.32193
0.02037
0.08895
-0.20242
-0.67617
0.28748
0.32779
0.66925
-1.05602
0.16513
-0.21121
-0.35442
0.10009
0.28957
0.17348
-0.35202
-0.27274
-0.55317
-0.63492
-1.07295
0.15813
0.59286
0.22886
-0.42432
0.05318
-0.02618
0.01315
-0.37246
-0.79544
0.37342
-0.03023
-0.41251
0.12153
0.28311
0.13090
-0.09988
0.67803
0.29028
0.06519
0.06784
-0.44658
-0.65323
0.27666
0.13915
-0.87622
-0.50713
-1.10136
0.32556
0.40498
0.34710
0.18863
0.22551
0.73352
-0.65849
0.75250
0.02887
0.39196
0.43208
0.31783
0.57179
0.22991
0.33672
0.20530
0.28874
-0.07086
-0.16077
-0.69742
-0.13274
0.23175
0.21444
-0.38374
0.11393
0.17498
0.42233
-0.34651
-0.36666
-0.54557
0.17180
0.33691
-0.15040
-0.26467
0.23488
0.15924
-0.73658
0.12209
0.46362
0.04323
-0.47777
0.16642
-0.21022
-0.11902
-0.56360
0.21592
0.27484
0.18876
0.22404
0.02502
0.11102
-0.02386
0.38745
0.38269
-0.22554
0.07760
0.24814
-1.09118
-0.36106
-0.14336
0.02582
0.20442
-0.16358
0.28808
-1.18966
-0.30430
0.28334
0.33094
-0.05411
-0.62880
-0.71796
0.30532
0.47680
-0.05204
0.01460
0.38449
-0.49181
-0.21075
0.14398
-0.43831
0.42798
0.36701
0.25396
0.28680
0.21231
0.22547
-0.49968
0.25821
-0.06199
0.25240
0.15565
0.14329
-0.38229
-0.75023
-0.02253
0.23795
0.17245
-0.08706
0.13811
0.18170
-1.04830
0.12300
-0.25405
0.39493
0.22148
0.00973
0.04118
0.16419
-0.06666
0.13853
0.12635
-0.08524
0.13427
0.24734
-0.71061
-0.01431
-0.31387
0.21731
0.12663
-0.25263
0.06288
-0.31025
0.23599
0.24904
-0.32204
0.43464
-0.59620
0.05226
0.19045
0.06486
-0.08767
-0.43094
0.00755
-0.59822
0.13801
-1.41519
0.55612
0.12221
-0.58592
0.42909
-0.53875
0.06946
0.09208
0.32470
0.36314
-0.02760
-0.46345
0.18862
-0.06995
-0.07242
0.04525
0.34269
0.74708
0.24601
0.26725
0.14516
-0.06048
0.25912
0.12227
-0.14034
-0.66193
-0.03180
-0.80190
0.17194
-1.82213
-0.88136
0.42878
0.14211
-0.34157
-0.23589
-0.07908
-0.09417
-0.66558
-0.03347
0.28596
-0.81568
-1.21927
-0.16529
-0.29670
0.53815
-0.95130
0.36318
0.23614
-0.71243
-1.03581
-0.42898
0.15581
0.58326
0.39355
0.28013
-0.37021
0.21713
0.12208
0.27650
0.05973
0.07463
0.29136
-0.72221
-1.04502
-1.03336
-0.24460
0.29636
0.10966
0.24592
-0.29628
-0.64019
-0.08606
0.31789
-0.18595
0.13969
0.12611
0.07884
-0.12143
-0.31527
0.60243
-0.08946
0.12876
-0.38964
-0.18380
0.46684
0.49443
0.12214
0.05471
-0.31769
0.41454
-1.20307
-0.10591
0.72103
0.14396
-0.04329
-0.46765
-0.38731
-1.53212
-0.10132
0.21574
0.02245
-0.30907
-0.35897
0.15047
-0.36666
0.27711
-0.75889
0.42059
0.50254
0.43314
-1.03551
0.47077
-0.08450
0.10204
0.18343
-0.75590
0.51163
-0.67618
-0.01314
-0.00968
0.25232
-0.92989
0.04144
-0.15238
0.35559
0.22948
0.17143
0.17991
0.39263
-0.46868
-0.10111
0.05801
-0.72489
0.23312
0.09813
0.10340
-0.85802
0.77766
-0.49114
-0.37026
0.14040
0.46119
0.38164
-0.60106
-0.00740
-1.10926
0.32848
-0.10877
0.27587
0.23458
0.21983
0.22932
-0.30567
0.07236
0.16705
0.07758
-0.40026
0.25410
0.14905
-1.08928
-0.02561
0.48390
-0.29859
-1.07321
0.21016
0.55784
0.24961
0.17707
-0.34342
0.24700
0.13790
0.65019
0.44032
0.03927
0.56250
0.16237
-0.76394
-0.92188
0.16098
-0.02188
-0.02899
-0.37293
-0.01414
-0.15009
-0.97236
0.29702
-0.51276
-0.94022
-0.04906
-1.08659
0.23662
0.02423
-0.76674
0.47960
-0.07579
0.17425
0.38153
0.15460
0.88468
-0.65057
0.27287
0.05403
-0.01023
-0.13796
-1.04500
0.14917
0.24346
-0.76780
-0.23989
0.53496
0.90987
-0.38069
0.22725
-0.26891
0.09358
0.44034
0.34079
-0.19822
-1.11398
0.19991
-0.21803
-0.36122
-0.23718
0.09521
0.14957
0.12789
-0.73798
-0.16484
-0.31451
0.26944
-0.78972
0.10354
0.24948
0.04948
0.18718
0.26006
0.02476
-0.76087
-0.29807
-1.46025
-0.43397
0.55056
-0.56588
-0.72794
-0.24331
0.17560
-0.01494
-0.31589
-0.31172
0.05419
0.55536
0.11850
0.24547
-0.09589
-0.40102
-0.95849
0.23931
0.26285
0.17112
0.35180
0.01992
-0.01786
0.33614
-0.59489
-0.00487
-0.99731
0.16287
0.12003
0.12275
0.43966
0.04156
0.16157
0.12594
0.04671
-0.02130
-0.30726
0.08400
-0.83660
0.21737
-0.35342
0.08607
0.27836
0.36077
0.28247
-0.84969
-0.07571
0.08770
-0.20589
0.13046
0.03425
-0.39229
0.34896
0.42713
-0.77146
0.04390
0.21161
-0.34095
0.15205
-0.10055
-0.05565
-0.17892
-0.12242
0.14488
0.80396
-1.23438
0.24290
0.03827
0.06944
0.19955
-0.40091
0.15656
0.01316
-1.29756
0.09848
-0.62276
-0.06994
0.81210
-0.03184
-0.06114
0.08660
-0.18914
-0.77660
0.14809
0.31572
0.15561
-0.23380
-0.15605
-0.27772
0.27857
0.42348
0.04724
-0.75036
-1.09112
0.27262
-0.34585
-0.22003
-0.38051
0.40028
-0.28770
-0.20908
0.44120
0.12216
-0.11421
0.15262
-0.76339
0.38485
0.64600
0.21785
-0.02036
0.09444
0.08306
-1.36120
0.13738
0.19370
0.51754
-0.27219
0.25913
0.42971
0.08095
0.39160
0.12177
-0.26032
-0.50193
-0.45811
0.04113
0.44434
0.53485
-0.01556
0.27390
0.25388
-0.93972
0.16412
-1.21219
0.48795
0.04497
-0.86813
0.53922
0.20092
0.10426
0.15818
0.10561
0.33216
0.03759
-0.62590
0.11401
-0.06594
0.74800
0.74762
-0.07087
0.49433
0.04427
0.07086
0.19805
-0.62574
-0.33484
0.14339
-1.00206
0.33806
0.26825
-0.09313
0.12326
-0.18197
-0.13804
0.35495
-1.07095
0.17306
0.43517
0.25530
-0.05762
-0.44018
-0.09050
-0.59521
-0.33320
0.09557
-0.08043
0.06859
0.43298
-0.61471
-0.38596
-1.62493
0.33619
0.06528
0.46323
0.24056
0.43932
-0.81382
0.05688
0.46129
0.55246
-0.99279
-0.43080
-0.01619
0.15230
0.54548
0.05967
-0.03522
-0.43380
-0.07844
-0.42364
0.22655
-0.79118
0.28785
0.20117
0.00845
0.25112
0.10175
-0.55989
0.25182
-0.13522
-0.42945
-0.39276
0.48798
-0.11649
0.11504
0.30546
0.08295
0.01893
-0.39367
-0.39973
0.30381
0.29110
0.16149
-0.34421
-0.25988
-0.37726
0.44058
0.22444
-1.25538
0.26076
0.26704
0.15162
-0.49239
-0.67880
0.37522
-0.27360
-0.16528
-0.13466
-0.05061
-0.19973
-1.42747
-0.56031
-0.68857
-0.92496
0.07166
0.24485
0.55386
0.50322
-1.37624
-0.68405
-0.17239
0.03024
0.47987
-0.42874
-0.14332
0.42169
0.63109
0.24652
-0.62216
0.28871
0.19449
0.14672
0.35217
0.37693
0.02848
0.35714
0.22374
-0.04804
0.24731
-0.57488
0.14501
0.07343
-0.19563
-0.22444
0.35668
-0.30851
-0.34791
0.45838
-0.22019
0.48982
0.40872
-0.25196
0.01509
-0.08570
-0.17250
0.22183
0.20092
0.35349
0.16588
0.39452
0.01448
0.12269
-0.47526
-0.69287
-0.12959
-0.20512
-1.26136
0.06916
0.11357
0.32158
0.22739
-0.10799
-0.88883
-0.34840
0.02081
-0.41217
-0.21250
-0.58011
-0.34002
0.20363
0.13165
-0.26733
0.25967
0.13707
0.30160
0.39357
0.01555
-0.20640
0.18083
0.04004
0.12016
-0.08593
0.65025
0.18172
0.14436
-0.17112
0.57992
-0.47030
0.26687
-0.95912
0.00357
0.12623
-0.00143
-0.09548
0.47209
-0.35845
-0.16403
0.18406
-0.11528
0.03310
0.70590
0.01038
0.55022
-0.18107
0.64190
0.29096
0.23416
-0.13024
0.10682
0.27696
-0.31960
-1.08494
0.04649
-0.60235
0.30295
-0.19790
0.42328
-0.00711
-0.65604
-0.92768
0.15404
-0.00578
0.24827
-0.40624
0.40017
0.12245
0.10219
-0.42181
-0.43691
-0.05715
0.01841
0.52440
-0.75081
0.09268
-0.96536
0.29049
-0.14837
0.24698
0.00371
-0.20370
0.41325
-0.06631
0.09647
0.32716
-0.11392
-0.37691
-0.71467
0.36171
0.13210
0.07588
0.63675
-0.30166
0.05265
0.18463
0.18240
-0.04717
-0.11743
-0.07641
0.47008
-0.38562
0.08950
0.08220
-0.55924
-0.10625
-0.53744
-0.04106
-0.14877
0.47778
-0.62654
0.54554
0.33412
-0.18844
0.14522
-0.47472
0.08612
0.05917
0.27795
-1.41701
-0.03617
-0.01219
-0.19679
0.22253
0.70489
-1.81976
-0.22729
-0.21023
0.03104
0.32915
0.09069
-0.42928
-0.20687
0.52117
-0.39484
-0.17068
-0.81205
-0.50727
0.18176
-1.52200
-0.35662
-0.18598
-0.45578
-0.19933
0.25084
0.16496
-0.87262
0.41770
0.47220
-0.10137
-0.34781
0.19242
0.31913
0.40239
-0.22447
0.18954
-0.15342
0.00177
-0.70989
-0.75173
-0.44630
0.18789
-0.13520
0.84402
0.53928
-0.59374
-0.39535
-0.46782
0.21363
0.18122
-0.87421
0.14527
-0.26067
0.13554
0.42337
0.05439
-0.27145
0.05023
-0.39275
0.21485
0.02549
0.07878
0.27968
0.03726
-0.47588
0.15099
0.34568
-0.20400
0.69461
-0.20115
0.07521
0.58789
0.60023
-1.12412
0.32624
-0.04046
-0.77681
0.08802
0.02260
-0.26033
0.58706
0.04115
0.04432
-0.15368
0.36810
0.09586
0.24572
0.07347
0.28544
0.32147
-0.93280
0.09061
-0.29181
-0.23741
-0.43276
0.12937
0.05152
-0.62748
-0.03776
-0.19485
0.13713
0.07876
0.55852
0.32123
0.19975
-1.42881
-0.79405
0.47006
-0.20389
-0.90988
-0.00312
0.34458
-1.26445
0.36918
0.13621
0.44831
0.43879
0.07959
-0.16786
-0.01024
-0.98266
-0.55583
-0.04062
-0.00167
0.35638
-0.68363
-0.40195
-0.17505
0.14844
-0.43791
0.14989
0.43079
-0.59328
-0.23753
0.13639
0.41385
0.22849
-0.42771
0.07903
-0.09120
0.43913
-0.03507
0.05684
-0.45877
-0.75011
0.26846
0.50153
0.34804
-0.18016
0.10308
0.06757
-0.03962
-0.08255
0.05095
0.30975
0.03253
0.29344
0.56417
0.10595
-0.65279
-0.91170
-0.73672
-0.39125
0.15127
-0.56491
0.83200
0.10182
0.61480
0.57885
-0.27502
-0.04413
0.32060
0.11204
0.26837
0.03224
0.34492
0.27670
0.62899
0.11363
0.34942
-0.44437
-0.57320
-0.27467
0.12545
0.27565
-0.55928
-0.11238
-0.37425
-0.18947
0.12911
-0.36810
0.15253
0.04832
-1.06663
0.23046
-1.13328
0.28160
0.07786
-0.71862
0.24270
0.19782
-0.16896
0.27996
0.11210
-0.29967
0.64163
0.23866
0.09008
-0.37460
0.08812
-0.02717
0.10680
0.02513
-0.09741
-0.23454
0.10127
-0.21829
0.01721
-0.18476
0.18628
-0.01194
-0.62695
-0.71326
-0.33557
0.07754
0.10322
-0.35891
0.05415
0.12913
-0.09678
0.32680
0.43060
-0.23264
-0.41220
-1.51174
0.10230
0.62619
0.56097
-0.41359
-0.50601
-0.59072
0.42442
0.11750
-0.69875
-0.14636
0.24701
0.26892
-0.75165
-0.43556
0.15512
-0.47327
0.10631
0.37316
-0.49331
-0.45741
-0.82042
0.35747
0.09797
0.29639
-0.38426
-0.11633
-0.15980
0.40906
-0.26081
-0.34294
0.73081
0.01829
-0.28259
0.00594
-0.33826
0.17442
-0.48251
0.03884
0.01256
-0.01456
-0.67986
-0.62408
-0.03264
-0.26695
0.02277
0.04857
-0.04085
0.07469
0.14656
0.26918
0.48043
-1.07553
0.40785
-2.11698
0.54032
0.10423
0.19182
0.24083
0.10044
0.06648
0.26889
0.26641
-0.37047
-0.64550
0.36891
-0.21045
0.07755
0.16778
0.53658
0.17805
0.39473
0.36781
-0.00527
0.01933
0.43883
0.21745
0.04551
-0.73404
-0.77964
-0.73746
-0.31819
-0.26138
-0.80011
0.21881
-0.39794
0.27276
0.03704
-0.48727
0.15843
0.54902
-0.00142
0.30929
-0.87961
-0.27225
-0.16638
0.16382
-0.69529
-0.27203
-0.05764
-0.46976
-0.06382
0.17807
0.17425
0.97497
-0.47138
0.17025
-0.27458
0.56177
-0.55463
0.30372
-0.54292
0.29267
0.49986
0.14200
0.59657
0.26198
-0.45653
-0.05528
-0.14994
-0.42271
0.47412
-0.16732
0.19235
-0.08493
0.53833
0.39703
0.43615
0.01841
0.25635
0.12935
-0.39936
-0.17067
0.19086
0.37820
-0.92242
0.11011
-0.91079
0.18949
0.50823
0.15390
-0.15951
0.16806
0.09537
0.89762
-0.61258
-0.23126
0.58315
0.09431
-0.83334
-0.20739
-0.10440
0.35740
0.32816
0.06827
0.20383
-1.32687
0.42490
0.43573
0.05487
0.41321
-0.33218
-0.39392
-1.30231
-0.04743
-0.06084
0.71727
-0.12328
0.08114
0.68887
-0.31440
0.14702
0.08794
0.05971
-0.54243
0.01529
0.24443
0.28837
0.16907
0.49569
0.21980
-0.11544
0.64437
0.03887
-0.09851
0.10253
0.21979
0.41933
-0.52075
0.33824
0.13742
-0.37111
0.12626
-0.50686
0.01678
0.05051
0.59877
-1.13483
0.12279
0.22313
0.63477
-0.87046
-0.45198
-0.77536
-0.87427
0.16265
0.44897
-0.53692
0.19449
0.23928
0.11329
-0.75155
-0.45449
0.17915
0.36721
0.39491
0.77873
-0.12702
-0.56138
-0.34572
-0.00706
0.10016
0.37634
-0.03359
-0.15748
0.33436
-0.43734
0.07088
-0.36047
-0.42222
0.47902
0.17727
-0.83483
0.34440
-0.06055
0.35594
0.23799
-0.39288
-0.86945
-0.28097
-0.49566
0.06098
-0.69894
0.05461
0.07162
-0.00363
0.06183
0.26460
0.13269
0.21488
0.03289
0.13844
0.03144
0.34221
0.23827
0.01283
-0.03266
-0.10146
0.27989
-0.58928
0.13693
0.28946
0.02664
0.34928
0.41581
0.10583
-0.93704
0.33392
0.03876
0.10746
0.03544
-0.21344
0.59120
0.09607
0.45957
-0.16014
-0.53304
-0.37307
-0.15125
-0.11568
0.09442
0.34058
-0.21965
0.24391
-0.74254
-0.47495
0.13593
0.31330
-0.81774
-1.39905
-0.06536
0.02984
0.48299
-0.06780
-0.31672
-0.17679
0.09978
0.53597
0.31542
0.03489
-0.95790
0.07406
-0.21688
-0.42005
0.24946
0.04660
0.04425
-0.55022
0.53109
0.46732
0.39040
0.42723
0.27250
-0.23611
0.40677
0.22887
0.09455
0.02775
-0.07994
-0.11202
0.55285
0.58329
-0.88139
-0.03189
0.22565
0.19610
0.04784
0.36460
0.27230
0.36596
-0.06594
-0.37848
0.08163
-1.20821
0.17107
0.07399
0.54155
0.00143
0.03864
-0.24716
0.14584
0.20484
0.20235
-0.23272
-0.44463
0.25261
-1.18458
-0.08881
0.32438
0.13256
-0.35082
0.58501
-0.02167
0.13394
0.10714
-0.18867
-0.35063
0.30397
-0.05458
0.01062
0.21961
-0.12782
-0.83184
-0.39556
0.07243
0.36274
0.08468
0.27902
0.08663
0.09094
0.13688
-0.25845
0.04806
0.09066
0.29812
-0.11775
0.00631
-0.18170
0.23274
0.27580
0.13701
0.53851
0.24233
0.10429
-0.14743
-0.73853
0.15579
0.06227
0.13173
0.04857
-0.22924
0.45828
0.01979
-1.02514
0.24758
-0.62334
0.01663
-0.06745
0.77613
0.04808
0.37177
0.10436
0.68539
0.43608
-0.95441
-0.39500
-0.36043
0.12536
0.24283
-1.61971
0.32172
0.43108
0.46050
0.16728
-0.03715
0.13686
0.74946
0.04951
-0.61962
0.64240
-0.01844
0.25690
-0.65332
0.12306
0.23520
0.52368
-0.68853
-0.03083
0.17004
0.29777
0.14534
0.51922
-0.06375
-0.05307
0.24459
-0.26211
-0.40379
-0.97831
0.19779
0.00582
0.05173
0.01106
-0.11862
-0.29440
0.03988
0.09278
0.06300
-0.26907
-0.00199
0.20369
0.27206
-0.28560
0.09932
0.06757
0.23013
0.40358
-0.67126
-0.41145
0.28585
0.61805
0.18979
-0.43934
0.54265
-0.85082
0.13502
0.54202
0.06627
0.05880
-0.73773
-0.21594
-0.26738
0.07881
-0.19373
0.24407
-0.24540
0.01111
0.05322
0.41884
0.56406
0.20866
0.06856
-0.89621
0.09461
0.32783
0.09203
-1.10731
-1.33422
-0.08035
0.19488
-0.06411
0.55906
-0.20693
0.13835
0.17807
-0.62352
0.14592
0.17466
0.16044
0.19735
-0.07629
-1.26274
0.05030
-0.84307
-0.63510
0.05645
0.25846
0.06416
-0.59365
0.07300
-0.47582
0.11949
0.37923
0.33967
-0.92547
0.38414
-0.02478
0.16357
0.08064
-0.28549
0.41559
-0.05348
-0.01764
-0.93889
0.13218
-0.08161
0.32592
0.62486
-0.63045
0.07936
0.37277
0.35027
0.32604
0.04567
0.33804
-0.30549
0.57222
-0.70643
0.38482
-0.20620
0.26339
0.37865
-0.94023
0.04340
0.05630
0.22549
-0.05218
0.09184
-0.09723
0.44169
-0.36007
-0.78602
-0.20484
-0.16154
0.40997
0.30346
-0.06140
0.03244
-0.40125
-0.77115
-0.77157
-0.28688
0.38255
0.59547
-0.10860
0.09236
-0.60000
-0.45345
0.00721
-0.42920
0.20506
0.13794
-0.01738
0.02486
-0.28983
-0.36089
0.11006
0.22971
-0.54429
0.06946
0.08271
0.24484
0.57152
0.45024
-0.33805
-1.12284
-0.05433
-0.01618
0.46313
0.01073
0.17455
-0.77876
-0.20411
0.01332
0.14863
-0.83876
-0.27688
-0.00177
0.38782
-0.16683
0.19927
0.22197
-0.17650
0.12952
-0.15454
0.38577
-0.74024
0.16809
-0.43963
0.06483
0.35568
-0.50354
-0.78030
0.64745
-0.00343
0.11554
0.25709
0.52587
0.06032
0.15935
-0.00541
-0.01941
0.18718
-0.07795
-1.30399
-0.03817
0.14419
0.16872
-0.18416
0.07606
0.04537
-0.48931
0.03160
0.57934
0.51446
0.33663
-0.59559
-0.14704
-0.06232
0.11978
0.19582
0.24823
0.30669
0.21796
-0.53488
0.06903
0.32659
-0.53936
0.12811
-0.54038
-0.44525
-1.43299
0.44197
0.19587
0.08915
-0.49655
0.11137
0.41177
0.30943
0.14256
-0.04536
0.02554
0.12510
0.38803
0.21775
0.00281
0.14944
0.05392
0.22647
0.06554
-0.36722
0.34989
-0.21518
0.16457
0.09977
0.51380
-0.34874
0.02536
-0.13219
-0.03250
-0.40325
0.43584
-0.27211
0.81978
-0.13211
0.10756
0.36723
-0.13283
-0.91925
0.39434
0.10290
-0.82220
0.16277
0.01598
0.11500
0.39963
0.44574
0.24932
0.11710
-1.04609
0.02872
0.02693
-0.28654
-0.26187
0.09164
0.25127
0.01886
-0.05942
0.05648
0.22835
-0.15873
0.43413
-1.04031
0.31904
0.24117
0.07346
-0.03699
-0.20068
0.15539
0.44345
-0.11894
-1.25258
0.29968
-0.63960
0.13670
0.59391
0.45484
0.10775
0.16834
-0.01844
0.46721
0.06550
0.49896
0.43764
0.23381
0.50133
0.12536
0.10812
-0.05312
0.07348
-0.00500
