0.02865
0.25195
-0.92415
-0.23297
-0.00936
0.11860
-0.05731
0.03547
-0.09153
-0.05472
-0.47652
-0.80297
-0.74199
0.10510
0.05605
-0.06558
0.15625
0.18246
0.01616
-0.14103
0.18115
-0.72742
-0.03332
-0.76936
0.10931
0.23398
0.16681
-0.14686
0.35105
-0.22228
-0.11026
-0.31397
-0.08013
-0.18369
-0.07031
0.23164
-0.27667
0.09288
-0.19754
-0.06323
-1.23462
0.01108
-0.08794
-0.18634
-0.06312
0.15425
0.15315
-0.83626
0.19711
-0.00170
0.08945
-0.12914
0.19296
-0.25591
-1.12254
-0.32513
-0.17054
0.13622
0.30735
-0.15406
0.15011
0.00302
0.22431
-0.05928
0.11898
-0.17350
0.03876
-0.35238
-0.06947
-0.11048
0.23460
0.00555
0.23797
-0.00399
-0.43137
0.15268
0.15492
0.00858
-0.22915
-0.10760
-0.03647
0.09521
0.05144
-0.01604
-0.19276
-0.29463
-0.24074
0.05902
-0.84009
-0.14497
-0.94921
-0.89243
0.70487
-0.14357
-0.01240
-0.14924
0.00721
-0.03562
0.14273
-0.63639
0.02872
-0.54359
0.05057
-0.13204
-0.04169
0.13358
-0.13210
-0.10348
-0.26095
-0.12110
0.35226
-0.25948
-0.69717
-0.05204
-0.23817
-0.70978
-0.55201
-0.18744
0.07178
-0.16054
0.20766
0.03633
-0.11905
0.14240
-0.64393
-0.98864
0.11470
-0.04220
0.09397
-0.37597
-0.21569
-0.05445
-0.11438
0.13260
-0.55465
-0.05853
0.07936
0.23496
-0.13503
-0.51714
-0.42492
-0.48105
-0.22274
-0.11595
-0.20073
-0.10118
0.16017
0.18231
0.11575
-0.23695
-0.43510
-0.16673
-0.28948
-0.27326
0.06409
-0.12426
-0.78080
0.06727
0.11837
-0.08998
-0.19042
-0.10244
-0.10512
-0.42223
-0.10491
-1.02316
0.35499
-0.25546
0.13142
0.11744
0.07502
-0.00384
0.03425
0.10058
-0.09426
-0.23738
-0.09774
-0.86554
-0.00062
-0.39884
-0.10826
0.35653
-0.40342
0.13976
-0.07543
-0.64729
-0.07176
-0.03893
-0.35739
-0.50985
-0.25993
-0.13888
-0.12406
-0.38507
-0.61424
-0.12403
-0.20920
-0.07973
0.09054
-0.93897
-0.67968
-0.37167
-0.38672
0.20889
-0.06774
0.01801
-0.01505
-0.57781
-0.77027
-0.16401
-0.11655
0.43726
-0.15044
-0.03275
-0.13088
-0.11462
0.15464
-0.36683
-0.02956
-0.38788
0.04165
-0.28436
-0.05020
-0.71516
-0.12888
0.14825
-0.22628
-0.29052
-0.35859
-0.25969
0.23621
0.14778
-0.07242
-0.10971
0.11923
0.22070
-0.27513
-0.17498
-0.28478
0.27072
0.06740
0.09200
0.21163
0.12670
-0.24980
0.12390
-0.12522
-0.06724
0.22168
0.02163
-0.11624
-0.55481
0.30905
-0.34595
-0.04104
0.01726
-0.32941
0.01651
-0.28003
-0.17015
0.12792
-0.23847
-0.18509
0.03605
-0.30788
-0.14204
0.04367
0.04920
0.15760
0.00775
0.09739
-0.19915
-0.30019
-0.48257
0.12596
0.08202
-0.28438
0.15045
-0.09556
-0.30518
0.17862
-0.22040
0.20855
0.04013
-0.13244
-0.46306
-0.35438
-0.45781
0.20836
0.00762
0.12728
-0.14063
-0.07021
-0.18857
0.09862
0.00525
-0.06280
-0.05133
-0.58746
-0.20897
-0.14365
-0.14574
-0.05557
-0.14458
0.15966
-0.12744
0.06997
0.18208
-0.03765
0.12551
0.12087
-0.09496
0.05467
-0.37784
-0.11292
0.13849
0.16864
-0.39526
-0.06421
-0.08160
-0.18100
-0.05619
-0.16636
-0.07790
-0.02448
-0.11705
-0.69315
0.14505
0.45117
-0.26615
-0.07596
0.05505
0.10173
0.19140
-0.07303
-0.16020
-0.75905
-0.05372
0.19959
0.08411
0.10336
-0.14871
0.13397
0.08290
0.17808
0.14710
0.16268
0.08798
0.19340
-0.08987
0.04556
0.18414
0.19780
-0.68894
0.19286
0.00231
-0.26117
-0.00249
0.13078
-0.15944
0.18589
-0.07162
-0.09107
-0.50363
-0.20049
-0.01029
-0.11138
-0.46936
-0.30166
0.00543
0.00369
-0.78182
-0.25246
0.17102
-0.56359
-0.00456
-0.38950
0.03303
-0.12469
0.03604
0.06322
-0.00938
0.25815
0.02584
-0.47030
-0.05516
-0.16068
-0.43141
-0.10915
-0.25941
0.18008
0.11136
0.16730
-0.47882
-0.10115
-0.96800
-0.51630
-0.26192
0.16041
0.09025
0.08219
-0.13250
-0.38495
-0.32628
0.16996
-0.18193
-0.18000
-0.21853
0.31221
0.06637
-0.21153
-0.56122
0.12009
0.15145
0.03656
-0.19903
0.20014
0.28847
-0.04502
-0.01890
0.17692
-0.05431
-0.18817
-0.80829
0.11209
0.07767
0.18281
0.22757
0.29899
0.03644
0.18426
-0.14932
0.21897
-0.10949
0.02567
0.10599
-0.38158
0.11020
-0.05732
0.10272
0.02846
-0.17265
-0.32201
0.10108
0.02968
-0.28836
0.48298
-0.39750
-0.31988
-0.19205
0.14537
-0.17436
-0.24445
-0.11537
-0.10915
-0.30245
0.09720
-0.16975
-0.57870
-0.35417
0.09567
0.02120
-0.03177
0.05450
-0.18459
0.08664
-0.17388
0.18209
0.17394
-0.33486
0.15163
0.15120
-0.43086
-0.66772
-0.15444
-0.21812
0.04727
-0.33213
-0.11283
0.27144
-0.25743
-0.37109
-0.05085
-0.41427
-0.81367
0.07524
0.10278
-0.06080
-0.34373
0.13669
-0.17665
-0.21239
-0.00935
-0.01630
-0.00905
-0.13647
-0.52694
-0.22861
-0.19133
-0.27118
-0.62274
0.07920
0.21001
-0.04247
-0.25570
0.05129
-0.02657
0.10390
-0.10662
-0.02017
0.11843
-0.30723
-0.32196
-0.46966
-0.10276
0.30031
0.05098
-0.10197
-0.18996
-0.25174
-0.46987
-0.07996
0.10262
-0.68597
0.26202
-0.30048
0.34542
-0.63374
-0.20663
-0.25896
-0.43692
0.23008
0.01588
-0.46737
-0.03253
-0.20090
-0.37080
-0.01256
0.03414
0.08701
0.22578
-0.00486
-0.74613
-0.51122
-0.02909
-0.32505
0.20123
-0.12697
-0.14507
0.13417
-0.50892
-0.26140
0.14679
0.50728
-0.11138
-0.63685
-0.55712
-0.07727
-0.42747
0.11406
-0.40150
-0.17407
-0.08483
-0.07808
-0.27498
-0.52817
0.35252
-0.09040
-0.02396
0.19219
-0.05183
-0.21051
0.03827
-0.68107
0.30555
-0.16372
-0.35045
-0.49457
-0.43181
-0.26212
0.00617
-0.02087
-0.04458
-0.16750
-0.74037
-0.67453
0.33996
0.03615
-0.49919
-0.31581
0.07825
-0.09581
0.08611
0.24168
0.04487
0.03987
-0.77799
0.00832
-0.17543
0.17463
-0.34768
-0.15245
0.10393
-0.08956
-0.07022
0.16029
-0.21451
0.21621
-0.02818
0.01469
-0.41764
-0.12562
0.12535
0.14694
-0.34981
0.03495
0.15235
0.24199
-0.28706
-0.31070
-0.00221
-0.23267
0.01130
0.00769
0.03453
0.12559
0.20327
-0.19134
-0.03471
-0.38582
0.14343
0.19284
-0.80555
-0.51604
0.10852
-0.68157
-0.01523
-0.03275
0.15346
-0.11636
0.09441
-0.04616
0.21547
-0.07686
0.11526
-0.94732
-0.08063
-0.45653
-0.28017
0.17646
-0.31569
0.02138
-0.01133
0.15739
0.18251
0.32481
0.02172
-0.11336
-0.02000
-0.28550
-0.52612
0.08616
-0.03591
0.09704
-0.25150
0.14829
0.13349
0.08437
-0.02651
-0.56994
-0.12881
-0.23971
-0.21435
-0.08133
-0.44395
-0.52428
-0.18269
-0.25096
0.19182
-0.02623
0.08693
0.03003
0.12249
-0.40901
-0.00066
-0.87426
0.04131
-0.14161
-0.05552
-0.26099
0.11235
-0.46291
-0.04422
-0.13955
-0.29190
-0.59778
0.39912
-0.47708
0.19546
0.34589
-0.38092
0.02560
0.12631
0.06398
-0.32919
-0.30328
0.13651
-0.68174
-0.23835
-0.03648
-0.02903
-0.36596
0.00451
-0.39286
-0.15086
-0.07107
-0.28899
-0.14074
0.26188
-0.23227
-0.01483
-0.29647
0.05407
-0.36094
-1.11260
-0.06237
0.40503
-0.06251
-0.16821
-0.49466
0.04588
-0.31954
-1.30376
-0.16308
0.12363
-0.24307
0.06648
-0.08211
0.10139
-0.19871
-1.02455
0.19629
-0.22135
0.16066
-0.33769
0.25836
0.36824
-0.01775
0.04404
-0.02070
0.19930
0.14487
0.17636
0.18096
-0.07822
-0.05603
-0.10334
0.17295
-0.19136
-0.70997
0.02899
0.07782
0.15591
-0.38144
-0.32771
-0.08993
0.02179
-0.08704
0.23970
0.32023
-0.28136
0.07637
-0.17682
0.17930
-0.19126
-0.00101
-0.22266
-0.15607
0.10541
0.01450
-0.25527
-0.10444
0.01203
-0.40623
-0.26528
0.08824
-0.07335
0.10228
-0.11279
0.06100
-0.55923
-0.10024
-0.31279
0.17843
-0.11680
-0.04956
-0.23353
0.16170
0.05259
0.13605
-0.33088
-0.38276
-0.08767
-0.12324
-0.29421
0.18001
-0.16073
0.13057
-0.42962
-0.03167
-0.11167
0.00694
0.23968
0.05561
0.18365
0.14186
-0.65025
-0.27914
-0.54563
0.01899
0.11652
0.20754
-0.54393
-0.56201
0.01291
-0.03969
0.00055
-0.24759
-0.70123
-0.17566
-0.44648
0.05284
0.11763
-0.26888
-0.15985
0.26796
-0.39892
0.17782
-0.10313
0.21028
-0.11185
-0.09169
0.11534
-0.25660
0.33183
0.00742
-0.55242
0.00910
0.03102
0.12385
-0.66908
-0.53634
0.15940
0.12162
0.18189
-0.06553
-0.37615
-0.66781
-0.12380
-0.01936
-0.24336
-0.34503
-0.55655
0.02243
0.25692
-0.06221
-0.25010
-0.19757
-0.35044
0.14005
0.14695
0.15580
0.09266
0.16690
-0.22854
-0.00461
0.05779
-0.45338
-0.00386
-0.14914
-0.16432
-0.18353
-0.14954
0.24459
0.14561
-0.00455
-0.14262
0.02766
-0.07209
-0.52387
0.02351
-0.26548
0.12876
0.12148
0.15045
-0.29956
-0.05725
-0.10824
-0.10584
0.21721
-0.26402
0.11693
0.17314
-0.28526
-0.62241
-0.07471
0.13432
-0.18136
0.16706
0.09878
-0.07358
-0.03142
-0.34150
-0.08033
0.05583
-0.35157
0.04900
-0.41389
0.11378
-0.24819
-0.02147
-0.32134
-0.15569
0.15999
-1.13202
0.17240
-0.38547
-0.13941
-0.10983
-0.82736
0.10372
0.30275
-0.12741
-0.65478
0.20367
-0.58333
0.23765
-0.20375
-0.21212
0.05567
0.19345
0.06605
-0.28479
-0.14038
0.20636
0.20019
-0.25747
0.07835
-0.58701
0.20948
0.02567
0.06541
0.19594
-0.89958
-0.51778
-0.35561
-0.45206
0.12055
0.12337
-0.08888
-0.64197
0.16772
0.16406
-0.85020
0.00172
0.10846
-0.00335
0.14417
-0.42930
-0.01970
-0.19583
-0.64450
0.05068
0.14671
-0.05457
-0.30659
-0.07768
-0.13941
-0.07180
-0.48456
-0.06200
-0.22989
0.13086
-0.29396
0.00226
-0.30592
-0.59584
0.04611
-0.19189
0.02749
-0.28619
-0.42579
0.15715
-0.38082
0.26070
-0.03597
-0.00773
-0.01897
-0.25390
0.35345
0.23102
-0.46638
0.21905
0.30088
0.15357
-0.29615
0.26634
0.35989
0.19831
0.36244
-0.10470
0.29056
-0.06473
-0.28132
0.22671
0.19658
0.18085
0.04314
0.20924
0.37234
0.20269
0.19206
0.37581
0.27337
0.15639
0.21324
-1.15219
0.71511
0.34912
0.21305
0.00948
0.29379
0.10245
0.03379
-0.06661
-0.10776
0.39320
0.29521
0.31500
-0.40403
-0.28408
0.00406
0.33367
0.34661
0.33607
0.47785
-0.40529
0.35852
0.18254
-0.37335
0.12945
-0.71031
-1.18205
0.85471
0.15249
0.34006
0.26145
-0.33775
0.15606
0.19620
0.35031
0.16176
0.31304
0.20074
0.24849
0.07442
0.59240
0.22917
-0.28008
0.09789
0.22330
0.25812
-0.44121
0.04256
-0.01253
0.14047
0.18234
0.12484
-0.39290
-0.11414
0.22775
0.05105
0.40446
-0.39818
0.10380
0.24264
0.28839
0.00644
-0.13554
0.32714
0.39558
0.33028
-1.15279
-0.80653
0.10335
-0.60088
0.11746
0.02436
-0.37043
-0.50989
0.09765
-0.75938
-0.04538
0.15469
-0.61430
0.51406
0.20847
0.50970
0.34668
0.14346
0.54221
0.01876
0.53602
-0.27573
0.38628
-0.38150
-0.02886
0.26326
-1.18671
-1.49989
0.20762
-1.68280
-1.03711
0.35926
-1.05344
0.10206
0.14184
0.33381
0.38212
0.31554
0.31571
0.62550
-0.21476
0.36884
0.32383
-0.95158
0.28956
0.29446
0.15615
-0.00374
0.41699
0.04094
-0.00518
0.04497
0.04796
0.49671
0.23451
0.11367
0.36165
0.29358
0.12964
0.27872
0.35359
0.62568
0.47647
0.13337
-0.54132
0.45688
0.56748
0.06464
-0.14570
0.09173
0.25346
0.16415
0.08909
-0.72200
0.78315
0.15964
-0.59016
0.36861
-0.37936
-0.19400
0.30173
0.32386
0.33759
0.39162
0.15881
0.10350
0.16449
0.08949
0.06552
0.35720
0.34975
-0.33668
0.41542
0.07145
0.53163
0.36141
-0.01612
0.17096
0.33319
0.44055
-0.30069
0.17626
0.20488
-0.03299
0.05582
-0.41344
0.46191
-0.86129
-0.25377
0.22700
0.35854
0.06312
0.35269
0.17252
0.05731
-0.80984
-0.96334
0.18749
0.13118
-0.24540
0.21848
0.15600
0.19605
0.19306
0.22310
0.23882
0.15817
0.08834
0.07269
-0.63843
-0.05185
0.01260
0.22520
0.17038
0.52411
0.09675
0.20855
0.15510
-0.00333
0.35605
-0.07705
0.15032
0.16055
-0.14731
-0.29121
-0.22691
0.27826
0.67537
-0.03090
0.08524
-0.47594
-1.04645
0.23155
0.67946
-0.26014
0.50413
-0.32029
-0.59302
0.27248
0.09060
-0.54825
-1.51499
0.20755
0.20333
0.24726
0.36396
-0.32697
-0.30783
-1.01092
0.54795
-0.66784
0.10458
0.18737
0.20409
0.09927
0.07894
-0.23336
0.17314
-0.03077
0.33228
-0.11977
-1.19151
0.26791
0.23468
0.68746
0.05601
-0.43602
-0.64484
0.03861
0.13569
-0.06523
0.23268
-0.72295
-1.01181
0.30140
0.00459
-0.04907
0.27994
0.34541
0.54408
-0.29969
0.01170
-0.39381
0.12711
0.13586
-0.77011
0.13743
-0.86235
0.10078
0.16629
-0.63113
0.33815
-0.06754
-0.44025
-0.26446
0.29984
0.34269
0.29785
-0.42459
0.37313
0.03451
-0.72918
-0.32230
-0.10763
0.15311
0.40079
-0.07630
-0.89431
0.63778
0.47670
0.84099
0.32549
0.33247
0.43396
0.56679
-0.54956
-0.51910
-0.43013
0.02703
0.29115
0.22294
0.31662
0.19211
0.09934
0.41559
0.38222
0.03800
0.35189
0.14846
0.55407
0.24549
-0.58270
-0.32344
0.37820
-0.15793
-0.01176
0.15080
-0.18591
0.16457
0.35073
0.37599
-0.41547
0.17451
0.31433
0.42088
0.21029
0.37535
0.11648
-0.81878
0.19055
0.26908
-0.20476
-0.08247
-0.55826
0.33708
0.58016
0.40784
0.25081
-0.28840
-0.30205
0.26704
0.26741
-0.39067
0.19930
0.07906
-0.41277
-0.36224
0.19066
-0.01398
-0.09801
0.01532
0.62066
-0.29908
-0.41940
0.24204
0.06636
0.49398
0.84135
0.42914
-0.35368
-1.01803
0.14391
0.19015
0.16426
0.49059
-0.00083
0.35345
-0.06993
-0.60597
-0.38061
0.40195
0.15876
0.07039
0.13551
0.01753
0.09924
0.01622
0.55135
-0.29310
-0.76234
0.32493
0.22888
-0.09028
-0.51909
0.19118
0.35127
-0.43207
0.00019
0.09790
-0.61984
0.46916
-0.67312
0.29046
0.09259
-0.25797
-0.00439
0.35538
-0.25990
0.13153
-0.37811
-0.37569
0.17041
-0.00331
-0.71504
0.16087
0.08226
0.09710
0.07588
0.21576
-0.75249
0.36513
0.13720
0.33651
0.08881
0.00623
0.39091
0.34787
0.12181
0.71520
0.61519
0.28273
0.63381
0.16288
0.40726
-0.02694
0.30161
0.18902
-0.10693
0.20984
0.09157
-0.08497
-0.46900
0.31032
0.48321
0.39440
-0.04479
-0.05955
0.41354
-0.76684
0.32767
0.14717
-0.64657
0.12008
0.15074
0.35530
0.37106
-0.10787
0.29078
0.25568
-0.24925
0.34240
-0.02239
0.16427
0.16227
0.37472
0.33078
0.52498
-0.39808
0.27789
0.41304
0.50293
-0.00956
-0.01862
0.22709
0.32007
0.03249
0.48928
0.06158
-0.09175
0.39983
-0.40070
0.72248
-0.07792
0.00791
0.11826
0.72036
0.63951
0.29478
0.20015
-0.69501
0.14843
0.23758
0.09446
-0.36870
0.26245
0.11565
0.14008
0.39705
0.34076
0.40938
0.31184
-0.38895
0.06707
-0.03470
0.39514
-0.05347
0.01386
0.14563
0.34877
0.42036
0.13174
0.29455
-0.31081
0.45054
-0.31788
-0.05041
-0.02857
-0.34106
0.33844
0.12162
0.17119
0.21612
0.33077
0.00067
0.43676
0.30641
0.09453
-0.25707
0.49695
-0.33779
0.55242
0.44460
0.03368
0.28728
0.32898
0.38299
0.33494
0.32606
0.26250
-0.00048
-0.35277
0.42719
0.24714
0.26279
0.36523
-0.07670
0.13585
-0.23231
0.22109
0.10135
-1.08855
0.15071
0.03100
0.24557
0.31757
-0.05070
0.49510
-0.31710
0.36068
0.47946
0.65438
-0.19540
0.17636
0.10732
0.17692
0.17633
0.15054
0.09091
0.24087
-0.10387
0.00613
0.08820
0.12182
0.33702
0.08432
-0.00649
-0.07708
-0.36328
0.13821
-0.01317
-0.37827
-0.51750
0.45028
-0.60842
-0.01354
0.22073
-0.94014
0.06569
0.23818
0.14617
-0.19821
-0.77606
0.35797
0.21102
0.19321
0.19849
0.25226
0.09602
0.30856
0.43708
-0.46160
-0.42016
0.77889
0.17274
0.04304
0.45513
-0.43662
0.34922
0.14303
0.17697
0.40644
-0.62774
0.24567
0.25817
0.54297
0.47754
0.65253
-0.96057
-0.00910
-0.77175
0.21464
0.28568
0.28649
-0.78750
-0.19947
0.34558
-0.40412
-0.35724
0.09340
0.22057
0.08287
0.08902
-0.27526
0.20421
-0.09557
-0.29741
-0.23542
0.03079
-1.25439
0.22437
-1.15119
0.12380
-0.45792
0.36279
0.73229
0.03307
0.07678
0.22364
-0.21604
0.03331
-0.02925
-0.06087
0.25633
0.13426
0.25994
0.17791
0.28376
0.12047
-0.38015
0.13780
0.26972
0.30221
0.35731
-0.13923
0.19611
-0.22682
0.18395
-0.83914
0.65976
0.17108
0.53597
0.08305
0.25291
-0.13700
-0.01657
0.24010
-0.33746
0.23422
0.09576
0.31828
-0.66299
0.72408
0.07814
0.09484
0.51540
0.23344
0.50660
-0.21772
0.13321
0.03909
0.13385
0.13987
0.27628
-0.31762
0.08518
-0.05990
0.08642
0.40870
0.34012
0.13467
-0.09615
-0.37902
-0.57100
0.21505
0.17417
-0.22954
0.32216
-0.32793
-0.51811
0.10485
-0.12451
0.12111
-0.24511
-0.05506
0.09016
0.33637
0.09929
-1.12194
-0.02542
0.80147
-0.01059
0.43571
-0.03528
0.17654
0.36505
-0.36080
0.03619
0.12858
-0.70642
0.28511
-0.25364
-0.01878
-0.49915
0.23820
0.06445
-0.34418
-0.61016
0.53828
0.49743
-1.03112
-0.29932
0.38211
0.25449
-0.22046
0.26671
-0.11472
0.69085
0.66543
0.33178
-0.16270
-0.16807
-0.40067
0.30458
-0.23337
0.35260
0.24387
0.25164
-0.42235
0.31774
0.08777
0.30198
0.68717
0.13338
0.47893
0.40737
0.06899
0.02655
0.38701
-0.37283
0.13702
0.03026
0.01653
0.20392
-0.83717
0.12492
-0.53135
0.02469
0.05128
0.16178
-0.22411
-0.67916
0.18728
0.33434
0.16903
0.08210
-0.02793
-0.08065
0.15004
0.67068
-0.42549
0.66779
0.14068
0.16745
0.04610
0.11123
-0.84224
0.10308
0.44891
0.33490
-1.07353
0.15844
0.19343
0.33544
-0.27531
0.09898
0.22097
0.50362
0.42785
-0.70280
-0.08913
-0.45092
-0.18620
0.43815
0.24371
0.11795
-0.71835
-0.21680
0.19431
0.35415
-0.03925
0.46314
0.18823
0.00981
0.28762
-0.00241
0.20044
-0.29874
-1.14930
-0.66125
-0.77775
0.27269
0.20257
-0.33747
0.24973
0.28950
-0.05724
0.33117
0.79695
0.14543
-0.24446
-0.08401
0.06549
0.37160
0.38566
-0.08061
0.36977
-0.15597
0.22160
0.35483
-0.07026
-0.11022
0.14899
0.17111
-1.14712
-0.35541
0.30285
-0.13549
0.41492
-1.01597
0.20001
0.18280
0.38667
0.18915
0.07146
0.28814
-1.23938
-0.41521
-0.03131
-0.00490
0.13134
0.72327
0.24407
0.21324
-0.07582
-0.85973
0.27418
0.40482
0.24001
0.08583
-1.19676
0.30742
0.36379
-1.21102
-0.05978
-0.62215
0.14203
0.19220
0.51857
0.30550
0.20017
-0.26861
0.01383
-1.06572
0.01575
0.30025
-0.42223
0.10984
0.08169
0.29266
0.34054
0.13994
0.10452
0.14858
0.12169
0.02693
0.05986
0.77935
-0.33256
0.46440
0.27654
-0.51861
-0.02353
0.18164
-0.29928
0.19720
-0.31480
-0.14014
0.30396
0.41203
0.26748
0.14103
0.20687
0.18784
0.34061
-0.78873
0.42802
-0.27760
0.72648
0.32526
-0.11347
-0.31323
0.22705
0.03087
0.26675
0.15497
0.08429
0.19356
0.37582
0.34054
0.19615
0.66267
0.26362
0.21853
-0.37747
0.05635
0.03492
0.31710
0.49446
-0.17191
0.73017
0.36575
0.31355
0.14573
0.53430
0.31690
-0.10387
0.49125
0.42789
-0.74234
-0.07020
0.48090
0.42623
0.34194
0.37754
0.48265
0.16924
0.02257
-0.07294
0.38094
0.02984
-1.58159
0.38070
-0.26676
0.10731
-0.39330
0.17750
0.62883
0.37800
0.37670
0.53163
0.33549
-0.01014
-0.27393
0.23724
0.18359
-0.37131
0.24032
0.24832
-0.38313
0.14314
0.26693
0.08169
0.19826
0.46242
0.29889
0.02570
-0.03322
0.33288
0.36855
0.10518
0.31855
0.18357
0.02879
-0.42175
-0.23255
0.49565
0.22248
0.33908
0.07342
0.20011
0.23077
0.31446
0.02735
-0.08075
0.15630
0.26713
0.24529
-0.32610
0.11639
0.10132
-0.99840
0.51144
0.16921
0.28975
-0.53025
0.10496
0.23609
0.36375
-0.03676
0.35601
0.27508
0.02527
0.20003
0.65164
0.73965
-0.18689
0.30309
-0.42032
0.50810
-0.03585
-0.29769
0.27161
0.73881
0.07314
0.30902
-0.80705
0.02761
-0.21277
-0.15450
0.39522
-0.02563
0.46350
0.28153
0.36004
0.36967
0.18302
0.31017
0.24731
-0.46531
-0.42469
0.08033
0.38631
0.23893
0.46471
0.54718
0.20418
0.07070
-0.60057
-0.03807
0.30140
0.36370
-0.06118
0.45612
0.11914
-0.73753
0.41585
0.42209
0.13872
0.12108
0.32873
0.41064
0.22777
0.34203
0.32531
0.57820
-0.56652
0.33477
0.09281
-0.85180
0.17011
0.24485
-0.00451
0.30275
0.08013
0.44179
0.18641
0.10212
0.29840
-0.16904
0.39229
0.09768
0.64749
0.46873
0.00381
0.10638
-0.45028
0.01919
0.80210
0.32193
0.27061
-0.27021
0.37788
0.36867
0.70470
0.35303
0.45717
0.29388
-0.09064
0.24943
0.07737
-0.13933
0.22544
0.14962
0.29229
0.36971
-0.51639
0.30954
0.26270
0.22162
0.17450
-0.56511
0.51308
0.35202
-0.26445
-0.75593
-0.37139
0.17853
0.21925
-0.69712
-0.59612
0.29285
0.52913
0.04051
0.52302
0.31287
0.23331
0.11477
0.12663
-0.39805
0.46712
0.30916
0.31397
-0.63731
0.37279
-0.92711
0.55347
0.00540
0.32071
0.30322
0.02344
0.09681
0.23994
0.53484
0.38979
0.04157
-0.25715
0.43833
0.30825
0.16525
0.36561
0.33648
0.26862
0.22179
0.23937
0.43713
0.31087
0.22044
0.17092
-1.23731
0.30970
-0.42165
0.02124
-0.58118
0.40701
-0.32985
0.14006
0.31372
0.21143
-0.92490
0.27164
0.07142
0.10162
-1.32186
0.10014
-0.04863
0.22570
0.19915
0.22560
0.37569
0.45254
0.16352
-0.44593
0.61955
0.05054
-0.36522
-0.24218
0.28681
0.33077
0.33675
-0.39366
0.49874
0.71521
0.21139
0.00350
0.23594
0.19440
0.47174
0.36826
0.06512
-0.61807
-0.42363
0.12255
-0.37302
0.42679
-0.01000
0.07830
-1.42060
-0.91312
-0.42311
0.10519
0.04350
0.34893
0.27660
-0.15005
0.43956
0.04907
-0.10390
-1.08896
0.24786
0.54765
0.12520
0.13070
0.49300
0.27136
0.35443
0.32521
0.40668
0.07052
0.26266
-0.15189
0.41370
-0.05748
-0.12314
0.20173
-0.41072
0.34617
0.30687
-0.39491
0.30151
0.27925
0.18569
0.39649
0.21678
-1.06366
-0.28571
0.17870
0.19779
0.43073
0.16334
-0.06482
0.17582
0.01098
-0.36765
-0.17108
0.00489
-0.03386
-0.31087
0.01505
-0.79167
0.15575
0.13192
0.24300
-0.30593
0.41593
0.18694
0.15778
-0.19179
0.30775
0.20626
-0.76229
-0.59566
0.28204
-0.21846
0.03762
-0.03090
-1.07404
0.10389
0.14877
-0.68171
0.36814
0.06104
0.15069
0.71675
0.32542
-0.11134
0.13749
-0.17656
0.33542
0.67942
0.52311
0.22885
0.45584
0.22559
0.52994
0.38740
0.42575
0.22408
0.25587
-0.61044
-1.99762
0.06215
0.08773
0.16336
0.09126
0.23343
0.41099
0.28073
-0.21107
-0.28276
-0.07439
0.36323
0.16942
-0.14395
-0.01131
0.45672
0.23217
-0.86008
-0.54269
0.47671
0.35661
0.13634
-0.80198
0.36011
-0.77390
-0.07059
0.50429
0.22857
0.10974
0.32310
0.06280
-0.31544
0.29961
0.39993
0.43384
0.75185
0.00415
-0.77052
0.32347
-0.44869
0.36354
0.38817
0.57126
0.14528
0.30253
0.18307
0.22134
0.18430
0.09919
0.34818
0.28352
-0.25340
0.00395
0.17518
0.18756
0.17980
0.68277
-0.37334
-0.10414
0.21764
0.34490
0.08371
0.11005
-1.24774
0.05855
0.05835
0.31983
0.43588
0.41421
-0.26536
-0.56115
0.21527
-0.41229
-0.75791
-0.34916
-0.09086
0.30625
-0.27042
0.51622
-0.42026
0.04221
-1.00156
-0.22523
-0.54384
0.48813
-0.18885
0.29159
-0.09459
-0.27582
-0.07267
0.31869
0.28734
0.24465
0.36385
0.37833
-0.42485
-0.53809
-0.03812
-0.58358
0.17020
0.31010
0.17033
-0.51702
0.20287
-0.25749
-0.21239
-0.00265
-0.11971
-0.42757
-0.34871
0.16360
0.37713
0.30220
-0.08964
-0.09098
-0.11015
0.34947
0.52693
0.33698
-0.37675
0.40331
0.43978
0.37141
0.10549
0.32110
0.44502
-0.43103
-0.39461
0.14329
0.37356
0.29278
0.38096
-0.32788
0.73954
-0.71576
0.18578
-0.26767
0.38261
0.10122
0.01330
-0.14059
0.16025
0.60667
-0.47839
-0.05357
0.12846
0.51403
0.71832
0.18034
-0.31279
0.33591
0.15582
0.16333
-0.00708
-0.30916
0.22787
0.22934
-0.38355
0.29123
0.35332
-0.37640
0.24340
0.35564
0.10018
0.26138
0.20020
0.20419
-0.13516
0.23247
0.35630
0.22594
0.19852
0.17667
0.87704
0.11323
-0.10106
0.06127
0.12871
-0.31579
0.20170
-0.43325
0.19970
0.18853
0.14417
0.46332
0.11626
0.08972
0.02243
0.08052
0.18217
0.22446
0.09236
0.22652
0.47363
0.46725
0.31011
0.26310
0.15881
-0.20560
0.13995
0.54911
-0.04027
0.26593
0.08312
0.12126
-0.39361
-0.03329
0.05341
0.14593
0.50177
-0.38881
0.41227
-0.02571
-0.59556
0.12254
0.09326
0.43938
0.08203
0.30899
0.37831
0.42130
0.25835
0.37783
0.24678
0.21020
-0.63826
0.15611
0.47234
0.49215
0.11677
0.28181
0.24823
0.19703
0.06224
0.60447
0.65958
0.30290
0.22349
0.22462
-0.33669
0.33706
0.21570
-0.07778
0.13039
-0.83144
0.13940
0.14645
0.17358
0.20364
0.23397
0.08410
-0.86774
-1.27231
0.21741
0.14901
0.17701
-0.34668
0.04147
0.16997
0.06329
0.42070
0.26481
0.31981
0.30982
0.13418
0.16314
0.33094
0.16731
-0.72913
0.21200
-1.51549
0.17855
0.26371
0.41299
0.41948
0.46634
-0.64365
0.61532
0.21374
0.12611
0.35361
0.38725
0.21317
0.32075
0.43789
0.35963
0.04593
0.16772
-0.31220
0.19840
0.43955
0.34982
-0.60011
0.12017
0.06447
0.19314
-0.60117
-0.40095
0.06198
0.34499
0.17516
-0.55276
0.21015
0.18355
0.23308
0.25214
0.07593
0.20319
0.40092
0.44186
0.12214
0.64424
-0.62313
-0.15492
0.14587
0.26924
0.24503
-0.12697
0.20955
0.15171
0.01752
0.24903
0.05629
-0.01804
0.28745
0.21380
0.12735
0.12951
0.23062
0.00587
0.14346
-0.86238
-0.17019
0.13953
-0.40463
0.16102
-0.23844
0.43804
-0.44700
0.24631
-0.00740
0.00011
-1.04347
0.23756
0.52179
0.19546
-0.62561
-0.19908
-0.84640
0.32618
-0.06480
-0.38134
0.07893
0.21915
-0.39855
0.34434
0.10898
0.33803
0.30862
-0.08052
-0.83806
-0.17587
0.11520
0.44545
-0.11247
0.27167
-0.52609
0.36508
0.18636
-0.31049
0.25469
0.01027
0.48571
0.21358
0.31421
0.15204
0.34387
0.46341
0.44153
0.27812
-0.25106
0.33148
0.32427
-0.06343
-0.06899
-0.71462
0.45880
0.13983
0.15201
0.44362
0.15181
0.09161
0.22057
-0.30245
0.15811
-0.46867
-0.63161
-0.50441
0.12945
-1.05557
0.27594
-0.97417
-0.06235
0.30302
-0.34044
-0.07262
0.11123
0.33117
-0.24909
-0.80414
0.15894
0.10960
0.05342
0.31587
0.06541
0.61138
0.11425
0.10835
-0.45153
0.01140
0.41005
0.39984
-0.00556
-0.64347
-0.08393
0.25866
-0.58230
-0.11985
-0.00433
0.29431
0.35400
-0.07238
-0.23973
0.65230
0.27215
0.51744
0.69659
0.23722
0.37677
0.36720
0.25341
0.23014
0.05747
-0.03083
0.05684
0.13035
0.39321
0.29544
0.36354
0.31291
0.51164
0.26970
-0.66618
0.09608
0.11924
-0.32943
0.32107
0.08403
0.33134
0.09985
0.55798
0.45357
0.14010
0.14009
0.18470
0.24773
0.23968
0.32148
-0.92935
0.39961
0.12639
-0.18775
-0.37315
0.23459
0.56041
-0.06911
0.39673
0.20294
0.44092
-0.83337
0.13924
-0.51044
0.10542
-0.14172
-0.67957
0.12237
0.05599
-1.16374
-0.80773
-0.01342
0.06698
-0.08812
0.07393
-1.62826
0.18400
0.13353
-0.16169
0.25911
-0.62032
0.25599
-0.78280
0.05690
0.23351
-0.66909
-0.09427
0.14689
0.26511
-0.32026
-0.15027
0.22533
0.10683
-0.22037
0.01602
-0.94584
0.22342
0.12134
-0.36965
0.23723
0.08889
0.21160
0.41555
-1.03467
-0.32241
-0.56875
-0.53585
0.30099
0.27775
0.09744
-0.80375
-0.39825
-1.61179
0.24359
0.29472
0.20033
0.42969
-0.72502
0.23067
0.58825
0.18751
0.50699
0.07188
0.43603
-0.17131
0.29803
0.79771
0.16340
-0.80731
0.34690
0.10474
-0.35733
0.05141
-0.42182
0.13809
0.15418
0.33865
0.34360
0.58592
-0.56641
0.11804
0.29941
-0.48858
0.59221
0.06328
0.10465
0.48681
0.18942
-0.01884
0.53008
0.05712
-0.02675
0.06801
-0.26012
0.51095
-0.38415
0.30525
0.35912
0.36316
0.72662
-0.32248
0.10613
0.11004
-0.24134
0.17359
0.15268
0.31148
0.20539
-0.07984
0.03513
0.58326
0.24659
0.56354
-0.08732
0.00851
0.49079
-0.96782
0.09865
0.40932
0.55394
0.08503
0.06465
-0.07020
0.42958
-0.18220
0.63964
-0.42547
-0.39426
0.12408
0.44363
0.56040
-0.58211
-0.69981
-0.70499
0.19351
-0.50244
0.11392
-1.07097
-0.00736
0.02741
0.08092
-0.16901
-0.02727
0.26063
-0.35879
-0.11981
0.06929
0.04424
0.05809
0.56879
0.14379
-0.03671
-0.20404
-0.13222
0.16106
0.19198
0.09335
0.30938
0.57450
0.10565
0.28550
0.02283
0.02827
0.33625
-0.70101
-1.14593
0.23317
-0.36792
0.27457
0.20706
0.09312
0.08882
0.11686
0.20544
-0.49062
0.29791
-0.21311
0.05709
0.30613
0.18640
0.35527
-0.55273
0.50991
0.12340
0.00315
0.10811
0.06090
-0.84824
0.16866
-0.02968
-0.08890
-0.13143
0.00689
0.02379
-0.33684
-0.38949
-0.47366
0.38073
-0.83126
-0.19816
0.09549
-1.01694
0.09827
0.15733
0.48773
-0.33464
-0.20585
-0.04871
0.29928
-0.22155
0.11055
0.11184
0.17171
0.16495
0.38633
-0.00100
0.05266
0.28404
0.20838
0.23456
0.43770
0.31964
0.30691
0.11343
0.21388
0.06440
-0.18898
0.10027
0.22617
-0.11141
0.14063
-1.10495
0.34125
0.42665
0.03062
-0.62549
-0.35685
-0.28630
0.13554
-0.71847
0.13821
0.11899
-0.04894
0.42993
-0.76754
0.14333
-0.79045
0.15433
0.23536
0.22942
0.23684
-0.20199
0.42561
0.23442
-0.10191
-0.19754
0.21480
-0.25442
0.07416
0.07464
0.20436
-0.18541
0.15969
0.20957
0.03028
0.13194
-0.56063
-0.01886
-0.16220
0.11102
-0.30250
0.17633
0.44982
0.22967
0.33141
-0.14350
0.28070
0.26816
-0.27772
-0.18788
0.33682
-1.00199
0.56584
0.08897
0.14898
-0.33676
0.14936
-0.56036
-0.31457
0.60209
0.24844
-0.09007
0.10863
0.00541
-1.13667
-0.39370
0.11051
0.05200
-0.10968
0.08295
0.20900
0.24067
-0.59473
-0.57806
0.13588
0.21949
-0.14101
0.11407
0.33500
-0.83448
-0.22353
0.16819
-0.11619
0.35508
0.32041
0.13747
0.04481
-0.61976
-0.09925
-0.10024
0.09991
0.13469
0.38588
-0.30029
-0.18392
0.08609
0.48975
0.04790
0.16391
0.19549
-0.42772
-0.00881
-0.57187
0.21875
0.05169
0.03444
0.19112
-0.26440
0.27280
-0.71306
0.44323
0.37400
0.41981
0.49265
0.08800
-0.42195
0.25169
0.04263
0.55181
0.41301
-0.16733
0.14397
0.40120
0.22012
0.37132
-0.39934
-1.27562
-0.71753
0.47897
0.54751
0.41692
0.09811
0.07972
-0.21906
0.73211
0.04201
0.18715
0.15016
-0.00285
0.59545
0.14467
0.71463
0.59576
0.16573
0.32599
0.62543
0.00966
-0.00602
0.37141
0.10027
0.02927
-0.36704
-0.05901
-0.08212
0.18887
0.09445
0.33166
0.18018
-0.40017
-0.20154
0.21195
0.21333
-0.09939
0.08420
-0.14336
-0.67241
0.30682
0.26503
-0.21133
0.06985
0.06640
0.09622
0.17340
0.07367
-0.14113
0.16697
-0.89449
0.51123
0.18679
0.19361
-0.38985
0.32789
-0.26140
0.36980
0.32365
0.39438
0.12154
0.43540
0.01442
0.41000
0.10010
0.58494
0.53384
0.20032
0.08418
0.19494
0.19860
-0.33048
0.32783
0.28191
0.22607
0.14368
-0.75976
0.29673
0.13665
0.47244
-0.18398
0.07417
0.20352
-0.39394
-0.24751
0.30653
0.20464
0.08442
-0.04909
-0.07452
0.82037
-0.03080
-0.45423
0.27816
-0.27630
0.02461
-0.19842
0.29795
0.64707
-0.41747
-0.41786
0.00531
0.30206
-0.30259
0.11769
0.31236
0.11583
-1.15975
-0.03068
0.18478
0.16045
-0.34773
-0.35892
0.13579
0.48351
0.06387
0.47951
0.19763
0.54956
0.17853
0.27025
0.32709
-0.33974
0.45440
-0.30118
0.13456
-0.33857
0.15849
0.23252
0.01389
0.00368
-0.35974
-0.03786
0.24937
-0.48330
-0.85095
-0.14748
0.37522
0.48513
0.03141
0.39825
0.39316
-0.43098
0.13773
0.42760
0.00582
-0.02195
-0.68504
0.49653
0.23659
-0.79172
-0.24585
0.16452
-0.31957
-0.37460
0.25465
0.02752
0.42019
-1.24465
0.17900
-0.59372
-0.14906
0.11237
0.25506
0.12143
-0.09808
0.15138
-0.09699
-0.22948
0.12239
0.07747
-0.53088
-0.08031
0.14568
0.01135
0.37772
0.46296
0.05917
0.25964
0.00688
0.09840
0.26833
-0.91438
-0.60130
0.11937
0.10579
-0.05820
0.01807
-0.59114
-0.50753
0.40227
0.34158
0.31524
0.39515
-0.11141
0.43488
-0.45396
0.06069
-0.13899
-1.01820
0.03300
-0.67180
-0.72681
0.01096
0.16764
0.54576
-0.41680
-0.07813
-0.24653
-0.58620
0.10102
-0.00335
0.02088
0.22741
0.22806
-1.06749
0.21657
0.10202
0.32440
0.31819
-0.23183
-0.00556
0.48393
-0.67161
-0.16050
-0.80616
0.34670
0.30665
0.45449
-0.59460
-1.31672
-1.31519
0.26958
-0.32892
-0.38064
0.74485
0.20383
0.40662
0.34933
-0.06366
-0.29929
0.10951
-0.27018
0.18293
0.48064
0.29513
-0.13190
0.36783
0.16572
0.19441
0.42771
0.31447
0.24433
-0.28940
-0.61627
-0.33316
0.13205
0.16583
0.01249
0.28082
-0.01891
-0.02441
0.17993
0.11985
-0.50055
0.33919
-0.77410
-0.27366
0.42849
0.45941
0.12015
0.03213
-0.30691
-0.65395
0.12097
0.32820
0.26110
0.60039
0.80793
0.08797
0.23465
0.28957
-0.70064
0.08461
-0.69053
0.09858
-0.06240
0.28418
0.25223
-0.41173
-0.10719
-0.14774
0.07326
0.46910
-0.26508
0.01593
0.55407
0.13396
-1.71108
0.23708
0.29832
0.09741
-1.02989
0.19850
-0.79179
0.63802
-0.42365
0.26994
0.36495
0.34261
-0.17327
-0.07206
-0.32389
0.34027
0.40937
0.04016
-0.76026
0.29138
0.26687
0.10779
0.28140
0.39366
-1.53080
0.24964
0.33381
0.53780
-0.66710
-0.59696
0.53095
0.04853
0.38994
-0.74700
-0.29979
0.41058
0.21730
-0.74332
-0.04821
0.08125
-0.38125
0.33844
0.37830
0.23501
0.42966
0.29216
-0.18006
0.95882
-0.00857
-0.31302
0.24034
-0.31744
0.33319
0.52741
0.06207
-0.16409
0.21766
-0.61334
0.13279
0.45229
0.24513
0.31478
0.60776
0.36036
0.38625
-0.24064
0.36019
0.05253
0.33172
0.39590
0.39826
0.43056
0.07076
-0.96642
-0.04063
-0.01279
0.05596
-0.55536
0.08172
0.12002
-0.14689
0.06623
0.51018
-0.94648
-0.46010
-1.23469
0.38904
0.17123
0.12187
-0.56965
0.14059
-0.51323
0.40795
0.21850
0.24643
0.02547
-0.20644
0.27543
-0.44852
0.20150
0.35956
-0.13264
0.09587
0.43731
-0.23602
0.08189
0.29713
0.41223
0.32344
0.15758
0.22332
-0.00663
0.17129
0.17915
0.16915
0.20174
0.22745
-0.62920
0.20108
0.05960
0.40957
0.40071
-0.34056
0.26396
-0.00117
-0.29166
0.47960
0.11424
-0.17316
0.48364
-0.85694
-0.34075
0.25345
0.44579
0.38791
0.60270
0.57367
-0.47673
-0.31696
0.48043
-0.24607
-0.54632
0.47357
-0.39611
-0.25010
-0.44101
0.19020
0.59472
-0.36432
-0.24211
0.14035
-0.01362
0.09575
-0.25502
-0.02143
-0.03129
0.37740
-0.04310
0.47177
0.24915
-0.38735
0.48984
0.13441
-0.52115
0.24817
-0.34292
0.38240
0.15747
-0.39832
-0.34656
-0.69679
0.13936
0.00831
0.46748
-0.28314
0.20252
0.31678
-1.15827
0.28025
-0.06762
0.11235
0.09571
-0.39994
-0.19926
0.20712
-0.93501
0.19962
-0.28575
-0.22007
-0.96635
0.00787
0.45537
0.15649
0.04738
-0.67168
0.13490
0.25766
0.03752
-0.60234
0.06910
0.02677
0.15075
0.08671
0.54586
0.01070
-0.06355
-0.05140
-0.24747
-0.87046
0.06970
1.03873
-0.00010
-0.00467
-0.35052
-1.65056
0.10976
0.14634
0.03906
-0.23762
-0.22158
0.02546
0.31479
-1.38305
-0.16221
0.12751
0.07997
0.43575
-0.01101
0.11420
0.20917
0.24334
0.23166
-0.10903
0.60104
0.25273
0.49520
-1.04842
0.05799
-1.22299
0.15331
0.16354
0.16330
0.49537
-0.76495
0.33977
-0.30829
0.23376
0.13188
0.05817
-0.99498
0.32089
-0.66603
-0.01795
0.11159
0.12920
0.32425
0.30264
0.13821
-0.38650
0.40675
-0.09046
-0.03954
0.08332
0.12624
0.35441
-0.37295
0.12869
-0.21938
0.37356
-0.09293
0.09795
-0.25533
0.16298
0.28053
0.17186
-0.70639
-0.16708
-0.42686
-0.61584
-0.32290
0.16334
0.10714
-0.20953
-0.57794
-1.00095
0.12978
-1.10068
0.50906
0.19222
0.11635
0.02266
0.35921
0.05607
0.01709
0.12190
-0.36193
-0.39099
0.24329
0.07861
0.10993
0.10861
-0.29753
0.29549
0.29063
0.15566
-0.47326
-0.17208
0.23450
0.12214
-0.87270
0.41618
-0.31412
0.24312
-0.30529
0.15283
0.45067
0.15522
0.15914
0.35503
0.68005
-0.38904
0.65398
0.25303
0.34105
0.23018
0.43991
0.07772
0.49821
-0.56144
-0.12633
-0.61838
0.09265
0.20662
-0.37998
0.35031
0.10292
0.18924
-0.36393
-0.29892
-0.58082
0.12357
-0.14599
-0.31893
0.25547
-0.79174
0.07794
0.49882
-0.45996
0.17735
-0.09734
-0.07872
-0.57131
0.22845
0.14176
0.09796
0.29396
0.18504
0.33463
0.32737
-0.09706
0.27614
0.19666
0.26673
-1.07890
-0.21193
0.08033
-0.02066
-0.20309
0.43618
-1.03246
-0.35215
-0.22602
0.19170
-0.48295
0.41639
-0.01122
-0.25890
-0.59822
0.24933
0.39828
0.01395
-0.07400
0.36207
-0.50004
0.08630
-0.35513
0.27684
0.47793
0.28214
0.35412
0.12790
0.44640
0.12068
-0.47521
0.16032
-0.17213
0.16981
0.15367
0.08825
-0.49835
-0.78630
0.09228
-0.05658
0.23995
0.14820
-0.10271
0.18389
-0.55470
0.13828
0.08658
0.01537
0.09301
-0.59707
-0.27806
-0.05783
0.07468
-0.00767
-0.09564
0.14067
0.23848
-0.46861
0.15614
-0.90498
0.14640
0.10935
-0.33063
0.28340
-0.32956
0.23743
-0.23803
0.37961
-0.50650
-0.00149
0.22726
0.14334
-0.11634
-0.53800
-0.61188
0.17057
-1.40362
0.55193
0.09498
-0.79731
0.75652
-0.43053
0.05973
0.47515
-0.05535
-0.17463
-0.41785
-0.09955
0.09963
0.34399
0.71603
-0.73016
0.24241
0.14983
0.03587
0.28356
0.15825
-0.11768
-1.05070
0.11489
-0.77615
0.02146
-1.63955
-0.70258
0.45458
-0.44780
-0.22661
-0.95649
0.02806
0.36105
0.07070
-0.00196
-0.65786
0.03421
-0.74413
0.15386
-1.10543
-0.21392
0.45272
-0.43375
0.47157
0.01208
0.18513
-0.76672
0.34900
0.25547
-0.89023
-1.32906
-0.23669
0.47099
0.34601
-0.80751
0.20029
0.22766
0.17058
0.07522
-0.80528
0.39868
0.25893
0.43898
-0.01837
-0.69611
-1.14970
-0.22785
-0.22900
0.39767
0.07917
-0.73875
-0.43602
-0.58501
0.20502
-0.08560
0.46196
0.18992
0.14610
-0.03261
-0.37318
0.24952
-0.21500
0.79675
-0.20367
0.29086
-0.12520
-0.23564
0.49080
0.20413
0.05993
0.28339
0.13598
0.10536
-0.27282
0.17688
0.32281
-1.04496
-0.33966
0.17156
0.20784
-0.62453
-0.28476
-0.25052
-1.81752
0.40343
0.02184
0.28003
-0.04496
0.16872
-0.28737
-0.38983
0.22127
-0.28698
-0.03673
-0.66835
0.52944
0.51461
0.72575
-1.02713
-0.40023
0.47680
0.05838
0.12057
0.30011
-0.71274
0.46096
0.21931
0.08158
0.26288
-0.60616
0.07585
0.45984
0.22871
0.17649
0.17557
0.26968
0.26616
-0.49317
0.36749
0.19636
0.11010
-0.29152
0.28053
0.10170
0.11951
-0.04084
-0.78936
0.31230
-0.26315
0.12355
0.03312
0.45586
0.31088
0.35705
0.42196
-0.32597
0.03543
-1.03613
0.22264
-0.13188
0.16837
0.11647
0.14443
0.18407
-0.40484
0.07890
0.04774
0.20206
0.41217
0.24867
0.16338
-0.35808
0.01288
0.39451
-1.01682
0.17309
0.23231
0.25207
-0.29644
0.23738
0.08467
0.42664
0.20826
0.00427
-0.15721
0.30474
-0.16333
-0.64590
-0.76987
0.19413
-0.11394
0.01487
-0.02836
0.03546
0.03160
-0.45915
-0.67022
-0.68645
0.14914
-0.86166
-0.22573
-0.51539
-0.45516
0.38753
0.12599
-0.18990
0.02604
0.13091
0.16182
0.69831
-0.48442
0.13771
0.15689
0.38115
0.09464
-0.98232
0.11359
0.22442
-0.58281
-0.36325
0.38704
0.81040
-0.71384
0.27000
-0.10617
-0.99530
0.67331
-0.29789
-0.63750
0.18057
0.00780
-0.32986
-0.27950
0.06669
0.05831
-0.06356
-0.29190
0.12714
-0.64161
0.05194
0.26476
0.50838
0.09747
-0.76771
-0.19871
-0.46665
-0.99917
-0.43824
0.63862
-0.47405
-0.37227
-0.80201
-0.28489
0.10763
0.02765
-0.24541
-0.33450
0.13629
0.72603
0.12740
-0.00102
-0.35025
0.20155
0.19931
0.02920
0.23511
0.14590
0.09914
0.46224
-0.59733
0.14713
-0.44737
-1.15698
0.05746
0.15328
0.12994
0.28671
0.12368
0.02820
0.05593
-0.84451
0.27522
-0.15016
0.21222
0.02928
0.11342
0.28169
0.11954
0.32361
0.05807
-0.43370
-0.12715
0.10965
0.28389
-0.05895
0.16025
-0.92169
-0.06893
0.30008
-0.40623
0.47689
-0.01051
-0.05397
-0.20998
-0.84843
-0.18695
0.26937
0.77536
-1.21911
0.17132
0.28229
0.01862
0.23011
-0.41437
-0.25110
-0.40975
0.13292
-0.06800
0.25665
-0.37411
-1.10977
0.08831
-0.58348
-0.19243
0.04083
0.12404
-0.08404
-0.63825
0.23729
0.12988
-0.27417
-0.15090
0.22641
0.52680
-0.82162
-0.95587
0.20446
-0.39912
0.11393
-0.21099
-0.64921
-0.27415
-0.20259
0.42996
0.39972
0.32088
-0.16784
-0.36644
0.73747
0.23565
0.10416
0.17059
-1.40041
0.15203
0.20684
0.66480
-0.31584
0.43913
0.47284
0.17557
0.53452
0.06121
-0.22148
-0.61583
-0.44385
0.09465
0.53638
0.79912
-0.08430
0.17509
-0.07676
-0.89287
0.30928
0.19482
-0.72396
0.48397
0.12841
0.14126
0.41899
0.36702
0.13229
-0.37338
0.15608
-0.04655
0.66711
0.82626
-0.01273
0.43705
0.09748
0.21372
-0.22010
-1.08455
0.42544
0.47329
-0.12358
0.04703
0.03715
-0.02056
0.43477
-0.84055
0.14428
0.24290
-0.05261
-0.32138
0.25209
-0.08365
-0.32747
-0.05032
-0.13817
0.29155
0.36713
-0.74268
-1.49797
0.41172
0.12202
0.00312
0.39266
-0.80241
-0.07365
0.43133
-1.14614
-0.37169
0.27231
0.16287
0.14169
0.71630
-0.06109
0.03627
-0.08174
-0.02312
-0.42738
-0.96145
0.19764
0.12689
0.04636
0.24421
-0.66154
-0.21205
0.26215
0.03570
-0.20058
-0.28590
-0.16003
0.29107
0.25234
0.10095
0.16484
-0.65667
-0.24471
0.52026
0.25470
-0.00032
-0.46303
-0.27818
-0.30236
0.41479
-1.27267
-0.21577
0.26969
-0.96580
0.22948
0.38933
0.18447
-0.25965
-0.05484
-0.63362
0.26151
0.10602
-0.11284
-0.19536
0.10221
-0.87012
-1.05709
-0.25991
-0.46421
-0.58267
0.16879
0.25058
0.08653
0.13087
0.76793
0.36110
-1.34521
-0.73816
-0.29001
0.18254
0.32797
-0.82580
-0.13406
0.45046
0.66801
-0.53042
0.16510
0.25457
0.45665
0.38973
-0.05528
0.31919
0.13696
-0.10030
0.19991
-0.56719
0.09908
-0.12542
0.04512
0.46615
-0.37516
0.31141
0.22868
0.38594
-0.31770
0.50875
-0.13554
0.09802
0.41040
0.33664
0.08918
0.39133
0.03504
0.14998
0.09224
-0.57259
-0.06798
-0.01540
-0.32863
0.10795
0.30898
0.15475
-0.05887
0.19960
-0.68163
-0.56403
-0.32762
0.13092
-0.54459
-0.29742
0.24701
0.17412
-0.30468
0.27748
0.43168
-0.35158
0.70730
0.23299
0.04821
0.12766
0.07597
-0.12737
-0.01146
-0.08432
-1.24613
-0.31756
0.29437
-1.03425
-0.02123
0.10736
-0.12017
-0.14255
0.42842
-0.42246
-0.02613
0.19840
-0.13550
0.08374
0.71097
-0.02421
0.52301
-0.23788
0.56211
0.18837
0.15668
-0.15672
0.11954
0.37116
-0.51368
-0.93866
0.04545
-0.46417
0.49229
-0.00545
0.45724
-0.57439
-1.02484
0.08109
-0.28447
-0.37652
0.47735
0.42707
0.20478
0.24573
-0.00658
0.17026
-0.43835
-0.71352
0.19655
0.44768
-0.85168
-0.03198
-0.96476
0.13037
0.08605
0.23745
0.02343
-0.13887
0.55582
0.09571
0.11022
0.20486
-0.07789
-0.26893
-0.57083
0.39588
0.07677
0.08888
-0.29527
0.21028
0.19696
0.20368
0.00652
-0.01354
0.13772
0.49344
-0.42125
0.15664
0.52420
0.06367
-0.55719
-0.26174
-0.33355
0.12079
-0.24111
0.48528
-0.72563
0.49556
0.26688
-0.23698
0.08234
-0.55654
-0.02015
0.30789
0.23249
-1.27144
0.13127
-0.40249
0.40211
0.57984
-1.23341
-0.06889
-0.31323
0.09081
0.23663
-0.02445
-0.40802
-0.37334
-0.02037
-0.07905
-0.57893
0.16598
-0.33047
-0.35157
-0.09470
-0.20514
0.17048
0.28493
-0.86256
0.45101
0.53698
0.08463
-0.22779
0.28707
0.26604
-0.26584
-0.67576
0.21716
-0.12503
0.12953
-0.19555
0.01893
-0.38883
0.23512
-0.75448
-0.36199
0.14590
0.09416
0.54035
0.65523
-0.30410
-0.30132
0.31747
-0.80790
-0.06702
-0.23834
0.37231
0.13273
-0.78377
0.33996
-0.32156
-0.50809
0.13176
0.04661
0.42544
-0.32180
0.08005
-0.04650
0.09387
0.04009
0.14415
-1.05577
0.03638
-0.12193
-1.11620
0.03626
0.35993
-0.43018
-0.00247
0.56201
0.38164
-0.39862
0.30087
-0.16011
-0.29279
0.25393
-0.25722
-0.28990
0.54085
0.00106
-0.30575
0.29765
0.43849
0.13692
0.25990
0.28250
0.01598
0.28533
0.27746
-1.00263
0.14864
-0.25773
-0.19380
0.19263
0.17257
0.07198
-0.65549
0.06615
-0.28673
0.09527
0.24330
0.12264
-1.42483
-0.05889
-0.54082
-0.96521
0.41433
-0.16094
0.12819
0.13491
-1.12676
0.16007
0.26462
-1.00833
0.22189
0.31395
0.26419
0.41265
0.32891
0.00462
-0.86787
-0.22007
0.11917
-0.90560
0.48751
-1.32514
-0.17737
0.22626
-0.22386
-0.23025
-0.30253
0.08932
-1.33908
-0.38399
0.09499
0.55983
-0.03735
-0.21252
0.04757
0.19085
0.12851
-0.43812
0.24828
-0.03083
0.38017
-0.01144
-0.44691
-0.55362
0.38596
0.53900
0.29308
-0.25801
0.14701
0.16298
0.08306
-0.00760
0.20031
0.11238
0.34368
0.63865
-0.06812
-0.64213
-0.79779
0.37495
-0.79004
-0.18363
-0.54424
0.10237
0.15917
0.70419
0.30868
-0.44401
-0.97455
0.43262
0.17171
-0.47293
0.12571
0.30173
0.46465
0.11510
0.38232
-0.51229
-0.52786
-0.30784
0.10493
0.08901
0.25804
-0.60764
-0.09133
0.16641
-0.34524
0.43525
0.12295
0.21398
-0.79620
0.18254
-0.88778
0.06701
-0.71197
0.27535
0.06654
-0.11561
0.20354
0.49561
0.09639
-0.38544
0.45607
-0.37464
0.27616
0.77711
0.14163
-0.36720
0.05037
-0.01853
0.06018
-0.13647
-0.10397
0.07391
-0.42888
-0.40110
0.14030
-0.04676
-0.51016
-0.75907
-0.30819
0.44902
0.15394
-0.43137
0.00734
0.06401
0.06025
0.33389
0.48592
-0.22709
-0.46594
-1.07753
0.06774
0.47607
0.55780
0.53983
-0.39498
-0.62752
0.41981
0.04459
-0.67549
0.15783
-0.79956
-0.12428
-0.73996
0.19947
0.27956
-0.67421
-0.47339
0.11526
-0.41435
0.32274
-0.42637
-0.48514
-0.85508
0.36509
0.05671
-0.13162
0.19274
-0.61200
-0.13234
-0.15330
0.25818
0.04540
0.05178
0.20923
0.60585
-0.44259
0.11493
-0.50132
0.17204
-0.01926
-0.03886
-0.64373
-0.61639
0.03455
-0.20121
0.01825
0.12825
-0.02805
0.22355
0.08574
0.28885
0.35761
-1.04063
0.25327
-1.96258
0.49422
0.10925
0.20840
0.21888
-0.02043
0.02694
0.07444
0.30441
-0.34121
-0.45869
0.04244
-0.40381
-0.22290
-0.08655
0.06233
0.18333
0.76814
0.19951
0.52412
0.54149
-0.05287
0.38000
0.17957
0.06585
0.10534
-0.52441
-0.33442
-0.48690
-0.79491
0.33041
0.29691
-0.39839
0.10405
0.42861
-0.58616
0.14936
0.33969
0.47094
-0.78407
-0.23001
-0.05713
0.11355
-0.70882
-0.40791
-0.20487
-0.31391
0.16835
0.31202
0.14539
0.40675
0.21731
1.11443
-0.39139
-0.29994
-0.35261
0.60522
-0.56015
0.00994
-0.08334
0.45428
0.32401
-0.76548
0.24519
0.40703
0.18760
0.66091
0.27635
-0.41945
-0.09029
-0.08680
-0.39939
0.12418
-0.11884
0.18147
0.04930
0.01017
-0.10945
0.34209
0.35734
0.10861
0.19900
0.15521
-0.19813
0.30978
0.11760
-0.93638
0.13443
-0.74037
0.37917
0.14779
0.48850
0.02740
0.70173
0.32525
0.16198
-0.67256
0.63150
0.11008
0.42034
-0.69350
-0.29412
-0.15728
0.39916
-0.43722
0.07153
0.30330
-0.18304
-1.26611
0.47650
0.44141
-0.26190
-1.42320
-0.54448
-0.01326
0.19424
0.37200
0.08938
0.14041
-0.17901
-0.15077
-0.50121
-0.02009
0.34200
0.14257
-0.34678
0.34754
0.11464
0.46717
0.25153
-0.20757
0.37741
-0.00628
-0.51494
0.10350
0.22330
0.50164
-0.39521
0.45938
0.12262
-0.37407
0.15926
0.15948
0.15254
-0.40639
0.02233
0.03010
-0.20431
-0.05851
0.52047
-1.09043
-0.06838
0.64635
-0.79736
-0.46982
-0.73283
-1.07947
0.18048
0.46611
-0.49989
0.30651
0.21505
0.26329
-0.44593
0.14098
0.33068
0.47361
-0.83703
0.60373
-0.16386
0.41119
-1.16195
0.28907
-0.22670
0.35483
0.16083
-0.47983
0.12664
-0.32419
0.15281
0.35464
0.15313
-0.77192
0.21724
0.05878
0.36146
0.34947
-0.41424
-0.87710
-0.73568
-0.14216
0.13156
-0.30258
0.10305
-0.10744
0.09775
-0.17013
0.17660
0.30760
0.04981
0.16167
0.11994
0.31497
0.22199
-0.08660
-0.18462
0.47579
0.33429
-0.28972
0.28691
-0.10543
0.44267
0.39109
0.21107
-0.85833
0.33798
-0.13880
0.07531
-0.11349
-0.35166
0.73028
0.09200
-0.46252
-0.84748
-0.38272
-0.17099
-0.01433
0.22339
0.11879
0.32006
0.04605
-0.73465
-0.48539
0.19519
0.17663
0.02740
-0.56255
-0.90470
0.11611
0.68399
0.03856
-0.19011
-0.26279
0.03424
0.04236
0.37356
0.35031
0.11577
-0.92208
0.13705
0.02645
0.30661
0.31822
-0.10689
0.08929
0.42144
0.54176
0.38621
0.43660
0.21819
0.01407
-0.27141
0.49906
0.20458
0.05305
0.15088
0.21501
0.09147
0.15437
0.32539
-0.10910
-0.23367
0.41362
0.08159
0.29632
0.03941
0.22922
-0.62327
0.13528
0.09245
0.05438
0.34247
-0.06590
0.12332
0.25325
-0.33017
0.40173
0.24964
0.18545
0.29471
-0.50919
0.21306
-0.31492
-1.12653
0.04247
0.20928
-0.36939
0.63204
0.06124
0.10968
0.08193
-0.44326
-0.40466
0.12570
-0.05583
0.26158
0.20463
-0.27675
-0.74668
-0.43193
0.02513
0.27438
0.10745
0.11084
0.23680
0.10375
0.14707
0.13874
-0.29685
0.28905
0.06857
-0.77457
0.30638
-0.32615
0.04736
-0.60268
0.53072
0.15977
0.45638
0.23658
-0.32221
-0.60021
0.12000
0.09819
0.31248
0.08037
0.38142
0.08070
0.05152
0.25711
-1.07582
-0.62162
0.26134
-0.06195
0.85220
0.16391
0.09395
0.24781
0.71220
0.34446
-0.45596
0.13782
0.13130
-1.52667
0.28719
0.74072
0.46016
0.09902
0.00783
0.12370
0.10335
0.78409
0.06061
-0.08039
0.29849
0.64892
0.15515
-0.90299
0.01514
0.23228
0.43930
-0.45598
0.25297
0.24228
0.15913
0.09783
0.32631
-0.30625
0.00523
0.35555
-0.67570
-0.12147
0.18708
0.51988
-0.17098
-0.41023
-0.81781
0.21761
-0.20970
0.16218
0.09366
-0.16922
-0.16212
-0.07171
0.09701
0.10700
-0.03218
0.07195
0.09712
-0.25259
0.34689
-0.41523
0.00468
0.08516
0.14488
0.41055
-0.59403
-0.41837
0.20549
0.67019
-0.57195
-0.30192
0.35801
-0.78571
0.15018
0.28363
0.51425
0.14027
0.04332
-0.23160
-0.71819
-0.17433
-0.45294
-0.19654
0.30166
0.01808
0.24760
-0.23706
-0.01716
0.23127
0.39086
0.47559
0.19427
-0.59689
0.08210
0.41850
0.03558
0.07235
-1.03147
-1.35556
-0.04434
0.23437
-0.12163
0.59447
-0.38165
-0.10260
0.19180
-0.66574
-0.03084
0.29562
0.11328
0.14686
-0.05069
0.13064
-1.94342
-0.66576
0.01635
-0.34945
-0.46403
0.17418
-0.70362
0.11872
0.04276
0.42747
-0.81254
0.08661
0.07124
-0.19547
0.34044
-0.04325
0.21661
-0.84495
0.06730
0.20281
-0.03874
0.45692
0.41370
0.09742
0.29489
0.15731
0.10883
-0.24440
-0.47947
0.44552
0.11894
-0.58764
0.22576
0.36203
-0.56814
0.06775
-0.00952
-1.12849
-0.06981
0.13623
0.42475
-0.38906
-0.15830
-0.03123
0.21206
0.49100
0.34886
-0.39224
0.25949
-0.01930
0.07284
0.02925
-0.38924
0.14154
-0.54872
-0.89301
-0.35827
-0.57592
0.37995
0.12614
0.29055
0.07376
-0.01505
0.06924
-0.50995
-0.08824
0.05479
-0.36094
0.17024
0.03808
-0.27505
-0.31180
0.12207
-0.00078
-0.07123
0.10524
-0.30839
-0.21316
0.12075
0.04300
0.30644
-0.96496
-0.12503
0.06045
-0.21351
0.01585
0.07441
0.31182
0.07148
0.07152
-0.72963
-0.16482
0.02332
-1.07478
-0.23541
-0.00999
-0.03178
0.18184
0.13210
-0.25431
0.29244
-0.41526
0.41655
-0.84439
0.10806
-0.40575
-0.27190
0.09015
-0.48179
-0.76862
0.70800
0.15275
0.25553
0.43552
0.20271
0.13178
0.06658
0.08422
0.15909
-0.02055
-1.39388
0.17783
-1.37731
0.12349
-0.24545
0.11066
0.03475
0.50658
0.65307
0.33314
-0.60639
0.24484
-0.22585
0.07460
0.20411
0.16164
0.09343
0.27477
0.36922
0.11567
0.13990
-0.47068
-0.04420
0.10586
0.22759
-0.75336
0.11142
0.10127
-0.16447
0.38699
0.57075
0.12818
-0.53573
0.10152
0.34195
-0.01525
0.33221
-0.06011
0.29154
0.08356
0.35419
0.23485
0.56077
0.10317
0.29129
-0.39062
0.22883
-0.16481
0.18848
0.21236
0.07318
-0.32704
-0.31045
-0.02814
0.09679
-0.36255
0.23961
0.29013
-0.60323
-0.35979
0.79737
0.00472
0.07422
0.25438
-1.04473
0.47004
0.13060
-0.83268
0.12017
0.17278
0.36331
0.37747
0.10805
-1.00863
-0.00033
-0.05855
0.02609
0.23326
-0.39633
-0.43883
0.06933
0.13564
0.07642
-0.13997
0.17901
0.14231
0.63509
-0.29177
0.46881
-0.99510
0.35126
0.26113
0.01290
-0.66089
-0.11248
0.21328
-0.31622
-1.31196
0.28554
-0.82947
0.12333
0.07468
0.57536
-0.01607
0.05574
0.00627
0.12670
0.33090
0.02011
-0.40924
0.36460
0.15768
0.42508
0.33290
0.46791
0.00387
0.05150
0.18996
0.10646
0.09302
