0.21605
-0.16287
-0.79335
-0.21319
0.00017
0.18074
-0.22269
0.11119
-0.02847
0.13226
-0.27125
-0.49827
-0.33118
0.10968
0.11621
0.19434
0.14470
0.34288
0.18602
-0.02176
0.17874
-0.26337
0.12487
-0.41093
0.17468
0.24933
0.15908
-0.37946
0.26398
-0.17781
-0.03908
-0.25306
0.08351
-0.27926
-0.00205
0.15034
-0.15835
0.37910
-0.21795
0.16976
-1.07073
0.05371
-0.13553
-0.67535
-0.20697
0.26494
0.15509
-0.26208
0.25065
0.03612
-0.07759
0.08007
0.17951
-0.31055
-1.36560
-0.33402
-0.19367
0.17580
0.25432
-0.21372
0.14343
0.14752
-0.04441
-0.04966
0.17534
0.00673
0.03558
-0.03228
0.04053
-0.23566
0.32719
-0.00657
0.21336
0.10656
-0.08601
0.28307
0.13959
-0.19003
-0.04718
-0.12887
-0.05643
0.12666
0.04135
-0.27108
-0.03867
-0.35896
-0.13698
0.21599
-0.49575
-0.03152
-0.75290
-0.58654
0.64312
-0.10099
0.07276
-0.08784
-0.17715
0.06589
0.06196
-0.70808
0.35095
-0.19315
0.02444
-0.07892
-0.06100
0.19513
-0.19123
-0.09922
-0.30800
-0.22331
0.03989
-0.29173
-0.45335
0.05839
-0.19634
-0.61862
0.09065
-0.23647
0.19038
-0.03920
0.25359
0.10470
-0.18883
0.17531
-0.60484
-0.99074
0.21181
-0.01589
0.09716
-0.35834
-0.01067
-0.00994
-0.45452
0.07347
-0.60465
0.17583
0.14162
0.20306
-0.00074
-0.30021
-0.57427
-0.31794
-0.27739
0.03924
0.13836
0.02968
0.15666
0.07761
0.10346
-0.33539
-0.43496
-0.13771
-0.05627
-0.50124
0.06480
0.05019
-0.76399
0.03390
0.02791
0.08716
-0.07721
-0.10164
-0.08273
-0.50223
-0.07758
-0.97474
0.26192
-0.29739
0.18353
0.13193
0.16132
0.28184
-0.15458
0.09807
-0.19402
-0.13966
0.01488
-0.96264
0.08468
-0.37109
-0.16073
0.22393
-0.23659
0.15189
-0.11713
-0.53725
0.01704
-0.30622
-0.29739
-0.47890
-0.27750
-0.13375
0.06267
-0.31220
-0.37881
-0.14069
-0.09955
0.13731
-0.20512
-0.94674
-0.68760
-0.40754
-0.33626
0.21637
-0.26460
0.10255
0.11182
-0.47866
-1.28652
-0.33842
-0.01153
0.30101
-0.18575
0.04364
-0.12931
-0.19614
0.16774
-0.20842
-0.00127
-0.14571
0.21286
-0.37187
0.00891
-0.55596
0.03701
0.20937
0.07932
-0.10301
-0.37093
-0.19404
0.22917
0.15958
-0.01446
-0.22159
0.10103
0.14236
-0.20862
0.01701
-0.00927
-1.16007
0.03119
0.22768
0.06260
0.14922
-0.60352
0.14852
-0.03165
-0.17264
0.15812
0.25225
-0.18139
-1.15444
0.32287
-0.22352
0.17459
0.06864
-0.22070
0.13010
0.00212
-0.12749
-0.03265
-0.13268
-0.39237
0.10471
-0.30163
0.05158
0.10540
0.17330
0.15383
-0.00448
0.11171
-0.16359
-0.29070
0.09079
0.11545
0.12258
-0.28902
0.18158
-0.04627
-0.10274
0.22354
0.19659
0.18292
0.04051
-0.02817
-0.84518
-0.20467
-0.39034
0.27482
0.14324
0.22414
-0.17417
-0.15321
-0.14116
-0.63613
0.19088
0.37904
0.16197
-0.64970
-0.07952
0.01744
-0.18385
-0.19681
-0.00464
0.31685
-0.14496
0.08261
0.58935
0.18160
-0.15760
0.18949
0.09641
0.13406
-0.27955
0.12108
-0.06921
0.22459
-0.10658
-0.06808
-0.17023
-0.04256
-0.06654
-0.11909
-0.06102
-0.06854
-0.04457
-0.63486
0.15082
0.42330
-0.25491
-0.31813
-0.05549
0.12317
0.20402
-0.20026
-0.20292
-0.60349
-0.00663
0.15033
0.01916
0.09536
-0.24524
0.20114
0.13612
-0.32325
0.18523
0.22524
0.02655
0.01725
-0.14336
0.27948
0.28865
0.14113
-0.83827
0.17534
-0.03444
-0.27088
-0.00036
-0.02054
-0.14838
0.24327
-0.04999
-0.13750
-0.60821
-0.16253
0.19871
-0.16126
-0.55093
-0.39322
0.03987
0.32395
-0.60283
-0.14116
0.18789
-0.67185
-0.28928
-0.34558
0.04313
-0.07757
0.08805
-0.00551
0.05800
0.15826
0.02991
-0.24646
-0.01752
-0.19677
-0.85513
-0.09905
-0.16925
0.22521
0.11122
0.22024
-0.40868
-0.10933
-0.95761
-0.81534
-0.15105
0.17273
0.09908
-0.13552
-0.29322
-0.35364
-0.22781
0.18414
-0.20597
-0.12438
-0.08584
0.36775
0.16237
-0.16638
-0.55104
0.16431
0.05754
0.07672
-0.19947
0.23534
0.19867
0.20309
-0.13698
0.23947
0.02161
-0.00040
-0.54066
0.07693
0.06810
0.32268
0.26511
0.10019
0.12004
0.20173
-0.08304
0.12852
-0.21249
-0.16782
0.20825
-0.44382
0.13417
-0.33382
-0.01657
0.15010
-0.02439
-0.25960
0.16944
0.12434
-0.36248
0.57193
-0.17280
-0.13668
-0.12788
0.18254
-0.11866
-0.23568
-0.53017
-0.16179
0.16867
0.02643
-0.18975
-0.32485
-0.56309
0.10239
0.12151
-0.04864
0.13292
-0.06747
0.12902
-0.13413
0.15361
0.16907
-0.36771
-0.25994
0.14987
-0.48437
-0.60959
-0.15694
-0.30007
0.05261
-0.34331
-0.09651
0.29102
0.23851
-0.35322
-0.02946
-0.25453
-0.69628
0.06044
0.15458
0.02318
-0.21153
0.18072
-0.21520
-0.14847
0.04697
-0.16916
0.20231
-0.18302
-0.04617
-0.26552
-0.06546
-0.36423
-0.51891
0.12398
0.13740
0.09083
-0.27891
0.11076
-0.17961
-0.32249
-0.32437
-0.23292
0.14376
-0.13532
-0.11792
-0.54924
-0.08188
0.34118
0.06313
-0.11937
0.07934
-0.13072
-0.32509
0.04901
0.17095
-0.51585
0.22274
-0.11584
0.18171
-0.72209
-0.20027
-0.05207
-0.20595
0.22874
0.02103
-0.14039
0.04176
-0.15591
-0.39449
-0.10250
0.08433
0.21687
-0.08615
-0.83685
-0.53385
-0.25051
-0.34351
0.23226
0.04627
-0.08845
0.19598
-0.33634
-0.46652
0.33918
0.35276
-0.04401
-0.59066
-0.54072
-0.13261
-0.26578
0.08558
-0.69357
0.04339
-0.05598
-0.14679
0.05149
-0.73915
-0.01332
-0.14585
0.08367
0.19506
-0.11736
-0.36793
0.18670
-0.41476
0.26707
-0.08239
-0.00963
-0.51393
-0.43122
0.02095
-0.04657
0.02760
-0.01517
-0.08778
-0.92010
-0.56521
0.47570
-0.02735
-0.19157
-0.14561
-0.13747
0.09033
0.13961
0.38722
0.08127
-0.11261
-0.84656
0.08518
-0.11732
0.15791
-0.69559
-0.12852
0.06311
0.20379
0.00739
0.14927
-0.14782
0.25968
-0.10664
0.09479
-0.43709
-0.16607
0.22023
0.19228
-0.72353
0.16106
0.09257
0.21996
-0.34165
-0.42873
-0.05104
-0.23502
-0.01978
0.02997
0.11909
0.14306
0.14754
-0.05680
-0.10500
-0.34205
0.16844
-0.22982
-0.90206
-0.33924
0.04626
-0.29105
-0.49952
-0.26580
0.16248
0.01268
0.21068
-0.02139
0.51476
0.12827
0.13149
-1.17246
0.12059
-0.50358
-0.27634
-0.04260
-0.39056
-0.04025
-0.02824
0.10153
-0.00595
0.29040
-0.13919
-0.10338
0.04021
-0.30546
-0.52558
0.02595
0.10485
0.11216
0.00303
0.09996
0.23897
0.04551
0.01179
-1.05934
-0.19603
-0.05551
-0.16767
0.05089
0.04920
-0.32673
-0.17482
-0.38413
0.29425
-0.02774
0.09705
0.04885
0.10106
-0.53307
0.16237
-1.10680
0.09215
0.15851
-0.06154
-0.24425
0.15055
-0.41833
0.17968
0.15629
-0.14598
-0.52481
0.31787
-0.46414
0.25091
0.10702
-0.50297
-0.01005
0.04594
0.04220
-0.22205
-0.35851
0.16594
-0.62804
0.16351
-0.03160
-0.13237
-0.23186
0.01654
-0.35188
-0.28757
-0.47290
-0.39241
0.17041
0.24869
-0.23473
0.08220
-0.14646
0.09465
-0.19042
-1.19679
-0.02064
0.39652
-0.09221
-0.15347
-0.51544
0.01656
-0.29722
-1.06373
0.00854
0.19977
-0.58339
0.22667
0.03409
0.16243
-0.17889
-0.97449
0.20711
-0.05439
0.30787
-0.31532
0.32466
0.31695
0.06842
0.12963
0.09565
0.35754
0.09723
0.20597
0.21564
-0.10322
-0.00667
-0.13944
0.14722
-0.12464
-0.69567
0.06703
0.11369
0.52776
-0.40275
-0.44834
-0.14885
0.04753
0.01937
0.03538
0.23212
-0.51744
0.06577
-0.09449
0.20565
-0.17402
-0.01261
-0.04193
-0.09251
0.05155
0.05002
0.13837
-0.18343
-0.20993
-0.04556
-0.37762
-0.49898
0.06965
-0.04338
0.09460
-0.05315
0.07091
-0.49270
0.08139
-0.35905
0.22168
-0.43574
-0.25153
-0.22146
0.20237
0.09571
-0.06596
-0.52639
-0.12574
0.11349
-0.28300
-0.18542
0.15393
-0.31149
0.21656
-0.44259
0.11556
-0.09389
0.11665
0.26669
0.33758
0.17464
0.21498
-0.23022
-0.35294
0.02255
-0.06586
0.24233
-0.46050
-0.56742
0.11481
0.05701
0.05834
-0.17287
-0.38590
-0.13618
-0.65344
0.16436
-0.12015
-0.31869
-0.10872
0.42695
-0.33771
0.23078
0.15568
0.24897
-0.01661
0.09569
0.18467
-0.04962
0.36117
0.21080
-0.47468
0.07330
0.14569
0.18037
-0.67385
-0.38662
0.18117
0.09510
-0.89812
-0.06939
-0.67092
-0.73110
-0.27229
0.08656
-0.04103
-0.19221
-0.54984
0.31157
0.17061
-0.09239
-0.23586
-0.33911
-0.28279
0.35489
0.14228
0.19803
0.12491
-0.13276
-0.10007
0.00914
-0.08763
-0.55170
0.07821
-0.20838
-0.28372
-0.16070
-0.12896
0.11612
0.28906
0.13498
-0.08184
0.03928
-0.14246
-0.31239
0.05446
-0.23143
0.05736
0.13743
0.08967
-0.27335
-0.03011
-0.15032
-0.16452
0.28536
-0.21648
0.18462
0.24515
-0.29386
-0.66618
-0.09029
0.17867
-0.26169
0.32719
0.09312
-0.14504
0.00176
-0.42972
0.20608
0.15870
-0.01641
0.14974
-0.32597
0.05163
-0.30467
0.01899
-0.23508
-0.16459
0.11034
-1.12268
0.18317
-0.40327
-0.05371
0.03926
-0.60561
0.13218
0.40356
-0.05876
-0.60995
0.13794
-0.44237
0.00403
-0.08148
-0.37502
0.14764
0.06254
0.00904
-0.20920
-0.10143
0.06171
0.19305
-0.35886
-0.05270
-0.74603
0.26862
0.06593
-0.31156
0.21092
-0.67313
-0.47819
-0.24927
-0.57064
0.17968
0.15504
0.50847
-0.44658
0.13787
0.21714
-0.85655
-0.08359
0.06963
0.09941
-0.04004
-0.26080
0.09595
-0.28015
-0.50312
0.06895
0.18566
0.08940
-0.39784
0.11911
0.15449
0.08990
-0.29388
-0.10513
-0.19956
-0.00820
-0.29069
0.09468
-0.36245
-0.36760
0.07956
-0.10833
0.30185
-0.30580
-0.82800
0.21804
-0.25326
0.30836
-0.04954
-0.12079
0.02827
-0.12178
0.34078
-0.46413
0.50177
0.25286
0.22053
-0.24064
-0.25325
0.22179
0.19787
0.12156
0.15613
0.31928
0.17857
0.14696
0.20649
0.19287
-0.06456
0.21984
0.33037
0.23734
0.21100
0.34430
0.28137
-1.13923
0.44720
0.34330
0.20064
0.19291
-0.06876
0.25499
0.09003
-0.18163
-1.05953
0.17241
0.35952
0.43617
0.36544
-0.31411
0.36913
-0.24788
0.46069
0.43929
0.41979
-0.34826
0.47990
0.30915
0.08390
-1.15469
0.81882
0.26972
0.11792
0.27763
0.30479
0.17373
0.19645
0.16861
0.16751
0.23937
0.15728
0.23004
-0.06285
0.55438
0.17395
0.16214
-0.35776
0.19476
0.19169
-0.09169
0.20767
0.35711
-0.49619
-0.02497
0.17729
0.28349
0.16909
0.09621
-0.44767
0.68948
0.36231
0.05353
-0.43168
0.06007
0.15717
0.20840
-0.23586
0.49777
0.52187
0.63531
-0.96139
-0.82349
-1.09021
0.04581
0.07626
-0.67128
0.08627
-0.33916
-0.37425
0.14409
-0.23312
-0.79285
0.04197
0.15037
-0.48101
0.52789
0.17732
0.36830
0.04650
0.38652
-0.05920
0.73052
-0.41819
-0.16367
-0.04883
0.20772
-1.76063
0.20190
0.22421
-0.61406
-1.86305
-1.12290
0.40071
-1.08397
0.10856
0.52389
0.03349
0.13534
0.42138
0.36672
0.39372
-0.17564
0.41125
0.21774
-1.05277
0.42728
0.10692
0.34297
-0.45892
-0.04349
0.44132
0.29992
-0.05383
0.20917
0.10687
-0.00468
0.43084
0.18801
-0.05673
0.20460
-0.00472
0.40773
0.36084
0.66183
0.55417
0.11730
-0.40535
0.56750
0.42399
0.04698
-0.25605
0.21037
-0.31578
0.08625
-0.40160
0.81686
0.18482
0.22974
-0.56242
0.66569
0.29530
-0.41380
0.34238
0.24456
0.33015
0.61450
0.28575
0.20886
0.15128
0.12237
0.12129
0.08591
0.15925
-0.07395
-0.41098
0.33910
0.33426
0.44089
0.17846
-0.05549
0.15067
0.34676
0.43995
0.28946
0.19818
-0.07063
-0.50610
0.51966
0.33283
-0.13025
-0.52589
0.20375
0.28890
0.09689
0.32089
0.05017
0.19191
0.03976
-0.70278
-0.14571
0.26277
0.16795
-0.06453
0.30356
0.15470
0.18637
0.19141
0.26635
0.49813
0.30174
0.28040
0.09467
-0.44951
0.10797
0.04995
0.30231
0.25063
0.26116
0.22293
0.15043
0.04595
0.00031
0.32476
-0.19111
-0.35400
0.03702
-0.34335
-0.17502
-0.55779
-0.15698
0.24990
0.47651
0.15278
0.03618
-0.42289
-1.18436
0.22168
0.81843
-0.08567
0.59539
-0.24401
-0.65309
0.30537
0.10215
-0.16512
-1.22862
0.15511
0.27558
0.38773
-0.35273
-0.35015
-1.06509
0.03658
0.20106
0.31067
0.18846
-0.72629
-0.28596
0.54160
0.15036
-0.03313
0.26629
-0.26963
-0.18507
0.47229
0.20260
0.63922
0.11360
-0.51552
0.89002
-0.66560
0.12570
-0.39390
0.22601
-0.24316
-0.98688
0.39098
0.00040
0.19536
0.34959
0.33746
0.12943
-0.78285
-0.24203
-0.42003
0.36810
0.12573
0.32717
0.57058
-0.23455
0.23396
-0.58649
-1.01941
0.11112
0.21896
0.30575
-0.16204
-0.44692
-0.35723
0.18308
-0.25561
0.33037
0.33789
0.05090
-0.77947
-0.08632
-0.27541
0.33195
0.47686
-0.10930
-1.14516
0.62215
0.51279
0.42562
0.12261
0.33437
0.48756
0.55913
-0.53752
-0.73103
0.39528
-0.38073
-0.03454
0.12108
0.37576
0.34075
0.45808
0.40768
-0.09089
0.31105
0.12941
0.33305
0.51912
-0.78681
-0.32309
0.39488
-0.32282
-0.12163
0.16766
-0.21097
-0.11443
0.15967
0.19746
0.23118
0.46039
0.43576
-0.37772
0.15779
0.35642
0.40089
0.13808
0.18592
-0.95505
0.36356
0.19326
-0.14862
0.22182
0.43552
0.59968
0.22692
-0.38553
0.37181
0.36377
-0.37725
-0.37917
-0.53517
0.30787
-0.03024
-0.04689
0.24819
0.07448
-0.25717
0.53209
0.41622
-0.48977
0.19300
0.00532
0.55515
0.54267
0.19522
-0.22778
-1.00141
0.19183
-0.45255
0.34189
0.32098
0.13967
0.37187
-0.79326
-0.02608
0.52072
0.06921
0.16482
0.12913
0.02936
-0.12894
0.56283
-0.64849
0.18756
0.43806
0.20132
-0.59470
0.37579
-0.32786
-0.52870
-0.42224
-0.51974
0.51232
0.26283
-0.35738
0.22119
-0.09462
-0.05807
0.14366
-0.67743
0.10342
0.02329
0.23146
0.04891
0.16928
-0.76257
0.35623
0.18670
0.27112
-0.02120
-0.03630
0.34213
0.31798
0.34212
-0.60630
0.18000
0.43678
0.75855
0.39400
0.07456
0.36788
0.08313
0.14547
0.12751
0.21743
0.25689
-0.05287
-0.22758
-0.49436
0.36860
0.49881
0.37528
-0.07233
0.08962
0.37729
-0.98501
0.28250
0.21685
0.11973
0.33038
0.51378
0.22994
-0.24107
0.41889
-0.04687
0.27192
0.28345
-0.40974
0.31460
0.37556
-0.21483
0.25747
0.41113
-0.98565
0.04323
0.33390
0.32953
0.11809
0.08652
0.28965
-0.67436
-0.41164
-0.33415
0.79843
0.04131
0.64816
0.03805
0.03872
0.70190
0.16360
-0.80153
0.08273
0.19510
-0.43086
0.23172
0.07788
0.12200
0.39823
-0.02460
0.42846
0.52448
0.08290
0.50911
0.30809
0.04627
-0.07359
0.18390
0.14164
0.41903
0.43400
0.05060
0.44493
-0.38339
0.48682
-0.03128
0.09811
0.00227
-0.41924
0.43733
0.15709
0.15191
0.16076
0.25653
-0.17000
0.54207
0.21233
0.09416
-0.17923
0.20962
-0.42555
0.50324
0.46555
0.18444
0.41744
0.25792
0.42026
0.18575
0.63627
0.43793
0.41664
0.06258
-0.32907
0.09383
0.28564
0.50012
-0.30343
-1.49355
0.30533
-0.24365
0.04436
0.25858
0.15847
0.55531
-1.19858
0.15389
-0.72863
0.11897
0.15076
0.27985
-0.15965
0.27118
-1.10791
-0.33229
0.45703
0.52636
0.16820
0.18025
0.17829
0.18357
0.20936
-0.58748
-0.00539
0.25365
-0.20781
-0.03580
-0.12717
0.10767
-0.18091
0.62230
0.12792
-0.34026
-0.37232
0.33264
-0.06235
-0.27279
-0.61980
0.45141
-0.83768
-0.20149
0.32151
-1.00104
0.07857
0.20319
0.01335
-0.45420
0.43633
0.16701
0.12531
0.23127
0.14136
0.14595
0.14883
0.17800
0.27671
0.25613
-0.59978
-0.40584
0.24087
0.02147
-0.60113
0.33290
0.15196
0.18218
0.32664
-0.64710
0.21850
0.27572
0.38453
0.43866
0.49480
-0.76308
-0.01072
-0.55184
0.05440
0.36175
0.05794
-0.86796
-0.13324
0.37201
-0.35427
-0.38633
0.19633
0.11053
0.14476
0.21020
0.27844
0.23168
-0.27292
-0.22574
0.50007
-1.53885
-0.15336
-0.55984
0.10277
-0.33057
0.24513
0.74955
-0.02412
-0.23790
-0.04638
0.01287
0.24795
0.01884
0.40668
0.38940
0.34580
0.17463
0.42502
0.53810
-0.35207
0.38065
0.16697
0.14802
0.42842
0.09392
-0.10927
0.24062
-1.09997
0.71246
0.27416
0.45666
0.01899
-0.19898
0.21587
-0.19845
-0.26970
0.27966
-0.22775
0.55434
0.05903
0.42821
0.33109
0.34523
-0.69463
0.63284
0.02004
0.02680
0.50359
0.30647
0.58372
-0.26859
0.16407
-0.00355
0.02397
0.25550
-0.42709
0.13920
-0.00724
0.48585
0.44295
0.26797
0.11097
-0.36865
-0.47020
-0.40105
-0.74606
0.71865
0.17319
-0.38275
0.28382
-0.46074
-1.03517
-0.25666
-0.09024
-0.20535
0.48645
0.19500
0.20858
-1.12831
0.12694
0.01821
0.07550
-0.92397
0.12326
0.25796
-0.85938
0.06101
0.28023
0.38149
-0.50995
0.24548
0.13555
-0.38548
-0.38431
0.38794
0.16926
0.27564
0.49438
-0.93784
0.45915
-0.31500
0.38487
-0.33042
0.31977
0.30043
-0.11751
0.66515
0.60943
0.10961
-0.21424
-0.11504
-0.38243
0.22965
-0.30633
0.48973
0.31994
0.20045
-0.36226
-0.53848
0.27329
-0.00388
0.20196
0.68537
0.43417
0.41813
0.16108
0.61542
0.34542
0.17738
-0.07350
-0.00432
0.21997
0.07390
0.28671
-0.80834
-0.61094
0.01587
0.13743
-0.26331
-0.69668
0.22035
0.45344
0.47749
0.30510
0.24660
0.02976
-0.09195
0.12195
-0.02116
0.31487
-0.37280
0.22902
0.61615
0.42881
0.14437
0.20933
0.32519
0.13621
0.46398
-1.02671
0.37500
-0.94458
-0.13088
0.51160
0.30528
-1.13690
0.14326
0.63618
-0.33945
0.17984
0.38880
-0.24511
-0.02857
0.25440
0.54132
-0.18023
-0.47798
-0.08519
0.46934
0.15247
0.01438
-0.86538
-0.20014
-0.05887
0.47517
-0.02869
0.47381
0.07450
-0.14659
0.26499
0.25666
-0.45335
-1.13601
-0.55950
-1.15370
0.27665
-0.01206
0.24650
-0.18171
0.33225
-0.10018
0.19787
0.80861
0.22583
0.10529
-0.46228
-0.01026
0.32724
0.51785
0.07017
0.10410
0.43095
0.23894
0.40412
0.26009
-0.17851
-0.26180
0.13626
0.61717
0.28539
-0.34510
-0.10773
-0.04867
0.32546
-1.23222
-0.01373
0.22201
0.23239
0.21836
0.04186
-0.00202
-1.08973
-0.39764
-0.00756
0.13803
0.18552
0.77610
0.27318
0.18376
-0.04672
0.24598
-0.04672
0.38870
0.33291
0.24429
0.02221
-1.19034
0.16093
-1.22051
-0.05867
-0.35302
-0.65736
0.15268
0.17039
0.60811
0.27598
0.50335
-0.20007
0.66025
0.06945
-0.01697
0.38099
-0.44234
0.16688
0.25148
0.40630
0.28108
0.24963
0.03523
-0.01563
-0.06897
0.14912
0.05428
0.14753
0.05523
0.26574
0.64753
-0.48295
0.38097
0.43901
0.29804
-0.52652
0.10078
0.21778
-0.20306
0.38083
-0.41220
-1.34925
-0.25925
0.15807
0.34583
0.14068
0.24507
0.16123
0.23458
0.37501
-0.09216
0.56308
0.17271
0.66613
-0.05037
0.26930
0.28203
0.09994
0.13554
0.47111
0.25367
0.25747
0.16262
0.16898
0.37203
0.29698
0.18449
0.41281
0.14592
0.45928
0.01489
-0.39711
0.07566
-0.05394
0.38564
0.41317
0.57863
-0.38030
0.19896
0.34488
0.11692
0.68510
0.41469
0.13156
0.48989
0.28508
0.12046
-0.79356
0.22208
0.32763
0.32541
0.32912
0.24478
0.14918
0.15614
0.22317
-0.42976
0.07036
-0.76534
-0.03061
-0.33989
0.40479
0.22923
-0.54512
0.03098
-1.01321
0.21120
0.65028
0.40577
0.58086
0.10803
0.07829
-0.15986
0.17261
-0.34340
0.31038
0.37793
-0.45843
0.14090
0.22821
0.35378
0.16433
0.42196
0.11173
-0.03284
-0.28127
0.53351
0.25926
0.38597
0.49009
0.16664
0.13598
0.27478
0.11050
-0.55414
-0.30930
0.29962
0.64060
0.23995
0.47824
0.07519
0.05041
0.19013
0.36129
0.00356
-0.20565
0.22217
0.44016
-0.28039
0.69282
0.89117
-0.16656
-1.07702
0.34317
0.09010
0.34286
-0.60568
0.32836
0.35443
0.39069
0.02955
-0.15174
0.24065
0.26626
0.31085
0.54935
0.85026
-0.41558
0.51507
-0.10094
0.31654
0.65487
0.46183
0.00695
-0.87900
-0.02473
-0.27722
-0.44914
0.38790
0.07998
0.43329
0.33422
0.28689
0.34863
0.11985
-0.38354
0.29214
0.32321
0.22207
-0.30729
0.13880
-0.48262
0.19145
0.28409
0.50308
-0.04546
0.48037
0.29016
-0.09816
-0.50602
-0.07556
0.37314
0.33773
-0.42927
0.42018
-0.21082
0.50157
0.15164
0.33039
0.38750
-0.11251
0.12363
0.11183
0.57905
0.20648
0.08443
0.29905
0.71102
0.04810
-0.16332
-0.96894
0.38145
0.24780
-0.32899
0.02413
0.31367
-0.01930
0.03399
0.42206
0.16772
0.18688
0.08042
0.21085
0.09629
0.69840
0.11231
0.12218
0.26249
-0.60071
0.19665
0.40189
-0.52507
0.40354
-0.33646
0.87395
0.29419
0.74343
0.35161
-0.17101
0.30241
0.08169
-0.25848
0.16715
0.16245
0.16162
0.32253
0.22057
-0.43542
0.08767
0.31046
-0.09921
-0.06371
0.21459
-0.57836
0.41953
-0.00958
-0.76934
-0.32501
0.32166
0.15411
0.11513
-0.46153
0.37081
0.46245
-0.76970
-0.50957
0.08120
0.40029
0.29215
0.29619
0.04644
-0.43305
0.56370
0.46925
0.40484
0.33928
0.14327
0.42775
-1.20736
0.51495
0.34406
0.28159
-0.03377
0.05653
0.16690
0.66224
0.27580
0.09156
-0.62583
0.43453
-0.22273
0.08412
0.35854
0.43282
0.34639
0.35433
0.75964
0.25278
0.54436
0.25403
0.00371
-1.19631
0.39051
0.37902
-0.01667
0.32869
-0.37859
0.21560
0.19528
0.35983
-0.42586
0.30442
-0.57611
0.22609
-1.41190
0.01308
-0.19578
0.31133
0.20891
0.26306
0.43879
0.28860
0.47539
-0.34802
0.20335
-0.07374
0.01219
0.43171
-0.12293
0.41720
0.27219
0.28899
-0.45578
0.29670
0.37447
0.50804
0.26855
0.04059
0.27192
0.20041
0.38927
0.13500
-0.77998
-0.36096
0.25693
-0.26624
0.46758
0.48294
0.03922
-0.67998
-0.43857
0.10526
0.23791
-0.73252
0.38555
-0.38139
0.40007
0.00585
0.11719
-0.26379
-1.18017
0.43245
0.49147
0.09052
0.24351
-0.20690
0.17074
0.30697
0.29992
0.24849
0.32530
0.29402
0.41175
0.32197
-0.34649
-0.92260
0.47854
-0.13101
-0.06892
-0.87089
0.73136
-0.79573
0.31476
0.28932
0.21633
-0.49693
0.28595
0.22410
0.22230
0.28239
0.17070
-0.80868
-0.39745
0.32531
0.36180
-0.47243
0.18025
-0.00537
-0.84535
-0.22844
0.17200
-0.38994
-0.11329
-0.97653
0.22343
0.27319
-0.14615
0.14250
0.29112
0.16783
0.21775
-0.42579
0.37524
0.05308
-0.45538
-0.00584
0.11105
-0.00329
0.36948
-1.12834
0.08794
0.49403
-0.87232
0.33446
-0.22669
0.37581
0.10784
0.21021
-0.42113
-0.35369
0.34229
0.61345
0.30662
0.43095
0.48795
0.49486
0.19115
-0.43785
0.20298
0.39380
-0.57751
-1.70925
-0.19412
0.22844
-0.27462
0.31560
0.04414
0.26795
0.42447
0.10432
-0.21974
-0.27247
-0.11205
0.25593
0.22932
0.25187
-0.00530
-0.04732
0.51747
0.42133
-0.88720
-0.89588
-0.21101
0.51897
-0.04747
0.37079
0.16699
-0.39308
0.29791
-1.13990
0.28134
0.30928
0.33284
0.22568
0.15101
0.24940
0.10773
0.42233
-0.53092
0.18621
0.51060
0.48992
0.63999
0.06956
0.30057
0.32788
-0.40002
0.33831
0.29546
0.06694
0.25548
0.19023
0.19762
0.25916
0.23279
-0.23207
0.35082
0.38131
-0.08297
-0.19571
-0.03778
0.19064
0.14057
0.16073
0.70116
-0.36763
0.05877
0.35868
0.41674
0.13016
-0.18051
0.27101
0.12351
-1.14191
0.57447
0.32875
0.23131
0.26323
-0.28621
-0.65491
0.23284
-0.74267
-0.73236
-0.34831
0.01092
0.12059
-0.50046
0.41311
-0.39349
0.00302
-0.22117
-0.11386
-0.05520
-0.25337
-0.00128
-0.31601
0.41141
-0.04304
-0.26100
-0.06886
0.39414
0.21293
0.39417
0.41571
-0.28782
-0.54862
0.06150
-0.40467
0.07983
0.16755
0.13764
-0.52086
-0.41736
0.03341
-0.05701
-0.20971
-0.27394
0.12723
0.48472
0.18104
0.03411
-0.21087
-0.10134
-0.61394
0.19366
0.35353
0.24467
-0.42593
0.42560
0.40140
0.24704
0.41945
0.48686
0.05685
-0.23528
0.43503
0.60355
0.14429
-0.64434
-0.32265
0.25505
0.10147
0.08332
0.10130
0.74265
-0.43671
0.40128
0.28969
0.15085
0.42918
0.07119
-0.40907
0.16348
0.03467
-0.29460
0.18401
0.21680
-0.43327
0.18195
0.32067
0.39880
0.14304
0.21231
-0.00052
0.40844
0.46065
0.14193
0.18582
0.15612
0.27032
0.88915
0.15545
0.28138
0.12245
0.11790
-0.51906
0.09071
-0.48185
0.31171
0.12672
0.73943
0.11779
-0.06432
0.56489
0.29788
0.05904
0.04355
0.34591
0.18275
0.37631
0.14849
0.45935
0.50507
0.08932
0.32668
0.13925
-0.28844
-0.61899
0.28080
-0.13354
0.23308
0.16714
-0.27159
0.16783
0.08488
0.09963
0.53863
-0.25192
0.41545
0.51569
-0.56765
0.53977
0.05585
-0.61860
0.04134
0.10081
0.47389
0.00937
0.15673
0.28265
0.39617
0.19911
0.30859
0.05436
0.17793
-0.00274
-0.17277
0.34917
0.60816
0.14898
0.25890
0.22358
0.28229
0.19610
0.57401
0.65122
0.30842
0.39269
-0.32791
-0.34332
0.35152
0.18972
-0.34217
0.13644
-0.60532
0.01872
0.11734
0.10951
0.19028
0.00384
-1.04003
0.21982
-1.15912
0.26349
0.20178
0.04032
-0.35119
-0.02527
0.26267
-0.39863
0.34720
0.34144
0.15984
0.14162
0.41107
-0.63926
0.84498
-1.50847
0.23481
0.34156
0.37331
0.28361
0.30109
-0.60840
0.64570
0.24844
0.25471
-0.10696
0.19266
-0.01814
0.25822
0.21403
0.61390
0.31157
0.21363
0.20978
0.11366
0.48212
0.41785
-0.61400
0.37364
-0.05647
0.20647
-0.64998
-0.41588
0.11229
0.22090
0.11822
-0.06178
0.12062
0.19711
0.24795
0.17114
0.24884
0.07096
0.25166
0.66672
0.61078
0.27834
-0.64961
-1.50414
-0.14366
0.22325
-0.08553
0.24909
-0.35439
0.06132
0.22312
-0.20740
-0.19604
0.42664
0.29352
0.19973
-0.34549
-0.11429
0.35781
-0.10047
0.36425
-0.03936
-0.01483
0.16420
0.21972
0.18761
0.08981
-0.91248
0.24278
-0.34473
0.25901
0.12495
-0.34275
0.56755
0.17140
0.01460
0.17259
0.34102
0.46748
0.04102
-1.20839
0.29670
0.47002
-0.46463
-0.78931
0.27565
-0.14152
0.24854
0.22218
0.04463
-0.43519
0.16122
0.28414
0.27158
0.32340
0.28238
-0.07586
0.14160
0.37225
-0.10614
0.39872
0.08326
-1.00603
0.17201
0.42718
-0.16658
0.19039
0.19162
-0.88941
0.34415
0.17580
0.24355
0.38199
0.10422
0.30278
0.12483
-0.04371
0.12428
0.33266
0.38599
0.23846
-0.23676
0.35580
0.28864
0.19824
-0.04910
0.13399
0.15650
0.16313
0.21612
0.31195
0.48953
0.21644
-0.03917
0.20600
-0.36394
-0.42404
0.20496
-0.56516
-0.38255
0.24367
-1.23270
0.30257
-1.41783
0.12987
0.02396
0.20536
-0.01072
-0.34048
0.28382
-0.95420
-0.02632
0.16677
0.02979
0.37050
-0.66154
0.54562
0.15859
0.13442
0.14010
0.22969
0.22570
0.16401
0.45099
0.06877
-0.67603
0.00480
0.26782
-0.68313
-0.06170
0.51923
0.46214
0.01133
0.15290
-0.48881
0.35692
0.48320
0.67477
0.20400
0.36190
0.40463
0.27537
0.26396
0.08830
0.06278
0.01251
0.00030
0.53120
-0.04982
0.22854
0.28989
0.49746
0.50865
0.10975
0.11379
-0.29166
0.12403
0.32858
0.31945
0.16786
0.61685
0.08354
0.16770
0.47370
0.28841
0.08143
-1.06736
0.46592
0.22726
-0.24602
-0.29908
0.35849
-0.35054
-0.43556
0.43864
0.27412
0.27286
-0.93620
0.16707
-0.54409
0.12903
-0.03994
-0.66377
-0.04444
0.05501
0.15044
-1.03723
0.30311
-0.81322
0.02302
0.15565
0.22765
0.15158
-0.16955
0.33418
-0.58103
0.15240
-0.79038
0.09833
0.28636
0.13418
0.46455
-0.53684
0.21642
0.00852
0.30381
0.07553
-0.39768
0.11271
-0.37716
0.32146
0.02705
-0.42607
0.26237
0.14620
0.47673
-1.20719
-0.63844
-0.62171
0.48467
-0.97968
0.35075
0.24624
0.14584
-0.85518
-0.45509
-1.53929
0.22072
0.04889
0.20817
0.38114
-0.36962
0.09614
0.65624
0.48536
-0.05199
-0.00227
0.43494
-0.04171
0.23577
0.69723
0.02034
-0.31899
-0.82916
0.21404
0.40941
-0.45187
-0.00165
0.09900
0.14699
0.44302
0.39884
0.62898
-0.64162
-0.66912
0.21165
0.28970
-0.82837
0.40248
-0.13097
0.23786
0.29563
-0.34133
0.55058
-0.95630
0.85352
0.05098
-0.27310
0.39107
-0.32780
0.25809
0.39638
0.24165
0.63121
-0.28877
0.13409
0.17148
-0.33407
0.26926
0.15458
0.36095
0.08034
-0.20521
-0.68679
0.40997
0.60360
0.60033
0.02115
0.64320
-0.44658
0.12544
-0.03669
0.53263
0.13609
0.12686
-0.12434
0.51485
0.01738
0.68862
0.96393
-0.70010
-0.32679
0.01763
0.39632
0.46596
0.58754
-0.62885
-0.67954
-0.61866
0.60153
0.11259
-0.44094
0.13148
-0.63355
0.06283
-0.06195
-0.17226
-0.18474
0.37360
0.41825
-0.48453
-0.30227
-0.05504
0.57791
0.14703
-0.05327
-0.12515
-0.45387
0.38139
-0.14524
0.25917
-0.15599
0.60591
0.10943
0.45994
-0.92173
0.27820
0.04923
0.33479
-0.59347
0.36195
0.47208
0.11414
0.14424
0.42398
0.35532
-0.21665
0.20389
-0.18933
0.33661
0.20543
0.47511
-0.52134
0.51773
0.14620
0.07422
-0.01152
-0.00508
0.08903
-0.86385
0.15214
0.10208
0.13818
-0.09964
-0.39280
-0.02978
-0.31823
0.01709
0.24605
0.32020
-0.90880
0.07733
0.08708
-0.19324
-1.16821
0.03075
0.22187
0.24384
0.39410
0.30986
-0.21893
-0.01308
0.24048
0.19002
0.25882
0.20371
0.20516
0.19495
0.47428
0.49950
0.00913
0.21079
0.23331
0.27393
0.38219
0.42848
-0.36542
0.17703
-0.26024
0.25843
0.38768
-0.14992
-0.16417
0.05422
-1.11316
0.35784
-0.09000
0.55821
-0.07208
0.06696
-0.54700
-0.41390
-0.35218
-0.89459
0.14205
-0.03104
-0.42702
0.58292
-0.92117
0.18710
-0.60873
0.14898
0.75030
0.08331
0.19503
-0.06648
0.24269
0.27632
0.25501
-0.36772
0.40883
0.26317
-0.14336
0.18650
-0.22831
-0.21629
0.29435
0.14183
0.60632
0.23726
-0.33603
0.23045
0.24801
0.03871
-0.68341
0.14012
-0.49077
0.01253
-0.02979
0.02603
0.17403
-0.24167
-0.45158
0.38101
0.13488
0.28117
-0.30777
-0.40200
0.21432
-0.31816
0.12790
0.34176
-0.88215
0.64199
-0.11584
0.21079
-0.24507
0.15548
0.41294
-0.62402
-0.12508
-0.35969
0.77312
-0.08343
0.14654
-0.00839
-0.92623
-0.39939
0.19194
-0.25188
-0.17103
-0.01107
0.18107
0.21848
0.06701
-0.39614
-0.60587
0.12526
0.32033
-0.12516
0.15772
0.44512
-0.71499
0.01974
-0.17642
0.50036
0.30671
0.19586
-0.63434
-0.24517
0.05266
0.24506
-0.01418
0.20477
0.48669
-0.13557
-0.25652
0.18473
0.08772
0.15053
0.15929
-0.37135
-0.62428
-1.14236
0.28833
0.10855
-0.07691
0.02221
0.13169
-0.36502
0.34186
0.30529
-0.60957
0.40566
0.54447
0.47918
0.47856
0.09287
0.25140
-0.29848
-0.38803
0.24576
0.21537
0.23523
0.52701
-0.07591
0.40105
0.29890
-0.43172
-1.49276
-0.58250
0.41380
0.42131
0.47711
0.15778
0.64109
0.08890
0.15511
-0.03974
-0.37828
0.29698
0.05537
0.02117
0.03375
-0.08716
0.47963
0.25864
0.81702
0.58174
0.33174
0.20150
0.77849
0.35084
0.71943
-0.12977
-0.00790
0.04047
0.22859
0.09475
-0.39463
-0.09125
-0.05695
0.18771
0.08933
0.43807
0.23075
0.18886
-0.39675
-0.26341
0.18492
0.15426
0.28083
-0.04622
0.16966
0.12645
0.41949
0.10261
0.45789
-0.11302
0.14581
0.15245
-0.62527
-0.07861
0.09806
0.28442
0.74138
0.32944
0.43173
-0.19043
0.32029
-0.06136
0.40829
0.09439
0.12646
0.20099
0.22185
-0.03793
0.47963
0.04545
0.60062
0.51047
0.65585
0.26422
0.11759
0.21084
0.19353
-0.37158
0.38127
0.32562
0.09455
-0.80687
0.28827
0.12768
0.39438
-0.22500
0.02883
0.26288
0.80589
0.18416
0.15313
-0.11903
0.03092
0.86670
-0.09925
0.35149
-0.39780
0.32001
0.04698
0.11305
0.72369
-0.35261
0.70275
-0.41805
0.20919
0.18136
-0.09157
0.38741
0.17285
-1.15096
-0.15699
0.27037
0.05502
-0.50304
-0.47307
0.21351
0.43224
0.16805
0.45230
0.27162
0.67012
-0.68976
0.24818
0.47817
-0.50640
0.49844
0.29145
-0.24915
0.16263
-0.23277
0.15488
0.19773
0.00693
0.14361
-0.12939
-0.24759
-0.48971
-0.27256
-0.04231
0.27379
-0.48462
0.05984
-1.01155
0.04933
-0.30796
0.49564
0.45339
-0.00300
0.34970
0.36590
-0.31140
0.44629
0.52353
-0.02658
0.37114
0.03518
-1.20275
0.32175
0.32622
-0.87925
-0.35101
0.22688
-0.36292
0.16418
0.08250
0.41429
-0.86287
-0.60901
-0.17687
0.14012
0.18255
0.14094
0.10774
0.13753
-0.14686
0.15506
0.31999
-0.55480
-0.22786
0.13965
-0.00204
0.36258
0.32208
0.09461
0.28736
-0.03764
0.00503
-0.91501
-0.35738
0.07261
-0.04874
0.07598
0.24699
-0.70513
-0.59163
0.41900
0.33640
-0.14637
0.36167
0.27785
-0.36260
0.11898
-0.19355
-1.21898
-0.75845
0.45858
-0.61525
0.13338
-0.45213
0.33527
-0.36917
-0.39448
-0.14032
-0.39899
0.19039
-0.55457
-0.01242
0.25124
0.28479
0.29207
-0.97437
0.27836
0.32790
0.42499
0.38938
0.05347
0.30489
-0.47864
-0.11320
-0.85015
0.32155
0.23250
0.41485
-0.59013
-1.36624
-1.36124
-0.65664
-0.38008
0.87735
0.12712
0.27342
0.31035
-0.18374
-0.27066
0.15870
-0.10252
0.38429
0.18067
0.42061
-0.20961
0.16124
-0.27182
0.20849
0.29186
0.38129
0.39982
0.29048
0.10654
-0.04568
-0.10445
-0.62135
-0.29247
0.23510
0.18749
0.11754
0.43440
0.07016
0.09667
0.13390
-0.55936
-0.03693
-0.46066
0.33259
-0.69160
-0.29591
0.35338
0.03846
-0.06605
0.18137
0.40219
0.12073
0.59472
0.24722
0.14178
0.36948
0.33692
-0.67196
0.21265
-0.86443
0.38969
-0.10845
-0.01841
0.13539
-0.43407
0.05504
-0.00417
-0.39624
0.01458
-0.48781
0.09982
0.23824
0.11697
0.38803
-1.00987
0.25571
0.25733
-0.82520
0.17513
0.41500
-0.64802
-0.39267
0.35941
-0.57902
0.29670
0.13202
-0.05349
-0.16015
-0.45628
0.45512
0.05125
-0.85799
0.35279
0.07235
0.16281
0.30796
0.48258
0.14823
-1.73927
0.17074
0.39652
0.41227
-0.62055
-0.68237
0.53579
0.25908
0.15600
0.37864
0.27002
-0.71718
0.15048
0.10724
-0.09620
-0.32901
0.40889
0.25162
0.32341
0.19458
-0.00743
0.68221
-0.05204
0.34566
-0.33604
0.65434
0.35341
-0.34673
0.16441
-0.35777
0.51185
-0.67067
0.14687
0.43051
0.35768
0.52193
-0.34752
0.35310
0.42221
-0.19478
0.54195
-0.47739
0.13187
0.12170
0.43641
0.26127
0.42973
0.24833
0.34919
0.05257
0.23212
-1.14702
0.12446
0.22050
-0.52401
0.03429
0.21446
-0.03109
0.16374
0.29756
0.40949
0.45694
-0.94995
-0.45544
-1.26198
-0.37383
0.12264
0.27426
-0.48994
0.30635
0.38343
0.11196
-0.78169
0.42567
0.33386
0.48592
0.00851
-0.33847
-0.15295
0.07308
0.20152
0.00282
0.64233
0.30913
0.21015
0.06464
0.14528
0.42178
-0.36781
0.02926
0.47712
0.57469
0.29088
0.35098
0.17084
0.14591
0.33930
0.23192
0.11427
0.33052
0.04979
0.10230
0.37486
0.49368
-0.29868
0.27162
0.28390
0.16133
-0.39151
0.15614
0.59770
0.11912
-0.21355
0.63866
-0.93709
-0.33576
0.25262
-0.79520
0.39279
0.58058
0.56502
0.64325
-0.58758
-0.38375
-0.17831
0.35993
0.50280
-0.32260
0.31671
0.49192
-0.34176
-1.30934
-0.51615
-0.06399
-0.29872
0.29786
0.34009
-0.73366
-0.09534
0.00231
-0.37937
0.24753
0.02060
0.50021
0.21460
-0.33334
0.43923
0.15514
-0.84391
0.41074
-0.59981
0.45212
-0.27959
-0.70647
-0.29092
-0.97464
0.43215
-0.28128
0.11994
0.15598
0.02137
0.41086
-0.04946
0.25370
0.46613
-1.28039
0.15331
-0.18669
-0.18499
0.13777
0.03440
0.09548
-0.33892
0.17598
0.06187
-1.06962
0.25020
-0.14234
-0.83345
0.15011
0.30342
0.12377
0.09923
-0.70185
0.14093
0.57079
-0.07058
0.19012
0.04151
0.06930
0.06340
0.55329
-0.42544
0.02436
-0.28759
-0.06415
-0.29376
-0.79217
0.25585
1.17379
-0.00162
-0.26448
-1.64754
0.14306
0.12722
0.24056
-0.12768
0.03540
-0.33936
-0.24909
-0.02876
0.23570
-1.28661
-0.03815
0.13452
0.10487
0.41070
-0.14368
0.16878
0.61293
0.19251
0.20410
0.14378
0.37656
-1.11490
0.12777
0.29977
0.02470
0.23986
-0.29386
-0.86465
0.40845
-0.36171
-0.93780
-0.24985
0.29629
-0.39576
-0.77451
0.34662
-0.67235
-0.50522
0.05734
0.02808
0.51695
0.17511
0.20223
0.44353
-0.20764
0.09102
-0.09665
0.11295
0.79862
0.36748
0.04238
-0.23526
-0.12389
0.17882
-0.26934
0.23317
0.34758
0.30930
0.20865
-1.05527
-0.18744
-0.69300
-0.52382
0.05937
0.06128
0.01902
-0.25891
-0.57570
-0.78030
-1.20980
0.15340
0.59617
0.42915
0.19524
0.05566
0.05005
0.10664
0.02662
-0.00953
-0.45612
-0.64673
0.50201
0.59281
-0.43438
0.09407
0.25545
-0.17799
0.00599
0.66408
0.38947
0.12870
-0.29578
0.02661
0.26189
0.05713
-0.98561
0.26841
-0.65604
0.26180
-1.05440
0.12648
0.49339
0.38429
0.18466
0.29518
0.16652
0.10549
0.40717
0.69666
-0.71894
0.63061
0.12085
0.43133
0.25560
0.37745
0.21919
0.18501
0.17756
0.33999
-0.64160
-0.07800
-0.73468
-0.17718
0.20014
0.09972
-0.30643
0.17180
0.32235
-0.35246
0.59847
-0.56494
-0.30801
0.09176
0.21079
-0.34777
0.25429
0.20648
-0.77255
0.25891
0.51914
0.06747
0.17053
-0.39139
-0.63873
-0.59847
0.33556
0.25334
0.14690
0.01215
-0.10338
0.20054
0.26370
0.31988
-0.08649
0.14522
0.31007
-1.10718
-0.42988
0.02643
0.05800
0.07091
-0.31068
0.52734
-0.26356
-0.33418
0.16362
-0.60339
0.60520
-0.05050
-0.44402
-0.71824
0.39083
0.60166
-0.04215
-0.00827
-0.37093
-0.29533
0.13767
-0.43772
0.48850
0.34278
0.22333
0.34191
0.15988
0.17496
0.01276
0.32781
-0.18988
0.31742
0.12477
0.10275
0.44067
0.12435
0.13551
-0.37270
0.13616
0.13193
-0.72300
0.18905
0.05069
0.08973
-0.01210
-0.39290
0.00951
0.13524
0.00659
0.12135
-0.08728
-0.30839
0.20239
0.26886
-0.58108
-0.34619
0.12451
-0.64048
0.05227
-0.14853
0.10391
-0.04771
0.29170
-0.24518
0.44559
-0.04619
0.19514
0.16947
-0.16364
-0.45924
0.06385
0.09849
-1.48110
0.64458
0.17677
-0.84862
0.36735
0.86528
-0.71319
0.32806
-0.04387
-0.15207
0.16902
-0.29751
-0.14078
0.07874
0.69117
-1.24225
-0.06982
0.19674
0.11564
-0.01908
-0.46098
0.09243
-0.82569
0.20351
-1.96047
0.42988
-0.81343
-0.34234
-0.87423
0.07061
0.32406
0.01937
-0.01406
0.29582
0.09673
-0.34102
0.12131
0.23185
-0.76031
0.13798
-1.20623
-0.30390
0.40558
0.62625
0.07504
0.13469
-0.92680
0.35138
0.27588
-0.32652
-0.98430
-0.30109
0.07542
0.56463
0.46577
0.32389
-0.77800
0.26006
-0.35446
0.12221
0.29450
0.04006
-0.82777
0.26299
0.11189
0.46004
0.10073
-0.55837
-0.98039
-0.75532
0.20696
0.11240
0.09164
-0.60236
-0.05657
-0.30250
0.22581
0.14851
0.05907
-0.48808
0.23853
-0.29965
-0.18292
0.25850
-0.37077
0.16364
0.43086
0.23111
0.12306
-0.56318
0.17629
0.05837
0.32548
0.36415
-1.16943
0.21877
0.66982
0.13994
0.29108
-0.39095
-0.30358
-0.34870
-1.77602
0.50238
-0.18143
0.13622
0.04068
-0.00177
-0.42143
0.09791
-0.23840
0.07654
0.48262
0.62416
0.80235
-1.03911
-0.42260
0.07339
0.06314
0.31544
-0.72053
0.59110
-0.71287
0.17375
0.08218
0.44357
-0.90874
-0.06608
0.43180
0.31284
0.15417
0.10634
0.40380
0.09774
-0.45235
0.23549
0.13664
-0.44001
0.14489
0.00184
-0.93026
0.34168
-0.59797
-0.32017
0.12097
0.46541
0.44120
0.33082
0.47732
-0.44227
0.02909
0.29197
-0.07971
0.24511
0.33573
-0.06202
0.29710
-0.26682
0.18585
0.17322
0.14994
0.33164
-0.32669
0.29391
0.16314
-0.22956
0.05456
0.31214
-1.07548
0.25388
0.52044
0.21441
0.17444
0.32416
-0.23167
0.22045
0.16300
0.54933
0.62801
0.19697
-0.00025
0.28351
0.15785
-0.42454
-0.74188
0.21999
-0.24418
-0.10890
0.07944
0.25197
0.02279
-0.06197
-0.99856
-0.54041
-0.11274
0.10487
0.22425
0.06668
-0.59278
-0.64588
0.50821
-0.02242
-0.19927
0.14521
0.20352
0.12667
0.42036
0.16828
0.07528
0.41239
0.14282
-0.22398
-1.25393
0.10584
0.28007
-0.64074
-0.75471
0.50742
0.90578
-0.21203
0.24680
-0.14759
0.29919
0.79301
0.49761
0.25711
-1.18199
0.14647
-0.27395
-0.53279
-0.59020
-0.16459
0.05525
0.15592
-0.02674
-0.93195
-0.03549
-0.21590
0.10829
-0.28463
0.34246
0.34135
0.44425
0.00888
0.24703
-0.80876
-0.35313
0.36688
-0.46925
-0.39436
-0.78366
-0.21168
0.16392
0.09350
-0.31763
-0.27587
0.14708
0.53969
0.10617
0.17735
-0.38346
0.26372
0.13840
0.02409
0.37433
-0.58518
0.33803
-0.27339
-1.02409
0.06284
0.12531
0.11394
0.34832
0.18088
0.17499
0.16008
-0.36188
-0.69415
0.18487
0.15471
-0.16819
0.08038
0.28367
0.14553
0.21976
-0.82225
0.27117
-0.18481
0.28227
0.27495
-0.12557
0.56222
0.58039
0.17762
-0.93231
-0.04937
0.28845
-0.27894
0.23340
-0.07245
-0.11706
-0.03477
-0.78611
-0.06341
0.30606
0.80494
-1.38497
0.11587
0.02187
0.23200
0.04981
-0.39576
-0.48263
0.14427
0.19373
-0.33441
-1.32107
0.07076
-0.36193
-0.23697
0.74036
0.40153
-0.02883
0.09322
0.02744
-0.52927
0.42715
0.13272
-0.65837
-0.27649
-0.32581
0.29326
0.58321
0.06049
-0.73414
-0.93717
0.26459
-0.33920
-0.10567
-0.38685
0.29577
-0.34017
-0.49334
1.01079
0.33187
0.31361
0.14990
-0.61236
0.21221
0.63679
0.25994
0.03847
0.07063
0.06584
-1.79996
0.10667
0.15008
0.51365
-0.46309
0.23596
0.22037
0.03295
0.53947
0.13304
-0.23074
0.64173
-0.16403
-0.00165
0.44852
0.44871
-0.07504
0.45395
-0.05979
-0.96986
0.41357
-1.34158
0.27602
0.41638
0.12297
-1.09983
0.13088
0.07752
0.26969
0.30532
0.38505
-0.41206
0.10212
-0.12536
0.70751
0.86380
-0.25647
0.09070
0.09206
-0.48708
-0.24915
0.16430
-1.02674
0.27692
0.30059
-0.14701
0.22230
0.05357
-0.03628
-0.16452
0.51874
-0.91715
0.14816
0.30592
0.26476
-0.11733
-0.59284
0.25019
-0.15606
-0.37597
-0.21681
0.19965
0.26582
0.29249
-0.10838
-0.32820
-1.85371
0.27576
0.15324
0.54587
0.27507
0.44127
-0.22287
0.03439
0.46359
-1.21149
-0.40316
0.14057
0.14883
0.59215
0.04801
0.11940
0.40428
0.40524
-0.77178
0.25021
-0.79474
0.43479
0.22709
-0.01106
0.11651
0.26074
0.20271
-0.70219
-0.24879
0.17231
-0.00003
-0.50281
-0.32308
0.47049
-0.01744
0.32934
0.04165
0.33078
0.11303
0.05599
0.08892
-0.47433
-0.26481
0.51510
0.30458
0.20446
-0.38481
-0.39706
0.32916
0.48166
-1.14510
-0.11793
0.28876
-1.22419
0.28765
0.43830
0.10788
0.20945
-0.49612
-0.63303
0.09715
-0.00191
-0.07731
-0.05987
-0.08750
-1.00149
-1.47461
-0.04852
-0.52048
-0.76575
0.05060
-1.02737
0.25109
0.06541
0.01715
0.25751
0.60785
0.30345
-1.41427
0.07681
0.36051
-0.80722
-0.81119
0.01711
0.40754
0.27822
-0.64474
0.25908
0.26845
0.10990
0.42520
-0.29848
0.17147
0.30929
0.20436
0.24921
-0.52417
-0.07322
0.16293
-0.06315
-0.79637
0.03986
-0.32621
-0.25974
0.28563
0.39407
0.19121
0.11946
0.26584
-0.07241
-0.07541
0.05633
0.19741
0.36104
0.36560
0.15589
0.48571
0.10041
0.14399
-0.65887
-0.35639
-0.00754
-0.24192
-1.31558
-0.33809
0.22421
0.26565
0.26586
-1.15884
-0.41357
-0.27720
0.13343
-0.19451
-0.51318
-0.15876
0.26758
0.07191
-0.41094
0.19082
0.26181
0.44476
-0.63271
-0.19652
0.27192
0.14239
0.08467
0.24663
0.07676
0.67650
0.03159
0.05081
-0.01169
-1.20023
-0.32282
-0.96444
-0.27068
0.15004
-0.11582
-0.36636
0.56784
-0.54181
0.09857
0.14709
-0.34525
0.07164
0.62349
-0.05013
0.68799
-0.34793
0.74164
0.19534
0.12539
-0.19568
0.49506
0.26135
-0.42713
-1.09575
-0.18331
-0.43713
0.14190
0.11526
0.36799
0.14027
-0.64296
-1.16262
0.22786
-0.37179
0.24566
-0.35200
0.34616
0.43624
0.00471
0.30003
-0.02822
0.25915
-0.38203
-0.69906
-0.01609
0.14344
0.47248
-0.99409
-0.00453
-0.86961
0.29657
0.50622
0.06693
-0.08430
0.49921
0.05369
-0.03848
0.40821
-0.41620
-0.80818
0.53323
0.56050
-0.37842
0.00369
0.16373
0.18423
-0.15130
0.04326
0.52647
-0.40477
0.50886
0.14454
-0.72511
-0.29480
-0.35630
0.02039
-0.23906
0.54439
-0.68817
0.51298
-0.28015
0.13069
-0.53876
-0.00544
0.23984
0.66965
0.19456
0.27407
-1.44911
0.01598
-0.18079
0.04999
0.68597
-1.20236
0.10845
-0.22168
0.07430
0.42338
0.09757
-0.32922
-0.08546
-0.26080
-0.44308
-0.17582
-0.96628
0.07283
-0.39921
-0.28189
-0.30549
0.20502
-0.72662
0.44162
0.63806
-0.03664
0.25525
-0.07151
-0.71930
0.12242
0.07724
-0.01714
-0.40493
0.12417
-0.66564
-0.33181
0.18024
-0.11419
0.56441
0.68140
-0.47855
-0.86988
-0.28069
0.29533
0.23625
-0.85646
-0.06116
-0.36910
0.09513
-0.72176
0.46625
0.08395
-0.51227
-0.68271
0.26198
0.09252
-0.29259
-0.22693
0.03469
0.15329
0.29742
0.08687
0.05707
-0.94911
0.21392
-0.25726
-0.92603
0.09596
0.70423
-0.39952
0.48429
-0.21233
-0.20804
-0.80893
0.24934
0.30057
-0.26805
0.74768
0.06202
-0.13873
0.31148
0.31052
0.16948
0.28850
0.24101
0.07150
0.16092
0.39743
-0.99865
0.05623
-0.36570
-0.35452
0.15748
0.22312
0.13706
-0.85878
-0.19050
-0.21115
0.16581
0.19471
0.36759
-1.52343
-0.19098
-0.66328
-0.85831
0.42855
-0.24195
0.27491
-0.90162
0.10281
0.33009
-1.16631
0.20957
0.25543
0.30728
0.46400
0.32499
0.02931
-0.96993
-0.37504
-0.14377
-1.09000
0.61328
-1.17080
-0.04998
-0.08288
0.36792
-0.25454
-0.81519
-0.07875
-0.32696
0.04305
-1.13779
0.18843
-0.30991
0.12501
0.44466
-0.58453
-0.06035
0.12398
0.33076
0.16780
-0.33770
0.26880
-0.17591
0.40885
-0.04189
0.02219
-0.42610
-0.86757
0.32233
0.64023
0.22503
0.12414
0.03549
-0.01299
-0.09416
0.30406
0.06429
0.69784
-0.18230
-0.75623
-0.83292
-0.27720
0.17560
-0.60342
0.13033
0.56624
0.45073
0.44121
-0.37890
0.06137
0.37002
0.11724
-0.47367
0.26104
0.03714
0.39961
0.34184
0.07013
0.50521
-0.67750
-0.25664
-0.26553
0.10248
0.15547
0.19713
-0.85286
-0.12423
-0.41292
-0.15246
0.13843
-0.48715
0.03103
0.18584
-0.61535
0.36563
-0.59848
0.25020
0.21274
0.02972
0.41304
0.15577
-0.32529
0.56915
-0.40743
0.28373
0.60772
0.06726
-0.41448
0.03015
-0.08957
0.02651
-0.13998
0.18915
0.00361
0.18071
-0.27162
0.04860
-0.26661
0.19592
-0.05989
-0.44765
-0.83106
-0.29402
0.46658
0.07515
0.17308
-0.32077
0.05788
0.15439
-0.03622
0.27860
-0.27786
-1.14342
0.07284
0.65510
0.72236
-0.27068
-0.39813
0.47536
0.13435
0.37489
0.11427
-0.51440
-0.42572
0.15255
0.31974
-0.61740
-0.48922
0.03762
-0.51560
0.32139
-0.43799
0.21168
-0.97591
0.30070
-0.26735
0.28932
-0.30804
-0.12576
-0.10450
0.49948
-0.44222
-0.23519
0.83144
0.04332
-0.34669
-0.15070
0.51311
-0.47520
0.12417
-0.30573
0.13321
-0.21228
-0.02808
-0.33890
-0.70460
0.18847
0.01728
-0.07000
0.12423
-0.08811
0.03879
0.09215
0.11907
0.31159
0.12480
-1.06241
0.38300
-2.19096
0.58898
0.22327
0.23599
0.05801
0.15203
0.29143
0.15032
-0.52105
0.47344
-0.35256
-0.23168
0.06359
0.09145
0.09981
0.51440
-0.01721
0.34124
0.09608
-0.47538
-0.62939
-0.40517
-0.41932
-0.71394
0.54073
0.20154
0.06126
0.00608
-0.67984
0.27356
0.52909
-0.02679
-0.01702
-0.67462
-0.38078
-0.04077
0.31336
-0.62602
-0.38676
0.00037
-0.33654
0.00028
0.22055
0.29529
0.18006
-0.31752
-0.35944
-0.06401
-0.35302
0.53105
-0.57268
-0.08008
-1.05433
-0.04754
0.25687
0.26929
-0.48780
0.40777
0.67556
0.23242
-0.43539
-0.34873
-0.33228
0.42328
-0.07968
0.20250
0.13823
0.54621
0.04967
0.29597
0.11296
-0.33743
-0.01161
0.23298
0.54851
0.08262
0.15276
-0.91595
0.39489
0.13391
0.59121
0.08127
0.23276
0.25505
0.10320
0.90964
-0.25918
0.41897
0.13371
0.36721
-0.33034
-0.25787
0.03394
0.26031
0.30928
0.13033
0.20794
-0.27983
-1.30877
0.36184
0.06259
0.48652
-0.40916
-0.55467
-0.15123
-0.63723
0.13914
0.39902
-0.35937
0.12825
-0.10970
-0.53644
0.22255
0.49542
0.20207
-0.39068
0.29679
0.10547
0.17550
-0.06932
0.59292
0.06000
-0.42081
0.15180
0.17800
0.46326
0.49263
0.08399
-0.33441
0.08099
0.11150
0.10374
-0.32286
0.06897
0.01081
-0.29502
-0.04545
0.55135
-1.01333
0.04937
0.24435
0.54613
-0.66468
0.19231
-0.86834
-1.04641
0.15952
0.56997
0.13825
-0.50985
0.35845
0.14250
-0.73442
-0.42590
0.14052
0.11764
0.26112
0.37866
-0.12783
0.60020
-0.50647
0.08110
-0.40307
0.29520
0.08593
0.08191
-0.12866
0.35178
-0.42519
0.15485
0.14846
0.43380
0.31886
-0.83413
0.07796
0.26562
0.08406
-0.35279
-0.32007
-0.75897
0.17481
-0.22026
-0.05833
-0.69590
0.18753
-0.09761
0.07632
-0.03131
0.16504
0.25512
0.18813
0.26680
0.16432
0.12094
0.00795
0.22124
0.25426
0.15883
-0.31456
0.32831
-0.20883
0.20237
0.04047
-0.08844
0.24233
0.19245
0.49902
-0.10776
0.14977
0.16819
-0.02855
-0.12998
0.72782
0.10629
0.24668
-0.38377
-0.50189
-0.33781
0.01895
-0.12260
0.12628
0.18357
-0.18013
0.17758
-0.93578
-0.69061
0.18325
0.32700
-0.08944
-0.44948
-0.90539
-0.19351
0.06111
0.04676
-0.23442
-0.05020
0.28766
0.11667
-1.00393
0.13401
-0.28971
-0.08913
0.24490
0.10235
0.18470
-0.52281
0.51706
0.37180
0.03009
-0.41576
0.43565
0.06761
0.04892
0.05828
-0.17085
0.02961
0.80744
-1.03961
0.09862
0.15394
0.31777
-0.09435
0.20942
-0.21857
0.21048
0.40902
-0.12273
0.19314
-0.26543
-0.53905
-1.06417
0.10698
0.18333
0.12717
-0.11152
0.33114
0.21474
0.28825
0.26890
-0.45788
0.09801
0.35147
-1.11939
0.27359
0.47560
0.65841
0.10885
0.08317
0.04584
-0.46538
-0.48624
-0.01034
0.08774
0.23891
-0.10769
-0.98862
0.07889
0.34594
0.14399
0.11562
0.40854
0.15904
0.12156
0.12433
-0.27168
0.18543
0.09704
-0.55336
-0.19374
-0.26393
-0.00129
0.33425
-0.79289
0.20982
0.12439
0.16490
0.13571
-0.11231
-0.74771
0.07071
-0.64808
0.10014
0.21872
0.12877
-0.18267
0.13595
0.47723
-1.08700
0.20796
-0.69016
0.24589
-0.08476
0.10349
-0.00371
0.18814
0.14800
0.41028
0.65609
-0.60524
-0.38844
0.14378
0.19679
-1.35580
0.68119
0.48981
0.09670
0.03772
0.14567
0.13131
0.71422
0.12304
-0.49534
0.24632
0.66552
0.18587
0.21982
0.09178
0.22303
0.43054
0.00069
0.13430
0.13478
0.37900
-0.42946
0.07284
-0.08401
0.42439
0.11528
-0.49412
0.54602
-0.45218
0.23003
0.22506
-0.36738
-0.32326
-1.23763
0.32494
0.05897
0.03433
-0.04059
-0.26097
-0.12859
0.05121
0.31292
0.16471
-0.20683
0.08606
0.20968
0.26968
-0.32530
0.10149
0.06238
0.13762
0.41047
-0.68081
-0.32696
-0.67441
-0.43386
0.47986
-0.84756
0.13884
0.18449
0.45124
0.13914
0.06826
-0.06952
-0.41324
-0.80875
-0.18891
-0.28557
-0.08713
0.29199
0.08831
0.32369
-0.07375
0.41313
0.63036
0.05691
0.08476
0.24566
0.04399
0.08678
-1.08689
-1.54528
-0.05093
0.36790
0.10412
0.59848
-0.13810
-0.09656
0.51127
0.16996
-0.56436
0.08076
-0.01770
0.18026
0.16517
-0.04781
0.38770
-1.30709
-0.10408
-0.86298
-0.60207
-0.10187
0.59246
0.16835
0.11794
-0.43225
0.05582
0.07999
0.41376
-0.88103
0.30886
0.13448
-0.36144
0.69160
-0.11239
0.47250
-0.07085
0.17647
-0.77501
0.08507
-0.05217
0.27316
0.57535
-0.67240
0.11214
0.00784
0.33756
0.28461
0.11115
0.26133
-0.23150
0.62955
-0.57075
0.11742
-0.45895
0.25048
0.23650
-0.96671
0.05837
-0.08303
-1.25019
-0.28226
0.02546
-0.43016
-0.68098
-0.02569
0.10820
0.50359
-0.31660
0.37781
-0.10606
0.11351
0.35910
-0.38084
0.01410
-0.59155
0.63145
-0.30347
-0.69506
0.38670
-0.04426
0.09793
-0.05445
0.75790
-0.25179
-0.10577
-0.45677
0.13307
0.02758
0.10474
-0.32011
-0.53393
0.14823
0.15569
-0.05971
-0.34857
0.01317
0.09381
0.07837
0.58300
0.48724
-1.10139
0.08519
0.07009
-0.16967
0.14743
0.07390
0.64551
0.02847
0.17623
-0.62713
-0.11301
0.03128
-1.40613
-0.32668
-0.22318
-0.06224
0.23532
0.20861
0.08052
0.09049
-0.12951
0.43150
0.05482
-0.19598
-0.31688
0.13315
-0.56363
-1.02758
-0.04645
0.24398
0.25518
0.51046
0.07317
0.23339
0.07638
0.03195
-0.00597
-0.05158
-1.42822
0.11989
-0.39208
0.08470
-0.70043
0.58987
0.22343
0.22123
-0.71317
0.18664
0.14230
0.17955
0.09536
0.05620
0.21699
0.31266
0.12969
-0.00716
-0.51441
0.14502
0.20536
-0.76408
0.15676
0.20133
-0.07980
0.45642
0.33051
0.05956
-0.83022
0.33613
0.14887
0.09703
0.36264
0.07893
0.17011
0.38431
0.21496
0.42684
0.09255
0.19434
0.19536
0.17069
-0.39904
0.10081
-0.21264
0.22123
0.08531
0.14922
-0.15945
-0.33414
-0.10165
-0.10343
-0.43869
0.09454
0.38894
-0.61025
-0.32295
0.84665
-0.04538
0.12069
0.41127
-0.30082
-1.09127
0.44756
0.13189
-0.80962
0.12102
-0.05052
0.08736
0.43342
0.03323
0.41681
0.39904
-1.21079
0.08555
0.09211
-0.15416
0.21922
-0.30898
-0.38309
0.13787
0.27040
-0.20439
0.32852
0.32430
0.66038
-0.16770
0.49026
-1.12016
0.31373
0.38210
-0.03357
-0.64617
-0.18967
-0.05591
0.36587
0.43806
-0.27477
-1.27966
0.36945
-0.71502
0.13300
0.58869
-0.11483
0.08288
0.10700
0.41597
0.41979
0.18687
0.39043
0.36643
0.29957
0.57918
0.24882
0.06398
0.07015
0.06224
