0.07385
0.16331
-0.76908
0.08905
0.05989
0.16922
-0.09328
0.03349
0.04955
-0.03178
-0.50817
-0.77614
-0.21299
0.11216
0.10976
-0.04228
0.17762
0.20520
0.11986
-0.13815
0.05884
-0.38385
0.00475
-0.60493
0.08544
0.15652
0.17620
-0.28062
0.21978
-0.14082
-0.04781
-0.31860
0.05371
-0.16601
-0.03610
-0.00956
-0.28747
-0.00794
-0.27506
0.14649
-1.25606
-0.00631
-0.16999
-0.99575
-0.23479
0.11054
0.16331
-0.52916
0.10932
-0.07590
-0.02900
0.04954
0.19586
-0.22547
-1.23524
-0.28166
-0.09041
0.06971
0.38916
-0.14934
0.12385
0.06745
0.32935
0.05337
0.19126
0.14900
-0.07041
-0.36195
0.04709
-0.36556
0.24842
0.02374
0.23171
0.01360
-0.35358
0.26279
0.15417
-0.02557
-0.23625
-0.11212
-0.21911
0.11519
-0.00854
-0.00273
-0.00840
-0.29448
-0.05298
0.26231
-0.20720
-0.14516
-1.11792
-0.71871
0.71931
0.01394
0.02266
-0.15266
-0.21502
-0.14380
0.03019
-0.38250
0.05270
-0.37536
0.10446
-0.02728
-0.05396
0.17023
-0.24746
-0.11628
-0.14093
-0.02547
0.07116
-0.09213
-0.56341
0.01168
-0.19325
-0.68015
-0.52534
-0.10379
0.13004
-0.33232
0.11547
0.03821
-0.02733
-0.66099
-0.92380
0.12878
-0.11987
0.13868
-0.42055
-0.11120
-0.19216
-0.54693
0.12448
-0.63049
0.10159
0.12459
0.20906
-0.09430
-0.00523
-0.48172
-0.42780
-0.24293
-0.10151
0.15316
-0.01914
0.17677
0.04309
0.02966
0.15457
-0.57216
-0.11374
-0.04286
-0.40176
0.01057
-0.06598
-0.78198
0.04703
0.03010
-0.07736
-0.15606
-0.11905
-0.15695
-0.50279
-0.04438
-0.73879
0.19758
-0.37995
0.15569
0.24513
0.11030
0.14673
-0.40704
0.01382
-0.18849
-0.23324
-0.30015
-0.96409
0.01519
-0.37646
-0.17387
0.29729
-0.23361
0.14665
0.27403
-0.62032
-0.03624
-0.16961
-0.43578
-0.47469
-0.24354
-0.17851
-0.07775
-0.56439
-0.38016
-0.09010
-0.17458
0.00592
-0.23754
-0.99142
-0.86625
-0.25279
-0.23619
0.19681
-0.21430
0.06374
0.00622
-0.49885
-0.94251
-0.22209
-0.07001
0.37343
-0.34626
0.01220
-0.05707
-0.21520
0.11304
-0.39470
-0.07520
-0.44292
0.15773
-0.28495
0.06776
-0.56852
-0.00171
0.12102
-0.46349
-0.24443
-0.35145
-0.21521
0.24169
-0.16447
-0.06421
-0.08055
0.15729
0.11245
0.21641
0.10543
-0.24390
-0.62230
-0.24711
0.05368
-0.01887
-0.28766
-0.40866
0.15767
-0.06782
-0.00225
0.10021
0.11727
-0.28738
-0.72021
0.24086
-0.22604
0.09229
-0.09026
-0.18815
0.06382
-0.34595
-0.25651
-0.05890
-0.21774
-0.20795
0.00489
-0.28535
0.16036
-0.05280
0.18177
0.19394
-0.14079
-0.01870
-0.06083
-0.28186
-0.62278
0.04489
-0.01405
-0.48422
0.11861
-0.03269
0.07094
0.10641
-0.14054
0.19060
0.07624
-0.11756
-0.79644
-0.31500
-0.44906
0.23876
0.04566
0.17197
-0.13279
-0.13098
-0.12566
-0.37018
0.00680
0.15924
0.01060
-0.50506
-0.29326
-0.39676
0.08618
-0.07415
0.02663
0.21000
-0.03176
0.09965
0.39695
0.05597
-0.03345
0.19362
0.00601
-0.07184
-0.40161
-0.23589
-0.22599
0.12595
-0.17956
0.08736
-0.22211
-0.11139
-0.09857
-0.26033
-0.21445
-0.13368
-0.14925
-1.03520
0.16123
0.34090
-0.34259
-0.26731
0.06489
-0.01349
0.16607
-0.15820
-0.18349
-0.63672
-0.03830
0.19743
-0.15409
0.08422
-0.19320
0.09036
-0.20891
-0.52731
0.14057
0.16484
0.06389
0.11607
-0.15247
0.15944
0.22612
0.14059
-0.87260
0.15375
-0.06764
-0.30003
-0.01358
0.13920
0.03313
0.27239
-0.02947
-0.32441
-0.54203
-0.23731
0.21058
-0.11883
-0.40022
-0.38091
0.02799
0.13112
-1.04616
-0.07285
0.19184
-0.57754
-0.18580
-0.28822
0.05512
-0.08877
-0.00879
-0.02428
0.02153
0.12413
0.17753
-0.54302
-0.14097
-0.25888
-0.61776
-0.07491
-0.20169
0.13194
0.16299
0.12212
-0.70471
-0.01273
-1.04697
-0.70470
-0.16253
0.07641
0.01957
-0.08821
-0.16773
-0.46658
-0.36136
0.09456
-0.28422
-0.09473
-0.22855
0.38945
-0.07739
-0.38120
-0.62415
0.01297
0.05837
0.02970
-0.28946
0.10488
0.19133
0.12620
-0.12336
0.04064
-0.03735
-0.18393
-0.41335
0.04380
-0.00513
0.18322
0.11422
0.18071
0.12522
0.09249
-0.18732
-0.06972
-0.35606
0.03942
0.17603
-0.44112
0.02541
-0.05674
-0.01600
0.10438
-0.18902
-0.31778
0.14871
0.08676
-0.36260
0.52406
0.15322
-0.05726
-0.28419
0.16744
-0.20536
-0.43275
-0.39086
-0.10183
-0.39097
0.07003
-0.11240
-0.50601
-0.38846
0.01586
0.05008
-0.03414
0.08027
-0.02071
0.06004
-0.14282
0.17514
0.18469
-0.44395
-0.24722
0.11680
-0.45157
-0.85350
-0.22874
-0.26087
-0.42428
0.02463
-0.05512
0.30418
-0.40486
-0.36477
0.07486
-0.29065
-0.67321
0.09150
0.10695
-0.00277
-0.13657
0.17312
-0.18865
-0.23350
0.09665
0.03951
-0.03806
-0.15684
-0.44730
-0.44281
-0.21011
-0.23680
-0.77078
0.12557
0.13263
0.02950
-0.07492
0.15897
-0.35518
-0.13204
-0.03475
-0.21585
0.12751
-0.29137
-0.25839
-0.52359
-0.14662
0.38575
0.06385
-0.23753
-0.27540
-0.11712
-0.37203
0.00498
0.08695
-0.45612
0.24815
-0.15576
0.21551
-0.87602
-0.08142
-0.17861
-0.27101
0.20488
-0.11494
-0.30261
-0.02706
-0.15984
-0.33117
0.04438
-0.11886
0.03989
0.19456
0.02251
-0.50789
-0.76683
0.08858
-0.43033
0.23250
-0.15108
-0.04003
0.11455
-0.03113
-0.17822
0.27202
0.34468
-0.18264
-0.42607
-0.66919
-0.02703
-0.17463
0.05872
-0.70114
-0.03818
-0.10543
-0.11133
-0.12396
-0.49664
0.01782
-0.11270
-0.12728
0.23397
-0.06111
-0.30696
0.13735
-0.62352
0.34264
-0.06377
-0.32267
-0.28469
-0.40482
0.02005
-0.33810
0.10969
-0.13267
-0.15256
-0.92827
-0.85614
0.33668
-0.05827
-0.31801
-0.02505
-0.09018
-0.04069
0.12241
0.34581
0.01723
0.10373
-0.71439
-0.10694
-0.15447
0.13162
-0.28396
-0.04517
0.05066
0.12825
0.00881
0.12282
-0.10593
0.07269
-0.01786
0.11713
-0.45469
-0.28569
0.08211
0.13829
-0.31967
0.04354
0.01498
0.11603
-0.29433
-0.30329
0.02067
-0.16749
-0.09839
-0.07298
0.11393
0.03313
0.16699
-0.43264
-0.08737
-0.28143
0.08938
-0.05690
-1.08391
-0.45847
0.01506
-0.25327
-0.02687
0.04400
0.02936
0.08848
0.06862
-0.02420
0.29680
-0.08741
0.06079
-0.94015
0.09259
-0.58889
-0.22122
-0.13012
-0.06281
-0.10563
0.00317
0.07335
-0.11158
0.24401
-0.15219
-0.19007
0.00492
-0.28515
-0.78380
0.11424
-0.10482
-0.06349
-0.28890
0.02551
0.18785
0.04439
0.06772
-0.86217
-0.16137
-0.28673
-0.30158
0.09727
-0.28335
-0.36840
-0.22930
-0.87353
0.24863
-0.25049
0.05341
0.03188
-0.02930
-0.90327
0.00551
-1.21374
0.06890
0.08670
-0.07585
-0.42144
0.47318
-0.25642
0.15354
-0.03519
-0.20394
-0.55809
0.29796
-0.43344
0.20490
0.35446
-0.34565
-0.12488
-0.00362
0.00708
-0.19245
-0.32581
0.16913
-0.58868
-0.19745
0.02677
-0.03961
-0.25661
0.06878
-0.05643
-0.16713
-0.98398
-0.32836
0.11338
0.06326
0.05327
0.04740
-0.17547
0.04093
-0.08310
-1.08635
-0.00941
0.32479
-0.04441
-0.20235
-0.54347
0.02440
-0.25646
-0.91214
-0.13367
0.12567
-0.51688
0.03647
-0.01124
0.16730
-0.25099
-1.12397
0.21423
-0.02438
0.16130
0.13164
0.15953
0.26706
0.06352
0.11451
0.04858
0.30019
0.15228
0.08035
0.17853
-0.08768
0.11584
0.10932
0.06612
-0.33294
-0.78214
0.07292
0.06570
0.21910
-0.35775
-0.05944
-0.10967
-0.11941
0.05931
0.17096
0.36652
-0.39299
0.13884
-0.10003
0.18173
-0.17813
-0.12050
-0.11225
-0.44554
0.04028
0.05225
0.01980
-0.20022
-0.36715
0.02769
-0.50287
-0.42024
0.09870
0.11337
0.07000
-0.28669
0.09974
-0.79768
-0.30146
-0.41968
0.24298
0.08628
-0.19086
-0.12653
0.14616
0.04780
-0.16378
-0.22079
-0.29594
-0.03900
-0.15920
-0.36076
0.17244
-0.31723
-0.02333
-0.43214
0.09693
-0.11365
0.07008
0.17238
0.08115
0.26474
0.10476
-0.03599
-0.15508
0.07080
-0.22452
-0.10767
0.17360
-0.55477
-0.61913
-0.08458
-0.08680
-0.03664
-0.30521
0.13096
-0.21681
-0.55167
0.15433
0.07093
-0.31042
-0.08242
0.28675
-0.47721
0.18567
0.02256
0.26159
-0.00161
-0.20154
0.09413
-0.06764
0.24202
0.08031
-0.32631
0.02135
-0.02203
0.14060
-0.42543
-0.55989
0.05202
0.08579
-0.15368
0.03254
-0.93516
-0.50917
-0.23191
0.01293
0.11127
-0.18268
-0.46859
-0.12422
0.03924
-0.11623
-0.34613
-0.11887
-0.17045
0.00231
-0.00719
0.15005
0.10227
0.12074
0.01178
0.01193
-0.05086
-0.57105
0.05727
-0.34198
-0.25064
-0.21726
-0.15897
-0.00225
0.01395
0.01069
-0.03581
-0.02823
-0.11693
-0.36226
-0.07134
-0.37256
0.03258
0.08289
0.19333
-0.25419
0.05677
-0.19840
-0.27783
0.21952
-0.21340
0.07352
-0.36484
-0.93896
-0.03663
0.17828
-0.29848
0.19126
0.07130
0.00076
-0.16011
-0.39593
0.09127
0.02418
-0.21783
0.18299
-0.34048
0.13253
-0.32178
-0.02436
-0.20386
-0.25454
0.08164
-0.91528
0.18987
-0.37913
-0.11804
-0.09700
-0.78233
0.15436
0.39785
0.06965
-0.80540
0.12539
-0.05624
0.28311
-0.18671
-0.42462
0.07174
0.21519
0.02184
-0.26927
-0.15200
0.13511
0.13278
0.34101
-0.13002
-1.07215
0.13271
0.05138
-0.27085
0.15470
-0.86105
-0.24407
0.00734
-0.59030
0.20648
0.03032
0.40389
-0.50399
-0.08549
0.05275
-0.12525
-0.01395
0.00782
-0.00186
0.24994
-0.10217
0.09787
-0.11320
-0.66922
0.06949
0.16095
0.13968
-0.25597
-0.04388
0.07692
-0.07540
-0.44840
-0.14377
-0.13776
-0.01778
-0.39073
0.01634
-0.40026
-0.73609
-0.04198
-0.16721
0.11942
-0.20398
-0.91769
0.13226
-0.23478
0.16853
-0.08484
0.07009
0.06686
-0.22746
0.37281
-0.47765
0.49557
0.07992
0.16105
-0.15518
0.31305
0.16715
0.12365
0.17082
0.25807
0.02375
0.19167
0.16709
-0.04659
0.34609
0.23180
0.12716
0.38995
0.20366
0.16420
0.60698
0.19563
0.17172
0.02930
0.33973
0.25656
-0.10938
-1.07383
0.21538
0.22688
0.30401
-0.47075
0.30750
-0.24198
0.34340
0.42517
0.42690
-0.37801
0.36974
0.32338
-0.24649
0.20006
0.12508
0.29968
-0.93078
0.68816
0.13644
0.04913
-0.00629
0.41326
0.20102
-0.36305
0.14453
0.06571
0.02984
0.28454
0.12446
0.47010
0.14268
0.30503
0.55368
0.15123
0.14738
-0.34797
0.13771
-0.08184
0.14004
-0.15882
0.09807
0.01844
0.08376
0.19317
0.21435
0.08902
0.61803
-0.08723
0.30330
0.11243
0.36712
-0.36125
0.02079
-0.10359
0.09836
0.22061
0.22153
0.00113
-0.13679
0.28868
0.39781
0.26354
-0.77654
-0.09497
0.01618
-0.58391
0.11955
-0.30855
-0.46286
0.10885
-0.87706
-0.00841
-0.35187
-0.23865
0.59236
-0.00173
0.38170
0.11189
0.54438
-0.33288
0.09626
-0.24943
0.07729
0.25174
-1.64340
-1.10668
-1.49864
0.09462
-0.61982
0.34173
0.13945
0.48068
0.07344
0.11346
0.50790
0.28956
0.31552
0.31984
0.41853
-0.18842
0.46662
0.34468
-0.96427
0.36540
0.38480
0.19828
0.37404
-0.32942
0.12448
0.52378
0.09973
-0.23400
-0.02867
0.13931
0.02525
0.49030
0.16801
0.24237
0.29817
0.16638
-0.16979
0.35906
0.36922
0.73427
-0.31551
0.52948
0.30517
0.09358
0.11233
0.32367
-0.26651
-0.05848
-0.38387
0.73991
0.14149
-0.53163
0.28942
0.40244
-0.46100
-0.26817
0.25053
0.31994
0.29500
0.57866
0.15135
0.14876
0.04712
0.09532
0.34162
-0.06555
0.31431
-0.44805
0.35661
0.07330
0.49906
0.03743
0.34063
0.41751
-0.36949
0.27434
-0.40417
-0.03949
0.31673
-0.39365
0.08660
-0.70581
0.14410
-0.13435
-0.11113
0.09006
0.42154
0.34745
0.08302
0.15743
-0.01668
-0.93503
-0.76519
0.19886
0.10801
-0.32701
0.11588
0.18158
0.22430
0.31720
0.15744
0.19214
0.06475
-0.52355
0.21737
0.04392
0.30198
0.16211
-0.23745
0.21384
0.23289
-0.00977
0.08278
0.35289
-0.15011
-0.13424
0.09446
0.00390
-0.66508
-0.22922
-0.11873
0.35897
0.59436
0.02401
0.09748
-0.48363
-1.15757
0.14528
0.05557
0.58987
0.50853
-0.33560
-0.47210
0.33502
0.13564
-0.46760
0.04436
0.03566
0.37911
0.30779
-0.40365
-0.48597
-1.21941
-0.69901
0.17962
0.20610
0.09010
0.20849
-0.54045
0.56305
0.08255
0.26191
-0.05565
-1.19081
0.33931
0.25441
0.56110
0.09989
-0.45824
0.84596
-0.85673
0.15823
0.17051
-0.17549
0.37055
-0.45649
-1.29687
0.33402
-0.30700
0.25086
0.32659
0.33062
0.16389
-0.75953
-0.09045
-0.61766
-0.32979
0.07359
0.03732
-0.72241
-0.17986
0.18987
-0.56963
-0.82736
0.12381
0.08940
-0.65446
0.47984
0.39780
-0.43494
0.18013
0.18365
0.31403
0.31943
0.08060
-0.71987
-0.51553
-0.12203
0.08073
-0.20646
-1.00770
0.48837
0.35355
0.43415
0.26442
0.44274
0.62474
-0.58029
-0.31750
-0.05665
0.26715
0.36860
0.33544
-0.06144
0.39511
0.31106
0.05645
0.27474
0.28168
0.23201
0.22398
0.19993
0.39455
-0.68835
-0.26454
0.35638
-0.15513
-0.20112
-0.13975
-0.22520
0.25816
0.38171
0.35348
0.42930
0.18310
0.39637
0.42204
0.39609
0.11908
0.31564
-0.55713
0.35067
0.51599
0.38443
-0.34039
0.34285
0.34162
-0.38777
0.16887
0.11040
-0.68640
0.31697
-0.03287
0.11635
-0.15521
0.52359
0.37314
-0.34202
-0.21624
-0.06068
0.43570
0.66746
0.22716
-0.22491
-0.90004
0.13617
-0.40399
0.26945
0.31698
0.40347
0.10773
-0.07348
-0.33456
-0.06343
-0.43129
0.32964
0.08797
0.18330
0.16094
0.12749
-0.12665
0.56070
-0.36463
-0.58470
0.46553
0.13838
-0.67302
0.15583
0.41174
-0.42760
-0.02901
0.01923
-0.32495
-0.64549
0.35054
0.14327
-0.43039
0.12237
0.28083
-0.38139
-0.06296
0.03831
0.05146
-1.02126
0.10619
0.17092
0.25561
0.12906
0.31221
-0.71809
0.38856
0.32413
0.12666
0.18925
0.36362
0.34021
0.46472
0.03439
0.53202
0.62877
0.39738
0.26817
0.32105
0.18234
-0.18748
0.25108
0.24214
-0.16879
-0.56196
0.20561
0.32438
-0.13629
-0.03794
0.25202
-0.59735
0.36996
0.29032
-0.62726
0.08055
0.02189
0.05020
0.30529
-0.12018
-0.02259
0.21344
-0.18616
0.36044
-0.07728
0.25093
0.32017
0.30551
0.39756
-0.28059
0.41090
-0.97456
0.45866
-0.30630
0.17926
0.43778
0.27978
0.05766
0.01581
0.25012
0.33619
0.31539
-0.27844
0.80314
0.65598
-0.30029
0.03040
0.72802
0.71564
0.51325
0.09415
-0.68219
0.11560
0.33211
-0.51045
0.26698
0.10460
0.01951
0.01252
0.35839
0.59201
0.23147
0.33265
0.24580
-0.48708
0.06632
-0.00272
0.31660
-0.07115
0.25102
0.34940
0.49276
0.10458
0.43235
-0.27427
0.13053
-0.45482
0.72238
0.21006
0.29091
0.04958
0.48307
0.37011
-0.19845
0.72727
-0.22512
0.60445
0.40639
0.06810
0.25240
0.38174
0.40878
0.30898
0.16311
0.55836
0.25927
0.07450
-0.32804
0.46948
0.29894
0.14272
-0.19183
0.53996
-0.32700
0.15288
0.13066
0.35564
-1.21355
0.00360
-0.74476
0.06448
0.03919
0.09442
0.02328
0.24508
-0.11483
0.35220
-1.21284
0.50758
-0.35229
0.13691
0.15610
0.15877
0.16524
0.20804
0.04526
0.09013
0.23343
-0.30130
0.22326
0.10298
0.10033
0.36647
0.10024
0.48166
-0.02321
-0.76413
-0.26251
0.35841
-0.05158
-0.28476
0.23077
-0.64763
0.36078
-0.75452
-0.17910
0.29302
-0.88589
0.00348
0.27539
-0.08179
-0.10331
0.15799
-0.34084
0.22309
0.14268
0.12836
0.14859
0.32820
0.12278
0.08918
0.55551
-0.12488
-0.55689
-0.44260
0.71745
0.15875
0.24494
0.53707
-0.44277
0.44587
0.15490
0.52626
-0.64647
-0.16705
0.23673
0.25246
0.38111
0.42956
-0.87963
0.17923
-0.94937
0.13981
0.32792
-0.63494
-0.14307
0.28474
-0.46468
0.19820
-0.02214
0.18968
0.10441
-0.31690
0.21700
-0.08585
-0.21620
-0.36154
0.57408
0.40886
0.24556
0.04734
-0.77487
0.05538
-0.36751
-0.00437
0.08913
-0.17772
0.09018
-0.31983
-0.09606
0.16722
0.06947
0.33975
0.24154
0.41841
0.07045
0.14696
-0.44011
0.13644
0.31280
0.12772
-0.11945
0.13979
0.06287
0.24532
0.30445
0.42231
-0.10171
-0.16000
0.17749
-0.20649
-0.31497
0.23868
-0.23353
0.60279
0.10174
0.24900
0.08008
0.54941
-0.61960
0.73761
0.08758
0.06501
0.50763
0.28149
0.36859
-0.26673
0.14656
0.18240
0.21908
0.05925
0.21485
-0.43124
-0.15065
-0.05675
0.27780
0.53512
0.32519
0.13067
-0.07082
-0.36292
-0.46786
-0.58559
0.29425
0.11741
-0.20630
0.30014
-0.39276
-0.66007
-0.04469
-0.21909
0.13754
0.15701
-0.53902
0.27292
-1.07146
0.08146
0.75059
0.51372
0.05792
0.36502
-0.43004
0.03031
0.15757
-0.82898
0.09030
-0.35806
0.25501
0.38788
-0.47477
0.17407
-0.17199
-0.44491
0.30148
0.56207
0.44758
0.33893
-0.95648
0.49824
-0.27925
0.26590
-0.36675
0.36600
0.32344
-0.09060
0.63981
0.53385
0.40291
-0.35657
-0.15956
-0.35110
0.33422
0.41542
0.10808
-0.34778
0.23484
0.02771
0.33837
0.70579
0.50525
0.49122
0.08334
0.45729
0.46461
0.15336
0.00878
0.25394
-0.54451
0.14242
0.39846
-0.30396
0.14158
-1.44001
0.14635
-0.50184
0.08658
0.08529
0.29545
-0.76612
0.16104
0.33136
0.44063
0.07669
-0.31162
-0.04419
0.22936
0.03134
0.49856
-0.36572
0.09283
0.76399
0.34796
0.41934
0.21622
0.37156
0.30722
-0.91432
0.41729
0.68023
0.48743
-1.15522
0.32837
0.51227
-0.44157
0.12888
0.30558
-0.24803
0.14610
0.32033
0.26867
0.37329
-0.54254
-0.03562
-0.44978
-0.08339
0.37172
0.23760
0.11781
-0.74172
-0.25104
0.04512
0.45845
-0.06722
0.50508
0.11576
-0.32126
0.30772
-0.14518
-1.10017
-0.71107
-1.01770
0.21181
-0.37118
0.39880
0.37737
0.33594
0.82351
0.17008
0.06809
-0.35788
0.14001
0.30544
0.49086
0.27211
0.09052
0.22507
-0.19388
0.27531
0.22636
-0.04125
-0.12185
-0.25504
0.08496
0.72555
-0.00282
-0.34031
-0.23553
-0.27284
0.40535
-1.05664
0.13352
0.40473
0.16864
0.17749
0.27732
-1.25227
-0.38501
-0.08247
0.22795
0.16903
0.74653
0.30301
0.14478
-0.09714
0.34268
0.09390
0.39954
0.23354
0.03060
-1.21572
0.15386
0.12522
-0.31378
-0.65366
0.09032
0.09825
0.48434
0.30798
0.64150
-0.12622
-0.07664
-0.72802
-0.07144
0.36366
-0.41470
0.11567
0.36195
0.39255
0.28795
0.20541
0.07189
0.03811
-0.09250
0.16064
0.10752
0.21545
0.01478
0.27333
0.81110
-0.43198
0.26585
0.27529
0.16800
0.15612
-0.33075
0.30501
-1.40429
-0.07276
0.40137
0.47243
0.20692
0.20827
0.18649
0.15820
0.28957
-0.14408
0.39513
-0.06253
0.67901
-0.01228
0.09235
0.11435
0.20867
0.12678
-0.00958
0.23123
0.19788
0.13059
0.26045
0.34943
0.12077
0.56274
0.27589
0.19205
-0.22635
0.02944
0.03253
0.36730
0.46362
-0.45273
0.42213
-0.35789
0.29056
0.46567
0.14442
0.50549
0.08688
0.52551
0.10841
0.29734
-0.74135
0.49756
0.49034
0.29259
0.28826
0.26563
-0.17836
-0.25818
0.39661
0.09188
-0.72362
-0.03891
0.42348
0.34718
0.36120
0.19267
-0.38209
-0.88728
0.15430
0.49710
0.38881
-0.22609
0.08714
0.32776
0.14207
-0.19218
0.19673
0.35147
-0.43564
0.09986
0.27586
0.28373
0.44561
0.17816
0.04362
0.00125
0.07477
0.31794
0.53061
0.29065
-0.02680
0.05035
-0.62616
-0.20663
0.66815
0.43984
0.08902
0.17777
-0.16074
0.17769
0.28984
0.38720
0.07799
0.32558
0.42919
0.65597
0.58427
0.02443
0.07373
-0.93837
0.42453
0.39140
-0.58124
0.09795
0.30918
0.40213
-0.10530
0.21861
0.28926
-0.02894
0.28741
0.42502
0.80600
-0.17564
0.47490
-0.34041
0.32764
0.06036
0.28007
0.55118
0.54086
-0.70336
0.65254
-0.52265
-0.15707
0.31227
0.11236
0.44065
0.24959
0.32682
0.43339
0.27586
-0.24884
0.32212
0.16202
-0.29783
0.15572
-0.45040
0.02939
0.15359
0.31065
0.29472
0.53598
-0.13607
0.35937
0.27156
-0.14246
-0.17170
0.28784
0.31129
-0.47779
0.38140
-0.00448
0.24201
0.20477
0.20024
0.12633
0.13859
0.23484
0.20895
0.21825
0.42517
-0.91633
-0.21749
0.18849
-0.84147
0.09770
0.29251
-0.02139
0.04971
0.27251
0.30362
0.15258
0.27067
-0.27766
0.39789
0.11081
0.65066
0.44281
0.03349
0.21977
0.11554
0.77121
0.32720
-0.05843
0.40736
-0.13397
0.31139
0.68635
0.27100
-0.28083
0.29112
0.09973
-0.30594
0.28260
0.24090
0.13014
0.34213
0.40407
-0.61386
0.19398
0.29970
0.07249
-0.33602
0.10102
0.45889
0.25253
-0.64768
-0.63115
-0.24667
0.24169
0.13286
0.13466
-0.78114
-0.44065
0.33353
0.54103
-0.82291
-0.00758
0.54239
0.29356
0.18911
-0.00574
0.14040
-0.46709
0.44754
0.50246
0.36675
0.11622
-0.88127
0.35757
0.14598
0.39011
-1.00540
0.45731
-0.06716
0.23719
0.42662
-0.08542
0.09337
0.04377
0.60892
0.41318
0.14994
-0.25026
0.41625
-0.17495
0.10762
0.09989
0.44696
0.24543
0.21559
0.27424
0.27905
0.16845
0.25869
-1.18656
0.33239
0.47866
-0.41042
-0.65117
0.37357
-0.33447
0.46545
0.17120
0.22273
-0.80306
0.20587
-0.34269
0.09854
-0.27171
0.18331
0.32861
0.48826
0.42339
0.37611
-0.29783
-0.09542
0.53066
0.40875
0.23734
0.31645
0.39512
-0.34068
0.60267
0.39055
0.48071
0.27334
0.14492
0.47989
0.33754
-0.57797
-0.40093
0.35170
-0.31750
0.38017
0.41704
0.10200
-1.33356
-0.71498
-0.39207
-0.01276
0.16283
0.04480
0.35054
0.20429
-0.29367
0.40989
0.07496
0.11192
-0.12477
-1.04119
0.29044
0.48235
0.02221
0.17645
0.17125
0.37431
0.27764
0.29373
0.24749
0.33932
0.26834
0.37820
0.04169
0.28339
-0.17920
-0.65190
0.46268
-0.15212
-0.09882
-0.53398
0.61932
-0.34467
0.31055
0.35578
-0.34306
0.40113
0.28801
0.14235
0.08935
-1.13682
-0.24334
0.31870
0.35609
0.35662
0.08537
-0.10241
0.12374
-0.55961
-0.26905
-0.22610
-0.24802
0.05054
0.10872
0.04488
0.24764
-0.44388
0.14896
0.39001
0.18117
-0.08348
0.36607
0.05214
-0.17036
0.24932
-0.03915
0.02462
0.05848
0.33271
-1.10733
0.06566
0.14574
0.04227
-0.20325
0.38283
0.12106
0.81733
0.30959
-0.29813
0.13972
-0.26901
0.71820
0.28864
0.33338
0.23178
0.48943
0.52395
0.27629
-0.32592
0.34605
0.33971
-0.59458
-1.58295
-0.09075
0.09772
0.21082
0.36820
0.19977
0.10013
0.25003
0.50369
-0.05854
-0.20098
0.08004
-0.21641
0.21725
0.21739
0.19821
0.11151
-0.01420
0.29792
-0.76015
-0.86086
-0.35034
0.38757
0.05314
0.37553
0.12604
-0.38565
-1.04467
0.17158
0.44963
0.29284
0.08355
0.31445
0.17359
-0.60465
0.24718
0.61645
0.50010
0.76403
0.05450
0.29570
-0.61548
-0.42564
0.33224
0.37761
0.25350
0.05289
0.23955
-0.29104
0.36001
0.35480
-0.03957
-0.20653
0.04503
0.11962
0.14413
0.03515
0.67348
-0.46844
0.16656
0.30206
0.12745
-0.30977
0.17811
-1.17654
0.13404
0.19652
0.29022
0.33687
-0.60510
0.17217
-0.43980
-0.37378
-0.06031
0.10232
-0.21465
0.33813
-0.34238
-0.07721
-0.17442
-0.20210
0.08300
-0.22576
0.53726
-0.26607
0.34673
-0.17571
-0.09773
-0.10787
0.34030
0.20709
0.32842
0.36830
-0.50026
-0.71691
-0.75379
0.24935
-0.54020
0.20456
0.26568
0.15587
-0.53028
-0.34446
-0.23105
-0.04567
-0.14134
-0.28229
-0.33144
0.54651
0.45580
0.18099
0.03784
-0.18893
-0.96396
0.66753
0.33489
0.43579
0.36741
-0.28260
0.37448
0.32412
0.12202
0.31164
0.09674
-0.39994
-0.18534
0.35220
0.36254
0.34989
0.53916
0.16397
-0.69028
0.18568
-0.38500
0.30145
0.10013
0.34612
0.02483
-0.03468
0.86435
-0.41655
0.03555
0.14330
0.59864
0.21531
-0.34409
0.11045
0.10533
0.07654
0.26265
0.25087
0.20971
-0.38245
0.17453
0.26767
-0.23466
0.21652
0.36597
0.38036
0.21058
0.12191
0.13811
-0.02384
0.43467
0.43219
0.12544
0.15545
0.15735
0.15783
0.25467
0.81160
0.16910
-0.08961
0.12031
0.06674
-0.57692
0.05357
0.24812
0.10891
0.12655
0.43936
0.14991
0.46279
0.03828
0.24516
0.16376
0.06710
0.36098
0.15831
0.49019
-0.21146
0.01525
-0.14025
0.07576
0.51178
0.33095
0.13338
0.09739
-0.48391
0.14378
0.06815
0.12318
0.34674
-0.16660
0.75563
-0.93596
0.59327
0.09376
-0.61092
0.22210
0.05902
0.42817
0.04630
0.32726
0.31947
0.41524
0.31171
0.41703
0.21387
0.18189
-0.67912
-0.25266
0.35891
0.62337
0.07046
0.20000
0.11951
0.22802
0.21798
0.34002
0.60996
0.50004
0.25058
0.21125
0.30770
-0.21152
-0.44043
0.26430
0.21074
0.36714
0.09986
-0.83197
0.10184
0.11961
0.26469
0.12299
0.06212
-0.82716
-0.86559
-1.35192
0.37738
0.17791
-0.00292
-0.45982
0.15955
0.30019
0.07518
0.39587
0.24937
0.51323
0.17732
0.11689
0.40146
0.14621
-0.53464
0.32835
0.81495
-1.62611
0.18131
0.35842
0.35520
0.21643
0.24088
-0.50171
0.69467
0.27506
0.26702
0.03329
0.24705
0.06265
0.10353
0.34379
0.43333
0.13616
0.32562
0.38106
-0.02412
0.13004
-0.29886
0.09712
0.40862
0.42655
-0.53408
0.00706
0.12838
-0.66381
-0.24936
0.03568
0.36486
-0.11341
0.00349
0.12886
0.18961
0.15529
0.16578
0.09662
0.20047
0.29123
0.43566
0.19224
0.42694
-0.59483
-1.46934
-0.22681
0.15871
-0.19675
0.19808
-0.34654
-0.01017
-0.17908
-0.10481
0.11223
0.28669
-0.23879
-0.28792
0.29874
0.31469
0.41204
0.18284
-0.09424
0.20268
0.08639
0.12815
0.11610
-1.08605
0.17067
-0.19535
0.09944
-0.32583
0.09778
-0.19807
0.68464
0.03865
-0.41968
0.22736
0.26816
-0.11135
0.08082
-0.60879
0.38870
0.23901
0.24522
-0.39295
-0.51471
-0.11813
-0.60570
0.23890
-0.63494
0.05348
0.04028
0.21292
0.26571
-0.42802
0.20043
0.11088
0.29638
-0.00132
0.39097
-0.19723
-0.97818
-0.40527
0.18525
0.36606
-0.10404
0.28742
-0.70871
0.33578
-0.00053
-0.34043
0.18180
0.05926
0.34715
0.29802
0.08153
0.19417
0.28411
0.41274
0.46904
0.22623
-0.20552
0.35958
0.44751
-0.40661
0.37266
-0.03031
0.44420
0.34251
0.21815
-0.09061
0.26191
-0.19575
-0.42639
0.57782
0.12848
-0.71576
0.24841
-1.00886
0.16278
0.12735
0.10027
-0.43690
0.79667
-0.23084
-0.27635
-0.76735
0.13081
0.10220
0.25848
0.00650
-0.73061
0.58342
0.48750
0.10552
0.08201
-0.35344
0.10414
0.18246
0.41771
0.56058
-0.08600
-0.81558
0.21745
-0.21413
0.04045
0.35906
0.00955
-0.35046
0.67361
0.27312
0.56651
0.65031
0.34018
0.23220
0.20975
0.25819
0.12876
0.04102
0.05619
0.13925
0.44251
-0.00458
0.33827
0.44977
0.42960
0.40392
0.13967
-0.79090
0.07743
0.12327
-0.31982
0.24370
0.24553
0.27178
0.10575
0.49841
0.51852
0.14331
0.13172
0.33983
0.13527
0.24733
0.05702
-0.92095
0.50688
0.25206
-0.34375
-0.33634
0.26709
-0.21463
-0.27994
0.08643
-0.41431
0.38273
0.18017
0.42197
0.20348
-0.82002
-0.48298
0.17323
-0.10519
-0.59850
0.12353
-0.02859
0.62854
0.21672
-0.89030
0.43016
-0.70660
0.03097
0.13241
0.04118
0.16537
-1.40293
0.23793
-0.14811
0.06414
-0.48872
0.19987
-0.83679
0.21854
-0.67881
-0.10360
0.25656
-0.19397
-0.07129
0.21796
0.00367
-0.33500
0.05706
-0.02292
-0.51281
0.34476
0.07957
-0.97147
0.27827
-0.01527
0.13997
0.55914
-0.88076
-0.42169
-0.51769
0.40038
0.29104
0.30006
0.09721
-0.79587
-0.37066
-1.46497
0.10151
0.16780
0.07614
0.48738
-0.35615
0.62462
0.21321
0.51126
-0.02571
-0.01624
0.33347
-0.29971
0.26078
0.21111
-0.30441
0.32991
-0.41441
-0.68114
0.06095
0.52551
0.52627
0.75310
-0.61240
-0.62067
0.21740
0.33632
-0.81531
0.38113
0.32939
0.18934
0.37000
0.18173
-0.12067
0.50372
0.11445
-1.09900
-0.18676
0.78539
0.32824
0.26065
-0.47010
0.34133
0.26137
0.66129
-0.40829
0.10451
0.13151
0.02432
0.11034
0.09263
0.24798
-0.04512
-0.17596
-0.63267
0.64135
0.22739
0.63062
0.60400
-0.02777
-0.03913
0.61411
-0.68495
0.10020
0.41016
0.43966
-0.07376
0.03237
-0.04872
0.41093
-0.06021
0.75012
-0.49344
-0.42075
-0.01923
0.41844
0.28475
0.55446
-0.66707
-0.57113
-0.63049
0.51952
0.23362
0.44494
-0.00331
0.03643
0.03943
-0.04541
0.21124
0.37093
-0.33581
-0.14853
0.10430
0.01832
0.57728
0.19793
-0.00948
-0.07890
-0.52911
0.23095
-0.16813
0.16661
0.40183
0.10206
-0.38210
-0.74961
0.50670
0.07191
0.12735
-0.95199
0.10832
0.29308
0.24279
0.14723
0.25588
0.09213
0.03429
0.45896
0.14546
-0.28789
0.35387
-0.02087
0.39513
0.15895
0.27644
0.30191
-0.50748
0.42551
0.12585
0.15577
0.19462
-0.04293
0.27847
-0.88082
0.06797
-0.15964
0.18551
-0.03960
-0.00562
-0.20010
-0.02901
-0.19006
0.36902
0.15587
-0.83942
-0.13195
0.07004
0.12968
-0.31111
-1.12488
0.04875
0.28160
0.35721
0.20847
-0.40567
-0.11581
-0.31492
0.19808
0.25468
0.15800
0.26566
0.14616
0.32864
0.52807
-0.13680
-0.09181
0.15356
0.22661
0.38309
0.22218
0.32901
0.21888
-0.47100
0.18850
0.28039
0.00428
-0.09610
0.04435
-0.05576
0.30894
0.01252
0.06635
-0.48126
-0.37175
-0.95250
-0.27819
0.13993
0.16645
-0.50259
-0.46828
0.52851
-0.70125
0.19102
-0.82653
0.14058
0.72962
0.19381
0.30639
0.07603
0.23568
0.21043
0.23148
-0.32269
0.43672
0.25258
-0.08225
0.18268
-0.28936
0.14430
-0.28870
0.18820
0.13971
0.03824
0.15523
-0.07985
0.16133
0.07636
-0.64783
-0.64247
0.33582
-0.08054
0.05488
0.23516
-0.20771
0.11166
-0.39521
0.36628
0.11836
0.22445
-0.14901
0.18908
-0.39021
-0.18130
0.30477
-0.73800
0.45786
0.23211
0.41238
0.11754
0.46690
-0.53196
-0.14333
0.46654
0.15748
-0.07423
-0.93771
-0.49839
0.09421
-0.14546
-0.16784
0.03055
0.11004
0.22359
-0.00281
-0.54813
-0.61427
0.29580
-0.14105
0.14757
0.42494
-0.10401
0.09583
-0.09395
0.38662
0.18074
0.76025
0.19504
-0.61224
-0.20285
-0.08601
0.33455
0.05886
0.13308
0.36829
-0.59995
-0.16947
0.04715
0.50520
0.05298
0.04757
-0.39471
-0.61227
-1.01174
0.19429
0.02875
-0.00847
0.11753
0.35191
0.28599
0.63331
-0.48492
0.53015
0.48989
0.49087
-0.21237
-0.43118
0.11176
0.18856
0.13273
0.43280
0.24617
0.02259
0.31863
0.23428
0.55116
-0.33859
-1.37202
-0.44613
0.47286
0.48616
0.12243
0.70302
0.05431
0.09639
-0.00277
0.05754
0.24305
-0.21857
0.49121
0.48665
0.14207
0.14548
0.80464
0.75347
-0.11042
0.06033
0.30374
0.09661
-0.36450
-0.10121
-0.21523
0.04585
0.29926
-0.26575
-0.49859
-0.19512
0.14641
0.31163
0.31796
-0.08108
0.16949
-1.35655
0.43612
0.08326
-0.12973
0.28851
-0.06831
0.06767
-0.54352
0.12897
0.04786
-0.30640
-0.90655
0.11839
0.38740
-0.21950
0.30090
-0.30717
0.41704
0.11019
0.12788
0.12904
0.21561
-0.05730
0.46388
0.09257
0.62621
0.34699
0.49491
0.23569
0.18831
0.16676
0.16369
-0.38334
0.29118
0.25176
0.31518
0.12303
-0.76827
0.28805
0.43907
-0.28827
0.19479
-0.25011
0.03615
0.16531
0.23952
0.05012
-0.03719
0.02751
0.73999
0.01800
-0.29849
-0.31701
0.36524
-0.15457
0.26564
-0.55179
-0.45035
0.64311
-0.39278
0.08848
0.20319
-0.32483
-0.09560
0.24484
-0.89392
0.01396
0.10653
-0.30192
0.43749
0.21063
0.52456
0.08711
0.23638
0.29259
0.48527
-0.66768
0.23168
0.52709
-0.32054
0.40592
0.18476
-0.23771
0.14059
-0.71408
0.10122
-0.68323
-0.09388
-0.25206
-0.26159
-0.05135
0.21042
-0.17017
-0.05946
-0.88355
0.11012
-0.17471
0.33282
0.33182
-0.12218
0.19650
0.40120
-0.42392
0.23930
0.67167
0.02992
0.40106
0.04339
-0.96518
0.38597
0.25367
-1.21489
0.14989
-0.50973
0.28918
-0.03339
0.40996
0.40222
-0.58689
-0.21245
0.07784
0.14160
0.33329
0.09937
0.12014
-0.11575
-0.18569
0.04988
-0.38729
-0.10087
0.13343
-0.03601
0.26585
0.22256
0.06808
0.34460
-0.05764
-0.06011
-0.96229
-0.58475
0.00032
0.13525
0.14507
-0.86043
-0.54662
0.36889
0.33723
0.48079
-0.03462
0.47129
0.25561
-0.29169
-1.04125
0.16339
-0.64003
0.34542
-0.64813
0.26531
-0.82139
0.63355
-0.18359
-0.23616
-0.38933
-0.05128
-0.56838
-0.00794
0.20001
0.19979
0.16132
-0.76267
0.22351
0.15881
0.27920
0.33100
-0.28931
0.09850
0.54573
-0.61844
-0.05849
-0.81148
0.32343
0.21279
0.55500
-0.54936
-1.02277
-1.09507
0.24714
-0.67564
-0.44467
0.75808
0.27223
0.34206
-0.03729
-0.29017
0.32770
-0.67970
0.27084
0.14254
0.33038
-0.03910
-0.27587
-0.19571
0.12430
0.34346
0.28152
0.22904
0.09607
-0.22359
-0.15225
-0.59922
-0.73513
0.18357
0.15598
0.15252
0.25403
0.00450
-0.10555
0.20702
0.17179
-0.56280
-0.17527
0.33357
-0.80469
-0.30307
0.30850
0.53096
0.12675
-0.14797
-0.56039
0.08843
0.28338
0.16579
0.29058
0.39892
0.03720
0.19468
0.40729
-0.62878
0.05912
-0.61297
0.26573
-0.01519
-0.20311
0.39768
0.10765
-0.28095
-0.26936
0.10192
0.44138
-0.42963
0.00388
-0.36164
0.09065
-1.62368
0.40715
0.23154
0.10265
0.17347
-0.98563
0.19056
0.28178
-0.73976
0.23851
0.58438
-0.74965
-0.71401
0.26823
0.25119
0.08028
-0.11742
-0.07193
-0.40821
0.29430
0.56462
0.03911
-0.67535
0.29444
0.26418
0.06868
0.28958
0.16713
-1.46846
0.18564
0.33318
0.39332
-0.13829
-0.75137
0.49371
0.06936
0.22688
-0.79297
-0.18363
0.15872
-0.68905
0.13838
-0.02964
-0.13165
-0.24504
0.26840
0.19820
0.53192
0.40126
-0.13659
0.81562
0.02670
0.21332
-0.49230
0.20136
-0.39141
0.42046
0.42162
0.00829
-0.42575
0.33429
-0.54196
0.15567
0.28021
0.42688
0.15276
0.40944
0.20503
0.29496
-0.01871
-0.36548
0.03756
0.06131
0.42957
0.33751
0.30810
0.26183
0.21101
-0.01685
0.47291
-0.97692
-0.54808
0.09938
0.09802
-0.61979
0.16632
0.19445
0.29509
0.45953
0.11953
-0.87304
-0.39826
-0.33831
0.40837
0.12159
0.19298
-0.54170
0.21410
0.04732
-0.63178
0.49783
0.30792
0.15374
-0.11444
-0.00537
0.01013
0.29123
-0.67125
0.81284
0.39172
0.21699
0.07289
0.06657
0.52829
-0.36718
0.08262
0.22247
0.29087
0.30911
0.13917
-0.01672
0.21261
0.21979
0.78404
-0.55918
0.18560
0.07670
0.34642
0.41087
-0.38478
0.18857
0.24889
0.15172
-0.29723
0.15719
0.49833
0.13093
0.04433
0.61011
-0.94816
0.24500
0.26897
0.38094
0.49766
-0.09971
0.57053
-0.45555
-0.18215
0.29423
0.53581
-0.25235
-0.61928
-0.50281
-0.35103
-0.42536
-0.16878
-0.28786
0.11107
-0.76560
0.32962
0.08291
-0.86483
-0.30600
-0.09161
-0.09086
-0.46587
0.14062
-0.51078
0.25477
-0.16501
0.15311
-0.26176
0.41976
0.19118
-0.11442
-0.60967
0.37599
0.11372
-0.68364
-0.32819
-0.71300
0.45168
-0.42720
0.09961
0.07091
0.29560
0.04442
0.30062
0.38104
-1.16158
0.18858
-0.05906
0.07208
0.22029
-0.43816
-0.02486
0.07072
-1.02415
0.15319
-0.24461
-0.06308
-0.08962
0.38221
0.04176
0.09131
-0.63638
0.46852
0.31071
0.31687
-0.21629
-0.01430
-0.34163
0.19924
0.13723
0.11000
0.36390
0.05197
-0.13737
-0.14333
-0.19065
-0.73583
0.04939
0.94729
0.07212
0.11005
-0.30458
-1.63755
0.14427
0.18598
-0.17335
0.00903
-0.28222
-0.23298
-0.42958
0.23343
-1.14165
0.02276
0.11886
0.00416
0.50743
-0.56096
0.07884
0.22291
0.00637
-0.33390
0.48238
0.22047
0.19278
-1.01421
-1.59950
0.35474
-0.10166
0.18874
0.45554
-0.37456
-0.86113
0.25555
-0.62207
0.08138
0.34729
-0.79289
0.02133
0.22863
0.08618
0.16111
-0.36567
0.37569
-0.15084
0.10346
0.12821
0.15746
0.37330
0.35665
-0.37673
-0.24120
0.45331
-0.06097
-0.22901
-0.56468
0.14067
0.40917
0.24801
0.66396
0.22019
-0.96779
-0.26936
-0.35955
-0.65375
0.12295
0.12791
0.12092
-0.30877
-0.19809
-0.61234
-1.15420
0.11218
0.50722
0.27517
0.15929
0.09407
0.03524
0.45464
-0.40617
0.10464
0.02864
-0.02105
-0.41596
-0.65198
0.20128
0.72445
0.07484
0.22148
0.22786
-0.09025
-0.05835
0.42533
0.17041
0.09653
0.21636
-0.48144
-0.09537
0.37055
0.08738
-0.98578
-0.46037
0.22986
-0.47085
0.32550
0.37461
0.26218
0.35224
0.07661
0.55667
0.78936
-0.48471
0.72917
0.29004
-0.01146
0.26867
0.43402
0.35292
0.75091
0.38718
0.36769
0.18790
-0.21477
-0.68378
0.16925
-0.59017
0.00811
0.04905
0.13212
-0.38896
0.12890
0.27448
0.39607
-0.34260
-0.61461
-0.28264
0.03077
0.29108
-0.34041
0.26520
0.24285
0.12196
0.36378
0.14710
-0.54741
0.15488
-0.28914
-0.06974
-0.47346
0.14765
0.12516
0.16948
0.13476
0.03091
0.21644
0.16531
0.50914
0.43676
-0.20427
0.19490
0.16770
0.24783
-0.89209
-0.26734
-0.09383
0.10658
-0.02323
-0.11679
0.41575
-0.96818
-0.29588
0.17318
-0.34033
0.65643
-0.30640
-0.71484
0.41114
0.01182
-0.05493
0.26745
-0.19530
-0.37873
-0.23095
0.09075
-0.48427
0.44984
0.27920
0.35857
0.28209
0.11155
0.23998
-0.63818
0.27234
-0.06331
0.32348
0.13394
-0.57711
-0.83346
0.12634
-0.17926
0.24854
0.11305
-0.15617
0.01167
0.11394
-0.97824
0.20842
-0.02770
-0.39084
-0.04034
0.06895
0.12239
0.11718
0.09867
-0.07376
0.04184
0.24881
-0.63331
0.13459
0.40988
0.19510
-0.58249
-0.01181
0.14736
-0.23945
0.26520
0.25676
-0.20953
0.54322
0.19792
0.07186
-0.05267
-0.46291
0.17255
-0.60197
0.01693
0.15992
-0.89211
0.23856
0.83821
-0.23351
0.44936
0.26561
0.24627
-0.08142
-0.20855
0.11082
-0.53974
0.03701
0.01101
0.72323
-0.78312
0.20339
0.10492
0.20322
0.15423
-0.04687
-0.84890
0.01336
-0.59650
0.24085
-1.63464
-0.73151
0.44389
-0.47731
-0.31295
-0.09576
0.35972
-0.00264
-0.07407
0.32624
-0.16131
-0.73197
0.13736
-0.80133
0.15954
-1.47307
-0.23931
0.48478
-0.33628
0.55969
-0.07950
0.09293
-0.92116
0.19925
-0.93468
-1.31025
-0.33005
0.12218
0.43756
0.31338
-0.76026
0.26625
-0.32690
0.11306
0.25128
0.12924
-0.68934
0.38221
-0.01440
0.43675
0.03596
-0.49845
-1.13233
-0.73087
-0.20350
0.09450
-0.52127
-0.51615
-0.69024
0.12877
-0.22349
0.28960
0.14217
0.13870
0.03545
-0.16384
0.18916
-0.18975
0.70459
-0.19169
-0.04690
0.22955
-0.35832
-0.08662
0.60395
0.07640
-0.60886
0.50696
0.52066
0.08210
-0.23369
0.23306
0.35366
-1.13394
0.09381
0.54854
0.29895
0.14620
-0.53324
-0.37452
-0.27342
-1.88183
0.00526
0.13467
0.15908
-0.26641
0.35395
-0.31502
0.31890
-0.69620
0.46591
0.66198
-1.06886
-0.35510
0.45847
0.01585
0.07282
0.35142
0.42591
-0.64853
0.18654
-0.05789
0.10436
0.39232
0.21984
0.31208
0.26373
0.07034
-0.35809
0.07840
0.14492
0.08039
-0.33523
0.05685
0.16723
0.76274
-0.55790
-0.23882
0.14452
0.21714
0.30736
0.31045
0.44249
-0.53475
0.00188
0.25407
-0.23097
0.19802
0.06482
0.23801
0.39725
-0.15758
0.16532
0.08372
0.17334
-0.36392
0.23008
0.18176
-0.02364
0.00915
0.48013
-0.16016
-1.09241
0.13145
0.27815
0.11769
-0.07850
-0.32161
0.23991
0.11469
0.43712
0.16072
0.09733
-0.01644
0.28638
-0.11540
-0.06528
-0.72704
0.11776
-0.13600
0.08181
-0.10425
-1.08567
0.19675
-0.43503
-0.64908
-0.01036
-0.85031
0.23731
-0.49244
-0.58339
-0.37113
0.51146
0.11404
-0.03763
0.14223
0.15129
0.75096
-0.45485
0.28010
0.37788
0.09674
-0.21901
-0.95933
0.19456
-0.59118
-0.41941
-0.45599
0.31193
-0.13985
-0.68729
0.48840
0.37194
-0.40859
-1.15197
-0.70114
0.25456
-0.22163
-0.41381
-0.61639
-0.14524
0.21778
0.09082
-0.84798
-0.09312
-0.23888
-0.28222
-0.73683
-0.08254
0.28914
0.23729
-0.01218
0.08616
0.12404
-0.73898
-0.37934
-0.47087
-1.12754
-0.37617
0.49682
-0.42377
-0.35503
-0.78993
-0.24124
0.17909
0.00115
-0.19783
-0.34824
0.09056
0.55706
0.14946
-0.10819
-0.91211
0.26458
0.29836
0.05742
0.00211
0.24672
-0.62139
0.30892
-0.29643
-0.92627
0.10561
0.09663
0.27046
0.04826
0.36042
0.03996
0.07262
0.16793
0.20186
0.11495
0.25218
0.05353
0.34044
0.28451
0.14232
0.22259
0.08161
-0.79328
-0.14422
0.41564
-0.09940
0.04521
0.33644
-0.12956
0.32393
0.11314
-0.65597
0.00544
0.32765
-0.36311
0.04631
-0.10585
-0.20683
-0.03878
0.27360
0.73916
-1.26858
0.32333
0.02650
0.14202
0.10403
0.18830
-0.19068
-0.29209
-0.42244
0.08284
0.28150
-0.35674
-0.60245
0.07271
-0.59163
-0.13591
0.75522
-0.03532
0.14122
-0.00344
-0.57137
0.14549
0.27573
0.05659
-0.80619
-0.07773
-0.20344
0.30115
0.08525
-0.75853
-0.97199
0.23780
-0.30531
-0.19924
-0.21817
-0.59686
0.19340
-0.34596
-0.23610
0.00708
-0.57836
0.23078
-0.01842
0.10744
-1.21523
0.06065
0.15874
0.52206
-0.16522
0.53163
0.05273
0.45083
0.12897
-0.25742
-0.53579
-0.56524
0.47899
0.48325
-0.11308
0.47641
0.06375
0.13232
-1.15216
0.18304
-1.49028
0.25245
0.38225
0.20585
-0.97257
0.46099
0.14890
0.12180
0.35141
0.36970
0.13571
-0.42075
0.16695
0.34509
0.49458
-0.11139
0.44108
0.04136
0.09346
0.16994
-0.63218
-0.22286
0.13568
-1.12202
0.37054
0.47485
-0.04504
0.12782
-0.07429
-0.14819
0.36614
-0.74009
0.19118
0.35608
0.23086
0.03561
-0.63426
0.23948
0.06758
-0.46317
-0.32137
0.12995
-0.05520
0.10144
0.37836
0.44000
0.23666
-0.69867
-0.27993
-1.94571
0.39650
0.37415
0.47325
-0.18395
-0.00581
0.41288
-0.34913
0.12149
0.10815
0.06860
0.55401
-0.06621
0.03452
-0.17652
-0.02045
-0.11467
0.32393
-0.62094
0.19622
0.13226
0.03050
0.20162
0.21019
-0.59492
-0.05065
0.25188
0.01465
0.13469
-0.27806
-0.17325
0.22919
0.07045
0.20801
0.06621
-0.06492
0.12132
-0.16338
-0.18009
0.29848
0.23992
0.31351
0.00296
-0.36331
-0.17900
-0.21979
0.23112
0.38586
-1.21362
-0.33841
0.19593
-1.19430
0.24302
0.25121
-0.01381
0.17300
-0.60903
-0.03635
-0.56733
0.25453
0.19652
-0.10883
-0.16607
-0.08793
-0.90621
-1.30450
-0.11046
-0.40082
-0.62345
0.04888
-0.95237
-0.04495
0.00280
0.59061
0.27993
-0.68654
-0.37714
0.11681
0.35394
-0.78674
-0.16665
0.40398
0.49504
0.25003
-0.67818
0.17536
0.33163
0.35280
0.09263
0.26031
0.16334
-0.03509
0.26693
-0.66160
-0.02540
0.08084
-0.12339
-0.02836
-0.35492
-0.37142
0.50172
0.51159
-0.27810
0.35750
-0.11228
0.13824
0.20692
0.35300
0.15429
0.40396
-0.05073
0.13674
-0.51177
-0.57668
-1.33579
0.14698
0.15813
-0.01280
0.15732
-1.06449
-0.44740
0.02412
-0.33485
0.10997
-0.13743
0.28869
-0.47147
0.33142
-0.08300
-0.18813
0.12668
0.14189
-0.33456
0.22629
0.24486
0.05810
0.17272
-0.08874
0.54399
0.20863
0.03242
-0.04443
0.52804
-1.20392
-0.24157
0.21957
-0.09286
-0.00606
-0.12641
-0.58827
-0.17211
0.13209
-0.30111
0.10049
-0.42002
0.61901
0.33757
0.08515
-0.14653
-0.01422
0.27613
-0.33382
-1.13300
-0.47403
0.08341
0.16167
0.47517
0.05863
-0.64911
-1.20327
-0.24730
0.11636
-0.40907
0.35447
0.16297
0.25149
-0.02797
0.11105
-0.37800
-0.61568
-0.06356
0.60710
-0.71720
-0.05515
-0.76719
0.37142
0.10244
0.39217
0.10882
0.02942
0.30680
-0.37208
-0.59432
0.35910
0.26865
0.14792
-0.34584
0.13071
-0.01108
0.04391
0.23529
0.02049
0.06627
0.28061
-0.49891
0.03793
-0.60116
-0.13532
-0.44504
0.11671
-0.06661
0.40667
-0.65581
0.46276
0.14602
-0.49242
0.22330
0.71120
-0.01239
0.24908
-1.43384
0.09435
-0.12970
0.17679
-1.35831
-0.17460
-0.33840
0.03818
0.51185
0.06505
-0.32595
-0.09777
-0.36929
0.51606
-0.35059
-0.06821
-0.11481
-0.74183
0.04490
-1.45774
-0.30941
-0.37188
-0.21725
0.22598
0.18184
-0.88582
0.47572
0.48108
-0.25785
0.25734
0.15649
-0.18140
-0.72968
0.29649
-0.15134
0.06925
-0.21986
-0.43081
0.30172
-0.74433
-0.33073
0.22162
0.12897
0.57641
-0.48657
-0.33310
0.25053
-1.10822
0.20324
-0.38794
0.49315
0.11162
-0.73422
0.31040
0.10834
-0.31312
0.30775
-0.16872
-0.33603
0.07387
0.12038
-0.00473
0.01601
0.10683
0.13958
0.04394
-0.59934
-0.76341
0.42331
-0.58086
0.06205
0.38678
0.57835
-0.05485
-0.82767
0.23132
0.21898
-0.57852
0.77410
-0.09683
0.05302
-0.15753
0.14353
0.30333
0.11533
0.36010
0.23123
0.12291
0.18582
0.29944
0.05315
-0.13508
-0.39585
0.27145
0.23223
0.04747
0.11100
-0.45785
-0.21432
-0.34297
0.05791
0.06921
0.18586
-1.54647
-0.09388
-0.89359
0.45863
-0.21243
0.22112
-1.25719
0.07567
0.08543
-1.06645
0.41805
0.22906
0.49813
0.44208
0.08400
-0.97951
-0.08824
0.01780
-0.80842
0.46311
-1.43080
-0.02183
0.04220
0.30868
-0.26663
-0.94001
-0.19954
-0.43907
0.21029
0.21948
-0.30876
-0.18824
0.06742
0.22255
0.21896
0.00159
0.35538
0.05460
-0.42663
-1.09667
0.20070
0.50204
0.36409
-0.26598
0.05700
0.14571
0.34537
0.31637
0.40251
0.02478
0.37904
0.50943
-0.03332
-0.23999
-0.84241
0.22269
-0.84007
-0.26586
0.16427
-0.51166
0.80695
0.13619
0.36814
0.53659
0.39333
-0.72484
-1.00426
0.30632
0.00285
-0.42772
0.24897
0.00538
0.26778
0.40428
0.05753
0.49734
-0.58911
0.08409
0.24501
-0.45726
-0.37514
-0.00179
0.17739
-0.35627
0.00758
-0.90261
-0.05539
-0.76617
0.23573
0.09744
-0.39734
0.33031
0.30015
-0.27224
0.27419
0.47161
0.09407
-0.61849
0.53832
-0.24388
0.21504
0.63970
0.05376
0.08593
-0.08962
0.21776
-0.24173
-0.29324
0.18044
0.06441
-0.40128
-0.68527
-0.27763
0.06124
0.13115
0.12095
-0.30592
0.02946
0.09306
-0.03648
0.34873
0.53124
-0.43947
-0.33297
-1.15780
0.09518
0.48743
0.43242
0.49745
-0.31510
-0.37289
-0.57607
0.09639
-0.63375
0.28489
0.09913
-0.62160
-0.36756
-0.67821
0.19792
0.32744
-0.58729
-0.28035
-0.04232
0.22700
0.32184
0.18285
-0.74270
0.27098
0.11831
0.30564
-0.49618
-0.31088
-0.26670
0.40503
-0.34717
-0.10622
0.08499
-0.32433
-0.33958
0.17325
-0.49818
0.03008
-0.04107
-0.26063
-0.46607
-0.62660
0.05367
0.05803
-0.31343
-0.09301
0.00692
-0.09941
-0.00398
0.06543
0.21579
-0.99776
0.27184
-2.09395
0.62625
0.10790
0.20739
0.24597
0.23942
0.13026
0.09686
0.31345
0.23685
-0.35493
0.20018
-0.24864
-0.15808
0.11199
0.13043
0.65656
0.27194
0.32946
0.41455
-0.06557
0.00568
0.17261
-0.08221
0.09878
-0.63504
-0.52134
-0.46077
-0.69725
0.24460
0.19854
-0.40157
0.35961
-0.01240
-0.61083
0.22916
0.18102
0.04771
0.05330
-0.10409
0.20327
-0.25742
-0.23985
-0.20320
-0.43058
-0.06655
0.21402
0.36844
0.12988
0.79027
-0.33178
-0.36657
0.30298
-0.25219
-0.57557
0.08801
-1.29554
-0.04119
0.44950
-0.30174
0.29480
0.43902
0.69974
0.17320
-0.37648
-0.28376
0.47636
0.13248
0.08272
0.12288
-0.17583
0.48614
0.38329
0.14719
0.10620
-0.32916
-0.16594
0.23556
0.49379
0.04732
0.12943
-0.58638
0.31802
0.11056
0.36693
0.15133
-0.16787
0.34901
0.14371
0.11780
0.80644
-0.76039
-0.26130
0.81042
0.14847
-0.90686
-0.13684
-0.01641
0.28613
0.29834
0.08390
0.22177
-0.87984
0.53032
0.16254
0.01946
0.43733
-0.48348
-0.33672
-1.23691
-0.65698
-0.08592
-0.12885
0.39383
-0.23775
0.13996
0.25902
-0.12092
-0.50659
0.15673
0.53470
0.12912
-0.38502
0.28844
0.11672
0.45987
0.06729
-0.11235
0.51924
0.00488
-0.38846
0.10914
0.30848
0.44140
0.49434
0.24781
-0.36649
0.15244
0.09343
0.12660
-0.43077
0.15959
0.01687
-0.38490
0.59872
-1.00982
0.19828
0.27956
-0.34634
-0.98319
0.05265
-0.00541
0.01874
0.43858
0.18946
-0.64320
0.22040
0.10376
0.51826
-0.85608
0.29068
-0.17878
0.52078
-0.72224
0.02214
0.01730
-0.18173
0.31628
-0.29145
-0.00172
-0.28425
-0.32086
0.04004
0.22876
-0.79496
0.40103
-0.10864
0.16244
0.28280
-0.39235
-1.05339
-0.26204
0.08828
-0.50060
-0.06453
-0.49877
0.12093
0.31969
-0.11170
0.11438
-0.17819
0.13851
0.16571
0.10011
0.04762
0.25699
-0.00640
0.01865
0.27760
0.21262
0.08577
0.44186
-0.00885
0.36877
0.45974
0.14059
-0.86385
0.46673
-0.03013
0.12173
0.07408
-0.33697
0.63086
0.47204
0.08561
-0.56283
0.00959
-0.08291
0.17983
0.28698
-0.07532
0.13156
-0.72906
0.21595
-0.14651
-0.63013
-1.37786
-0.34312
0.13300
0.02546
-0.17771
0.02797
-0.05392
0.07770
0.35108
0.05535
-0.98230
-0.83532
0.09704
-0.28759
0.25562
0.34298
0.01948
0.10374
-0.47738
0.47700
0.44826
0.38481
0.27093
0.08114
-0.28149
0.39986
0.22736
0.06270
-0.24372
0.07904
-0.25756
0.37305
0.64349
-0.67616
0.13558
0.15773
0.13152
-0.22239
0.33360
0.12741
0.23000
0.25643
-0.40625
-0.29867
0.13062
-0.97802
0.08730
0.09019
0.48314
-0.11596
0.11233
-0.10735
-0.33860
0.40700
0.02207
0.21799
0.09088
-0.14694
0.31759
-1.02766
0.10237
0.09852
0.43360
-0.23453
0.50588
0.02553
0.06448
0.06984
-0.31765
-0.37721
0.12981
-0.11595
-1.01612
0.10426
0.50125
0.22256
0.09554
0.13015
0.03804
-0.27286
0.08950
0.10421
0.29617
-0.11895
-0.48444
-0.13414
0.15397
-0.68869
0.41734
0.11177
0.16438
-0.27092
-0.99702
0.15029
0.03278
0.15844
-0.30450
0.09903
0.34209
-1.02644
0.34923
0.30273
-0.57896
-0.04097
0.72280
0.08656
0.29903
0.75448
0.11753
-0.51447
-0.38181
0.31568
0.21656
-1.43637
0.28433
0.45290
0.42352
0.17648
0.02630
0.07415
0.00540
-0.60241
0.11565
0.55815
0.05843
0.17484
-0.76618
0.06344
0.32841
-0.51078
-0.03264
0.15666
0.25331
0.15259
0.45353
-0.28623
-0.24803
-0.11271
0.41327
0.24531
-0.39694
0.33782
-0.19547
0.35531
0.22807
-0.33083
-0.42849
-0.92289
-0.06483
-0.12097
0.13273
0.12376
-0.00939
-0.27363
0.31448
0.09011
-0.11215
0.03606
0.08686
-0.35199
0.18195
-0.18652
0.07277
0.11160
0.21950
0.35998
-0.37990
0.30567
0.77779
-0.67356
-0.40260
0.36460
-0.94498
0.15101
0.10201
0.51337
0.06704
0.01665
-0.27945
-0.32372
-0.23037
-0.24140
-0.10566
0.23965
0.01806
-0.11252
0.24487
-0.36544
-0.07892
0.25549
0.49676
0.01749
-0.59423
0.11274
0.33957
0.10119
-0.01578
-1.35976
-1.29952
-0.02519
0.48321
0.04372
-0.08147
0.48491
0.22865
-0.27626
-0.06887
0.15271
0.15490
-0.02710
0.43225
-1.39015
-0.12923
-0.81035
-0.15577
0.14566
-0.41749
0.21881
-0.49678
0.00956
-0.04423
0.35651
0.42769
0.01909
-0.01372
-0.51541
0.25672
-0.09212
0.38278
0.00192
0.18959
-0.88591
0.09859
0.07879
-0.34638
0.20766
0.44057
0.10569
0.33210
0.13861
0.05228
0.10196
0.06534
0.40685
-0.22225
-0.50580
0.33063
0.00169
-0.43499
0.24112
0.37009
-0.83585
0.12642
-0.04472
-0.45645
0.02332
0.12517
0.37198
-0.33672
-0.64031
-0.36087
-0.01579
0.32633
0.73846
0.04334
0.33241
-0.39695
0.24515
0.35727
0.06265
0.00287
-0.37027
-0.72287
-0.21032
0.32333
-0.52115
0.40406
-0.01677
0.30627
0.03301
0.05559
-0.26768
-0.64039
-0.13560
0.12624
-0.43345
0.18082
0.09417
-0.36599
0.20867
-0.09141
0.13394
-0.39597
0.12985
0.52274
0.30017
-0.24921
-1.04984
0.01659
0.06498
0.12027
0.04892
0.47232
-0.74257
-0.10595
0.04307
-1.40034
-0.43379
-0.13255
-0.06182
0.26432
0.14376
0.06912
-0.10669
0.14389
0.06032
-0.46306
-0.81703
0.15296
-0.17745
-0.23963
-0.33756
0.66484
0.13033
0.17254
0.28265
0.42169
0.06711
0.02330
0.05856
0.13551
-0.01162
-1.14820
0.09457
-0.83633
0.06718
-0.29364
0.06925
0.09939
-0.46929
0.01877
0.53765
0.44267
0.21984
-0.66687
-0.06020
0.03219
0.08281
0.07009
0.06719
0.31018
0.32575
0.12812
0.10215
-0.27772
0.08581
0.19584
-0.58833
0.11850
0.16749
0.16745
-1.29643
0.37059
0.50340
0.08615
-0.50270
0.11021
0.34357
0.08048
0.18202
0.11192
0.33531
0.08356
0.36981
0.21919
0.41865
0.09220
0.23786
0.04428
0.29104
-0.35952
0.20167
-0.19823
0.13616
0.18541
0.35976
-0.29794
-0.38528
-0.04108
-0.03695
0.03420
-0.39547
0.04650
0.26325
-0.68664
-0.31548
0.72156
-0.00290
0.14408
0.33441
-0.04268
-0.92753
0.16474
0.13619
0.41804
0.03872
0.38964
0.34601
-1.03093
0.00233
0.08077
0.03590
-0.34243
0.31162
0.10880
-0.05069
0.03040
0.74791
-0.23424
0.41543
-1.16346
0.34164
-0.11956
-0.03252
0.24583
0.36890
-0.15603
-1.22380
-0.71857
0.15531
0.60681
-0.15022
0.40197
0.04266
0.21526
0.35033
0.04254
-0.38306
0.55898
0.40069
0.54255
0.30543
-0.03326
0.10408
0.03319
0.06817
