0.03109
0.20605
-0.67884
-0.42135
-0.02122
0.12851
-0.15504
0.05267
-0.00423
0.14942
-0.48178
-0.59518
-0.23704
0.08538
0.11090
-0.03287
0.10078
0.28378
-0.13965
-0.11332
0.16895
-0.48835
-0.10178
-0.45952
0.15144
0.16027
0.15236
-0.47747
0.32682
0.02135
0.04214
-0.42034
-0.11979
-0.24732
0.00593
-0.05232
-0.23658
-0.04776
-0.16857
0.02602
-1.35191
0.02269
-0.16912
-0.46005
-0.16786
0.15037
0.08038
-0.42009
0.21965
0.08849
-0.12419
-0.55977
0.15724
-0.54424
-1.20134
-0.30051
0.09737
0.06505
0.26377
-0.12857
0.15782
0.11645
0.22188
0.05786
0.09809
-0.06164
0.07984
-0.40930
0.01075
-0.34932
0.27467
0.02754
0.16547
0.13050
-0.31039
0.24877
0.08652
-0.05690
-0.24298
-0.10988
-0.06150
0.15544
0.04373
-0.17413
-0.07632
-0.41080
-0.20363
0.17087
-0.52663
-0.10516
-0.73340
-1.20210
0.75594
-0.06522
0.03485
-0.14156
-0.02797
-0.06032
0.04858
-0.63679
0.11242
-0.28955
-0.08827
-0.09377
-0.08859
0.08778
0.01125
-0.03915
-0.28896
0.00206
0.21805
-0.40853
-0.51009
-0.06615
-0.01532
-0.92398
-0.53341
0.37257
0.13039
-0.37772
0.22059
0.01243
-0.17681
0.14570
-0.52757
-0.72817
0.07927
-0.15476
0.11211
-0.44370
-0.08850
-0.05261
-0.42019
0.05222
-0.72400
-0.04434
0.13895
0.27495
-0.04281
-0.03231
-0.49914
-0.43546
-0.29874
-0.04671
0.39143
-0.00553
0.12715
0.28064
0.09188
-0.09864
-0.44599
-0.15462
-0.13493
-0.03824
-0.01227
-0.19647
-0.72686
0.00417
0.09868
-0.09701
-0.06565
-0.15469
-0.12817
-0.82142
-0.09619
-0.82227
0.20711
-0.37518
0.14514
0.12373
0.12995
0.01795
-0.25508
0.09413
-0.27582
-0.20604
0.07015
-0.80488
-0.00206
-0.33653
-0.14577
0.27016
-0.25042
0.12188
0.20303
-0.41388
0.08110
0.05501
-0.18480
-0.59887
-0.23918
-0.21291
-0.03192
-0.22696
-0.53680
-0.14598
-0.39062
0.02029
0.08926
-0.88876
-0.77209
-0.15333
-0.35115
0.09527
-0.08706
-0.03622
0.06036
-0.62244
-1.17238
-0.29099
-0.11583
0.28489
-0.27115
-0.00992
-0.25510
-0.31154
0.18746
-0.36732
-0.14514
-0.17122
0.09959
-0.29545
0.03643
-0.41178
0.01179
0.11454
-0.25645
-0.17168
-0.32898
-0.29486
0.23764
-0.03464
-0.18895
-0.26452
0.11724
0.18803
-0.09247
0.08623
-0.23391
-1.02537
-0.11215
0.22545
0.07650
0.12226
-0.25967
0.08227
0.00949
-0.13736
0.17091
0.17481
-0.19386
-0.67903
0.27970
-0.21191
0.04750
-0.07111
-0.20736
0.06838
-0.44738
-0.20112
0.01334
0.12997
-0.28613
0.03530
-0.36939
-0.19664
-0.00512
0.11637
0.12128
0.04606
0.10521
-0.34390
-0.43684
-0.52185
-0.01411
-0.04607
-0.34059
0.12838
-0.02875
-0.20130
0.15275
0.10416
0.14715
0.08190
-0.04219
-0.66200
-0.22194
-0.61790
0.20837
-0.04726
0.16689
-0.25282
-0.24375
-0.19894
0.09398
0.05140
0.16674
0.04445
-0.58682
-0.31277
-0.26227
-0.09522
-0.20850
-0.13650
0.17174
-0.33946
0.08204
0.52339
0.11585
-0.12334
0.07639
0.06732
0.04433
-0.55529
-0.03652
0.12199
0.14976
-0.42214
-0.16881
-0.17556
-0.04830
-0.11683
-0.21619
-0.75134
-0.05277
-0.14340
-0.83926
0.21599
0.20706
-0.27329
-0.00705
-0.10815
0.05942
0.10915
-0.12146
-0.26748
-0.46369
-0.06092
0.22125
-0.01195
0.13062
-0.10637
0.03197
-0.00815
-0.14843
0.30598
0.07477
0.08003
0.12444
-0.07502
0.12501
0.24491
0.23351
-0.26618
0.09746
-0.01448
-0.26614
0.02113
0.13188
0.01418
0.19914
-0.06128
-0.15527
-0.38290
-0.28268
0.04686
-0.17505
-0.54814
-0.41913
-0.01306
0.14321
-0.54385
-0.37905
0.10707
-0.41752
-0.30870
-0.67445
0.04769
-0.02104
0.03008
0.01487
0.03999
0.18578
0.02162
-0.06279
-0.07295
-0.23711
-0.52360
-0.10455
-0.26670
0.16639
0.03618
0.12062
-0.55365
-0.12935
-0.92688
-0.60748
-0.22691
0.09349
0.15333
0.01146
-0.23426
-0.44745
-0.24504
0.13386
-0.15529
-0.22657
-0.15652
0.36414
0.00285
-0.39654
-0.80336
0.07983
0.08542
-0.00339
-0.06079
0.10789
-0.02661
0.06703
-0.23125
0.06658
0.01072
-0.23571
-0.63295
0.05604
0.01991
0.13896
0.14612
0.12652
0.04775
0.11594
-0.09798
-0.08536
-0.33190
0.03439
0.14645
-0.49769
-0.00215
-0.29920
0.04531
0.10213
-0.14877
-0.17550
0.13413
0.32344
-0.73004
0.36090
-0.26625
-0.03069
-0.15765
0.14802
-0.26663
-0.35990
-0.41465
-0.04227
-0.10620
0.03519
0.13018
-0.32521
-0.29118
0.15584
0.12961
-0.13943
0.06530
-0.09798
0.04714
-0.21251
0.12309
0.09360
-0.26404
-0.21516
0.15214
-0.25504
-0.67468
-0.08799
-0.19745
-0.20199
-0.37447
-0.12339
0.28637
0.17301
-0.52295
-0.04393
-0.30520
-0.77569
0.02239
-0.30090
-0.11229
-0.25022
0.14482
-0.31393
-0.11052
0.02345
-0.02704
0.10428
-0.17702
-0.47337
-0.22286
-0.08920
-0.21991
-0.75573
0.06882
0.17381
0.00762
-0.37732
0.10702
-0.01561
-0.12958
0.00234
-0.19118
0.14186
0.05505
-0.37922
-0.57312
-0.03234
0.09642
0.15708
-0.20612
-0.22897
-0.15408
-0.41008
-0.18011
0.11073
-0.47128
0.21349
-0.23378
-0.02811
-0.42283
-0.00375
-0.31747
-0.20217
0.21330
0.03911
-0.25032
-0.02170
-0.09092
-0.26679
0.22395
-0.12015
0.05038
0.21246
-0.07256
-0.64700
-0.66138
-0.12688
-0.34893
0.21537
-0.00003
-0.43703
0.07117
-0.43803
-0.01803
0.12680
0.36081
-0.08702
-0.49537
-0.62970
-0.05105
-0.00171
0.06594
-0.31638
-0.24673
-0.07952
-0.15056
-0.23111
-0.78877
-0.01936
-0.06473
-0.02917
0.21747
-0.05029
-0.31014
-0.00649
-0.63433
0.31796
-0.23839
-0.24747
-0.20562
-0.34142
-0.11012
-0.41212
-0.01896
-0.11725
-0.15931
-0.98799
-0.78154
0.34502
-0.03027
-0.38249
-0.37807
-0.38361
-0.03574
0.15876
0.33652
0.08787
-0.07106
-1.30829
0.05447
-0.27324
0.16234
-0.27900
-0.12997
0.01516
-0.20704
0.04784
0.09830
-0.06836
0.13323
-0.10093
0.05036
-0.45571
-0.04881
0.07408
0.16432
-0.85586
-0.05372
-0.21945
0.22999
-0.37771
-0.27955
0.00435
-0.18742
-0.11570
-0.01789
-0.00992
0.24367
0.19651
-0.30122
-0.19237
0.13381
0.19221
0.12838
-0.71521
-0.64682
0.18018
-0.48739
-0.47953
-0.17673
0.15262
-0.03669
0.03432
-0.11776
0.26596
0.03429
0.12887
-1.11996
0.07070
-0.43638
-0.33086
-0.01838
-0.53307
-0.13320
-0.03883
0.07084
0.06889
0.23663
-0.20190
-0.15446
0.05798
-0.25701
-0.55606
0.12332
0.01863
-0.06693
-0.21845
0.00081
0.15978
0.01469
-0.02806
-0.78502
-0.20726
-0.26072
-0.21595
0.14212
-0.34859
-0.52818
-0.25118
-0.25664
0.20280
0.03329
0.04689
0.12649
-0.00103
-0.70031
0.08981
-1.21911
0.02363
-0.06616
0.00747
-0.30886
0.00694
-0.63766
0.10612
-0.14798
-0.31436
-0.64088
0.29658
-0.36731
0.41758
0.41197
-0.45876
0.13060
0.05516
0.02913
-0.06744
-0.36575
0.11939
-0.68360
-0.45069
-0.11319
-0.01864
-0.40027
0.04238
-0.41701
-0.18116
-0.33248
-0.41440
0.11997
0.21321
-0.18915
-0.04196
-0.21138
0.06290
-0.47187
-0.73803
-0.09366
0.32816
-0.14232
-0.18460
-0.41638
-0.03060
-0.28713
-1.04355
0.09942
0.15109
-0.31732
0.06175
-0.04234
0.11239
-0.21064
-1.06438
0.18548
0.07588
0.26434
-0.26570
0.10847
0.32298
0.02422
0.10527
0.14572
0.15754
0.16818
0.14323
0.06096
0.08461
0.06924
-0.11735
0.02488
-0.22202
-0.69555
0.16885
0.04832
0.23142
-0.27917
-0.26518
-0.04179
-0.00584
0.07732
0.00520
0.23944
-0.50387
-0.10136
-0.30914
0.13471
-0.35112
0.00503
-0.12787
-0.64328
-0.08934
0.05110
0.03021
-0.35606
0.09648
0.04262
-0.36753
-0.37258
0.01779
-0.07782
0.07741
-0.03445
-0.00835
-0.73841
-0.10336
-0.26961
0.23029
-0.25004
0.00614
-0.28297
0.13690
0.01909
-0.12602
-0.64875
-0.45660
0.08232
-0.33469
-0.32740
0.15445
-0.15080
0.13946
0.30257
0.02089
-0.10003
0.12714
0.14665
0.36777
0.31847
0.08686
-0.06913
-0.26662
-0.48758
-0.03674
-0.04801
0.04226
-0.54519
-0.46360
0.15986
-0.08393
0.01903
-0.10101
-0.40852
-0.05095
-0.65463
0.09051
-0.12390
-0.78039
0.00212
0.26188
-0.46484
0.12605
0.06300
0.07911
-0.01557
-0.07035
0.17282
-0.13487
0.19887
0.15460
-0.39130
0.00331
-0.05249
0.11073
-0.75743
-0.68311
0.15325
0.10175
-0.35104
-0.01354
-0.46830
-0.49091
-0.21618
0.05516
-0.09327
-0.26736
-0.61967
-0.27230
0.10877
-0.11514
-0.22099
0.15259
-0.27865
0.19770
0.06117
0.11707
0.17674
-0.17703
-0.25983
0.07242
-0.00023
-0.75638
-0.04753
-0.29235
-0.35043
-0.13589
-0.21087
0.02454
0.24217
0.00371
-0.23167
0.03860
-0.14867
-0.36541
0.00743
-0.19627
0.01864
0.12735
0.09531
-0.31659
-0.11045
-0.28190
-0.26442
0.14102
-0.37235
0.15638
0.09817
-0.28193
-0.88484
-0.13872
0.13182
-0.37220
0.21665
0.04478
-0.26375
-0.09742
-0.45934
-0.13689
0.05311
-0.43584
0.08657
-0.40386
0.08898
-0.13729
-0.25957
-0.17264
0.15373
-0.87408
0.07657
-0.51213
-0.20794
-0.09386
-0.59800
0.14483
0.21523
-0.22856
-0.80021
0.05007
-0.07655
0.44188
-0.04599
-0.64267
-0.07016
0.03709
0.05331
0.10033
-0.07830
-0.00371
0.19104
-0.23913
-0.06461
-0.62737
0.12072
0.05060
-0.18563
0.16599
-0.87743
0.10289
-0.42893
0.22347
0.24189
0.21487
-0.37248
-0.04238
0.05234
-0.99608
-0.10059
-0.37627
-0.12190
0.09593
-0.18980
-0.15934
-0.09185
-0.65349
0.02566
0.01480
0.13545
-0.32547
-0.00445
0.03886
0.08771
-0.33009
-0.25427
-0.28064
0.00690
-0.53943
-0.10295
-0.32953
-0.72553
-0.11030
-0.15771
0.11823
-0.38534
-0.76761
0.14412
-0.24436
0.24512
-0.05605
-0.13420
-0.08918
-0.13675
0.35075
0.32632
-0.42574
0.47114
0.10268
0.16903
-0.27767
-0.25465
0.18244
0.39264
0.17038
0.09598
0.25582
-0.13200
0.07526
-0.00369
0.19084
0.36951
0.15420
0.15981
0.09134
0.20091
0.40833
0.17894
0.22126
0.35706
0.45631
0.16728
0.19152
-0.96257
0.16037
0.21515
0.03431
0.27249
0.12541
-0.04832
-0.21974
0.17965
0.30569
0.32601
0.31350
-0.41172
-0.38644
0.29387
-0.25092
0.26100
0.34839
0.31363
0.29837
-0.45319
0.31170
0.29078
-0.33729
0.05651
0.15179
0.76932
0.04634
0.13546
-0.04016
0.26521
0.22154
0.31379
0.14984
0.14942
0.19868
0.20766
0.17211
0.24151
0.18114
0.25360
-0.13362
0.54841
0.16701
0.19343
-0.00583
0.21101
0.14768
0.38986
-0.03624
-0.05094
-0.05380
0.13653
-0.06820
0.16478
0.10352
-0.30194
-0.01965
0.32435
0.05842
0.37605
-0.42820
0.16301
-0.33210
0.13637
0.23534
-0.02742
-0.15312
0.42690
0.41723
0.45145
-0.98716
-0.11510
-0.05038
0.10066
0.06484
-0.27269
-0.38654
-0.12427
-0.29459
0.00394
-0.67783
-0.36937
0.57805
0.18372
0.32667
0.14815
0.18096
0.12525
0.49503
-0.33007
0.25757
-0.28360
-0.02566
0.24584
-1.99690
0.24886
0.17539
-0.48120
-1.13820
0.34765
-1.14643
0.18593
0.49687
0.08037
0.37225
0.41393
0.27821
0.28003
0.20028
-0.97710
0.19057
0.19142
0.26373
-0.36549
0.18749
-0.01651
0.46421
0.14596
-0.27560
-0.06943
0.20164
0.01160
0.45289
0.11817
0.34393
0.28916
-0.05399
0.30348
0.52733
0.15502
-0.38388
0.58462
0.50263
-0.10708
-0.02007
-0.39008
-0.00123
-0.73586
0.86697
0.13700
0.32277
-0.54204
0.54310
0.39434
-0.38565
-0.24155
0.34535
0.37802
0.34380
0.13248
0.20675
0.12464
0.09703
0.32315
0.03306
-0.39250
0.38152
0.11576
0.33312
0.45799
0.17855
0.09539
0.38917
0.31977
-0.40385
0.28432
0.02973
0.31820
-0.14192
0.40953
0.26111
-0.09466
-0.37911
0.12042
0.13288
0.07215
0.41630
0.05395
0.02735
-0.73112
-0.73125
0.26737
-0.05566
0.24163
0.03582
0.30653
0.06732
0.26080
0.22282
0.10630
0.27001
0.10581
-0.03683
-0.02639
0.01985
0.39306
0.15702
0.19729
-0.36504
0.10365
0.27883
-0.26729
0.04222
0.37953
-0.19738
0.18166
-0.00955
-0.37292
-0.19047
0.56230
0.66403
0.14562
0.09054
-0.43262
-1.02991
0.21808
0.14244
0.54622
-0.33276
0.22364
0.21124
0.16908
-0.60847
-1.50213
0.21369
0.24160
0.30164
0.28463
-0.35951
-1.08275
0.35357
-0.64600
0.07532
0.17047
0.18581
0.07511
0.11327
-0.60176
-0.15462
0.57823
0.11332
0.13537
0.12842
-0.10125
-1.19790
-0.03435
0.51987
0.35883
0.69291
0.14446
-0.45586
0.78520
-0.64734
-0.37972
0.27908
-0.31873
-1.29104
0.38592
-0.32645
-0.23501
0.23717
0.32547
0.43454
0.12682
-0.27000
-0.08768
-0.61343
-0.43500
0.20392
0.06633
-1.10998
-0.45879
0.16207
-0.68408
-0.85892
0.18134
0.07090
-0.69536
0.34054
-0.42256
0.06678
-0.42268
0.30182
0.24842
0.35775
0.03078
-0.72217
0.08734
-0.03458
0.04176
0.41111
0.02158
0.60004
0.43854
0.34090
0.32598
0.27971
0.26936
0.57563
-0.57681
-0.91467
0.40392
-0.31079
-0.17557
0.07050
0.23533
0.33865
0.19473
-0.02092
0.40884
0.33928
-0.10758
0.31841
0.58820
0.27752
-0.30542
0.28451
-0.21412
-0.20269
-0.26385
0.22580
0.20365
0.30953
0.30526
0.36735
-0.39271
0.23848
0.23328
0.11424
0.29949
0.09765
-0.89536
0.11373
0.02342
0.22410
-0.36456
-0.01559
-0.54749
0.38998
0.54723
0.24166
-0.17612
-0.27667
0.37042
0.24803
-0.38310
0.10982
0.11117
-0.36698
0.20697
-0.16480
-0.07725
0.20356
0.09251
-0.17256
0.43498
0.38749
-0.29532
-0.36912
0.20711
0.01613
0.58366
0.79729
0.30638
0.43182
0.14260
-0.31241
-1.14179
-0.19847
0.17451
0.11889
0.37205
-0.09007
0.30151
-0.08838
-0.75557
0.10673
-0.38816
0.51114
0.11829
0.12724
0.07025
-0.00659
0.11287
0.51760
-0.32303
-0.75031
0.25291
0.26444
0.38151
0.03974
-0.61894
0.23091
0.31044
0.15488
0.08145
-0.74399
-0.63594
-0.63498
0.30344
0.02117
-0.37621
0.29800
-0.14240
0.17024
-0.42605
-0.01917
0.16084
0.07612
-0.65730
0.04393
0.10805
0.09413
0.22949
0.31603
0.32076
0.11492
0.34068
0.34924
0.39057
0.21230
0.59215
0.59935
0.28049
0.68771
0.38049
0.07243
0.27328
0.12055
-0.06408
0.12140
0.35884
0.00323
-0.39595
-0.66621
0.28540
0.39543
0.44149
0.02899
0.14715
0.31574
-0.73071
0.29675
0.13514
0.12821
0.13885
0.03090
0.38693
-0.17598
0.04061
0.20517
-0.26917
0.43529
-0.16642
0.22400
0.38478
0.42144
-0.24026
0.25875
0.52834
-0.89068
0.45490
-0.00504
0.11113
0.11501
0.32087
0.21540
0.45995
0.10592
-0.38129
0.20575
-0.49674
-0.38642
0.01048
0.72320
0.05817
0.02718
0.60374
0.48376
0.40311
0.21927
-0.70947
0.13239
0.32193
0.17664
0.15049
0.08905
-0.02632
0.39168
0.06971
0.34906
0.41409
0.22867
-0.43184
-0.14698
0.35640
-0.14231
0.30163
0.49107
0.21984
-0.36555
0.62539
-0.16786
0.15147
0.02110
-0.39593
0.48075
0.19581
0.22115
0.15317
0.20006
-0.00114
0.61863
0.29188
0.14919
-0.24836
0.76685
-0.48423
0.35123
0.06130
0.24915
0.26709
0.36137
0.15499
0.53288
0.07885
0.46071
0.29508
0.33158
0.02837
-0.31080
0.37034
0.06613
0.08887
0.45632
0.00933
-1.41348
0.18775
-0.24429
0.07640
0.39368
0.11466
0.33578
-1.24822
0.09626
-0.71460
0.15561
0.08248
0.20372
0.28055
-1.12866
-0.38627
0.28086
-0.39518
0.18179
0.17293
0.16645
-0.70890
0.40203
-0.13458
0.07868
0.13182
0.08521
0.05370
0.31499
0.00824
0.09569
0.55671
0.11019
-0.48458
-0.34197
0.40096
0.00431
-0.42851
0.32554
-0.50990
-0.63999
0.00470
0.33620
-0.95190
0.03367
0.27021
0.25148
-0.05064
0.20872
-0.64047
0.43076
0.16586
0.13656
0.16275
-0.01748
0.16508
0.11721
0.16070
0.20771
0.73216
0.19304
0.16194
-0.12204
0.29163
-0.54884
0.24298
0.14542
0.19439
0.31189
0.23048
0.47972
0.28054
-1.21703
-0.02596
-0.49724
0.24543
0.27858
0.05549
-0.77295
0.23272
-0.22678
0.10906
0.10837
0.07371
0.05696
-0.58406
0.31048
0.30478
-0.52474
-0.28842
0.48097
-1.10410
0.30572
0.34838
-0.02613
-1.15097
0.06003
-0.29958
0.35737
0.82292
-0.02733
0.12702
0.24553
-0.18176
0.06032
-0.30186
-0.10359
0.26217
0.12068
0.36853
0.33072
0.11472
0.06090
0.41059
-0.40713
0.10809
0.29877
0.23888
0.30045
-0.62187
0.22558
-0.10509
0.24839
-0.89899
0.64676
0.21137
0.20869
0.24455
-0.12570
-0.09938
0.24297
0.58679
0.05565
0.31550
0.30872
0.25178
-0.56240
-0.06231
0.05134
0.51887
0.25261
0.42590
0.11392
0.12288
-0.06557
0.23871
-0.38635
-0.07545
0.30664
0.31164
0.07355
-0.34573
-0.62876
-0.83738
0.27406
0.17304
-0.16070
0.36383
-0.68028
-0.82109
0.13457
-0.20815
0.04612
-0.22349
-0.04603
0.20986
-0.20268
0.20203
-1.28443
0.07944
0.79865
0.56525
0.36915
-0.34183
0.09230
0.21707
-0.62121
0.23158
-0.42710
0.41597
-0.39310
0.06545
-0.32999
0.39495
-1.23371
0.45362
0.14021
0.45804
-1.05104
0.46790
-0.28356
0.26866
-0.25855
0.44732
0.37187
-0.18120
0.58580
0.02437
-0.15948
-0.36597
-0.43813
0.40605
-0.30994
0.36612
0.24937
0.31177
-0.44709
-0.50928
0.15182
0.31258
0.58742
0.51445
0.33523
0.33495
0.09474
0.58984
0.31175
0.30919
0.04037
0.34607
-0.43036
0.28916
-0.88962
0.14342
-0.62356
-0.01029
0.03666
-0.18249
-0.64825
0.20730
0.25692
0.27637
0.02634
-0.06438
0.15939
-0.10349
0.55054
-0.43792
0.20885
0.65847
0.25358
0.16160
0.18716
0.17369
-1.20960
0.33825
0.48570
-0.81432
0.15240
0.47565
0.48571
0.33093
0.34547
-0.37100
0.30699
-0.25942
0.07386
0.27176
0.45347
0.42363
-0.62482
-0.45200
-0.15234
0.17136
0.03067
-0.76050
0.14201
-0.13426
0.37374
-0.09355
0.74430
0.42450
-0.29136
0.17631
0.16733
-0.27652
-1.21629
-0.64412
-0.70227
0.33987
0.18057
-0.36394
0.37334
-0.04039
0.80928
0.17814
0.17699
-0.24874
-0.00912
0.15865
0.28450
0.68400
0.06608
-0.16973
0.32130
-0.14930
0.25865
0.36740
-0.04928
-0.17383
-0.39040
0.34678
0.09132
-1.27253
-0.38065
-0.03688
0.68734
0.03391
0.13598
0.35576
-0.08201
0.22514
-0.88352
-0.46953
-0.04431
0.17519
0.11962
0.83905
0.28958
0.16555
0.34186
-0.66397
0.32974
0.11285
0.44699
0.17472
0.30953
0.00580
-1.09364
0.21351
0.52808
-1.17002
-0.17774
0.21861
-0.36300
-0.65889
0.16099
0.05957
0.57801
0.22033
0.13438
-0.27703
0.29887
-0.61257
0.32387
0.10254
0.24150
0.49354
0.19126
0.35392
0.11738
0.09748
-0.06926
0.09738
0.00872
0.05526
0.65906
-0.42018
0.28696
0.32163
0.17614
-0.49027
0.03150
0.18947
-0.22051
0.18353
-0.39665
-1.24900
-0.24548
0.35452
0.44070
-0.15237
0.10364
0.19245
0.24442
0.32559
-0.28960
0.42594
-0.09830
0.60308
0.19712
-0.04364
0.03726
0.24847
0.11576
-0.01196
0.19199
0.17455
0.20652
0.19891
0.05200
0.52322
0.12943
0.24316
0.17939
-0.53182
0.18317
-0.01744
0.23160
-0.38323
0.43488
-0.46834
0.26692
0.42982
0.12174
0.43284
0.06477
0.44779
0.27822
-0.83125
-0.06926
0.39673
0.44508
0.24322
0.03296
0.21442
-0.07470
-0.43174
0.37216
0.10594
-1.16745
-0.02987
-0.59558
0.29886
0.26080
-0.41634
-0.81589
0.15882
0.73776
0.32883
0.40271
0.39415
0.12920
-0.02773
0.01540
0.06357
0.00212
-0.24919
0.20433
0.31890
0.05612
0.01251
0.32959
0.22708
0.52434
0.19421
0.11181
0.04669
0.72973
0.20110
0.24930
0.43941
0.21766
0.02374
0.36066
0.19041
-0.49487
-0.18036
0.47209
0.51001
0.14823
0.23483
0.15714
0.08877
0.24341
0.34090
0.13087
-0.23376
0.27672
0.17689
-0.22894
0.78845
0.34082
-0.00044
0.21065
-1.02190
0.36714
0.35402
0.08322
0.30942
0.15347
-0.04634
-0.80835
0.29497
0.24728
0.01785
0.21936
0.72646
0.18696
0.34253
-0.46460
0.50998
-0.06367
-0.20972
0.42255
0.64718
0.00167
0.56116
0.11158
-0.70847
-0.45519
-0.24640
-0.24520
0.39660
0.03953
0.42654
0.14310
0.39347
0.13647
-0.39368
0.30306
0.18851
-0.48455
0.06947
-0.47106
0.06485
0.16943
0.34311
0.48650
0.10367
0.39480
0.30870
-0.15750
-0.53048
-0.07790
0.34998
0.36523
-0.41092
0.29939
-0.17748
0.40644
0.55083
-0.76111
0.38639
0.20470
0.37077
0.19264
0.13990
0.10993
-0.01171
0.29375
0.65365
-0.60088
0.14364
0.12583
-0.82791
0.23429
0.20087
-0.38223
0.17754
0.31058
0.00488
0.06372
0.35560
0.43866
0.25155
0.08506
0.28029
-0.17641
0.34630
0.10428
0.50057
0.67439
0.42548
0.12837
0.17958
-0.37931
0.12287
0.23677
0.30912
-0.39235
0.25141
-0.20946
0.25300
0.66891
0.41135
-0.08518
0.39026
0.06153
-0.23779
0.15806
0.07024
0.24410
0.36255
-0.68939
0.22386
0.27007
0.33479
-0.13485
0.14501
-0.59526
0.37008
-0.02795
-0.57017
0.21848
0.20675
0.16003
-0.69499
-0.54632
0.35565
0.53991
-0.40550
0.57292
0.50160
0.24257
0.02107
0.07328
-0.39126
0.50372
0.43073
-0.52133
0.05748
0.14063
-1.14206
0.38965
-0.07326
0.24469
0.33754
0.08319
0.18118
0.45202
0.38623
0.21461
0.23838
-0.22407
0.10826
0.31101
0.36416
0.33345
0.58657
0.22965
0.37677
0.31216
0.23521
0.19716
-1.18868
0.41567
0.21251
-0.50853
0.09491
0.24102
-0.42039
0.23212
0.18067
0.24850
-0.54955
0.20372
-0.32088
0.22684
0.10867
-0.05888
-0.47101
0.25903
0.15539
0.28685
0.56652
0.33649
0.10656
-0.40501
0.04772
0.23377
0.32198
-0.32558
-0.17489
0.29801
0.35749
0.39235
-0.69335
0.18548
0.56270
0.15940
-0.00937
0.13627
0.15443
0.34344
0.40231
0.10179
-0.69718
-0.41308
0.24819
0.51332
0.59621
-0.66432
-0.98462
0.14600
0.21235
0.04379
0.38697
0.14322
-0.34431
0.34721
0.10827
0.05338
-0.29855
-1.27486
-0.02963
0.54888
0.06816
0.21339
0.13195
0.22505
0.34813
0.32947
0.16906
0.30284
0.04239
0.17179
0.34160
-0.03948
0.22588
-0.26525
0.33561
-0.09686
-0.05418
0.18597
0.66254
-0.73566
0.37148
0.32236
0.31409
-0.39120
0.32684
0.29125
0.19753
0.22652
0.24507
-0.36872
-0.34679
0.20763
0.18981
0.33214
0.00031
-0.21306
-0.54150
-0.00326
0.07568
-0.09621
-0.35595
-0.01168
0.13604
0.20769
0.27441
0.27198
-0.21868
0.09579
0.18623
0.30361
-0.41064
0.34293
0.00043
-0.09093
-0.63231
0.22947
-0.13881
-0.02097
-0.01456
0.33678
-0.90732
0.38515
-0.44524
-0.23497
0.42197
0.24621
0.89991
0.16080
-0.16957
0.07109
-0.21774
0.24384
0.59227
0.57248
0.30186
0.49149
0.15101
0.44713
0.39828
0.19782
-0.35475
0.42556
0.35149
-0.07960
-0.05249
0.11808
-0.21361
0.26345
0.21753
0.14897
0.33249
-0.09877
-0.07250
-0.18880
-0.10024
0.17069
0.30505
-0.22070
-0.05941
0.48208
0.31460
-1.01159
-0.46074
0.44903
0.14664
0.09098
-0.67161
0.28653
-0.87744
0.25176
0.26668
0.45598
0.19677
0.37125
0.40471
-0.35407
0.25625
0.59690
0.33494
0.05969
0.35092
-0.65383
-0.40063
-0.42361
0.34039
0.64457
0.22151
0.31446
0.15023
0.15031
0.00375
-0.25984
0.22434
0.15600
0.32856
0.29995
-0.17416
-0.22695
-0.02330
0.10059
0.14872
0.59531
-0.46376
0.30389
-0.23064
0.15240
0.15554
0.12855
0.20150
0.24097
0.37076
0.33007
-0.36304
-0.64938
-0.46181
-0.71869
-0.19665
-0.02412
0.21291
-0.32951
0.39245
-0.35934
0.01253
-0.13770
0.28031
0.29403
-0.38244
0.34436
-0.28893
0.32131
-0.19498
-0.10294
-0.22504
0.22230
0.48510
0.31474
0.38906
-0.70789
-0.09614
-0.49792
0.21368
0.23941
-0.44660
0.24471
-0.39766
-0.26238
-0.38864
-0.23534
-0.40200
0.13493
0.43855
0.29849
-0.07453
-0.23648
-0.05165
-0.56269
0.61116
0.11959
0.54994
-0.40438
0.36771
0.41489
0.28631
0.21838
0.26543
-0.09072
-0.46668
-0.04422
0.28257
0.27609
0.29740
-0.46446
0.55154
0.25746
-0.58484
-0.31463
0.20217
0.07950
0.02615
-0.16768
0.18897
0.72097
-0.07420
0.43359
0.24918
0.18238
0.37120
0.57753
0.06701
-0.23199
0.22453
0.06316
0.17149
-0.06122
-0.34528
0.21320
-0.36089
0.23003
0.31627
0.15060
0.33701
0.05121
0.23042
0.14986
0.14679
0.06752
0.33877
0.40124
0.09844
0.13526
0.16012
0.17022
0.32790
0.13510
-0.23208
0.17482
0.08054
-0.46726
0.24269
0.29790
0.10332
0.18146
0.10911
0.40104
0.44694
0.21295
-0.36797
0.02896
0.35496
0.20172
-0.03391
0.35973
0.12967
0.56417
0.89385
0.13605
0.35996
0.12476
-0.21321
-0.06634
-0.59682
0.22063
0.60466
-0.05676
0.28964
0.15299
0.02412
-0.25312
0.15668
0.03195
-0.00706
0.00960
0.45776
-0.15340
0.47725
0.62651
-0.56147
0.43547
0.19584
-0.72044
0.26432
0.13806
0.47434
0.06616
0.21653
0.29277
0.43027
0.21712
0.36896
0.29834
0.16479
-0.72075
0.11140
-0.21723
0.26958
0.35208
0.14220
0.15005
0.21978
0.47538
0.40177
0.24598
0.35981
0.20647
-0.25476
-0.29362
0.35348
0.14465
-0.26014
0.24349
-0.44060
0.09633
0.11364
0.20553
0.16090
0.02709
-0.92119
0.14385
-0.95944
0.01846
0.37363
0.19381
0.00029
-0.36715
-0.01837
0.31679
0.20518
0.23085
0.12076
0.33224
0.06486
-0.62085
0.20347
0.75956
-1.47156
0.20573
0.28497
0.35281
0.33351
0.39849
-0.56661
0.75099
0.11946
0.22378
-0.02581
0.24274
0.35533
0.24815
0.31460
0.24866
0.06778
0.17242
0.37528
0.06055
0.20758
-0.26139
0.21481
0.37471
0.32758
-0.45397
0.27596
0.11375
-0.17241
-0.59874
-0.33922
0.07270
0.16157
0.12340
-0.31949
0.07852
0.19162
0.20846
0.21402
0.29569
0.42287
0.38784
0.59148
-0.56960
-1.32244
-0.21760
0.22333
-0.14404
0.18780
-0.38149
-0.18789
0.18249
-0.23118
0.37414
0.24032
0.17713
-0.07231
0.28520
0.41640
-0.08859
0.34765
0.18139
0.17875
0.03097
0.11181
-0.91299
0.20439
-0.16021
-0.40266
0.04354
0.51242
-0.56482
0.21425
0.35631
0.52248
0.08202
-1.01238
0.33778
0.49065
0.18431
-0.40658
-0.43932
0.27954
-0.16208
-0.65192
0.24555
-0.10973
-0.58766
0.04901
0.04396
0.29773
-0.44583
0.38936
-0.10305
0.34272
-0.01313
0.40245
-0.21121
-0.98777
-0.16612
0.18801
0.49902
0.14546
0.24775
0.36773
0.31679
-0.35237
0.45247
0.08081
0.46151
0.28013
0.29197
0.13251
0.16339
0.22623
0.35731
0.33896
0.34887
0.23597
-0.25361
0.31535
0.18870
-0.07274
0.62399
0.07649
0.05874
0.39110
0.07214
0.27171
0.29425
-0.14141
0.19211
-0.31061
0.52585
-0.47087
-0.61947
-0.49464
0.23461
-0.88834
0.16215
0.15088
0.16027
-0.47126
-0.08634
0.37379
-0.81909
0.19223
0.28589
0.01567
0.26454
-1.33209
0.51569
0.37881
0.08695
0.09508
0.08117
-0.39726
-0.06452
0.64440
0.45741
0.00134
-0.60444
0.21814
-0.14576
0.46995
0.36137
-0.04994
0.13363
-0.36434
0.57858
0.09166
0.11474
0.65729
0.40974
0.30659
0.28823
0.29461
0.05010
0.12448
0.06888
0.05081
0.42276
0.08717
0.02363
0.22854
0.39396
0.35845
0.17436
-0.50806
0.17343
-0.39343
-0.17019
0.41360
0.02509
0.35745
0.34070
0.09694
0.47939
0.50183
0.10880
0.11549
0.29388
0.22228
0.07777
-1.00374
0.36483
0.14818
-0.26359
0.19721
-0.19591
0.48864
-0.37989
0.15849
0.32116
0.26441
0.07913
0.26212
0.28049
0.02394
-0.53522
0.21085
0.03548
-0.65011
0.33096
0.07320
-0.09303
0.24260
-1.08800
0.27694
-0.69267
0.08514
-0.35929
0.05355
0.07576
-0.22118
0.15477
-1.37089
0.07257
0.14781
-0.30052
0.33043
-0.74905
0.32370
-0.91290
0.04986
0.16991
-0.65450
-0.13422
0.13165
0.33924
-0.43686
-0.49875
0.11678
-0.00786
0.33216
0.07854
-0.33079
0.01632
-0.04270
-0.44616
0.29991
0.06879
0.29347
0.21183
0.44050
-1.20834
-0.30874
-0.62527
-0.60660
0.33685
-0.80911
-0.88077
-0.34392
0.07606
0.26217
0.14077
0.07087
0.50784
-0.31337
0.28997
0.42788
0.20674
0.54504
0.02954
0.01017
0.51135
-0.17853
0.40779
0.24096
-0.24179
-0.68009
0.27023
0.43251
-0.31677
0.00357
-0.46077
0.12925
0.10907
0.47863
0.40994
0.71724
-0.62322
-0.63329
0.15563
0.00914
-0.55150
0.08408
0.40303
0.19531
-0.12729
0.60283
0.06821
-0.92794
-0.14680
0.34217
-0.26025
0.31099
0.32668
0.15725
0.31102
-0.36785
0.11213
0.05442
-0.31513
-0.13559
0.00750
0.15176
0.30756
0.05959
0.39459
0.59187
0.80120
0.51003
-0.05586
0.62067
-0.40462
0.09416
-0.11578
0.66495
0.19277
-0.04228
0.39154
-0.04967
0.62652
0.63299
-0.58008
-0.43345
0.17486
0.31679
0.33535
-0.62394
-0.65342
0.56710
-0.00349
-0.41910
0.31420
-0.26346
-0.03102
-0.00325
0.10218
-0.07813
0.04499
0.32449
0.30559
0.03199
-0.05795
-0.02573
0.57879
0.17833
-0.02654
0.23252
-0.10450
0.25363
0.00343
-0.23573
0.59704
0.13355
0.34188
0.07169
0.27567
-0.10734
0.29270
-0.77952
-0.92017
0.28506
-0.42862
0.41986
0.36605
0.20215
0.15248
0.14204
0.38580
-0.03652
0.07093
-0.02458
0.30484
0.32461
0.31843
0.38697
0.41472
0.11668
0.17608
-0.03641
0.17300
-0.82423
0.07108
-0.10003
-0.24248
0.10386
-0.20239
-0.00727
-0.26613
-0.00822
-0.28587
0.46113
0.12503
-0.56836
0.34353
-0.81250
0.07674
0.07200
-0.28699
-1.11903
0.05474
0.14883
0.23268
0.44795
0.23679
-0.25298
-0.34421
-0.02933
0.24268
-0.09214
0.16704
0.27378
0.20632
0.15332
0.32217
0.28008
-0.32704
0.27246
0.36212
0.30129
0.13932
-0.21648
0.14572
0.14635
-0.11482
0.14549
0.11789
-0.96796
0.11648
-0.03206
0.46511
0.10247
-0.64151
-0.46268
-0.33090
0.10844
-0.74521
-0.34122
-0.00683
-0.39375
0.28973
-0.56588
0.18502
-0.65935
0.16902
0.65948
0.17379
0.41674
0.25827
0.39988
0.26490
0.26610
-0.09978
0.10791
0.02463
-0.23278
0.19744
-0.36109
0.19322
0.41569
0.26398
0.18531
0.13191
0.10026
-0.79951
0.23083
-0.43279
-0.01075
0.31239
0.09331
-0.32298
0.22205
-0.42525
0.09599
0.17724
0.25875
-0.34446
0.44031
-0.18544
0.30824
0.32539
-0.54308
0.38012
-0.58848
0.53812
-0.07352
-0.08914
0.14603
-0.08027
0.35984
-0.58580
-0.10983
-0.38717
0.47940
0.30124
0.06112
0.12361
0.15517
0.10012
-0.14374
0.07924
0.14158
0.17213
-0.37200
0.08227
-0.59177
-0.59335
0.07288
0.29584
-0.23304
0.12399
0.39518
-0.78760
-0.08064
0.16611
-0.23943
0.47276
0.33496
0.01653
0.13204
-0.63224
-0.14752
-0.02304
0.16732
0.01386
0.12151
0.33829
-0.74148
-0.04552
0.11733
0.08713
-0.43068
0.04839
-0.63509
0.25349
0.00229
-0.05557
-0.02701
0.20291
-0.38050
0.20814
0.30956
0.71921
-0.71311
0.23177
0.49663
0.43679
0.04624
-0.44223
0.26191
0.09885
0.15196
0.35784
-0.17761
0.40746
0.20688
0.25395
-0.23446
-1.48396
-0.62331
0.46296
0.33577
0.13366
0.66756
0.09890
0.06820
-0.03565
0.66926
0.45037
0.02982
0.15165
0.04165
0.09352
0.39955
0.10047
0.65026
0.50997
0.21075
0.13503
0.33354
-0.06289
0.01171
0.13123
-0.05744
-0.30182
-0.01662
-0.11613
0.14712
0.12785
0.63096
0.29893
0.17079
-0.63049
-0.10172
0.13948
0.17868
-0.12986
0.10151
-0.06085
-0.63928
0.54868
0.24741
-0.14983
0.33516
0.01921
0.07823
0.30605
0.13348
0.11294
-0.83452
0.58964
0.28545
0.16376
0.30459
-0.23389
0.35315
0.18767
0.41582
0.40131
-0.09072
0.48127
0.11258
0.07254
0.53165
0.40647
0.24484
0.19509
0.03377
0.11565
-0.07476
0.37259
0.29683
0.49452
0.05859
-0.67942
0.25847
0.20999
0.44600
-0.14625
-0.05177
0.13343
-0.19119
-0.16223
0.24073
0.70529
0.19269
-0.12492
-0.04185
0.79054
-0.28660
-0.33967
0.23802
-0.33378
0.31865
0.30676
0.26787
-0.58357
-0.51732
0.64903
-0.39100
-0.06018
0.19417
-0.32401
-0.26039
0.23163
0.35916
0.13379
-0.94943
-0.37230
0.12260
0.15255
-0.35386
-0.71979
0.47921
0.10729
0.41189
0.28076
0.64002
-0.59082
0.38935
0.38687
0.25303
-0.22583
-0.29987
0.08022
0.20685
-0.19334
0.14905
-0.05927
-0.19867
-0.05296
-0.00917
-0.55327
-0.95938
0.19298
-0.07490
0.41098
0.38917
-0.13650
0.20713
0.22790
-0.37732
0.15886
0.49569
0.28370
0.06425
-1.20418
0.48543
0.27796
-0.84096
-0.25150
-0.01542
-0.42702
-0.41893
0.19167
0.12522
0.38044
-0.75825
0.28564
-0.56719
-0.19205
0.22180
0.21740
0.17404
0.27111
-0.09738
0.14077
-0.04850
-0.28589
0.10875
0.42698
-0.51990
-0.13015
0.33796
0.07777
0.34667
0.00945
-0.05208
0.17429
-0.81313
-0.45044
0.09472
0.00159
0.35838
-0.76790
-0.52778
0.31641
0.25916
0.32430
0.48218
-0.20898
0.34783
0.34157
-0.40123
-0.23175
-1.20246
0.03083
-0.64395
0.45471
-0.66053
0.16988
-0.43914
0.48368
-0.52422
-0.30685
0.00089
0.19030
-0.37136
0.23994
0.24792
0.24700
-1.07920
0.25741
0.26633
0.33137
0.40028
-0.30722
0.08860
0.46440
0.00344
0.10371
-0.84861
0.31849
0.31130
0.45897
-0.54993
-1.46608
-1.33062
-0.21417
0.01112
0.28853
-0.25562
-0.24777
0.21061
-0.82453
0.29010
0.26127
0.29465
-0.19572
0.08409
-0.38143
0.17351
0.33722
0.30956
0.18964
0.22744
-0.07184
-0.09894
-0.59138
0.16031
0.15599
0.15754
0.39357
-0.05031
-0.02605
0.12180
0.22569
-0.52956
0.39095
-0.79176
-0.14836
0.38874
0.47387
0.10671
0.12110
-0.53757
0.06080
0.30275
0.30316
0.49619
0.24355
0.20428
0.46474
-0.71051
0.16124
-0.58620
0.32825
-0.29540
0.01515
0.37333
0.05227
-0.42435
0.58019
0.00603
0.42051
-0.05586
-0.35801
0.44365
0.10645
-1.56841
0.40350
0.26448
0.25785
0.20610
-1.00452
0.17378
-0.69825
0.12676
0.26488
-0.66756
-0.34753
0.28805
-0.54919
0.22274
0.12334
-0.05698
-0.17559
-0.42108
0.27924
0.32438
-0.05685
0.03322
0.40420
0.12401
0.30794
0.44677
-1.63050
0.06564
0.34358
0.21690
-0.50127
0.20197
0.43861
0.33154
-0.78234
0.17393
-0.25690
0.33647
0.27750
-0.74774
-0.06618
-0.13823
-0.26680
0.34257
0.38637
0.20045
0.59352
-0.07874
0.75565
0.14331
0.38976
0.19372
-0.20092
0.33433
0.00571
-0.22565
0.20709
-0.32429
0.18297
-0.73068
0.45385
0.26722
0.47033
-0.27504
0.39587
0.29424
0.40712
-0.12369
-0.28101
0.10300
0.31184
0.29861
0.43474
0.32737
0.31181
-0.84350
-0.26069
0.11062
0.17038
-0.55079
0.09300
-0.01357
0.12137
0.33109
0.31519
0.42668
-1.04231
-0.35001
0.34243
-0.62393
0.38401
0.40691
0.05674
-0.65208
0.38457
0.04774
0.39682
0.36688
-0.26045
-0.02872
-0.96966
0.24480
0.26010
0.25007
-0.05140
0.09098
0.09540
0.46754
-0.34012
0.07051
0.39793
0.54554
0.15235
0.12928
0.12223
0.06492
0.48008
-0.13868
0.23357
0.23646
0.78531
0.11879
-0.63890
0.12604
-0.17746
0.22710
0.34631
-0.51265
0.25194
0.15070
-0.26508
0.51398
0.07592
0.54931
0.28788
0.13527
-0.09818
-0.47901
0.24114
-0.26989
0.12056
0.23808
-0.22661
-0.36433
-0.21957
-0.28115
-0.26270
-0.74303
0.40271
0.03678
-0.26537
-0.03490
-0.42238
-0.06955
0.39301
-0.16641
0.43052
0.35175
-0.46359
0.56161
-0.23877
-0.61801
-0.29715
-0.85642
-0.42744
0.06804
0.01485
0.54826
-0.19667
0.24966
0.39595
-1.17067
0.14352
-0.17988
-0.30074
0.09554
-0.01697
0.17927
0.03362
-0.67110
0.26661
-0.34564
-0.04976
0.19363
0.11627
-0.65057
0.16389
0.41406
0.22910
-0.22178
-0.02925
-0.31976
0.06043
0.16833
-0.00901
0.02843
-0.25231
-0.18988
-0.16099
-0.81114
-0.17434
1.08375
0.02214
0.03790
-0.39621
-1.68692
0.16486
0.19934
-0.11323
0.02533
-0.06334
0.22581
-1.29598
-0.30873
0.12410
-0.00682
0.36627
-0.14927
0.12718
0.49985
0.11738
-0.09669
-0.29719
0.00658
0.49202
0.32949
0.34311
-0.70812
0.10245
-1.22872
0.17433
0.19212
0.11211
0.44932
-0.82175
0.24107
-0.40075
-0.84969
-0.20887
0.10367
0.01617
-0.83247
0.38027
-0.79660
-0.03613
0.10291
0.36013
0.23492
0.06596
-0.42387
0.45048
-0.29573
0.13445
-0.07481
0.11281
-0.34957
0.45548
0.08541
-0.16021
0.36092
-0.04030
-0.18898
-0.65043
0.35977
0.37830
0.62159
0.22258
-0.70510
-0.23735
-0.60841
-0.26326
0.07295
0.13176
0.22418
-0.35974
-0.31815
-0.55394
-0.72061
-0.93212
0.09256
0.50845
0.18741
0.10209
0.05468
0.52679
-0.51374
0.06338
-0.05283
0.05327
-0.34874
-0.58392
0.48493
0.00098
-0.34190
0.10198
0.24176
0.17613
-0.10375
0.46558
0.14334
-0.51522
-0.10971
0.15146
-0.84756
0.51984
-0.50875
0.28146
-0.99148
0.07042
0.45305
0.27643
0.06388
0.18716
0.11952
0.12948
0.43905
0.70338
-0.45928
0.63081
0.05888
0.12556
0.42541
0.21219
0.64729
0.33677
0.26011
0.16654
0.28770
-0.83415
-0.09075
-0.16043
-0.72314
-0.02700
0.07954
0.13174
-0.50728
0.07253
0.48425
-0.31221
-0.26279
-0.58662
-0.74119
0.14051
-0.17798
-0.56407
0.23629
0.30128
-0.73070
0.29329
0.12501
-0.37648
-0.22610
-0.25317
-0.55906
0.22460
0.31437
-0.04684
0.02554
0.22709
0.32259
0.11226
0.60374
0.09582
-0.22406
0.07469
0.28925
-0.95432
-0.13792
-0.04076
-0.26263
0.40129
-1.22354
-0.35860
-0.17535
-0.60916
0.79641
-0.38340
-0.82281
0.34184
-0.11557
0.41677
-0.35228
-0.46569
-0.52180
-0.40869
0.33306
0.19300
0.42825
0.28293
0.12963
0.20312
-0.08453
-0.44834
-0.23477
0.10940
0.11699
-0.85863
-0.85068
0.17224
-0.15444
0.22666
-0.36419
-0.19596
0.07737
-0.90637
0.14328
0.02115
0.11813
0.03933
-0.66834
0.00509
0.03900
0.07189
0.14667
0.28882
-0.21817
0.22071
0.28893
-0.87792
0.32861
0.03644
-0.50652
0.16662
-0.36058
0.40764
-0.36059
0.27328
0.27079
-0.28381
-0.55787
0.02093
0.15263
-0.16211
0.32087
0.15253
-0.60600
0.23486
-1.29444
0.10455
-0.84599
0.38773
0.76391
-0.54644
0.14116
0.05184
0.32859
-0.13476
0.10539
-0.48873
-0.03714
0.01672
0.38834
0.64972
0.22701
0.33579
0.20185
-0.06248
0.20503
0.14106
-0.01689
-0.50555
0.03996
-0.74883
0.10869
-1.44388
-0.45856
0.46220
-0.36951
-0.31334
-0.91045
0.27798
0.08735
0.31887
0.18643
-0.09698
-0.88176
-0.15847
0.29719
0.13833
-1.07626
-0.19967
-0.19549
-0.33874
0.66259
0.03588
0.15713
-0.82048
0.33749
0.23921
-0.64630
-1.30957
-0.19452
0.05889
0.39923
0.30006
0.31984
-0.84071
0.24682
-0.29214
0.12370
0.28958
0.04440
-0.80410
0.54110
0.11408
0.41157
-0.13327
-0.62929
-1.00250
-0.56271
-0.39358
0.24745
0.20010
0.18333
-0.76022
-0.60913
0.08191
0.31900
-0.25307
-0.63653
0.27155
0.76566
-0.32731
-0.30377
-0.38690
-0.23152
0.47760
0.19744
-0.53464
0.43333
0.12103
0.11210
-0.23570
0.25844
0.30487
-0.22055
0.62579
0.28308
-0.38523
-0.36534
-0.30609
-1.64309
0.39272
0.25087
0.16698
0.13248
-0.31047
-0.32824
0.37259
0.17425
-0.22635
0.31430
0.46754
0.57273
-0.83108
-0.29424
0.01286
0.11828
0.32437
-0.61119
0.47558
-0.63020
0.13940
0.08571
0.42427
-1.09987
0.12391
-0.16573
0.42850
0.28074
0.24191
0.20173
0.28984
-0.36440
-0.01537
0.16270
0.13197
-0.69590
0.13658
-0.05087
0.73100
-0.43511
0.08616
0.34730
0.52762
0.25155
0.33492
-0.41372
0.07327
-1.20553
0.16872
0.30785
0.08706
0.14687
0.35968
-0.25485
0.04851
-0.00366
0.16828
0.34625
0.21110
0.08070
-1.07701
0.19282
0.37443
-1.28294
0.24430
0.69172
0.19543
0.24272
0.43138
0.19434
0.10769
0.48085
0.03610
-0.16977
-0.09033
-0.54257
-0.82633
0.08143
0.02333
-0.31259
0.01362
0.13760
0.10003
-0.03754
-1.15840
0.42856
-0.76411
-0.14205
0.04855
-0.86665
0.29855
0.12121
-0.79509
0.40013
0.04418
-0.09512
0.16586
0.48362
0.70005
-0.62669
0.29315
0.20318
0.41191
0.16199
-0.20098
-1.07429
0.11677
0.21750
-0.57667
-0.52007
0.39923
0.73482
-0.39919
0.20384
-0.14916
-0.63020
0.36843
0.23153
-0.74296
0.06754
-0.15955
-0.38028
-0.52845
-0.24957
0.08717
0.11240
0.08196
-0.72953
-0.11886
-0.27929
0.26257
-0.86982
0.29495
0.29841
0.17612
-0.01802
-0.72095
-0.34487
-0.47691
-1.26910
-0.45176
0.30671
0.06764
-0.25507
-0.67080
-0.24732
0.36948
0.06399
-0.28464
-0.21048
0.15907
0.58003
0.18259
0.09945
-0.40459
-0.89414
0.33209
0.11243
-0.03812
0.06612
0.06374
0.27134
-0.52592
-0.00665
0.06558
0.16443
0.10523
0.28574
0.05642
0.17800
0.06035
-0.02108
-0.45494
0.12474
0.23642
-0.12673
-0.12132
0.05830
0.27071
0.26707
0.13313
-0.82233
0.12146
-0.24059
0.26563
-0.11952
0.38287
0.60431
0.14903
-0.73967
0.08562
0.39804
-0.52969
-0.05726
-0.04404
-0.03386
-0.08875
-0.79461
-0.09752
0.79258
-1.26655
0.02695
0.16675
0.05939
0.25229
-0.45531
-0.33991
0.17688
0.12079
0.26038
-0.23513
-1.38059
-0.01128
-0.48035
0.73424
0.06077
0.03175
-0.74671
0.19843
-0.29464
-0.06825
-0.44290
0.17193
0.37534
0.14586
-0.64298
-1.31752
0.25415
-0.37717
-0.17557
0.34172
-0.40266
-0.23809
0.65380
0.42299
0.14811
-0.26664
-0.74032
0.23599
0.62433
0.26650
0.05861
0.09568
0.07106
0.17479
0.67987
-0.25831
0.16786
0.09723
0.45196
0.05765
-0.17495
-0.80880
-0.35922
0.02214
0.41516
0.03997
0.22784
0.16701
-0.11874
-1.01292
0.10215
-1.01277
0.22251
0.43815
0.17204
-0.98998
0.56833
0.16298
0.18774
0.32123
0.40890
0.05631
-0.58157
0.10983
0.21708
0.67737
0.69379
-0.18098
0.10999
0.05406
0.15473
-0.51340
-0.16203
0.08691
-0.88293
0.43331
0.35647
-0.04340
0.08985
-0.12535
-0.13969
0.44281
-0.70210
0.11290
0.42393
0.24160
0.07210
-0.47259
0.04558
-0.06734
0.12210
-0.04200
0.23435
0.30434
0.26618
-0.81334
-0.26659
-0.56855
0.36616
0.25390
0.42760
0.05156
0.39093
-0.07540
0.26888
0.54790
0.71214
-1.10271
-0.57592
-0.16241
0.21432
0.11348
0.61864
0.01448
0.00727
0.30973
-0.28136
-0.76521
0.18036
-0.74941
0.41799
0.18139
0.11150
0.01562
0.29290
-0.76601
-0.11184
0.22889
-0.11430
-0.13492
-0.40947
0.50671
-0.15983
0.23501
0.22215
0.12435
0.15301
-0.59276
-0.22673
0.37856
0.26945
0.28179
-0.51625
-0.13403
-0.36556
0.29957
-1.00492
-0.15351
0.21526
-0.67570
0.24540
0.50939
0.24204
0.19935
0.33782
-0.05449
-0.44228
0.00882
-0.06158
-0.18535
0.09851
-0.16027
-1.25134
-0.30543
-0.55583
-0.82012
-1.10033
0.22612
0.17061
0.00575
0.23810
0.48077
-0.72711
-0.25240
0.10613
0.33599
-0.60310
-0.10010
0.27741
-0.68074
0.20188
0.12843
0.34885
-0.17527
0.25753
0.18109
-0.04849
-0.43989
0.06891
-0.27266
-0.85976
0.01197
0.51072
-0.36978
-0.34200
0.26266
0.50003
0.15440
0.11895
0.39410
-0.07779
0.04649
0.30338
-0.07956
0.13036
-0.57767
-0.31865
-0.15044
0.19450
-0.25314
-1.18757
-0.10389
0.09386
0.10536
0.27016
0.26791
-0.08244
0.12610
-1.02705
-0.69904
-0.33870
0.12327
-0.20010
0.04634
-0.39994
0.13385
-0.16457
0.27841
0.05508
0.21459
0.33665
-0.38429
0.41956
0.22057
0.04068
0.01084
0.06741
-0.00214
0.68722
0.07530
0.05525
-0.18792
0.42794
-1.07417
-0.16428
0.17589
0.23461
0.12148
0.04984
-0.24184
0.31683
-0.49289
-0.08764
0.16846
-0.08472
-0.38088
0.61052
-0.08154
0.64584
-0.30414
0.62579
0.21233
-0.30518
0.46323
0.39818
-0.33608
-1.07046
0.19393
-0.21525
0.28372
0.10360
0.14092
-0.62520
-1.28733
0.04374
-0.27638
0.21023
-0.46584
0.24234
0.18416
0.10576
0.26120
-0.04066
0.19703
-0.33788
-0.65467
-0.06203
0.14943
0.59283
-0.78546
0.06905
-0.83730
0.26081
0.08002
0.23255
-0.02495
0.34387
-0.04243
0.11231
-0.19505
-0.65554
0.40538
0.18494
0.11822
-0.10051
-0.41084
0.07786
0.22010
0.25376
0.16055
-0.04502
0.06847
0.03762
-0.34648
0.14019
-0.59949
-0.25227
0.09073
-0.23872
0.38178
-0.71341
0.50061
0.34668
-0.15368
0.08763
0.10673
0.63042
-0.09645
0.24195
-1.49455
0.09224
-0.12326
-0.24807
0.34268
-1.45777
-0.14725
0.07105
0.26209
0.03443
-0.37308
-0.31417
-0.08211
-0.49198
0.13371
-1.62915
-0.33132
-0.64011
-0.78876
-0.17027
0.12325
0.22066
-0.73633
0.32989
0.50890
0.01196
-0.32305
0.14066
0.25107
-0.09814
-0.82314
0.29235
-0.03769
0.07201
-0.14971
0.05105
-0.45627
0.27881
-0.34163
0.10248
-0.09506
0.82393
0.65436
-0.52947
-0.86615
-0.37334
0.29867
0.22329
-0.75613
-0.01521
-0.35145
0.54252
0.10716
-0.74401
0.24915
0.07589
-0.35750
0.19332
0.42363
-0.28018
0.07645
0.09938
0.30519
0.09466
-0.37616
0.02340
0.16150
-0.84093
0.11476
-0.35763
0.14019
0.64010
0.65356
-0.30658
0.43400
-0.16210
-0.84131
0.26642
-0.02881
-0.26456
0.56752
0.06033
0.02768
-0.03865
0.29053
0.05217
0.11730
0.29655
0.39391
0.02483
0.34975
0.38801
-0.80977
0.23138
-0.34222
-0.22321
-0.44739
0.03826
0.13576
0.12305
0.14785
-0.80686
-0.02296
-0.18229
0.05364
0.52663
0.23458
0.11394
-0.21255
-0.48323
-0.86127
0.29299
-0.29757
0.20056
-0.90234
0.29278
0.31884
-1.01086
0.15830
0.21712
0.09185
0.27315
0.11648
-0.98735
-0.24780
0.00585
-1.02294
-1.43580
-0.01796
-0.04431
0.32371
-0.37407
-0.91766
-0.21987
-0.09986
0.02667
-1.32759
0.05096
0.47436
-0.50724
0.16857
0.24804
0.22260
-0.38712
0.05978
-0.16053
0.31727
0.00867
-0.43636
-0.86551
0.32165
0.56400
0.22874
-0.19067
0.04436
0.13964
-0.01714
-0.05824
0.22565
0.42929
0.03161
0.08807
0.68498
-0.23357
-0.77376
-0.66227
0.36418
-0.79571
0.11107
-0.35959
0.69056
0.12850
0.34555
0.55090
0.01082
-0.58176
-0.93728
0.13564
-0.54521
0.25516
0.07172
0.33959
0.26230
0.54777
0.10947
0.38585
-0.76076
-0.19631
0.16017
-0.72111
-0.18730
-0.39917
-0.04609
0.14337
-0.39245
0.28878
0.11808
-0.81772
0.18828
-0.61822
0.35388
-0.42280
0.17118
-0.12464
0.64512
-0.02495
-0.44283
0.56751
-0.37781
0.27803
0.56296
-0.45120
0.13381
0.00699
0.12858
0.00533
0.10736
-0.09971
0.15877
-0.36499
0.11741
0.05917
-0.81813
-0.11606
0.20089
0.37062
0.14859
0.13671
-0.20737
0.11841
-0.05504
0.33989
-0.30471
-0.35228
-1.04701
0.57399
-0.68839
-0.40512
-0.55216
-0.61101
0.39850
0.11097
-0.51347
-0.50920
0.17953
0.33323
-0.69093
0.08228
0.35160
0.18073
-0.58073
-0.69425
0.21823
0.14311
-0.72050
0.20482
0.19956
-0.03166
-0.17720
0.37164
0.21658
0.08354
-0.34701
-0.03053
-0.29433
-0.39559
0.10834
-0.26729
0.05408
0.05465
-0.36571
-0.79453
-0.65533
0.07855
-0.00596
0.06128
-0.02234
-0.00360
-0.08039
0.13067
0.15445
0.28832
0.11966
-2.28107
0.51347
0.11615
0.11334
-0.02109
0.25600
0.05440
0.18046
0.08299
0.34731
-0.38174
-0.62103
0.41613
-0.33043
-0.00648
0.00183
0.23863
0.57615
0.10714
0.37556
0.05167
-0.04910
0.09091
-0.51340
-0.44429
-0.44891
-0.22869
-0.19625
-0.71435
0.25654
0.21476
0.08500
0.09252
-0.54822
0.20009
0.13884
-0.03195
-0.75097
0.02064
-0.01405
0.17378
-0.60094
-0.30601
-0.15014
-0.32654
-0.06879
0.27066
0.18298
0.32479
0.16279
-0.41511
-0.11076
0.32189
-0.29955
0.68897
-0.63823
0.08446
-0.90640
0.01012
0.21840
-0.56716
0.10560
0.44742
-0.30298
-0.04054
-0.39190
0.50561
-0.22079
0.19760
0.18209
0.18447
-0.03499
0.02432
0.06386
0.47224
0.33648
0.16221
0.35087
-0.42778
-0.07081
0.19211
0.34536
0.04385
-0.80188
-0.65472
0.32836
0.46234
0.04288
0.20135
0.37416
0.13168
0.06054
0.76985
-0.21000
0.77453
0.11196
0.39686
-0.38736
-0.19194
0.09313
0.81310
0.15640
0.07768
0.43529
0.34067
0.06660
0.59890
-0.17482
-0.44897
-0.05885
-0.09328
0.32721
0.15366
0.45030
-0.29379
0.08526
-0.18616
-0.55250
0.09087
0.37492
0.25959
0.05433
0.45286
0.15515
0.02015
0.66822
0.02352
-0.71086
0.15472
0.23067
0.45767
-0.65045
0.46055
0.18962
-0.40539
0.11109
0.04453
-0.35887
0.03417
0.08057
-0.41084
-0.03202
0.62558
-0.99506
0.00610
0.22663
0.56928
-0.23437
-1.09888
0.10421
0.46458
0.06310
-0.52768
0.18669
0.41203
0.14094
-0.67470
-0.60092
0.09983
0.14450
0.60769
-0.10371
0.58739
-0.66692
0.21033
-0.40952
0.06241
0.22289
0.03816
-0.01192
0.35360
-0.42058
0.09126
-0.40034
0.12362
0.27640
-0.86416
0.35046
-0.05872
0.25294
0.16005
-0.41891
-0.31852
0.11286
-0.14771
-0.00504
-0.54291
0.16646
0.07387
-0.48720
0.11106
0.34054
0.13017
0.20819
0.13352
-0.04913
0.04002
0.29357
0.22443
0.03870
-0.09932
0.16650
-0.73123
0.18744
0.30456
-0.26556
0.34394
0.40783
0.33296
0.01021
-0.85729
0.34209
-0.02816
0.12382
0.04330
-0.25164
-0.16012
0.66341
0.12296
0.25686
-0.25217
-0.59503
-0.29329
0.08394
0.13725
-0.03714
0.18800
-0.90372
0.23793
-0.09409
-0.52862
-1.45626
-0.28280
0.03083
0.62474
0.07935
-0.22087
-0.15724
0.15851
0.12783
0.42108
0.29976
-0.79749
-0.83768
-0.23056
-0.08821
0.28659
-0.03416
0.19537
-0.46908
0.53742
0.48746
0.26006
0.02025
-0.35079
0.37438
0.19512
0.11189
-0.18700
0.10715
-0.32575
0.24528
-0.92668
0.07318
0.26386
0.28048
-0.12444
0.05455
-0.22265
0.14904
0.42227
0.02441
0.19540
-0.31792
0.14194
-1.25568
0.10520
0.16517
0.43663
0.00600
-0.02428
-0.00425
-0.36694
0.14663
0.24716
0.23901
0.23695
-0.56735
0.25234
-0.37086
0.46476
-1.10555
0.14092
0.09060
0.38096
0.10614
0.05630
-0.15930
-0.35869
0.18099
-0.16738
-1.00254
-0.38247
0.04974
0.09467
0.10313
0.17940
0.18798
0.02104
-0.33778
0.20402
0.23674
-0.57817
0.08618
-0.00201
-0.26047
-0.02216
0.32734
0.13315
-0.69647
0.29561
0.14817
0.24845
-0.35004
-0.72927
-0.64784
0.04244
0.16215
-0.08479
-0.21452
0.07728
0.09142
0.25244
-0.78629
0.34266
0.04477
-0.69611
0.02568
-0.04030
0.72504
0.10486
0.08528
0.38657
0.10307
0.50846
0.35168
-0.47122
-0.32836
0.34689
-0.39286
0.14432
0.23940
-1.32151
0.22110
0.38083
0.16725
-0.05800
0.03632
0.97925
0.04411
-0.56534
0.69959
0.10149
0.17094
-0.75826
0.10523
0.19381
-0.71526
-0.00261
0.02227
0.22296
0.12017
-0.36756
-0.17058
0.34736
0.22754
-0.61114
0.38953
0.38633
0.19228
-0.37277
-0.42831
-0.26527
-0.07185
0.13453
0.01559
0.20167
-0.11203
0.08711
0.26302
0.17446
-0.28571
0.01495
-0.09767
-0.30025
0.25787
0.11356
0.11939
0.38468
0.31331
0.45799
-0.48844
0.01197
0.37550
-0.96166
0.09929
0.07619
0.43927
-0.00524
-0.04641
-0.40272
-0.59025
-0.36391
-0.34286
0.03027
-0.10548
0.34693
-0.21609
-0.02685
0.05666
0.36277
0.19225
-0.69520
0.12834
0.28105
0.11057
0.05840
-1.34682
-1.47109
-0.13087
0.20706
0.03711
0.48638
-0.13160
-0.15856
0.66350
0.21526
-0.68109
0.08715
0.24196
0.30202
0.08480
-0.05661
0.38726
-1.23098
-0.78673
-0.73544
0.20801
0.11581
-0.37960
-0.47752
0.09314
0.44214
-0.90482
0.32603
-0.12400
0.10156
0.07331
0.65979
-0.21921
0.34657
0.07664
-0.83837
-0.01045
0.14636
0.23946
0.54477
-0.64237
0.08680
0.26508
0.22753
0.15350
0.10681
0.15409
0.40239
-0.66822
0.63882
-0.71609
0.32653
0.02470
-0.50102
0.19484
0.31992
-0.86355
0.08037
-1.21356
-0.07636
0.05981
-0.15838
0.37659
-0.33449
-0.03627
0.33959
0.39783
0.66101
0.08401
0.31145
-0.33788
0.26619
0.23942
0.00458
0.12974
-0.40736
0.10662
-0.55410
-1.05205
-0.32019
0.29212
-1.03245
0.47517
-0.06344
0.34191
0.09784
-0.34383
-0.48321
0.00305
0.10077
0.06352
0.07901
-0.01167
0.02577
-0.28297
0.02703
-0.53604
0.08512
0.18353
0.23737
0.53290
0.32174
-0.21417
-1.03404
0.08782
-0.00335
-0.11590
0.10316
0.45345
0.18149
-0.64733
-0.01561
0.01802
-1.11444
0.02573
0.32826
-0.02722
0.09799
-0.02595
0.16620
-0.35476
0.05432
0.17104
-0.63400
-0.74653
0.10871
-0.31674
-0.13222
-0.27434
-0.77558
0.73514
0.08814
0.31191
0.52203
0.16337
0.09076
-0.04860
0.07502
0.11292
-0.02466
-1.35695
0.05437
-0.57445
0.13446
-0.38702
0.04298
0.08781
-0.01763
0.07352
0.55382
0.56799
0.27458
0.23514
0.18594
0.16291
0.15732
0.13174
0.27574
0.27160
0.18205
-0.41610
0.22719
-0.58201
0.12097
-0.34563
-0.07023
0.32009
0.48828
0.16565
-0.43204
0.15700
0.27442
0.48994
0.01552
0.07789
-0.02336
0.40414
0.04360
0.17580
0.30603
0.54552
0.24121
0.02426
0.18355
0.18868
-0.38071
0.46355
-0.31740
0.08398
0.16115
0.20090
-0.42168
-0.01235
-0.08336
-0.05094
-0.30414
0.18433
0.11871
0.79654
-0.03403
0.32306
-0.07226
-0.97143
0.41916
0.13350
-0.61833
0.15624
0.02849
0.18091
0.42212
0.10492
0.39018
0.12321
-1.10778
0.05419
0.03189
-0.07983
0.23513
-0.39705
-0.28419
0.15546
0.22804
0.05375
-0.15047
0.28472
0.65715
-0.34280
0.40911
-1.11226
0.36821
0.33039
-0.70079
-0.10424
-0.12529
0.31725
0.34453
-0.21634
0.07625
-0.63233
0.09543
0.54703
0.43002
0.11939
0.06714
0.13764
0.37787
0.05981
-0.35533
0.37234
0.09734
0.45251
0.31956
0.27222
0.65708
0.18756
0.09610
0.11165
-0.00330
0.07197
