0
1
2
3
4
5
6
7
8
9
10
11
12
13
14
15
16
17
18
19
20
21
22
23
24
25
26
27
28
29
30
31
32
33
34
35
36
37
38
39
40
41
42
43
44
45
46
47
48
49
50
51
52
53
54
55
56
57
58
59
60
61
62
63
64
65
66
67
68
69
70
71
72
73
74
75
76
77
78
79
80
81
82
83
84
85
86
87
88
89
90
91
92
93
94
95
96
97
98
99
100
101
102
103
104
105
106
107
108
109
110
111
112
113
114
115
116
117
118
119
120
122
123
124
125
126
127
128
129
130
131
132
133
134
135
136
137
138
139
140
141
142
143
144
145
146
147
148
149
150
151
152
153
154
155
156
157
158
159
160
161
162
163
164
165
166
167
168
169
170
171
172
173
174
175
176
177
178
179
180
181
182
183
184
185
186
187
188
189
190
191
192
193
194
195
196
197
198
199
200
201
202
203
204
205
206
207
208
209
210
211
212
213
214
215
216
217
218
219
220
221
222
223
224
225
226
227
228
229
230
231
232
233
234
235
236
237
238
239
240
241
242
243
244
245
246
247
248
249
250
251
252
253
254
255
256
257
258
259
260
261
262
263
264
265
266
267
268
269
270
271
272
273
274
275
276
277
278
279
280
281
282
283
284
285
286
287
288
289
290
291
292
293
294
295
296
297
298
299
300
301
302
303
304
305
306
307
308
309
310
311
312
313
314
315
316
317
318
319
320
321
322
323
324
325
326
327
328
329
330
331
332
333
334
335
336
337
338
339
340
341
342
343
344
345
346
347
348
349
350
351
352
353
354
355
356
357
358
359
360
361
362
363
364
365
366
367
368
369
370
371
372
373
374
375
376
377
378
379
380
381
382
383
384
385
386
387
388
389
390
391
392
393
394
395
396
397
398
399
400
401
402
403
404
405
406
407
408
409
410
411
412
413
414
415
416
417
418
419
420
421
422
423
424
425
426
427
428
429
430
431
432
433
434
435
436
437
438
439
440
441
442
443
444
445
446
447
448
449
450
451
452
453
454
455
456
457
458
459
460
461
462
463
464
465
466
467
468
469
470
471
472
473
474
475
476
477
478
479
480
481
482
483
484
485
486
487
488
489
490
491
492
493
494
495
496
497
498
499
500
501
502
503
504
505
506
507
508
509
510
511
512
513
514
515
516
517
518
519
520
521
522
523
524
525
526
527
528
529
530
531
532
533
534
535
536
537
538
539
540
541
542
543
544
545
546
547
548
549
550
551
552
553
554
555
556
557
558
559
560
561
562
563
564
565
566
567
568
569
570
571
572
573
574
575
576
577
578
579
580
581
582
583
584
585
586
587
588
589
590
591
592
593
594
595
596
597
598
599
600
601
602
603
604
605
606
607
608
609
610
611
612
613
614
615
616
617
618
619
620
621
622
623
624
625
626
627
628
629
630
631
632
633
634
635
636
637
638
639
640
641
642
643
644
645
646
647
648
649
650
651
652
653
654
655
656
657
658
659
660
661
662
663
664
665
666
667
668
669
670
671
672
673
674
675
676
677
678
679
680
681
682
683
684
685
686
687
688
689
690
691
692
693
694
695
696
697
698
699
700
701
702
703
704
705
706
707
708
709
710
711
712
713
714
715
716
717
718
719
720
721
722
723
724
725
726
727
728
729
730
731
732
733
734
735
736
737
738
739
740
741
742
743
744
745
746
747
748
749
750
751
752
753
754
755
756
757
758
759
760
761
762
763
764
765
766
767
768
769
770
771
772
773
774
775
776
777
778
779
780
781
782
783
784
785
786
787
788
789
790
791
792
793
794
795
796
797
798
799
800
801
802
803
804
805
806
807
808
809
810
811
812
813
814
815
816
817
818
819
820
821
822
823
824
825
826
827
828
829
830
831
832
833
834
835
836
837
838
839
840
841
842
843
844
845
846
847
848
849
850
851
852
853
854
855
856
857
858
859
860
861
862
863
864
865
866
867
868
869
870
871
872
873
874
875
876
877
878
879
880
881
882
883
884
885
886
887
888
889
890
891
892
893
894
895
896
897
898
899
900
901
902
904
905
906
907
908
909
910
911
912
913
914
915
916
917
918
919
920
921
922
923
924
925
926
927
928
929
930
931
932
933
934
935
936
937
938
939
940
941
942
943
944
945
946
947
948
949
950
951
952
953
954
955
956
957
958
959
960
961
962
963
964
965
966
967
968
969
970
971
972
973
974
975
976
977
978
979
980
981
982
983
984
985
986
987
988
989
990
991
992
993
994
995
996
997
998
999
20009
20011
20019
20023
20024
20029
20055
20057
20059
20063
20068
20070
20097
20114
20116
20125
20129
20132
20136
20137
20141
20176
20179
20183
20184
20188
20193
20228
20237
20241
20255
20256
20257
20265
20268
20275
20295
20304
20305
20315
20316
20318
20319
20320
20322
20324
20328
20330
20333
20337
20338
20339
20345
20346
20348
20350
20352
20355
20356
20360
20361
20363
20364
20365
20366
20368
20371
20372
20374
20376
20377
20385
20389
20399
20406
20413
20418
20422
20433
20435
20436
20444
20447
20451
20452
20454
20459
20467
20487
20489
20490
20493
20497
20498
20512
20513
20523
20531
20537
20555
20560
20567
20580
20586
20595
20597
20599
20600
20601
20609
20617
20639
20648
20653
20656
20667
20674
20686
20709
20737
20739
20744
20745
20746
20757
20759
20761
20764
20773
20791
20792
20798
20800
20802
20807
20817
20818
20834
20885
20889
20891
20892
20893
20896
20908
20912
20916
20936
20937
20941
20947
20948
20966
20975
20977
20979
20981
20987
20988
20990
20993
20994
20995
21007
21018
21025
21033
21034
21035
21036
21037
21038
21041
21044
21045
21049
21052
21061
21067
21069
21070
21071
21075
21088
21089
21098
21099
21123
21125
21127
21128
21129
21130
21134
21139
21140
21141
21146
21154
21163
21190
21192
21198
21199
21208
21221
21222
21230
21234
21238
21239
21241
21242
21243
21244
21245
21246
21247
21248
21249
21251
21254
21256
21257
21258
21261
21262
21265
21266
21267
21269
21272
21273
21274
21275
21277
21279
21280
21285
21287
21289
21291
21292
21297
21298
21299
21302
21303
21309
21335
21337
21340
21343
21349
21350
21354
21368
21376
21377
21381
21391
21393
21407
21410
21429
21430
21431
21441
21443
21447
21451
21455
21481
21482
21484
21489
21491
21492
21500
21501
21504
21505
21511
21517
21518
21520
21521
21522
21524
21531
21532
21533
21534
21537
21538
21539
21541
21545
21548
21550
21554
21557
21563
21565
21566
21567
21570
21571
21572
21575
21576
21580
21590
21592
21594
21599
21613
21616
21624
21628
21630
21661
21666
21674
21686
21697
21702
21723
21729
21735
21742
21752
21758
21763
21764
21774
21778
21780
21792
21793
21795
21817
21825
21829
21846
21848
21855
21862
21865
21870
21883
21894
21896
21913
21917
21918
21919
21925
21943
21944
21948
21949
21951
21956
21968
21970
21974
21978
21979
21986
21991
21994
22003
22004
22018
22021
22047
22048
22070
22083
22095
22104
22129
22139
22141
22151
22155
22158
22164
22168
22173
22178
22180
22188
22190
22192
22194
22203
22205
22206
22207
22218
22233
22244
22247
22264
22266
22268
22269
22272
22273
22279
22297
22305
22314
22317
22323
22331
22332
22341
22356
22357
22360
22365
22370
22371
22373
22374
22375
22376
22384
22386
22394
22397
22400
22412
22417
22419
22421
22436
22438
22439
22440
22447
22451
22452
22459
22475
22476
22490
22510
22517
22518
22520
22521
22523
22524
22528
22530
22532
22533
22536
22538
22540
22541
22543
22545
22546
22547
22549
22552
22553
22554
22561
22562
22565
22571
22572
22578
22581
22582
22583
22584
22587
22588
22589
22591
22592
22596
22601
22604
22605
22607
22615
22619
22620
22621
22623
22624
22627
22634
22635
22639
22640
22641
22642
22646
22649
22650
22655
22656
22660
22665
22669
22670
22688
22703
22704
22705
22707
22709
22715
22716
22717
22719
22722
22725
22726
22727
22728
22729
22734
22736
22738
22740
22745
22748
22769
22771
22814
22817
22856
22857
22860
22862
22887
22888
22896
22898
22914
22938
22960
22972
22976
22998
22999
23011
23013
23014
23016
23018
23020
23021
23023
23033
23043
23054
23063
23078
23086
23087
23089
23090
23091
23093
23095
23096
23103
23105
23109
23112
23113
23126
23127
23130
23137
23140
23160
23164
23166
23173
23176
23183
23184
23197
23198
23205
23208
23210
23212
23213
23214
23215
23217
23220
23221
23223
23227
23228
23230
23231
23232
23238
23239
23240
23241
23243
23244
23245
23246
23249
23252
23254
23256
23257
23259
23261
23263
23264
23265
23266
23269
23270
23271
23275
23276
23279
23280
23281
23282
23287
23290
23292
23295
23300
23301
23302
23307
23313
23314
23315
23317
23321
23324
23325
23327
23328
23332
23335
23336
23337
23340
23346
23348
23349
23350
23356
23357
23358
23363
23364
23365
23367
23368
23370
23375
23378
23381
23383
23385
23388
23390
23391
23393
23396
23397
23399
23401
23403
23404
23405
23407
23413
23415
23419
23420
23425
23426
23427
23430
23432
23433
23434
23436
23443
23448
23450
23451
23454
23455
23458
23460
23461
23462
23469
23470
23477
23478
23479
23480
23481
23483
23484
23485
23486
23487
23491
23494
23497
23505
23511
23519
23522
23526
23528
23529
23537
23538
23543
23553
23554
23555
23556
23557
23558
23560
23565
23566
23568
23581
23586
23593
23594
23600
23601
23602
23605
23613
23615
23624
23626
23631
23635
23637
23638
23646
23651
23656
23657
23659
23665
23670
23674
23675
23676
23677
23680
23682
23686
23688
23690
23692
23694
23697
23702
23706
23712
23713
23715
23722
23728
23732
23738
23744
23765
23769
23772
23773
23778
23784
23786
23789
23791
23793
23799
23800
23802
23807
23808
23809
23813
23824
23826
23828
23829
23831
23832
23834
23835
23839
23840
23841
23845
23852
23859
23860
23863
23871
23874
23877
23882
23886
23887
23891
23897
23900
23902
23907
23908
23916
23917
23923
23926
23927
23928
23930
23938
23940
23941
23945
23947
23954
23955
23958
23959
23965
23974
23978
23980
23982
23986
23987
23988
23989
23993
23997
24002
24004
24005
24006
24012
24013
24019
24021
24023
24026
24027
24030
24034
24036
24039
24044
24045
24046
24047
24048
24049
24050
24053
24054
24059
24060
24065
24067
24068
24071
24074
24075
24076
24078
24082
24085
24088
24090
24097
24098
24099
24103
24110
24114
24115
24120
24127
24128
24129
24130
24131
24137
24141
24146
24147
24149
24159
24165
24166
24170
24176
24182
24185
24192
24193
24208
24210
24218
24221
24237
24238
24239
24240
24243
24245
24247
24252
24254
24256
24257
24258
24259
24261
24263
24267
24268
24270
24271
24272
24275
24276
24281
24282
24284
24285
24288
24289
24290
24293
24294
24295
24300
24302
24305
24308
24309
24312
24316
24317
24323
24326
24338
24339
24340
24341
24343
24344
24347
24353
24354
24359
24360
24361
24365
24367
24368
24373
24374
24375
24376
24377
24380
24382
24383
24384
24385
24386
24388
24391
24393
24395
24397
24398
24404
24410
24412
24414
24416
24417
24424
24427
24433
24434
24435
24436
24437
24442
24443
24446
24447
24449
24451
24453
24457
24458
24459
24460
24465
24468
24472
24474
24477
24478
24479
24484
24485
24486
24488
24491
24492
24493
24497
24501
24503
24510
24511
24514
24517
24518
24521
24522
24523
24525
24530
24531
24532
24533
24534
24538
24541
24542
24546
24559
24563
24568
24569
24570
24571
24578
24579
24589
24590
24591
24592
24593
24594
24606
24608
24609
24610
24611
24614
24620
24622
24624
24625
24626
24628
24630
24631
24634
24637
24638
24641
24644
24645
24646
24650
24651
24653
24655
24656
24657
24659
24660
24664
24665
24666
24673
24674
24675
24678
24680
24681
24683
24686
24687
24688
24689
24691
24695
24696
24697
24698
24700
24702
24703
24704
24707
24708
24712
24720
24722
24723
24724
24726
24729
24730
24732
24735
24737
24743
24746
24747
24749
24751
24752
24753
24754
24755
24761
24762
24764
24765
24770
24776
24777
24791
24794
24797
24802
24808
24812
24813
24815
24817
24818
24820
24821
24823
24828
24830
24834
24843
24845
24846
24847
24850
24855
24860
24862
24873
24878
24880
24881
24883
24887
24889
24894
24896
24914
24915
24923
24924
24925
24926
24932
24934
24938
24953
24956
24962
24963
24966
24969
24973
24975
24979
24985
24986
24987
24998
25002
25004
25005
25008
25009
25012
25015
25018
25020
25022
25024
25031
25032
25034
25038
25039
25040
25042
25051
25052
25056
25060
25061
25063
25065
25066
25067
25068
25069
25071
25072
25073
25075
25078
25079
25081
25082
25083
25086
25089
25090
25091
25092
25093
25095
25096
25103
25105
25115
25127
25129
25132
25143
25158
25162
25163
25168
25175
25182
25183
25197
25213
25216
25221
25224
25226
25227
25229
25231
25234
25240
25243
25254
25258
25259
25261
25262
25269
25270
25273
25291
25295
25300
25302
25304
25306
25308
25309
25310
25316
25321
25326
25329
25331
25334
25335
25338
25345
25347
25351
25358
25360
25364
25365
25367
25369
25371
25373
25376
25387
25388
25403
25404
25406
25409
25411
25420
25421
25423
25426
25427
25428
25431
25432
25444
25451
25454
25457
25459
25463
25465
25466
25475
25476
25477
25483
25486
25487
25494
25501
25507
25508
25509
25510
25514
25516
25517
25518
25519
25522
25548
25549
25550
25556
25559
25564
25567
25572
25579
25588
25595
25596
25599
25614
25615
25616
25618
25622
25626
25634
25635
25636
25637
25638
25639
25643
25645
25646
25648
25653
25654
25658
25661
25663
25664
25667
25697
25698
25700
25701
25703
25706
25708
25715
25716
25744
25751
25765
25766
25770
25779
25791
25798
25805
25808
25811
25812
25817
25824
25832
25835
25840
25848
25850
25858
25864
25867
25870
25871
25872
25879
25882
25883
25891
25893
25895
25899
25903
25906
25910
25913
25916
25920
25921
25926
25936
25940
25957
25965
25976
25978
25979
25983
25985
25993
25999
26001
26009
26011
26019
26033
26035
26038
26041
26042
26043
26047
26056
26058
26061
26063
26065
26067
26072
26073
26074
26075
26076
26078
26080
26083
26084
26086
26090
26103
26104
26107
26114
26115
26119
26121
26128
26134
26142
26165
26167
26169
26173
26174
26183
26184
26207
26208
26217
26220
26232
26233
26234
26235
26237
26243
26261
26265
26269
26271
26273
26274
26275
26276
26288
26290
26297
26305
26307
26311
26312
26313
26314
26324
26328
26329
26331
26340
26345
26347
26359
26363
26368
26369
26375
26377
26382
26393
26394
26395
26398
26405
26434
26440
26446
26448
26449
26450
26451
26461
26472
26473
26474
26476
26479
26480
26490
26498
26500
26501
26506
26511
26512
26514
26520
26526
26527
26530
26531
26535
26539
26544
26547
26555
26556
26563
26576
26577
26578
26580
26593
26607
26610
26617
26618
26631
26635
26636
26637
26643
26645
26646
26652
26653
26656
26673
26676
26679
26681
26686
26689
26691
26695
26696
26700
26720
26723
26725
26727
26730
26743
26753
26754
26763
26767
26779
26781
26791
26804
26824
26838
26843
26854
26866
26872
26880
26891
26894
26900
26910
26912
26924
26935
26958
26981
26983
26992
26993
26996
27008
27011
27015
27020
27022
27024
27025
27026
27027
27029
27033
27045
27053
27057
27060
27069
27079
27086
27096
27097
27102
27112
27116
27139
27151
27153
27154
27158
27159
27167
27172
27187
27193
27195
27210
27212
27227
27238
27242
27257
27263
27276
27280
27284
27285
27293
27307
27309
27310
27365
27373
27374
27386
27391
27397
27402
27414
27415
27419
27422
27425
27433
27438
27443
27454
27460
27464
27465
27467
27468
27470
27471
27473
27483
27484
27491
27494
27497
27503
27507
27509
27513
27518
27519
27530
27532
27536
27537
27543
27545
27548
27553
27556
27559
27561
27564
27565
27573
27584
27586
27616
27641
27645
27653
27659
27661
27689
27693
27709
27710
27711
27721
27728
27740
27741
27749
27752
27761
27767
27768
27782
27786
27788
27792
27795
27803
27806
27813
27841
27867
27868
27876
27887
27892
27903
27904
27909
27916
27919
27933
27944
27948
27957
27960
27969
27973
27977
27978
27979
27983
27988
27994
27995
27999
28007
28010
28013
28014
28016
28022
28023
28025
28026
28030
28034
28036
28044
28046
28048
28053
28061
28072
28079
28080
28085
28088
28097
28108
28109
28118
28123
28126
28132
28134
28135
28145
28147
28148
28152
28166
28173
28175
28190
28197
28198
28200
28212
28220
28227
28228
28236
28237
28238
28240
28245
28250
28253
28266
28274
28277
28298
28300
28309
28312
28330
28332
28340
28342
28343
28357
28358
28365
28369
28370
28372
28379
28388
28398
28401
28412
28418
28426
28437
28448
28457
28458
28464
28466
28468
28470
28476
28478
28497
28501
28502
28504
28505
28507
28511
28512
28515
28521
28523
28524
28525
28526
28534
28542
28552
28555
28571
28572
28590
28592
28602
28605
28613
28614
28616
28623
28631
28632
28633
28634
28635
28636
28669
28683
28689
28690
28691
28692
28701
28707
28722
28727
28729
28737
28738
28759
28762
28769
28777
28778
28782
28788
28792
28794
28798
28799
28806
28807
28812
28817
28821
28825
28830
28845
28848
28858
28864
28866
28868
28871
28874
28887
28900
28915
28918
28930
28932
28934
28936
28938
28939
28947
28948
28950
28959
28965
28986
28990
28992
29007
29010
29012
29015
29033
29034
29040
29043
29048
29050
29073
29109
29132
29135
29136
29149
29186
29215
29216
29217
29220
29234
29236
29262
29263
29273
29280
29284
29296
29297
29299
29321
29332
29335
29357
29365
29368
29369
29392
29415
29421
29427
29430
29440
29450
29462
29481
29482
29484
29487
29490
29498
29499
29502
29504
29509
29516
29519
29522
29559
29573
29574
29575
29579
29580
29603
29607
29611
29635
29637
29644
29647
29650
29655
29665
29666
29672
29674
29679
29684
29685
29686
29691
29698
29710
29711
29716
29717
29721
29726
29745
29748
29753
29757
29759
29761
29762
29772
29773
29785
29812
29828
29831
29849
29851
29876
29877
29879
29885
29886
29887
29888
29904
29908
29913
29914
29917
29925
29926
29929
29931
29937
29944
29950
29955
29963
29964
29965
29966
29970
29972
29975
29984
29992
29996
29999
30018
30021
30022
30025
30026
30028
30042
30049
30050
30053
30083
30087
30103
30104
30129
30139
30147
30157
30158
30167
30169
30172
30176
30180
30187
30192
30202
30204
30210
30218
30225
30228
30238
30243
30245
30248
30250
30251
30259
30260
30278
30279
30281
30287
30292
30301
30313
30322
30332
30340
30349
30351
30355
30361
30364
30367
30372
30375
30379
30387
30388
30390
30393
30399
30403
30408
30412
30421
30439
30445
30447
30455
30460
30462
30465
30472
30474
30475
30485
30502
30517
30520
30530
30531
30535
30537
30539
30540
30552
30553
30558
30562
30572
30574
30579
30582
30583
30588
30589
30607
30608
30612
30613
30616
30618
30620
30626
30635
30636
30638
30640
30645
30653
30662
30665
30668
30672
30680
30701
30705
30708
30709
30716
30722
30732
30739
30740
30748
30754
30755
30761
30790
30796
30800
30816
30818
30819
30825
30833
30834
30835
30856
30862
30875
30877
30882
30891
30892
30910
30917
30925
30926
30939
30969
30971
30973
30974
30975
30981
30982
30985
30986
30987
30992
30993
30994
31002
31003
31007
31009
31010
31011
31012
31014
31024
31025
31026
31029
31033
31039
31057
31058
31066
31071
31075
31078
31082
31100
31115
31131
31136
31140
31143
31158
31169
31171
31183
31188
31198
31202
31204
31229
31234
31235
31269
31277
31305
31313
31316
31317
31330
31365
31374
31380
31385
31388
31391
31426
31430
31433
31445
31448
31450
31459
31460
31462
31468
31469
31472
31474
31479
31480
31484
31487
31500
31501
31504
31506
31507
31512
31515
31516
31523
31524
31543
31544
31549
31553
31554
31557
31558
31573
31591
31609
31617
31627
31629
31637
31648
31652
31661
31663
31669
31677
31688
31696
31699
31701
31702
31713
31714
31717
31724
31727
31728
31740
31743
31744
31746
31747
31751
31758
31759
31762
31766
31776
31778
31781
31783
31787
31788
31793
31799
31802
31804
31805
31817
31822
31823
31828
31848
31854
31858
31860
31868
31870
31871
31876
31886
31887
31898
31900
31903
31938
31939
31940
31945
31956
31969
31970
31972
31976
31981
31985
31987
31999
32001
32006
32013
32016
32021
32024
32025
32028
32033
32036
32042
32044
32056
32057
32059
32070
32071
32076
32082
32084
32098
32099
32109
32111
32114
32116
32126
32128
32130
32133
32134
32139
32140
32158
32167
32173
32177
32182
32187
32192
32196
32210
32220
32223
32228
32232
32244
32270
32271
32273
32294
32297
32307
32308
32315
32319
32326
32327
32329
32339
32341
32350
32354
32359
32361
32379
32382
32385
32393
32394
32405
32409
32410
32412
32415
32418
32419
32424
32433
32453
32454
32455
32458
32459
32460
32468
32471
32474
32481
32487
32489
32493
32499
32501
32515
32520
32529
32531
32537
32539
32546
32550
32554
32564
32565
32569
32579
32587
32588
32600
32602
32603
32612
32615
32618
32621
32622
32655
32672
32674
32675
32676
32677
32683
32684
32687
32690
32692
32693
32695
32701
32704
32706
32718
32748
32749
32751
32761
32762
32780
32789
32791
32793
32798
32805
32823
32839
32840
32845
32857
32869
32871
32873
32878
32882
32892
32895
32897
32898
32899
32902
32904
32905
32938
32939
32946
32950
32958
32975
32982
32983
32984
32985
32993
32997
33001
33006
33014
33015
33017
33027
33039
33048
33055
33056
33066
33072
33075
33077
33078
33080
33093
33094
33098
33121
33122
33128
33154
33155
33157
33165
33168
33199
33201
33206
33220
33221
33236
33237
33241
33242
33246
33247
33249
33251
33259
33261
33262
33263
33266
33277
33297
33304
33306
33312
33313
33319
33320
33341
33346
33348
33357
33362
33363
33391
33403
33409
33412
33414
33424
33427
33432
33442
33448
33455
33470
33474
33482
33484
33488
33495
33497
33502
33507
33510
33515
33527
33540
33541
33542
33552
33555
33558
33564
33566
33572
33574
33589
33590
33608
33611
33621
33622
33623
33626
33634
33636
33637
33638
33639
33642
33649
33652
33653
33661
33663
33664
33681
33683
33687
33692
33694
33700
33701
33703
33709
33715
33719
33721
33725
33726
33733
33738
33741
33745
33751
33759
33764
33774
33776
33781
33783
33786
33787
33788
33795
33800
33806
33808
33809
33826
33833
33854
33855
33874
33875
33880
33893
33905
33907
33913
33917
33919
33920
33925
33935
33939
33946
33951
33952
33955
33968
33969
33990
33991
34010
34026
34034
34045
34048
34058
34059
34060
34069
34082
34092
34101
34107
34114
34118
34123
34127
34137
34144
34145
34148
34155
34162
34173
34178
34182
34190
34192
34199
34205
34210
34225
34240
34250
34254
34266
34283
34284
34287
34290
34296
34314
34328
34334
34341
34350
34351
34354
34364
34366
34369
34379
34383
34392
34394
34398
34399
34403
34408
34417
34422
34425
34436
34438
34439
34440
34445
34456
34458
34471
34474
34476
34477
34481
34486
34493
34497
34501
34512
34526
34538
34540
34542
34546
34551
34555
34557
34558
34562
34565
34568
34570
34571
34579
34586
34587
34588
34591
34597
34599
34615
34616
34621
34627
34630
34634
34637
34656
34661
34667
34672
34675
34687
34702
34703
34704
34705
34706
34707
34717
34724
34736
34741
34750
34752
34758
34759
34760
34762
34763
34765
34770
34774
34783
34788
34791
34792
34813
34818
34819
34828
34832
34835
34838
34839
34853
34869
34877
34878
34885
34888
34891
34892
34896
34897
34901
34910
34911
34916
34918
34930
34934
34936
34943
34944
34948
34952
34965
34972
34975
34978
34987
34989
34994
34997
35000
35001
35013
35021
35023
35026
35031
35041
35047
35068
35071
35079
35088
35093
35098
35116
35117
35120
35124
35129
35139
35140
35145
35146
35147
35149
35157
35182
35225
35227
35233
35237
35241
35243
35249
35253
35256
35260
35268
35274
35276
35289
35306
35307
35316
35317
35321
35322
35324
35338
35343
35346
35347
35348
35356
35363
35366
35367
35371
35384
35393
35396
35398
35407
35427
35437
35438
35442
35447
35448
35451
35459
35470
35482
35483
35484
35489
35493
35515
35521
35524
35531
35539
35542
35544
35549
35551
35553
35557
35561
35574
35579
35584
35586
35589
35594
35597
35600
35604
35609
35610
35627
35629
35634
35646
35648
35650
35657
35663
35678
35679
35682
35687
35692
35695
35696
35697
35728
35729
35738
35743
35746
35748
35749
35751
35754
35770
35773
35775
35777
35778
35779
35789
35801
35815
35816
35817
35844
35850
35852
35863
35865
35874
35875
35881
35882
35884
35888
35899
35902
35906
35907
35910
35912
35913
35915
35919
35932
35940
35942
35948
35949
35951
35952
35963
35964
35965
35968
35974
35993
35994
36001
36002
36013
36023
36028
36029
36050
36067
36068
36075
36076
36077
36086
36088
36093
36101
36103
36110
36116
36134
36148
36149
36155
36176
36181
36183
36186
36190
36192
36207
36209
36210
36211
36217
36224
36235
36241
36245
36247
36250
36258
36259
36262
36271
36274
36275
36286
36287
36290
36291
36293
36296
36309
36312
36317
36319
36329
36331
36332
36337
36340
36349
36356
36358
36363
36365
36367
36374
36375
36376
36378
36381
36383
36389
36394
36395
36398
36402
36408
36413
36420
36421
36430
36441
36442
36447
36460
36471
36478
36479
36480
36481
36488
36490
36491
36494
36495
36498
36500
36501
36502
36505
36509
36528
36566
36579
36587
36590
36599
36609
36613
36616
36618
36624
36636
36647
36655
36656
36657
36662
36674
36688
36694
36695
36707
36722
36735
36738
36743
36744
36747
36765
36766
36776
36777
36795
36800
36806
36811
36812
36819
36825
36839
36843
36844
36846
36849
36850
36856
36868
36869
36875
36883
36887
36892
36894
36898
36902
36903
36906
36919
36924
36928
36930
36939
36942
36943
36946
36950
36957
36962
36967
36968
36971
36976
36980
36986
36987
36988
37008
37027
37038
37043
37044
37049
37053
37054
37059
37065
37066
37067
37070
37071
37073
37078
37094
37099
37100
37102
37122
37130
37131
37134
37138
37142
37143
37144
37152
37158
37166
37168
37169
37171
37175
37177
37178
37181
37182
37183
37187
37199
37202
37204
37232
37237
37239
37241
37251
37254
37258
37259
37260
37261
37263
37264
37266
37268
37269
37272
37276
37285
37288
37290
37293
37296
37297
37300
37308
37321
37322
37333
37336
37367
37388
37389
37394
37405
37416
37417
37419
37421
37425
37436
37441
37453
37457
37459
37468
37469
37470
37474
37475
37476
37484
37489
37491
37504
37514
37518
37519
37524
37529
37533
37543
37547
37554
37559
37561
37562
37564
37565
37587
37589
37596
37620
37634
37638
37642
37643
37646
37661
37662
37663
37664
37666
37668
37673
37684
37689
37706
37707
37716
37733
37736
37737
37743
37748
37752
37753
37755
37757
37758
37764
37776
37784
37785
37793
37794
37795
37808
37826
37840
37848
37849
37851
37857
37864
37873
37876
37877
37880
37881
37882
37894
37896
37897
37898
37914
37916
37924
37929
37930
37943
37959
37966
37967
37970
37973
37981
37983
37993
37996
38004
38015
38017
38025
38032
38033
38044
38046
38050
38052
38053
38065
38070
38071
38080
38081
38084
38086
38089
38098
38104
38105
38107
38109
38110
38112
38118
38119
38120
38130
38131
38140
38141
38144
38149
38152
38158
38161
38169
38185
38198
38201
38206
38208
38216
38217
38218
38223
38228
38231
38233
38236
38239
38241
38243
38246
38253
38255
38260
38262
38264
38268
38270
38278
38293
38294
38297
38298
38304
38315
38316
38318
38325
38327
38329
38332
38335
38336
38341
38346
38347
38362
38363
38368
38369
38375
38380
38396
38406
38407
38429
38430
38433
38437
38440
38445
38447
38448
38456
38457
38458
38464
38467
38471
38484
38491
38498
38509
38525
38527
38530
38531
38534
38535
38539
38540
38548
38556
38559
38570
38572
38575
38578
38579
38588
38607
38612
38617
38622
38625
38626
38638
38646
38651
38654
38659
38662
38668
38674
38676
38687
38690
38694
38717
38733
38735
38740
38743
38758
38759
38769
38775
38782
38789
38807
38812
38832
38838
38840
38842
38845
38846
38851
38852
38858
38861
38862
38865
38892
38894
38897
38898
38906
38908
38910
38918
38919
38921
38926
38948
38951
38956
38957
38960
38961
38971
38980
38983
38986
38989
39007
39012
39015
39017
39021
39031
39032
39038
39040
39051
39053
39054
39062
39064
39065
39069
39072
39074
39077
39078
39079
39098
39099
39102
39105
39118
39121
39123
39127
39130
39135
39136
39146
39151
39152
39156
39163
39165
39166
39180
39181
39183
39185
39187
39200
39203
39204
39205
39211
39213
39216
39228
39231
39238
39269
39274
39275
39277
39286
39292
39300
39304
39311
39322
39328
39331
39336
39337
39339
39341
39344
39348
39361
39368
39370
39371
39375
39384
39389
39395
39405
39407
39422
39423
39424
39427
39429
39436
39437
39447
39448
39451
39461
39470
39477
39485
39489
39494
39502
39516
39523
39529
39532
39533
39535
39543
39557
39569
39573
39578
39585
39594
39595
39597
39598
39599
39603
39612
39620
39623
39625
39626
39633
39637
39649
39650
39652
39654
39655
39657
39658
39662
39664
39668
39669
39670
39672
39681
39690
39691
39692
39694
39695
39696
39700
39701
39706
39708
39728
39753
39765
39770
39775
39787
39795
39798
39799
39802
39811
39812
39813
39814
39816
39839
39850
39851
39852
39857
39858
39868
39869
39874
39877
39894
39896
39900
39902
39903
39904
39912
39951
39965
39968
39979
39986
39990
39992
39996
40006
40010
40012
40027
40042
40044
40082
40096
40097
40102
40112
40119
40122
40124
40126
40130
40131
40146
40150
40151
40153
40182
40201
40204
40212
40216
40222
40223
40229
40230
40231
40232
40242
40256
40257
40258
40259
40262
40264
40265
40267
40269
40276
40277
40284
40296
40302
40305
40306
40313
40319
40330
40353
40356
40366
40381
40383
40386
40387
40401
40416
40417
40423
40428
40429
40433
40436
40438
40443
40445
40447
40453
40461
40462
40463
40464
40476
40480
40491
40500
40501
40502
40513
40523
40525
40529
40550
40552
40554
40571
40572
40581
40583
40584
40586
40589
40590
40592
40603
40607
40610
40626
40631
40643
40673
40675
40681
40682
40688
40704
40709
40716
40718
40721
40727
40729
40731
40744
40745
40758
40759
40761
40771
40774
40782
40801
40803
40814
40816
40835
40837
40845
40847
40850
40860
40862
40864
40868
40895
40897
40899
40907
40908
40909
40910
40912
40913
40917
40918
40921
40922
40936
40937
40943
40948
40949
40952
40960
40961
40963
40967
40998
41011
41016
41017
41025
41032
41043
41044
41045
41046
41047
41050
41056
41065
41068
41074
41075
41086
41095
41096
41097
41099
41102
41111
41115
41121
41129
41133
41151
41157
41158
41159
41163
41174
41177
41179
41180
41195
41199
41210
41225
41234
41237
41242
41247
41252
41253
41256
41258
41264
41265
41267
41272
41277
41285
41286
41290
41291
41295
41302
41313
41316
41320
41322
41325
41328
41336
41340
41341
41342
41343
41345
41348
41349
41354
41382
41390
41396
41401
41402
41407
41408
41430
41434
41440
41455
41456
41460
41479
41486
41491
41493
41511
41519
41526
41534
41536
41542
41551
41558
41573
41576
41577
41578
41579
41581
41586
41591
41603
41611
41615
41619
41620
41621
41625
41635
41649
41656
41661
41669
41670
41672
41674
41683
41684
41688
41694
41709
41716
41717
41731
41734
41736
41748
41753
41756
41759
41769
41771
41775
41778
41789
41791
41794
41798
41803
41820
41829
41837
41844
41845
41846
41848
41857
41861
41870
41871
41886
41887
41897
41911
41915
41921
41930
41933
41934
41935
41943
41945
41950
41952
41953
41959
41960
41971
41972
41973
41976
41983
41984
41988
42001
42012
42015
42019
42026
42027
42044
42057
42061
42062
42065
42071
42078
42090
42091
42093
42098
42111
42112
42113
42114
42115
42117
42119
42132
42136
42154
42161
42162
42167
42172
42176
42179
42188
42213
42224
42234
42238
42239
42245
42255
42258
42259
42275
42276
42286
42291
42298
42300
42305
42308
42315
42329
42330
42334
42342
42345
42352
42362
42365
42374
42402
42406
42413
42416
42417
42420
42439
42447
42452
42477
42482
42483
42487
42492
42493
42498
42501
42504
42506
42514
42520
42521
42527
42537
42545
42550
42553
42564
42565
42572
42573
42600
42605
42614
42622
42626
42632
42645
42646
42655
42661
42666
42681
42689
42691
42696
42701
42706
42714
42731
42734
42740
42745
42748
42756
42769
42774
42775
42777
42781
42802
42828
42848
42852
42856
42865
42867
42885
42899
42906
42907
42908
42920
42938
42948
42952
42966
42972
42978
42982
42988
43000
43002
43013
43020
43023
43030
43031
43046
43052
43055
43067
43071
43077
43079
43088
43095
43102
43104
43105
43114
43116
43124
43125
43127
43134
43137
43143
43150
43171
43172
43184
43185
43186
43189
43193
43195
43202
43205
43224
43231
43232
43238
43241
43242
43248
43264
43274
43297
43298
43301
43304
43318
43321
43338
43341
43344
43347
43371
43374
43387
43395
43398
43403
43418
43438
43449
43460
43462
43466
43478
43480
43481
43488
43490
43498
43520
43527
43548
43564
43595
43597
43599
43632
43658
43660
43665
43666
43669
43678
43680
43684
43685
43702
43714
43717
43726
43736
43738
43742
43757
43765
43786
43790
43806
43863
43866
43868
43870
43890
43897
43903
43920
43923
43936
43943
43947
43956
43957
43965
43989
43997
44001
44006
44016
44018
44026
