0
1
2
3
4
5
6
7
8
9
10
11
12
13
14
15
16
17
18
19
20
21
22
23
24
25
26
27
28
29
30
31
32
33
34
35
36
37
38
39
40
41
42
43
44
45
46
47
48
49
50
51
52
53
54
55
56
57
58
59
60
61
62
63
64
65
66
67
68
69
70
71
72
73
74
75
76
77
78
79
80
81
82
83
84
85
86
87
88
89
90
91
92
93
94
95
96
97
98
99
100
101
102
103
104
105
106
107
108
109
110
111
112
113
114
115
116
117
118
119
120
121
122
123
124
125
126
127
128
129
130
131
132
133
134
135
136
137
138
139
140
141
142
143
144
145
146
147
148
149
150
151
152
153
154
155
156
157
158
159
160
161
162
163
164
165
166
167
168
169
170
171
172
173
174
175
176
177
178
179
180
181
182
183
184
185
186
187
188
189
190
191
192
193
194
195
196
197
198
199
200
201
202
203
204
205
206
207
208
209
210
211
212
213
214
215
216
217
218
219
220
221
222
223
224
225
226
227
228
229
230
231
232
233
234
235
236
237
238
239
240
241
242
243
244
245
246
247
248
249
250
251
252
253
254
255
256
257
258
259
260
261
262
263
264
265
266
267
268
269
270
271
272
273
274
275
276
277
278
279
280
281
282
283
284
285
286
287
288
289
290
291
292
293
294
295
296
297
298
299
300
301
302
303
304
305
306
307
308
309
310
311
312
313
314
315
316
317
318
319
320
321
322
323
324
325
326
327
328
329
330
331
332
333
334
335
336
337
338
339
340
341
342
343
344
345
346
347
348
349
350
351
352
353
354
355
356
357
358
359
360
361
362
363
364
365
366
367
368
369
370
371
372
373
374
375
376
377
378
379
380
381
382
383
384
385
386
387
388
389
390
391
392
393
394
395
396
397
398
399
400
401
402
403
404
405
406
407
408
409
410
411
412
413
414
415
416
417
418
419
420
421
422
423
424
425
426
427
428
429
430
431
432
433
434
435
436
437
438
439
440
441
442
443
444
445
446
447
448
449
450
451
452
453
454
455
456
457
458
459
460
461
462
463
464
465
466
467
468
469
470
471
472
473
474
475
476
477
478
479
480
481
482
483
484
485
486
487
488
489
490
491
492
493
494
495
496
497
498
499
500
501
502
503
504
505
506
507
508
509
510
511
512
513
514
515
516
517
518
519
520
521
522
523
524
525
526
527
528
529
530
531
532
533
534
535
536
537
538
539
540
541
542
543
544
545
546
547
548
549
550
551
552
553
554
555
556
557
558
559
560
561
562
563
564
565
566
567
568
569
570
571
572
573
574
575
576
577
578
579
580
581
582
583
584
585
586
587
588
589
590
591
592
593
594
595
596
597
598
599
600
601
602
603
604
605
606
607
608
609
610
611
612
613
614
615
616
617
618
619
620
621
622
623
624
625
626
627
628
629
630
631
632
633
634
635
636
637
638
639
640
641
642
643
644
645
646
647
648
649
650
651
652
653
654
655
656
657
658
659
660
661
662
663
664
665
666
667
668
669
670
671
672
673
674
675
676
677
678
679
680
681
682
683
684
685
686
687
688
689
690
691
692
693
694
695
696
697
698
699
700
701
702
703
704
705
706
707
708
709
710
711
712
713
714
715
716
717
718
719
720
721
722
723
724
726
727
728
729
730
731
732
733
734
735
736
737
738
739
740
741
742
743
744
745
746
747
748
749
750
751
752
753
755
756
757
758
759
760
761
762
763
764
765
766
767
768
769
770
771
772
773
774
775
776
777
778
779
780
781
782
783
784
785
786
787
788
789
790
791
792
793
794
795
796
797
798
799
800
801
802
803
804
805
806
807
808
809
810
811
812
813
814
815
816
817
818
819
820
821
822
823
824
825
826
827
828
829
830
831
832
833
834
835
836
837
838
839
840
841
842
843
844
845
846
847
848
849
850
851
852
853
854
855
856
857
858
859
860
861
862
863
864
865
866
867
868
869
870
871
872
873
874
875
876
877
878
879
880
881
882
883
884
885
886
887
888
889
890
891
892
893
894
895
896
897
898
899
900
901
902
903
904
905
906
907
908
909
910
911
912
913
914
915
916
917
918
919
920
921
922
923
924
925
926
927
928
929
930
931
932
933
934
935
936
937
938
939
940
941
942
943
944
945
946
947
948
949
950
951
952
953
954
955
956
957
958
959
960
961
962
963
964
965
966
967
968
969
970
971
972
973
974
975
976
977
978
979
980
981
982
983
984
985
986
987
988
989
990
991
992
993
994
995
996
997
998
999
20009
20010
20011
20019
20023
20024
20029
20055
20056
20057
20059
20060
20063
20068
20070
20096
20108
20114
20116
20123
20125
20129
20132
20136
20137
20175
20176
20184
20188
20204
20228
20241
20253
20255
20256
20261
20268
20275
20295
20301
20302
20304
20305
20316
20318
20319
20320
20322
20324
20328
20330
20333
20337
20338
20345
20348
20350
20352
20355
20356
20360
20361
20362
20363
20364
20365
20366
20368
20369
20372
20373
20374
20377
20385
20399
20406
20408
20413
20418
20422
20435
20436
20444
20447
20451
20454
20467
20482
20487
20490
20492
20493
20496
20497
20498
20512
20518
20531
20537
20555
20560
20563
20567
20580
20583
20584
20586
20594
20595
20597
20599
20600
20601
20609
20617
20648
20653
20667
20674
20677
20686
20707
20708
20709
20717
20739
20745
20746
20757
20759
20761
20764
20791
20802
20817
20818
20889
20891
20892
20893
20896
20912
20916
20929
20936
20937
20941
20947
20948
20956
20966
20975
20979
20981
20985
20987
20990
20993
20994
20995
21007
21014
21018
21025
21033
21034
21035
21036
21037
21038
21044
21045
21052
21058
21059
21061
21067
21069
21070
21071
21075
21081
21091
21092
21098
21099
21123
21125
21127
21128
21129
21130
21134
21139
21140
21141
21146
21154
21163
21185
21190
21192
21198
21199
21208
21221
21222
21234
21238
21240
21241
21242
21243
21244
21245
21246
21247
21248
21249
21251
21253
21254
21256
21258
21261
21262
21265
21267
21269
21272
21273
21274
21275
21277
21279
21280
21285
21287
21289
21291
21292
21294
21297
21298
21299
21302
21303
21309
21315
21340
21343
21350
21354
21364
21368
21372
21376
21377
21381
21391
21393
21400
21410
21421
21429
21430
21431
21440
21441
21447
21451
21455
21481
21482
21484
21491
21492
21500
21501
21504
21505
21511
21517
21518
21520
21521
21522
21529
21531
21533
21537
21538
21539
21541
21542
21545
21548
21554
21557
21558
21563
21565
21566
21567
21569
21571
21572
21575
21576
21580
21582
21590
21592
21594
21599
21613
21616
21624
21628
21657
21661
21666
21667
21674
21697
21702
21723
21729
21735
21742
21758
21763
21764
21774
21778
21780
21793
21795
21817
21825
21829
21841
21846
21848
21855
21860
21862
21865
21874
21883
21894
21896
21901
21910
21913
21917
21919
21921
21922
21925
21943
21948
21949
21951
21954
21956
21969
21970
21973
21974
21978
21979
21986
21991
21994
21998
22003
22004
22005
22015
22018
22021
22064
22070
22083
22095
22104
22129
22139
22151
22155
22158
22164
22168
22173
22178
22180
22184
22188
22190
22192
22194
22197
22199
22203
22205
22206
22207
22233
22244
22259
22264
22266
22268
22272
22273
22279
22284
22296
22297
22305
22317
22323
22331
22332
22341
22356
22357
22360
22366
22371
22373
22374
22376
22379
22384
22386
22394
22397
22400
22408
22412
22417
22418
22419
22421
22422
22436
22438
22439
22440
22445
22447
22451
22452
22459
22475
22476
22490
22517
22518
22520
22523
22524
22528
22532
22533
22534
22536
22538
22539
22540
22541
22543
22544
22547
22549
22552
22553
22554
22561
22562
22565
22571
22577
22578
22579
22581
22582
22583
22584
22587
22588
22589
22591
22603
22604
22607
22615
22616
22619
22620
22621
22623
22624
22627
22634
22640
22641
22642
22645
22646
22649
22650
22652
22654
22655
22660
22663
22665
22669
22686
22687
22688
22703
22704
22705
22707
22709
22716
22717
22719
22722
22724
22725
22726
22727
22728
22729
22731
22738
22740
22745
22748
22769
22771
22786
22814
22817
22856
22857
22862
22888
22896
22898
22914
22938
22960
22972
22976
22979
22983
22998
22999
23011
23013
23014
23016
23018
23020
23021
23023
23033
23043
23054
23055
23063
23078
23085
23086
23087
23089
23090
23093
23095
23096
23103
23105
23109
23113
23126
23127
23130
23137
23140
23164
23166
23167
23173
23176
23183
23184
23198
23208
23210
23212
23213
23214
23215
23218
23220
23221
23223
23226
23227
23228
23230
23231
23232
23238
23239
23240
23241
23243
23244
23245
23246
23248
23249
23252
23254
23255
23257
23259
23261
23264
23265
23266
23269
23270
23271
23276
23279
23280
23281
23282
23284
23286
23287
23290
23291
23292
23295
23300
23301
23302
23307
23312
23313
23314
23315
23317
23323
23325
23326
23327
23328
23332
23335
23336
23337
23338
23339
23340
23346
23348
23349
23356
23357
23358
23363
23365
23367
23368
23370
23375
23378
23381
23383
23385
23388
23390
23391
23396
23397
23399
23401
23403
23404
23405
23407
23413
23415
23419
23420
23426
23427
23430
23432
23433
23434
23436
23443
23448
23450
23451
23454
23455
23457
23458
23460
23461
23462
23465
23470
23476
23477
23478
23480
23481
23483
23484
23485
23486
23491
23492
23494
23497
23505
23506
23511
23512
23519
23522
23526
23528
23529
23535
23537
23538
23543
23553
23554
23555
23558
23560
23565
23566
23567
23568
23576
23583
23586
23593
23600
23602
23607
23613
23615
23624
23626
23631
23635
23637
23638
23646
23651
23657
23659
23665
23670
23674
23675
23677
23680
23682
23686
23688
23690
23692
23694
23697
23702
23706
23712
23713
23715
23722
23729
23732
23738
23744
23753
23761
23765
23769
23772
23773
23784
23786
23791
23799
23800
23807
23808
23809
23824
23826
23829
23831
23832
23834
23835
23839
23840
23841
23845
23850
23852
23859
23860
23863
23869
23871
23874
23877
23882
23885
23886
23887
23900
23902
23903
23907
23908
23916
23917
23923
23926
23927
23928
23930
23938
23940
23941
23947
23954
23955
23958
23959
23965
23974
23977
23980
23982
23986
23987
23988
23989
23993
23997
24002
24004
24005
24006
24007
24012
24013
24019
24021
24026
24027
24028
24030
24034
24036
24039
24044
24045
24046
24047
24048
24049
24050
24053
24059
24060
24065
24067
24068
24071
24074
24075
24078
24082
24085
24090
24097
24099
24108
24110
24114
24120
24121
24127
24128
24129
24130
24131
24137
24141
24146
24147
24149
24159
24165
24170
24176
24182
24207
24208
24210
24218
24221
24237
24239
24240
24242
24243
24245
24247
24252
24254
24256
24257
24258
24259
24263
24267
24268
24269
24270
24271
24272
24276
24278
24281
24285
24286
24287
24288
24289
24290
24294
24295
24302
24305
24309
24314
24316
24317
24319
24323
24326
24331
24334
24338
24339
24340
24341
24343
24344
24347
24354
24356
24359
24360
24361
24365
24367
24368
24373
24374
24375
24376
24377
24379
24382
24384
24385
24386
24388
24391
24393
24395
24398
24404
24406
24410
24412
24414
24416
24417
24424
24427
24433
24434
24435
24436
24437
24438
24442
24446
24447
24449
24451
24453
24457
24458
24459
24460
24465
24467
24468
24472
24473
24474
24475
24477
24478
24479
24484
24485
24486
24491
24492
24493
24501
24503
24508
24510
24511
24514
24517
24521
24522
24523
24525
24530
24531
24532
24533
24534
24535
24538
24541
24546
24549
24558
24559
24561
24563
24566
24568
24570
24571
24576
24578
24579
24589
24590
24591
24592
24593
24594
24595
24597
24599
24606
24608
24610
24611
24614
24620
24622
24624
24625
24626
24627
24628
24630
24631
24634
24636
24637
24638
24639
24641
24644
24645
24646
24649
24650
24651
24653
24655
24656
24657
24659
24660
24664
24666
24673
24674
24678
24680
24681
24683
24684
24687
24688
24689
24691
24695
24696
24697
24698
24702
24703
24704
24707
24708
24712
24720
24724
24726
24729
24730
24735
24737
24743
24746
24747
24749
24751
24752
24753
24754
24755
24761
24762
24764
24765
24770
24776
24777
24791
24794
24797
24802
24806
24807
24808
24812
24813
24817
24818
24821
24823
24825
24828
24830
24834
24839
24843
24845
24847
24855
24856
24858
24860
24862
24866
24872
24873
24878
24880
24881
24883
24887
24888
24889
24894
24896
24899
24914
24915
24923
24924
24925
24932
24934
24946
24953
24956
24957
24962
24963
24966
24969
24973
24975
24979
24985
24986
24987
24998
25002
25004
25005
25008
25009
25012
25015
25020
25022
25024
25031
25032
25034
25037
25038
25039
25040
25042
25051
25056
25060
25061
25063
25065
25066
25067
25068
25069
25071
25072
25073
25075
25077
25078
25081
25082
25083
25084
25086
25089
25090
25093
25096
25103
25104
25105
25115
25118
25127
25129
25132
25138
25143
25154
25162
25163
25168
25175
25182
25183
25195
25197
25213
25216
25218
25221
25224
25226
25227
25229
25231
25234
25240
25243
25247
25259
25261
25262
25269
25270
25273
25278
25281
25291
25295
25300
25302
25304
25306
25308
25309
25310
25316
25321
25329
25331
25334
25335
25338
25345
25347
25351
25358
25360
25364
25365
25367
25369
25371
25373
25376
25386
25387
25388
25396
25403
25404
25409
25411
25421
25422
25423
25424
25426
25427
25428
25431
25432
25447
25451
25457
25459
25465
25476
25477
25479
25480
25483
25486
25487
25489
25492
25494
25499
25500
25501
25503
25504
25507
25508
25509
25514
25516
25517
25518
25519
25522
25548
25549
25556
25559
25563
25564
25567
25572
25574
25579
25588
25591
25595
25596
25603
25614
25615
25616
25618
25622
25626
25634
25636
25637
25638
25639
25643
25645
25646
25648
25653
25654
25658
25661
25662
25663
25664
25667
25697
25698
25700
25703
25706
25708
25709
25715
25716
25744
25751
25765
25779
25791
25805
25807
25808
25812
25824
25832
25835
25840
25848
25851
25864
25866
25867
25870
25871
25872
25873
25879
25882
25883
25891
25893
25899
25903
25906
25910
25913
25916
25917
25920
25921
25924
25926
25940
25941
25957
25976
25978
25979
25983
25985
25993
25999
26001
26009
26011
26019
26033
26035
26038
26041
26042
26043
26046
26047
26056
26058
26061
26063
26067
26072
26073
26074
26075
26076
26077
26078
26083
26084
26085
26086
26090
26091
26094
26099
26103
26104
26114
26115
26119
26121
26124
26128
26129
26135
26142
26163
26167
26168
26169
26173
26174
26183
26184
26205
26207
26208
26217
26220
26230
26232
26233
26234
26235
26237
26243
26261
26265
26269
26271
26273
26274
26275
26288
26290
26297
26302
26305
26307
26311
26313
26328
26329
26331
26340
26345
26348
26359
26363
26368
26369
26375
26377
26382
26393
26394
26395
26398
26405
26406
26434
26440
26446
26448
26449
26450
26451
26461
26472
26474
26476
26479
26480
26490
26494
26498
26500
26501
26512
26514
26526
26527
26530
26531
26535
26539
26544
26547
26563
26571
26576
26580
26593
26604
26607
26610
26618
26631
26635
26636
26637
26642
26643
26645
26646
26652
26653
26656
26667
26673
26676
26679
26681
26686
26689
26691
26695
26696
26705
26720
26723
26725
26727
26730
26743
26754
26763
26781
26791
26804
26810
26824
26843
26854
26860
26866
26872
26880
26891
26893
26912
26924
26935
26981
26983
26992
26993
26996
27008
27011
27015
27020
27022
27024
27025
27026
27027
27033
27040
27045
27053
27057
27058
27060
27069
27086
27096
27097
27102
27108
27116
27139
27151
27153
27154
27159
27167
27172
27185
27187
27195
27217
27227
27228
27238
27242
27257
27263
27276
27280
27285
27293
27307
27309
27310
27365
27371
27374
27385
27386
27391
27397
27402
27414
27415
27419
27422
27425
27437
27438
27445
27453
27454
27460
27464
27465
27467
27468
27469
27470
27471
27473
27483
27484
27491
27493
27494
27497
27503
27507
27509
27510
27519
27532
27536
27542
27543
27544
27545
27548
27552
27556
27558
27559
27561
27564
27565
27573
27584
27586
27593
27616
27641
27645
27653
27659
27661
27689
27693
27704
27709
27710
27711
27721
27740
27741
27752
27755
27761
27765
27767
27768
27782
27788
27792
27795
27806
27813
27837
27867
27868
27887
27892
27904
27908
27909
27916
27919
27933
27934
27944
27957
27960
27964
27969
27973
27977
27978
27979
27983
27987
27988
27994
27995
27999
28007
28010
28013
28014
28015
28016
28019
28022
28023
28024
28025
28026
28030
28034
28036
28037
28044
28050
28060
28061
28062
28072
28079
28080
28085
28088
28097
28109
28118
28123
28124
28126
28132
28134
28135
28145
28147
28148
28152
28154
28166
28173
28175
28190
28197
28200
28207
28212
28220
28224
28227
28228
28235
28236
28238
28240
28245
28250
28253
28266
28272
28274
28277
28282
28294
28300
28308
28309
28312
28320
28330
28332
28340
28341
28342
28343
28357
28358
28365
28369
28370
28371
28372
28379
28398
28401
28412
28418
28437
28445
28448
28457
28458
28460
28464
28466
28468
28470
28476
28478
28495
28497
28501
28502
28504
28505
28507
28511
28515
28521
28523
28524
28525
28526
28534
28551
28572
28590
28592
28605
28612
28613
28614
28616
28631
28632
28634
28635
28636
28652
28658
28662
28683
28690
28691
28692
28694
28701
28707
28722
28727
28729
28732
28737
28738
28762
28769
28777
28778
28782
28788
28794
28798
28799
28806
28812
28817
28820
28821
28825
28826
28827
28830
28837
28845
28847
28848
28858
28864
28868
28871
28874
28887
28918
28925
28932
28934
28938
28939
28947
28948
28950
28955
28959
28965
28990
28992
29007
29010
29012
29015
29018
29033
29040
29048
29050
29122
29132
29135
29136
29180
29186
29190
29215
29216
29217
29220
29236
29262
29263
29273
29280
29281
29284
29297
29299
29321
29332
29335
29338
29347
29353
29357
29365
29369
29392
29395
29421
29430
29440
29450
29455
29462
29481
29482
29490
29498
29499
29502
29504
29509
29516
29517
29519
29522
29559
29573
29574
29575
29603
29607
29611
29624
29647
29650
29655
29665
29666
29672
29673
29679
29683
29684
29685
29686
29691
29698
29710
29711
29716
29717
29721
29728
29741
29745
29750
29753
29757
29759
29761
29762
29767
29768
29772
29773
29785
29828
29831
29845
29849
29851
29859
29876
29877
29879
29886
29887
29888
29904
29908
29910
29913
29914
29917
29924
29925
29926
29929
29931
29936
29944
29955
29957
29963
29964
29965
29966
29970
29972
29975
29992
29996
29999
30018
30021
30022
30026
30027
30028
30030
30042
30049
30050
30053
30076
30083
30087
30096
30103
30139
30147
30156
30157
30158
30159
30165
30167
30169
30172
30180
30187
30192
30198
30201
30204
30210
30225
30228
30238
30243
30245
30246
30260
30265
30273
30278
30279
30281
30282
30289
30290
30292
30301
30313
30322
30325
30332
30333
30340
30349
30355
30361
30364
30367
30368
30375
30378
30379
30387
30388
30390
30393
30399
30403
30408
30412
30439
30447
30455
30457
30460
30462
30465
30471
30472
30474
30475
30484
30485
30502
30517
30520
30530
30531
30535
30537
30540
30552
30553
30558
30559
30562
30572
30574
30588
30589
30607
30608
30612
30613
30618
30619
30620
30626
30628
30635
30636
30640
30644
30645
30653
30662
30665
30668
30672
30680
30684
30701
30705
30708
30709
30716
30732
30739
30740
30748
30755
30761
30771
30776
30790
30796
30798
30800
30816
30818
30819
30825
30833
30834
30835
30851
30862
30875
30877
30882
30910
30917
30925
30926
30936
30939
30948
30969
30971
30972
30973
30974
30975
30981
30982
30985
30986
30987
30993
31002
31003
31007
31009
31010
31011
31012
31024
31025
31026
31029
31039
31044
31057
31058
31066
31069
31075
31082
31088
31092
31100
31115
31131
31136
31140
31158
31160
31169
31171
31188
31198
31202
31204
31234
31235
31243
31303
31313
31316
31317
31330
31365
31367
31374
31380
31385
31388
31412
31426
31430
31433
31448
31450
31459
31460
31462
31468
31469
31472
31474
31479
31484
31487
31500
31501
31504
31506
31507
31512
31515
31523
31524
31543
31544
31549
31553
31554
31557
31558
31573
31591
31609
31627
31637
31643
31648
31652
31661
31663
31669
31677
31685
31688
31696
31699
31701
31702
31708
31714
31717
31724
31727
31740
31743
31744
31746
31747
31758
31759
31762
31766
31776
31778
31779
31781
31787
31788
31793
31797
31799
31802
31804
31805
31817
31822
31823
31824
31828
31843
31848
31854
31858
31860
31868
31870
31871
31876
31886
31887
31900
31903
31913
31938
31939
31940
31945
31956
31966
31969
31970
31972
31976
31981
31987
31999
32001
32016
32024
32025
32028
32033
32036
32042
32044
32057
32059
32070
32071
32076
32082
32084
32099
32109
32111
32114
32116
32126
32130
32133
32134
32137
32139
32140
32167
32177
32182
32187
32192
32196
32210
32220
32223
32244
32271
32273
32275
32296
32297
32307
32308
32315
32319
32322
32327
32329
32339
32341
32350
32354
32358
32359
32361
32379
32382
32385
32393
32394
32409
32412
32415
32418
32425
32433
32453
32454
32455
32459
32464
32468
32471
32474
32481
32489
32490
32493
32499
32501
32515
32518
32520
32529
32531
32537
32539
32546
32550
32554
32565
32569
32572
32579
32587
32588
32598
32600
32602
32603
32612
32615
32621
32622
32632
32655
32672
32674
32675
32676
32677
32683
32687
32690
32692
32701
32704
32706
32717
32720
32748
32749
32751
32761
32762
32780
32782
32789
32791
32793
32798
32810
32818
32823
32840
32853
32857
32860
32871
32873
32878
32882
32892
32895
32897
32898
32899
32902
32933
32938
32939
32946
32950
32958
32975
32983
32984
32985
32993
32997
33006
33010
33014
33015
33017
33027
33039
33048
33055
33056
33066
33069
33072
33075
33077
33078
33080
33094
33098
33102
33121
33122
33128
33154
33155
33157
33165
33168
33199
33201
33206
33210
33220
33221
33236
33237
33239
33241
33242
33246
33247
33249
33251
33259
33262
33263
33266
33277
33279
33297
33304
33306
33312
33320
33341
33346
33348
33362
33363
33365
33376
33391
33403
33409
33412
33414
33424
33427
33432
33442
33455
33470
33474
33477
33482
33484
33486
33488
33495
33497
33501
33502
33507
33510
33512
33515
33527
33528
33529
33540
33541
33542
33552
33555
33557
33558
33564
33566
33572
33574
33582
33589
33590
33608
33609
33621
33622
33623
33626
33634
33637
33638
33642
33643
33661
33663
33664
33676
33681
33683
33684
33687
33694
33700
33703
33709
33715
33719
33721
33725
33726
33738
33739
33741
33745
33759
33774
33781
33783
33786
33787
33788
33808
33809
33826
33832
33833
33854
33855
33874
33875
33893
33907
33913
33917
33920
33925
33935
33939
33946
33949
33951
33952
33955
33963
33968
33969
33990
33991
34034
34045
34048
34053
34058
34059
34069
34082
34092
34101
34102
34107
34123
34137
34144
34148
34155
34162
34169
34178
34182
34190
34192
34199
34205
34210
34240
34250
34254
34266
34284
34287
34290
34296
34321
34328
34334
34341
34343
34350
34352
34354
34364
34366
34369
34379
34392
34398
34403
34408
34417
34418
34422
34434
34436
34438
34439
34440
34445
34456
34474
34476
34477
34481
34492
34497
34501
34512
34516
34525
34526
34540
34542
34551
34555
34557
34558
34562
34565
34568
34570
34571
34577
34579
34586
34587
34588
34591
34597
34599
34607
34609
34615
34616
34621
34627
34630
34634
34637
34647
34661
34667
34672
34678
34687
34702
34704
34705
34707
34724
34733
34736
34741
34750
34752
34758
34760
34762
34763
34770
34774
34783
34788
34791
34792
34813
34815
34818
34819
34828
34832
34834
34835
34839
34850
34853
34869
34877
34878
34885
34888
34892
34896
34897
34901
34910
34911
34916
34918
34930
34934
34935
34944
34948
34952
34965
34972
34975
34978
34989
34994
34997
35000
35001
35012
35013
35021
35023
35026
35031
35047
35055
35068
35079
35088
35093
35098
35116
35117
35120
35124
35129
35139
35140
35144
35146
35147
35149
35150
35157
35182
35225
35227
35233
35237
35241
35243
35249
35253
35256
35268
35276
35289
35292
35306
35307
35310
35316
35317
35321
35322
35323
35324
35330
35338
35343
35346
35347
35356
35363
35366
35367
35371
35376
35379
35384
35393
35396
35399
35407
35438
35442
35447
35448
35451
35459
35461
35469
35470
35479
35482
35483
35484
35489
35493
35509
35515
35521
35524
35531
35542
35544
35549
35551
35553
35557
35561
35563
35574
35579
35586
35589
35594
35600
35604
35610
35612
35627
35629
35634
35646
35648
35650
35656
35657
35663
35678
35679
35682
35687
35692
35695
35697
35702
35705
35715
35728
35738
35743
35746
35748
35749
35751
35754
35770
35773
35775
35777
35778
35779
35789
35791
35801
35815
35816
35817
35833
35844
35850
35852
35863
35865
35866
35874
35875
35879
35880
35881
35882
35884
35888
35899
35902
35906
35907
35910
35912
35913
35936
35940
35942
35948
35949
35952
35963
35965
35968
35974
35993
35994
36001
36002
36013
36023
36028
36029
36050
36068
36075
36076
36077
36086
36088
36093
36101
36102
36103
36110
36111
36116
36134
36139
36148
36155
36176
36181
36183
36186
36190
36192
36207
36209
36210
36211
36217
36230
36235
36236
36241
36245
36247
36250
36259
36262
36271
36274
36275
36287
36290
36291
36293
36296
36299
36312
36319
36331
36332
36336
36337
36340
36344
36349
36356
36363
36365
36374
36375
36376
36378
36381
36383
36388
36389
36394
36395
36398
36402
36408
36413
36420
36421
36424
36430
36441
36442
36447
36460
36471
36478
36479
36480
36481
36485
36488
36490
36491
36494
36495
36498
36500
36501
36502
36505
36509
36523
36528
36534
36548
36579
36582
36584
36587
36594
36599
36609
36613
36616
36618
36623
36624
36636
36647
36655
36656
36657
36662
36665
36674
36688
36694
36722
36735
36738
36743
36744
36747
36766
36777
36791
36795
36800
36806
36811
36812
36819
36825
36828
36839
36843
36846
36849
36850
36856
36868
36869
36875
36883
36887
36892
36894
36898
36900
36902
36903
36906
36924
36928
36930
36939
36942
36943
36946
36950
36957
36962
36967
36968
36971
36976
36980
36986
36987
37019
37027
37038
37043
37044
37048
37049
37053
37054
37059
37065
37066
37067
37070
37071
37073
37078
37099
37100
37102
37113
37122
37131
37134
37138
37143
37144
37148
37152
37158
37166
37169
37171
37175
37177
37178
37182
37183
37187
37199
37202
37204
37232
37237
37239
37241
37251
37254
37259
37260
37261
37263
37264
37266
37269
37272
37276
37285
37287
37288
37290
37293
37296
37297
37300
37308
37318
37321
37322
37332
37333
37336
37363
37367
37388
37389
37405
37411
37416
37419
37421
37425
37436
37441
37449
37453
37457
37459
37468
37469
37474
37475
37476
37484
37485
37489
37490
37491
37504
37505
37510
37514
37518
37519
37520
37525
37529
37533
37542
37543
37554
37559
37561
37562
37564
37565
37569
37582
37587
37588
37589
37596
37611
37620
37634
37638
37642
37643
37661
37662
37663
37664
37666
37668
37673
37682
37689
37703
37706
37707
37716
37733
37736
37737
37748
37752
37753
37755
37757
37758
37764
37766
37776
37780
37784
37785
37793
37794
37795
37802
37808
37826
37833
37838
37840
37848
37849
37857
37864
37873
37876
37877
37878
37880
37881
37882
37894
37896
37897
37906
37914
37916
37924
37926
37930
37943
37959
37966
37967
37976
37981
37983
37993
37996
37999
38015
38016
38017
38025
38032
38033
38035
38044
38046
38050
38052
38053
38055
38065
38070
38071
38080
38081
38084
38086
38089
38098
38102
38104
38105
38107
38109
38112
38118
38119
38122
38129
38130
38131
38135
38140
38141
38149
38152
38158
38160
38169
38170
38198
38201
38208
38218
38223
38228
38233
38235
38239
38241
38243
38246
38249
38253
38260
38262
38264
38268
38270
38271
38278
38294
38297
38298
38304
38315
38316
38318
38324
38325
38327
38329
38332
38335
38336
38341
38345
38346
38350
38357
38363
38368
38369
38375
38380
38396
38406
38407
38415
38429
38430
38433
38437
38440
38445
38447
38448
38456
38457
38458
38464
38467
38471
38484
38491
38498
38509
38513
38525
38527
38530
38531
38534
38535
38539
38540
38556
38559
38570
38575
38578
38579
38588
38606
38607
38610
38617
38622
38626
38638
38646
38651
38654
38659
38662
38664
38667
38668
38674
38678
38687
38690
38694
38717
38733
38735
38740
38743
38757
38758
38759
38769
38782
38789
38807
38812
38832
38838
38840
38842
38846
38851
38852
38858
38862
38863
38865
38879
38881
38892
38894
38897
38898
38906
38908
38910
38918
38919
38921
38926
38948
38951
38956
38957
38960
38961
38969
38971
38980
38983
38986
38989
39012
39017
39021
39031
39032
39038
39053
39054
39064
39065
39069
39072
39074
39077
39078
39079
39085
39098
39099
39102
39104
39105
39112
39116
39118
39121
39123
39125
39127
39130
39135
39136
39139
39151
39152
39156
39163
39165
39166
39180
39181
39183
39185
39200
39203
39204
39205
39211
39213
39227
39228
39231
39238
39248
39253
39269
39272
39274
39277
39286
39300
39304
39308
39311
39322
39337
39339
39341
39344
39361
39368
39370
39371
39375
39384
39389
39395
39405
39407
39422
39423
39424
39427
39436
39437
39447
39448
39461
39470
39473
39477
39485
39494
39501
39502
39516
39523
39529
39532
39533
39535
39538
39547
39551
39557
39567
39569
39578
39594
39595
39597
39598
39599
39612
39620
39623
39625
39626
39631
39633
39637
39639
39655
39657
39658
39659
39662
39664
39668
39669
39670
39672
39677
39681
39688
39691
39692
39694
39695
39696
39700
39701
39706
39715
39728
39753
39765
39770
39775
39787
39791
39794
39795
39802
39806
39811
39812
39813
39814
39816
39835
39839
39849
39850
39851
39852
39857
39858
39868
39869
39874
39894
39896
39900
39902
39903
39904
39923
39951
39965
39968
39979
39987
39990
39996
39999
40010
40012
40018
40027
40037
40042
40044
40065
40082
40084
40097
40098
40102
40117
40119
40122
40124
40126
40130
40131
40146
40147
40150
40151
40153
40182
40204
40216
40222
40223
40230
40231
40242
40244
40256
40257
40258
40259
40262
40264
40265
40266
40267
40269
40276
40277
40284
40296
40302
40305
40306
40314
40319
40330
40336
40339
40353
40356
40366
40381
40386
40387
40401
40417
40423
40428
40429
40433
40436
40438
40443
40445
40447
40453
40456
40461
40462
40463
40464
40476
40480
40491
40500
40502
40506
40513
40523
40525
40548
40550
40551
40552
40554
40561
40571
40572
40574
40581
40583
40584
40585
40586
40590
40592
40603
40607
40610
40626
40627
40631
40640
40661
40673
40675
40681
40682
40704
40709
40712
40716
40718
40721
40731
40744
40745
40755
40758
40759
40761
40771
40774
40782
40801
40803
40814
40816
40817
40833
40835
40837
40843
40848
40850
40864
40868
40893
40895
40897
40905
40907
40908
40909
40910
40912
40913
40917
40918
40921
40929
40936
40937
40943
40947
40948
40949
40961
40963
40985
40993
40998
41016
41017
41025
41032
41037
41043
41044
41045
41046
41047
41050
41056
41065
41074
41075
41086
41095
41096
41097
41099
41102
41111
41112
41115
41121
41129
41133
41151
41157
41158
41159
41163
41174
41177
41179
41187
41195
41210
41225
41234
41237
41242
41246
41252
41256
41264
41272
41277
41285
41286
41290
41291
41295
41297
41298
41302
41316
41320
41325
41336
41340
41342
41343
41345
41348
41349
41354
41368
41377
41382
41389
41396
41397
41399
41401
41434
41440
41452
41455
41456
41460
41479
41482
41486
41491
41493
41494
41511
41519
41526
41534
41536
41537
41542
41549
41551
41558
41559
41569
41576
41577
41578
41579
41581
41583
41586
41591
41603
41606
41611
41613
41615
41619
41620
41633
41635
41649
41661
41669
41670
41672
41673
41675
41683
41684
41688
41694
41709
41716
41717
41728
41731
41734
41736
41748
41753
41756
41759
41769
41778
41789
41794
41798
41803
41820
41829
41837
41844
41845
41846
41848
41861
41870
41871
41879
41886
41887
41897
41911
41915
41921
41930
41933
41934
41935
41943
41945
41947
41950
41953
41959
41960
41971
41972
41973
41976
41983
41984
42001
42012
42014
42015
42026
42027
42044
42061
42062
42065
42071
42081
42090
42093
42111
42112
42113
42114
42115
42117
42119
42120
42126
42132
42154
42161
42162
42167
42172
42174
42188
42213
42224
42232
42234
42236
42238
42239
42245
42255
42258
42259
42275
42276
42279
42286
42291
42292
42298
42305
42315
42330
42334
42342
42345
42352
42362
42363
42365
42374
42402
42406
42413
42416
42417
42420
42439
42452
42477
42482
42487
42493
42498
42501
42504
42505
42506
42514
42521
42527
42545
42550
42553
42564
42565
42572
42573
42600
42605
42606
42614
42626
42632
42645
42646
42655
42661
42666
42678
42681
42689
42691
42696
42701
42706
42714
42722
42728
42731
42734
42739
42745
42748
42752
42756
42760
42769
42774
42775
42777
42781
42802
42815
42828
42852
42853
42854
42856
42865
42867
42874
42885
42899
42906
42907
42908
42919
42920
42938
42948
42952
42972
42973
42978
42982
42988
43000
43001
43002
43005
43020
43023
43030
43031
43032
43042
43046
43052
43067
43071
43079
43088
43102
43104
43105
43114
43116
43124
43125
43127
43134
43136
43143
43144
43150
43171
43172
43184
43185
43186
43189
43195
43196
43202
43231
43232
43238
43241
43242
43247
43248
43264
43274
43277
43297
43298
43301
43304
43318
43321
43329
43338
43344
43347
43371
43374
43387
43391
43395
43398
43403
43418
43431
43449
43460
43462
43466
43478
43480
43481
43488
43490
43520
43527
43548
43564
43595
43597
43599
43604
43606
43611
43632
43658
43660
43665
43669
43677
43678
43684
43685
43702
43708
43714
43717
43726
43728
43736
43742
43757
43765
43784
43790
43800
43806
43866
43868
43870
43881
43883
43890
43895
43897
43903
43920
43924
43936
43943
43947
43956
43957
43958
43964
43965
43987
43989
43997
44001
44006
44015
44016
44018
44026
