-0.01284
-0.01186
0.00466
-0.01225
0.01425
-0.01317
-0.01454
-0.02001
0.00239
-0.01262
-0.01187
-0.01898
-0.01273
0.12951
-0.01115
-0.01485
0.00787
-0.01077
0.10071
-0.01058
0.00385
-0.01181
0.04808
-0.02472
0.04223
-0.00846
-0.01269
-0.00915
-0.01506
-0.01334
-0.01117
0.01575
-0.01413
0.01634
-0.00893
0.01987
0.05809
-0.01458
0.01561
0.00452
-0.01043
0.01914
0.01094
-0.01319
-0.01334
0.01587
0.14127
0.01191
0.00809
-0.00457
-0.01693
0.03019
0.03855
-0.00984
-0.01086
-0.01369
-0.02110
-0.01269
-0.00895
-0.01416
-0.01159
-0.01125
-0.01846
0.00234
0.06110
-0.01325
-0.00263
-0.01631
0.00807
-0.01025
-0.01207
0.06973
-0.01513
-0.01487
-0.00251
0.05071
-0.01193
-0.01282
-0.02523
-0.02133
-0.01535
-0.01280
-0.02112
-0.01463
-0.00297
0.02463
-0.04762
-0.02835
0.01878
-0.01351
-0.00586
-0.01535
-0.01206
0.05424
0.01503
-0.01454
-0.01197
-0.01043
-0.01812
-0.00664
0.00196
-0.01346
0.00684
-0.01902
-0.01227
0.03299
0.00098
-0.00712
-0.01258
0.01637
-0.01753
0.00494
-0.01674
-0.01355
-0.01583
-0.00742
-0.00142
-0.00387
0.05811
-0.00346
-0.00751
-0.01798
-0.01286
-0.01131
-0.01546
-0.00566
-0.00487
0.00742
-0.01291
-0.00688
-0.02443
0.02604
0.04998
-0.01321
-0.01320
-0.01840
-0.01450
0.01188
-0.00784
-0.01302
0.02199
0.01841
-0.01293
-0.01345
-0.00826
-0.01598
0.04445
-0.02592
0.00075
-0.01818
0.02283
0.00447
-0.01713
-0.01299
0.00998
0.07327
-0.01802
-0.01359
-0.01699
-0.00632
-0.01378
0.02664
-0.01477
-0.02488
0.07775
0.14853
0.22625
-0.01022
-0.01632
0.03811
-0.01369
-0.01151
-0.01928
-0.01222
0.04731
-0.01360
-0.01608
-0.01160
0.02280
-0.01279
-0.00761
0.03517
-0.01820
0.01157
-0.11529
-0.01342
0.10204
0.08107
-0.01127
-0.01716
-0.01181
-0.01575
0.00523
0.02165
0.04689
-0.01876
-0.00982
0.03068
-0.01738
-0.01537
-0.00820
-0.02821
-0.00987
-0.01334
0.03038
-0.01900
-0.01443
-0.00970
-0.02659
0.02142
-0.00344
-0.01527
-0.01198
-0.00958
-0.00941
-0.01633
-0.01474
-0.01802
-0.01677
0.00636
-0.01136
0.01011
0.10275
0.01525
-0.00013
0.00263
-0.00400
-0.01480
0.10278
0.00245
-0.02187
-0.01106
0.01376
-0.01053
-0.01166
-0.01357
-0.01455
0.04038
-0.00245
0.04611
-0.00950
-0.01163
-0.01715
0.02686
0.00806
-0.01489
0.02420
-0.01239
-0.01954
-0.01422
0.05739
-0.02181
-0.01252
-0.01238
-0.00971
-0.02443
0.02697
-0.01476
-0.01334
-0.00943
-0.02216
-0.01339
0.01284
-0.01711
-0.00935
-0.03252
-0.01924
-0.00564
-0.01969
-0.00944
-0.00812
0.10761
-0.01691
0.00345
-0.01210
0.00679
0.00636
-0.01226
-0.00794
-0.02130
-0.01262
-0.01629
0.05963
-0.03127
0.02108
-0.01594
0.02606
-0.01490
0.03650
-0.01714
0.00453
-0.02231
-0.02740
-0.01404
0.00831
-0.01653
0.03442
0.07444
0.05758
-0.00443
-0.00428
-0.01226
-0.02005
-0.00638
-0.01154
0.03739
-0.00523
-0.01626
-0.01501
-0.01643
0.09521
-0.00316
0.04606
-0.01517
-0.01712
0.06794
-0.01381
0.01752
-0.01420
-0.03583
-0.01348
-0.06271
-0.01162
0.03710
-0.00611
-0.01747
-0.01121
0.00369
-0.01450
-0.01388
-0.02118
-0.00495
-0.00820
-0.01315
-0.01217
-0.06595
-0.01463
-0.01507
-0.01666
-0.04294
-0.01411
0.00516
-0.01584
-0.01232
-0.00518
0.13706
-0.01356
-0.01286
-0.01508
-0.01401
-0.01544
0.00061
0.04392
0.00921
-0.01374
0.00301
-0.01814
-0.01634
-0.01159
-0.01698
-0.01566
-0.00267
-0.01362
0.15225
-0.01746
-0.01054
-0.01930
-0.00958
-0.01400
-0.01455
-0.01628
-0.01475
-0.01001
-0.01377
0.02464
-0.01405
0.01971
-0.01470
-0.01428
-0.01347
-0.00313
-0.02503
-0.01189
0.03171
0.00327
0.02935
0.04425
-0.01215
0.12978
-0.01440
0.01496
-0.01323
-0.00918
-0.01974
-0.00537
-0.00847
-0.02150
-0.01106
-0.04083
-0.01848
0.02315
0.00504
-0.01594
0.00542
-0.02790
-0.01401
-0.01550
0.00489
-0.00924
-0.01436
-0.00825
0.00049
-0.01575
-0.01691
-0.01389
-0.01266
-0.00940
-0.01793
0.00260
0.01270
-0.01622
0.01966
0.04384
-0.01363
-0.01674
-0.00059
-0.00988
0.00104
-0.01173
-0.01465
-0.01389
-0.00819
0.03318
-0.01200
0.06880
0.07345
-0.03145
-0.01777
-0.01029
0.00362
-0.01643
-0.01410
-0.01333
-0.01250
0.33081
-0.01569
-0.01989
-0.01144
-0.01719
0.02559
0.01180
-0.01424
-0.01981
-0.01032
-0.01921
0.01643
-0.02493
-0.01227
-0.01576
-0.00549
-0.01186
-0.01197
0.01009
-0.01982
-0.01447
-0.00822
0.00649
-0.01022
-0.01472
-0.00885
-0.01541
0.02726
-0.00957
-0.02861
0.06852
0.03751
-0.01256
-0.01794
-0.01421
-0.00942
-0.00042
-0.01224
-0.01388
-0.01738
0.03041
0.01182
-0.01826
-0.02789
-0.01498
-0.00093
-0.00891
-0.01457
-0.01318
0.00519
-0.01259
0.06897
-0.00406
-0.01257
-0.01271
-0.03690
-0.01479
0.07633
-0.00679
-0.01661
-0.01578
-0.03309
0.10130
-0.06001
0.00165
-0.01739
0.00810
0.00694
-0.01618
-0.00620
-0.02117
-0.01314
0.04239
-0.03343
-0.01370
-0.03542
-0.01899
0.03111
-0.00686
-0.00626
-0.01003
-0.02087
-0.01026
-0.01093
-0.01408
-0.01243
0.01677
-0.01853
-0.01716
-0.00568
-0.01523
-0.01371
-0.01503
-0.01634
0.01653
-0.01399
-0.01486
-0.01233
-0.00720
-0.03521
-0.01530
-0.01846
-0.00954
-0.01926
-0.02401
0.00068
0.02437
-0.01244
-0.01333
-0.01272
0.02093
-0.07349
0.11583
-0.01285
-0.02981
0.09744
0.03669
-0.01697
-0.01529
0.01385
-0.01259
0.07197
-0.00970
-0.00257
-0.01062
-0.01076
0.03950
0.01972
-0.01275
0.06186
-0.03267
-0.00981
0.02645
-0.01440
-0.01471
-0.01901
-0.01573
0.11080
0.07344
-0.01397
-0.01924
0.02290
-0.01902
-0.01410
-0.01292
0.00357
0.06469
-0.01272
0.04834
0.05334
-0.01274
-0.01338
0.00080
-0.01647
-0.01550
-0.01387
-0.00916
-0.01470
-0.00915
-0.00264
0.00450
-0.03329
-0.00898
0.04072
-0.01358
-0.02009
-0.01059
-0.01259
-0.01775
0.06698
-0.01368
-0.01085
-0.01269
-0.01276
-0.00023
0.01906
-0.01158
-0.03058
-0.01141
-0.00353
-0.01584
-0.01271
-0.02244
-0.01222
0.00154
-0.02038
-0.01456
-0.01181
-0.01076
-0.01410
0.04437
-0.01397
-0.00598
0.00705
-0.01274
-0.01418
-0.01708
-0.00693
-0.01494
0.00536
-0.01485
-0.01242
-0.01273
0.01882
-0.01581
0.01245
0.04914
-0.01803
-0.01320
-0.01202
0.01247
-0.01613
-0.01510
-0.00570
-0.01335
-0.01823
-0.02523
-0.01388
-0.01498
-0.01087
0.03027
0.00856
0.02756
0.01467
0.01433
-0.00264
-0.01674
-0.01947
-0.01536
-0.01786
-0.00431
-0.01766
0.01243
-0.01598
-0.01573
-0.01885
-0.01595
-0.01157
-0.01151
-0.01663
0.00043
-0.00241
0.02529
-0.01673
-0.01681
-0.01705
-0.01665
-0.01920
-0.01273
0.00986
-0.00773
-0.01172
-0.01531
0.00305
0.00028
0.01213
-0.00274
-0.01319
-0.01497
0.02867
-0.01419
-0.00968
-0.01126
0.02479
-0.01189
-0.01195
-0.01266
-0.04221
-0.01315
-0.01472
-0.01032
-0.01497
0.03318
-0.01681
-0.04985
0.00355
-0.01392
-0.00503
-0.02084
-0.01688
-0.01561
-0.00883
-0.02338
-0.00757
-0.00953
-0.01925
-0.01849
-0.00902
-0.01223
0.08866
-0.01124
0.06735
-0.01406
-0.01580
0.00618
-0.00504
0.00859
-0.01407
-0.01343
-0.01586
0.03224
-0.01153
0.02695
-0.01289
-0.01079
-0.01474
-0.02990
-0.01567
-0.01019
-0.01061
-0.00607
0.05593
-0.02279
-0.01314
-0.03522
-0.02899
-0.01397
-0.01692
-0.01310
-0.02594
-0.01357
-0.01020
-0.01613
0.01108
-0.01101
-0.01260
0.00152
-0.01411
-0.01447
-0.02531
-0.01232
-0.01318
0.01542
-0.01366
0.07158
-0.02172
-0.01515
0.04393
-0.00048
-0.01621
0.00934
-0.00904
-0.01200
-0.02725
-0.00796
0.03030
-0.01982
-0.01147
-0.01768
0.02613
-0.01524
-0.01838
0.01237
-0.01480
0.00033
-0.01719
-0.01324
-0.02006
0.06838
-0.01243
0.02556
0.01356
-0.01575
-0.01597
-0.01778
0.02582
-0.01397
-0.00659
0.03882
-0.00097
-0.01404
-0.01424
-0.01297
-0.00905
0.03259
-0.01644
-0.00386
0.05873
0.01779
-0.01546
-0.01445
-0.02734
-0.00236
0.00431
-0.00995
-0.01352
0.00999
-0.01398
-0.01429
-0.01558
-0.01350
-0.08212
0.00338
-0.00826
0.00894
-0.06276
-0.01337
0.01250
0.00660
-0.01570
-0.00905
-0.00989
0.00702
-0.02087
-0.00203
0.01190
0.00343
-0.01274
-0.00513
-0.00566
-0.01553
-0.01138
-0.00837
-0.01107
-0.01630
0.02283
0.00147
-0.01283
-0.01230
-0.01728
0.00243
-0.01747
-0.00991
-0.02933
0.00740
-0.01346
-0.01143
0.00130
0.03442
0.00238
0.01155
-0.00071
-0.01464
0.00375
-0.01424
-0.01506
-0.01241
0.00432
-0.00874
0.00051
-0.02110
-0.00864
-0.01406
0.02052
-0.00814
-0.01318
-0.01254
-0.01253
0.00291
-0.01529
0.01601
-0.01510
0.00294
-0.00989
-0.02946
-0.01151
-0.01141
-0.01136
-0.02034
0.03922
-0.01308
-0.01786
-0.01750
-0.01311
-0.01274
-0.01662
0.00447
-0.01330
0.08298
-0.01443
-0.01110
-0.00240
-0.01580
-0.01383
-0.01569
0.00679
0.05266
-0.01189
0.02740
0.03847
-0.02126
-0.05283
0.06416
0.01344
0.01894
0.01527
-0.01768
-0.01695
-0.01307
-0.03316
-0.01098
-0.01508
-0.01046
-0.01310
-0.00124
-0.01593
-0.01758
-0.01737
-0.01231
-0.01322
-0.01331
-0.01145
-0.01262
-0.01011
0.02147
-0.01299
-0.01650
-0.01723
-0.01444
0.00335
-0.02585
-0.01424
0.01564
0.05401
0.00469
-0.01299
0.10303
-0.00958
-0.01036
-0.00643
-0.01318
-0.01189
0.01478
-0.01537
0.04451
-0.01297
-0.01959
-0.01614
-0.01518
-0.01144
-0.01263
-0.00893
-0.00679
-0.00716
-0.01746
-0.01215
-0.01618
-0.02053
-0.01587
-0.00419
-0.01536
0.09074
-0.01361
0.03776
-0.01687
0.02804
-0.00124
0.03017
0.01764
0.00919
-0.01204
0.00535
0.00034
-0.00188
0.01622
0.00105
0.05475
0.00143
-0.00045
0.00265
-0.00671
-0.00271
-0.02073
0.24732
0.01551
-0.01230
-0.02349
-0.00065
-0.00738
-0.00696
-0.01198
-0.00538
-0.00638
-0.00311
-0.00844
0.08771
-0.01799
0.00360
-0.00563
0.01150
0.00285
-0.01167
0.02208
0.01129
-0.00549
-0.01579
0.00793
-0.01769
0.02438
-0.00048
-0.00486
-0.01661
-0.00819
-0.00749
0.01439
-0.00579
0.00487
0.01038
-0.00907
0.00085
0.00690
0.00598
-0.00273
0.00484
-0.00342
-0.00655
-0.00816
-0.00230
0.00639
0.00313
-0.00306
-0.01234
-0.00638
0.02329
-0.00711
0.00171
0.02170
-0.00274
0.00954
0.00195
0.00005
0.06041
0.00278
0.01070
0.02228
-0.00996
0.04251
-0.00532
-0.01819
0.00016
0.02130
-0.00826
-0.01130
0.01883
0.02047
-0.00379
-0.00005
-0.00484
-0.00692
-0.00060
-0.01737
-0.00003
0.00882
0.02366
-0.01259
-0.00976
-0.01303
0.00633
-0.00005
-0.00563
0.00121
-0.00482
-0.00543
-0.00143
0.00722
-0.01014
-0.00426
0.03196
-0.00623
-0.00212
0.00410
-0.00116
-0.00168
-0.01968
-0.00355
-0.00357
0.02460
-0.01325
-0.00228
0.00468
-0.01245
0.01633
-0.01308
0.00285
0.03535
0.00124
-0.00601
-0.39436
-0.01063
0.02262
-0.01300
-0.00122
-0.00312
0.01287
0.42582
-0.01908
0.00243
0.00944
-0.01139
-0.00723
0.00622
-0.01173
-0.00764
-0.03692
0.01741
-0.00818
0.02205
0.07292
0.00989
0.00179
-0.00420
0.05541
0.00063
0.03637
0.00076
0.00390
0.01627
0.00165
-0.01376
-0.00122
0.00410
-0.00593
-0.02151
-0.02473
0.06129
0.01091
-0.00229
-0.00705
0.00638
-0.00388
-0.00421
0.01297
-0.00685
0.00053
0.00515
-0.00046
-0.01026
-0.00848
-0.00294
0.04602
0.01435
-0.01243
-0.00094
0.00708
-0.00932
0.00240
-0.00399
-0.00555
-0.00462
-0.00819
0.00913
-0.00926
-0.00839
-0.00782
-0.00431
0.00204
0.00695
-0.00938
-0.01706
-0.00152
-0.00467
-0.00456
0.00135
-0.01636
-0.01360
0.00916
-0.00279
0.01861
-0.00402
-0.00591
-0.01587
0.01401
0.04200
-0.00604
0.00318
0.02063
-0.00669
-0.00538
-0.00435
0.01955
0.00923
0.02677
0.04570
-0.00299
-0.00921
-0.00722
-0.00207
-0.00049
0.00466
-0.00503
0.00298
0.00291
0.00788
-0.00930
-0.00662
0.02158
-0.00333
-0.01071
0.00513
-0.01596
-0.00193
-0.00546
-0.00956
0.02797
-0.01512
-0.00042
0.01934
0.00677
0.00266
-0.04643
0.02128
0.01213
0.00076
0.01931
0.00656
-0.00048
0.01143
0.01542
0.00298
0.01633
0.00061
0.00162
0.00127
-0.00217
0.00289
0.00154
0.02481
-0.00082
0.03449
-0.31366
0.01167
0.00481
-0.00657
0.00970
-0.01219
-0.00094
0.02246
-0.05232
-0.00194
0.01513
0.00130
-0.00778
-0.01105
-0.04116
0.01199
0.00679
0.00750
-0.01004
0.00095
0.00228
-0.01080
0.01446
0.04093
0.00576
0.00527
-0.00609
0.00246
-0.01159
0.01006
0.02947
0.00194
0.01842
0.00802
0.01286
0.00691
-0.00546
0.00125
-0.01127
0.00580
0.00670
-0.00436
-0.00298
-0.01048
-0.00886
-0.00180
-0.01169
0.00324
-0.00485
-0.00247
0.01292
0.00273
0.00191
-0.00127
0.00947
0.00052
0.00742
0.07487
0.00200
0.00854
-0.00179
-0.00228
0.00252
-0.01283
0.00070
0.20471
-0.01853
-0.00120
-0.00044
0.00777
-0.01240
-0.00621
0.02665
0.01242
-0.00305
0.01479
0.01823
0.00442
-0.00022
-0.00890
-0.00066
0.00156
0.00076
-0.00729
-0.00076
-0.00552
0.00214
-0.00577
-0.00300
-0.00760
0.00191
-0.00216
-0.00261
-0.01107
-0.04835
-0.01511
-0.00252
-0.00757
-0.00212
-0.00720
0.32446
-0.00342
0.02347
-0.00367
0.00116
-0.00783
0.00062
-0.03469
-0.00080
0.00453
-0.01306
-0.00524
0.00155
-0.00625
-0.00204
-0.00308
-0.00077
0.00174
-0.00070
-0.00353
-0.02443
-0.01045
0.05063
0.01624
0.01035
0.00061
-0.01271
0.19739
-0.01541
0.00132
-0.01630
-0.00816
-0.01009
-0.00261
-0.00546
0.01064
-0.01124
-0.00474
-0.00287
0.00110
-0.00840
0.00495
0.00132
-0.02756
-0.00522
0.00150
-0.00644
-0.00794
0.01077
0.00152
-0.00350
0.30964
0.00314
-0.00358
-0.00341
-0.00599
-0.01171
-0.00068
0.00630
0.00801
0.01051
0.02655
0.00622
0.17042
-0.00356
-0.00171
0.01413
0.00421
0.00426
-0.01320
-0.06107
0.00323
0.02623
-0.03978
0.00344
0.00341
0.01602
-0.00589
0.00260
0.24888
0.01374
-0.00956
-0.00363
-0.01092
0.00147
0.08260
-0.00314
-0.00493
0.00319
-0.01089
0.00688
-0.01299
0.10366
0.00177
-0.00310
0.15026
-0.00118
0.00578
-0.02446
0.00524
-0.00621
0.00471
0.00205
-0.00352
0.00270
0.01501
0.01032
-0.00128
0.00560
0.29663
-0.00112
0.00556
0.01095
0.00004
-0.00248
-0.04683
0.03009
0.00490
0.00190
0.18317
0.00481
-0.00114
0.00248
0.00300
-0.00422
-0.00547
-0.00750
0.00259
0.00331
-0.00128
0.00186
-0.00184
0.01380
-0.02286
0.00096
-0.00900
-0.00324
0.00012
0.00338
0.00289
0.00562
-0.00025
0.00364
-0.00270
0.01217
-0.00100
0.00260
0.00268
0.01075
-0.00426
-0.00258
0.01155
0.33711
0.02060
0.00075
-0.02415
0.02971
-0.00088
-0.02005
-0.00541
0.00607
-0.00196
-0.02534
0.00427
0.00205
0.00317
-0.00622
-0.00500
-0.01578
-0.00143
-0.01592
-0.00658
0.00961
0.00299
-0.00169
-0.00448
0.38071
-0.01550
0.00320
0.00281
0.00213
0.00708
0.08677
-0.00282
-0.03290
-0.00431
0.03109
0.00181
0.00232
0.01424
-0.01414
0.00447
0.01384
0.00523
0.00119
0.00109
0.00162
0.00397
0.02554
0.00344
0.00286
-0.02693
0.00043
-0.00070
-0.00580
-0.00776
-0.00105
0.00380
-0.01513
0.00198
-0.00188
-0.08877
-0.00404
-0.04962
0.00220
0.03178
0.02190
0.01358
0.00372
0.01870
0.00334
0.01229
0.00059
-0.00327
0.00034
0.01029
0.00542
0.00973
-0.00049
0.00381
-0.00258
-0.01867
0.01754
0.00292
0.00416
-0.01336
0.00316
-0.00593
-0.03174
-0.00439
-0.00055
0.00282
0.00144
-0.00135
0.00615
-0.01485
-0.01395
-0.00723
0.26376
0.00231
0.01542
-0.00441
-0.02062
0.00260
0.00858
-0.00356
-0.00502
-0.00645
0.00497
-0.00571
0.00777
-0.01476
-0.00611
-0.00490
0.00089
0.00750
0.00505
0.00170
0.06906
0.00283
0.00824
-0.00347
0.00114
0.13247
0.00901
0.00232
0.00317
-0.01083
0.01394
-0.03045
0.00584
0.02697
0.00136
0.00176
-0.02261
0.00147
0.00233
0.00280
-0.01668
-0.00887
0.00111
0.00284
0.02349
-0.00244
-0.00671
0.00060
-0.00281
0.00136
0.00878
-0.01307
-0.01193
0.00260
0.01644
0.00210
-0.00380
0.00347
0.00140
0.00112
0.00780
-0.01925
0.12465
0.00365
-0.00681
-0.00014
0.00239
-0.01307
-0.00201
0.00278
-0.00984
0.02480
0.00235
0.00903
0.00301
0.00167
0.00339
0.00218
0.00257
0.00405
0.00002
-0.01666
0.00872
-0.00008
0.00332
0.00100
0.00289
0.00065
0.00185
0.01703
0.00387
0.00097
-0.01194
0.00342
-0.00849
-0.00048
0.00233
0.00034
0.00630
-0.01845
-0.02022
0.00290
0.00504
0.06603
-0.01209
0.01020
0.00182
-0.00514
0.00191
0.00275
0.00394
-0.00405
-0.00305
0.00436
0.00199
-0.00084
0.00374
-0.04582
0.00332
0.00230
-0.01188
0.00242
0.00869
0.00370
0.00104
0.00364
-0.00030
0.00732
-0.00464
-0.00025
-0.00364
-0.00528
0.00375
0.00377
0.00166
0.00264
-0.00228
-0.00141
-0.03811
0.00370
0.00291
-0.01965
0.02423
0.00270
0.10757
-0.01062
0.00336
-0.00221
-0.00500
0.00287
0.00112
-0.01085
-0.00183
-0.00625
0.00215
0.00091
0.00367
-0.00426
0.00248
0.02916
-0.00234
0.00312
-0.01023
0.00390
-0.00513
-0.00291
-0.00341
0.12099
0.00171
0.00465
0.00417
0.00021
0.00322
0.00239
-0.00901
-0.00977
0.00228
0.00272
0.00321
-0.02856
0.00331
-0.01065
-0.00098
-0.00421
0.00285
0.05811
0.00066
-0.01772
-0.00409
0.00312
-0.00118
-0.00276
-0.01301
-0.00151
0.00373
0.01669
-0.03438
0.00146
0.00041
0.00379
0.04894
-0.00816
-0.02415
-0.00653
0.00477
0.00135
0.43660
0.00144
0.00192
0.01010
0.00225
0.03487
-0.01506
-0.00256
0.00238
0.00497
0.00303
0.00104
0.00405
0.00348
0.00171
0.01059
0.01115
0.00406
-0.00890
-0.00129
0.00292
0.00217
0.00597
0.02850
0.03040
0.00213
0.00008
0.00327
-0.00235
0.01424
-0.00778
-0.00567
0.00496
-0.10170
0.00443
0.00203
0.00192
-0.00873
-0.00825
0.00481
-0.01383
0.00366
0.00308
0.01338
-0.00240
-0.00482
0.01517
0.00132
0.12113
-0.00859
0.00222
-0.01260
0.00963
0.00327
-0.01014
-0.01550
0.00506
0.01664
0.00192
0.00307
0.00221
0.00064
0.00116
-0.01412
-0.00716
0.00192
-0.02607
0.00242
-0.00735
0.00326
0.00328
0.00385
0.00109
-0.00147
0.00141
0.00481
-0.00008
0.00250
0.00237
0.01530
0.00151
0.01270
0.00348
0.01521
0.00193
0.00087
0.00064
-0.02803
-0.00849
0.00234
-0.00208
0.00248
0.00222
0.00224
-0.00771
-0.00362
-0.01018
0.01088
-0.00465
0.02764
0.00276
0.00192
0.04233
0.00389
0.01901
0.00267
0.00298
-0.01120
0.00353
0.00272
0.00247
-0.00477
-0.03754
0.00264
0.00090
0.00257
0.01146
0.00262
-0.00579
-0.00583
0.00304
0.00246
0.00942
0.00355
-0.00055
-0.07227
0.00292
0.00232
0.00956
0.00227
0.00156
0.00786
0.01414
0.00069
0.01247
0.00302
0.00045
-0.40733
-0.00779
0.00263
0.00053
0.00322
0.00418
0.00199
0.00664
0.00156
0.00228
0.00365
0.00100
0.00297
-0.10454
0.00696
0.00257
0.00469
-0.00504
-0.00014
0.00268
0.00173
0.00352
0.00142
0.00226
0.00281
0.00205
0.00021
-0.00049
-0.00640
0.00139
0.00159
0.03348
-0.00023
0.00119
-0.01875
0.00741
0.02923
0.00222
-0.00794
-0.04707
-0.03426
0.24585
0.04587
-0.12544
0.00335
0.00942
0.00248
0.24305
0.00116
0.00303
0.01256
0.00054
-0.00777
0.00179
0.00230
-0.00433
0.00213
-0.00258
0.00488
0.01111
0.00332
0.00051
0.00128
0.00187
-0.01166
-0.00203
-0.03798
0.00298
0.00148
0.00183
-0.00069
-0.02648
0.00175
0.00077
0.00112
-0.00509
-0.00313
0.00238
-0.01105
0.00241
0.00564
0.09554
0.00312
0.16020
0.00800
0.00029
0.00332
0.03254
0.00273
0.00127
0.00596
0.00367
0.01480
0.00265
0.00402
0.00076
0.00127
0.00278
0.00276
0.00600
0.00971
0.00275
-0.01116
0.00183
0.00169
0.00294
0.00439
0.00252
0.01147
-0.02457
0.00434
0.00020
-0.00958
0.00324
0.00748
0.00303
-0.00380
0.00153
-0.00122
0.00243
0.01721
0.00324
0.00029
0.00244
0.00154
-0.00176
0.00471
0.00082
0.00239
-0.01686
0.00455
0.31529
0.00173
0.00001
0.00242
-0.01453
0.00288
0.00241
0.00085
0.00168
0.00280
0.00481
0.00233
0.00246
0.00181
0.00211
0.00605
-0.00176
0.01331
-0.01647
0.00191
0.00405
0.04780
0.00541
0.00158
0.00129
0.00260
0.00524
0.01210
-0.00046
0.01923
0.00165
-0.01397
0.00424
0.00250
0.00163
0.01508
0.00202
0.00089
-0.00376
0.00669
0.00707
0.00979
0.07214
-0.00806
-0.01371
0.02050
-0.00378
-0.00081
0.00218
0.02398
0.00734
-0.00630
0.03270
0.03528
-0.01225
-0.05677
0.00373
-0.00422
0.00211
0.01730
-0.00404
-0.00816
0.00587
0.01026
0.00208
0.00229
-0.01170
0.01711
-0.01046
0.00146
-0.00010
0.00052
0.01866
-0.00086
0.00442
0.00855
-0.02531
-0.00771
0.01388
0.03551
0.00679
0.04258
0.00107
0.14525
0.00143
-0.00329
0.00149
-0.00426
0.00310
-0.01056
-0.06524
-0.01914
0.00158
0.00726
0.00301
0.00886
-0.00798
0.01334
0.00011
0.00564
-0.00121
0.00876
0.01017
0.00177
0.03436
0.08583
0.07507
0.00075
0.00123
0.02129
0.00684
0.00197
0.00741
0.26884
-0.00314
-0.09600
-0.01707
-0.02303
-0.01212
0.00331
-0.01607
0.00654
0.00137
0.00054
0.00282
0.00147
0.16743
0.00386
-0.00588
0.01955
0.01395
0.01409
0.00191
-0.00077
-0.02251
-0.03607
0.00237
0.00456
0.00343
-0.01036
0.00154
0.00088
-0.01280
0.35418
-0.01422
0.00577
0.00258
0.00040
0.00279
-0.02360
-0.00590
0.00224
0.00258
-0.01400
0.02531
0.00352
0.00069
0.00152
0.00063
0.00230
0.00924
0.00325
0.00357
0.00536
0.01793
0.00145
0.03621
0.00026
0.00311
-0.00373
-0.00223
-0.00724
0.00187
0.00246
0.00229
-0.01089
-0.00522
-0.02008
-0.01522
0.00183
-0.00080
0.00125
0.00101
-0.05572
0.00314
0.00363
0.00770
-0.00068
0.00307
-0.00225
0.00104
0.00126
0.00224
0.08842
0.00362
0.00227
0.04283
0.00280
-0.00074
0.07848
0.02539
0.30417
0.00151
-0.00146
0.00222
0.00138
0.00131
-0.01546
0.00866
0.00365
0.00287
0.01499
-0.00354
0.04407
0.00294
-0.00404
-0.00009
0.00209
0.00485
-0.01250
0.00162
0.00184
-0.00635
-0.32886
0.00413
0.00362
0.00436
0.00424
-0.01203
-0.01788
0.00353
-0.01170
-0.00633
0.00309
0.00277
0.00242
0.00232
0.01261
0.00238
0.00618
-0.01022
0.00250
-0.01355
0.00412
0.00210
0.00827
-0.00308
-0.00086
0.00181
0.00224
0.00238
0.00003
-0.00046
-0.00841
-0.01165
0.00267
0.00623
0.00176
-0.00107
0.00455
0.01876
0.00260
0.00255
0.00429
0.00291
0.01150
0.00384
0.00311
0.00166
-0.44458
0.00197
0.00199
-0.00123
0.00087
0.00144
0.01414
0.00151
0.01447
0.00159
0.00292
0.00085
0.01086
0.00349
-0.00958
0.00201
0.00443
-0.00085
0.00430
0.00179
-0.01188
0.01511
0.00262
0.00254
0.00420
0.00165
0.00331
0.00123
0.00358
0.00233
-0.02578
-0.00199
0.00060
0.01296
0.01265
0.00235
0.00231
0.00337
0.04263
-0.00586
-0.00920
0.02974
0.00312
0.00131
-0.02635
0.00378
0.00447
0.02184
0.00243
0.00436
0.00132
0.00232
0.01560
-0.00279
0.00115
0.01425
0.00657
0.00294
-0.03267
0.00044
0.00137
0.00066
-0.00060
-0.00563
-0.00844
0.00245
0.02833
0.01368
0.00231
0.00390
-0.00305
0.00170
-0.00150
0.00447
0.03175
0.00421
0.00277
0.00143
0.00903
-0.01611
0.00017
0.00235
0.00419
0.00295
0.00201
-0.01100
0.00143
0.00321
0.00360
0.01472
0.00283
0.00584
0.00159
-0.00598
0.00405
0.02363
0.00115
-0.01845
0.00744
0.00050
0.00070
0.00315
0.00627
-0.01211
0.00268
0.00225
-0.01708
-0.00358
0.00171
0.00462
-0.00505
0.00195
0.00616
-0.00658
-0.00279
-0.00247
-0.00598
0.00200
0.00150
0.00343
-0.01076
-0.04230
-0.00244
0.00585
-0.44058
-0.01743
0.00540
-0.01118
-0.00345
-0.00081
0.00449
0.00660
0.29852
0.00299
0.00260
-0.00037
0.00215
-0.00934
0.00361
-0.00594
0.00185
0.00305
0.00366
0.00463
0.00194
0.20410
0.00185
0.00017
0.00399
-0.00331
0.00220
0.00255
0.28214
0.00892
0.00277
0.00361
-0.00254
0.00158
0.00115
0.00151
0.00239
0.00242
0.00476
0.00162
-0.01302
0.00344
-0.00465
-0.01260
0.00197
0.01331
0.00328
-0.01320
0.00208
0.07907
0.00043
0.00125
0.01319
0.00458
0.00284
-0.00469
0.10936
0.00375
0.00113
-0.00233
0.00165
0.00724
0.00382
0.00137
0.01414
0.00340
0.00753
-0.00473
-0.01136
0.00162
0.00197
0.00488
0.00283
0.00053
0.00981
0.01397
0.00190
0.00704
0.00447
-0.00139
-0.03507
0.00504
-0.06234
-0.00161
0.00163
0.00119
-0.00366
0.00316
-0.00265
-0.01057
-0.02360
0.23314
0.12591
0.02482
0.05755
-0.03866
0.00246
0.00333
0.01853
0.00436
0.00141
0.01024
-0.00411
0.00126
0.14361
0.00000
0.11901
0.00208
-0.01508
0.01578
0.00146
0.00257
-0.00172
0.00358
0.00046
0.00342
0.00304
0.01774
0.00249
0.00286
0.15846
-0.00143
0.00213
0.00128
-0.01070
0.01874
0.00121
0.00180
-0.00011
0.00208
0.00776
0.33658
0.04115
-0.01132
-0.01165
0.00273
-0.00683
0.00147
0.00289
0.00219
0.00248
-0.01072
0.00295
0.00234
0.00173
0.00195
0.00895
0.00168
0.00712
-0.01082
0.01348
0.00526
0.01668
0.00228
-0.00740
0.00229
0.01078
-0.17222
-0.00305
0.00546
0.00037
-0.00194
0.00223
0.01164
0.00154
-0.06844
0.00185
0.00022
0.00065
-0.00072
-0.00069
0.00304
0.00123
0.00189
0.00310
0.00194
0.00269
-0.01132
0.00234
-0.00309
0.01553
0.01054
0.00236
0.01242
0.00280
0.00306
-0.00483
0.00292
0.00142
0.11528
-0.00908
0.00111
0.00131
0.00571
0.00075
0.01084
0.00208
0.00218
-0.01679
0.00764
0.00141
0.00210
0.00304
0.00297
-0.00545
-0.00150
0.00209
0.00083
-0.00703
0.01330
0.01528
0.00187
0.00253
0.00808
0.00151
0.00468
0.00158
0.00181
0.00620
0.00241
0.00285
0.00065
0.01807
-0.00044
0.20995
-0.01688
-0.00067
-0.01210
0.00039
0.00231
-0.00222
0.00693
0.00007
-0.00334
-0.00554
-0.00490
0.00164
0.00143
0.00288
0.01245
0.02031
-0.00585
0.00250
0.04273
0.00260
0.00196
0.00235
0.00553
0.00338
0.01440
0.00243
0.00545
0.00358
-0.00942
-0.00172
0.00246
0.00680
-0.00008
0.00171
-0.00200
-0.00250
-0.00042
0.01027
0.00266
-0.01322
0.00250
0.00020
0.00331
0.00279
0.00215
-0.00915
-0.02382
0.00054
0.00495
0.02493
0.00385
0.01377
0.01713
0.00206
0.03347
0.00126
0.00190
-0.00357
-0.01420
0.00255
0.00725
-0.00122
0.00173
0.00477
-0.00521
0.00116
0.00347
0.00280
0.00119
0.00684
0.00336
-0.00621
-0.00569
-0.00111
0.00110
0.00200
-0.00158
-0.00492
-0.00530
0.00233
0.00307
0.00867
0.00105
0.00476
-0.02187
-0.00051
-0.00869
0.01535
0.00247
0.00190
0.00114
0.11663
-0.01125
0.01958
0.01078
-0.00595
0.00054
0.01525
0.00255
-0.02013
0.01303
-0.00407
-0.00787
0.00332
-0.08855
-0.00887
0.00232
-0.00731
0.00180
-0.00682
-0.00130
0.00568
0.08513
-0.00026
-0.00608
0.14205
-0.00365
0.00188
0.00270
0.00470
0.00268
0.00568
-0.00958
0.00324
-0.00073
0.00322
0.00231
0.02357
-0.00182
-0.00276
-0.01617
0.01928
0.00429
-0.00824
-0.37540
0.00540
0.00171
-0.00700
0.14227
0.00147
0.00323
0.00076
0.00044
0.00162
0.01308
0.00174
-0.00078
0.00950
0.04867
0.00648
0.01287
-0.00638
0.00437
0.00193
-0.01031
-0.01306
0.01291
-0.00131
-0.01038
0.00289
-0.00000
-0.00576
-0.00418
-0.00282
0.13070
-0.00354
0.00271
0.00346
0.17643
0.00221
0.00383
0.00446
0.00017
0.00726
0.00211
0.00088
0.00407
-0.02493
0.02321
0.00322
-0.01250
0.01617
0.02713
-0.00111
-0.01240
-0.00936
0.00855
-0.37312
-0.00259
0.00264
0.00571
-0.01597
0.00225
-0.00690
0.00167
0.00258
0.00075
0.00203
0.00526
-0.00955
0.00145
-0.00050
-0.00605
0.00183
0.00307
0.00157
0.00338
-0.00184
0.00365
0.00204
-0.00989
-0.00206
-0.00350
0.00485
-0.10800
-0.00908
-0.00551
0.02521
-0.00697
-0.01893
0.00244
-0.00014
-0.02294
0.00418
-0.00012
0.02138
0.00284
0.00126
-0.00344
0.00959
0.00145
0.00238
0.00261
-0.01045
0.00338
0.00202
0.00242
0.00711
0.01209
-0.00881
-0.01032
0.00226
0.26576
0.00723
-0.00187
0.00064
-0.00072
0.02658
-0.00548
-0.00792
-0.00279
-0.00843
0.00138
0.01189
0.00254
-0.00491
0.01316
-0.00549
-0.00438
0.00535
0.01219
0.01782
0.05302
-0.00312
0.01177
0.06316
0.00485
-0.01249
0.00948
0.01675
0.00645
0.00172
-0.00775
-0.00455
-0.00874
0.00453
0.03423
0.01058
-0.00053
0.00228
0.00496
-0.00911
0.00549
-0.01007
-0.00185
0.00645
-0.00416
-0.00341
-0.00082
0.00003
0.00197
0.00552
-0.00151
-0.00334
-0.00018
0.00281
-0.00575
-0.01908
-0.01332
-0.00268
0.01198
0.00464
0.12666
0.00737
0.00235
0.00210
0.00835
0.00591
-0.02842
0.01161
0.00150
-0.00299
0.00521
-0.00105
-0.00451
0.11034
0.01776
0.00163
-0.00306
-0.00069
0.00302
0.01059
0.01573
-0.00662
0.00408
0.01208
-0.00160
-0.00138
0.00017
-0.03341
0.00453
-0.06892
-0.00574
-0.00918
0.02042
0.00572
0.00529
0.00384
0.00255
-0.00807
-0.00798
-0.00365
0.00275
0.00447
-0.00701
0.00217
-0.00919
0.00048
-0.00666
0.14364
0.00851
-0.00402
-0.00974
-0.00313
0.00268
0.00141
0.00627
-0.00450
0.00274
-0.00405
0.00016
-0.00474
-0.00352
0.00279
0.00066
-0.02432
0.00174
0.00512
0.00054
0.00357
0.00890
0.00379
0.00358
-0.03078
-0.02039
-0.00746
-0.02480
-0.00673
-0.03326
-0.00895
0.00004
0.00030
-0.00140
-0.00328
-0.00377
-0.00323
0.00028
0.00288
-0.00229
0.01674
-0.00953
0.00860
0.01362
-0.01230
0.02948
0.01443
-0.06179
0.01311
-0.00105
-0.00406
0.00504
-0.00833
-0.00227
-0.06456
0.01333
0.00619
0.00704
0.00080
0.01708
-0.02232
-0.00820
-0.01538
-0.01871
-0.00301
0.00172
-0.11111
0.00128
-0.00663
0.05083
-0.01842
0.01074
-0.00417
-0.01549
0.03070
0.02144
0.00294
-0.01236
0.00337
0.00034
-0.00604
-0.00191
0.00129
-0.00746
0.00251
0.10721
0.09388
0.00410
0.22087
-0.06173
0.00145
0.01926
0.01583
0.02959
0.01154
-0.00106
0.00314
-0.01455
-0.00514
0.08049
-0.05502
0.00369
0.00729
0.00187
-0.05536
-0.00894
-0.00040
-0.00851
0.00893
0.01667
0.00413
0.00587
0.00150
-0.01969
0.00321
0.03317
0.00228
0.00159
0.00279
-0.00533
0.00313
0.40054
-0.00253
-0.00259
0.00289
0.01537
-0.00065
-0.00570
-0.00455
-0.02554
0.00523
-0.00240
-0.00432
-0.00449
0.01960
0.00285
-0.00157
0.02013
-0.00411
0.29056
0.02689
-0.00454
0.00229
-0.00457
0.00258
0.00374
-0.01171
-0.00034
0.08080
0.03256
0.00951
-0.00994
-0.00410
-0.00627
-0.00224
0.00116
0.00450
-0.00659
-0.02368
0.00036
0.00634
-0.00224
-0.00456
-0.00721
0.00400
-0.00483
0.00565
0.00385
-0.00934
0.00158
-0.00328
0.00503
0.00406
0.00289
-0.00949
-0.01091
0.08377
0.00508
-0.02010
0.12266
0.00315
-0.00416
-0.00709
0.00275
0.00274
0.00154
0.04276
-0.01019
0.00363
-0.01648
0.00222
0.00838
0.01328
0.03954
0.26560
0.02398
-0.00269
0.07820
0.00396
0.07764
-0.00467
0.00324
-0.03139
0.00417
0.00123
0.00788
0.00190
-0.01226
-0.00076
0.00867
0.00749
0.01375
0.04225
-0.00424
0.00404
0.00344
0.16802
0.01797
-0.00388
0.01661
0.11810
0.44666
-0.01472
-0.02353
0.01322
0.17403
-0.00773
-0.43185
-0.00824
0.00738
0.00234
-0.01092
-0.00612
0.01256
-0.01692
0.00586
-0.00408
0.00475
-0.00302
-0.00158
-0.00921
0.02300
0.01347
-0.00043
-0.00057
0.00250
0.00046
0.00810
-0.41311
0.04006
-0.00008
0.00766
0.00931
-0.00686
-0.00637
0.00045
-0.00588
-0.00747
-0.00356
0.00116
-0.00388
-0.00409
0.16971
-0.01243
-0.01062
-0.00890
-0.00537
-0.01817
0.00992
-0.01264
0.03007
-0.01131
0.00261
0.07683
-0.01328
0.00228
0.00669
0.00225
-0.00400
-0.00594
0.00367
-0.00355
0.02319
0.02977
-0.01609
-0.00636
-0.00126
0.00449
-0.00518
-0.00654
0.06640
0.04588
-0.00196
0.02897
0.00516
-0.00846
0.00442
0.02341
0.00537
0.00817
-0.01101
0.00111
0.03328
-0.00545
0.01748
-0.01355
-0.00236
0.00691
0.01671
-0.01015
-0.00288
-0.00487
-0.00357
-0.01287
-0.00579
-0.03859
-0.02072
-0.00013
0.06333
-0.00142
-0.00471
-0.00505
-0.00550
-0.00887
-0.00723
0.00377
0.00378
0.00210
0.02597
0.02397
-0.01309
0.01455
-0.00128
-0.00830
0.01069
0.05508
0.00004
-0.01364
-0.02225
0.00320
0.00064
0.00144
-0.00653
0.00197
-0.01482
0.00588
0.04371
0.00350
0.00459
0.02183
0.02673
0.00974
-0.00352
-0.00403
-0.01392
-0.00875
-0.00531
0.02575
0.00150
-0.01144
0.04610
-0.00855
-0.00535
0.27654
-0.00130
0.00138
-0.00200
-0.01017
0.00244
0.00348
-0.00238
-0.01284
0.00852
-0.00803
-0.00729
0.00734
-0.00774
0.01701
-0.00443
-0.00531
-0.00897
0.00008
-0.04142
-0.00373
0.00473
-0.00142
0.01262
0.00432
-0.00054
-0.00966
-0.01509
0.00401
-0.00900
-0.00042
0.01190
-0.00643
0.01191
-0.01163
0.00187
-0.00189
0.00183
-0.00647
0.00148
0.00270
-0.01208
-0.00765
-0.00399
-0.00425
-0.00288
-0.00223
0.01543
-0.00134
-0.01196
-0.00370
-0.00051
0.03735
-0.00592
-0.00255
-0.00502
0.00169
0.01642
-0.00589
-0.01837
0.00960
-0.01184
0.00061
0.00854
-0.00891
-0.00019
0.05702
0.00480
0.00162
-0.00138
0.00811
0.00375
-0.00077
0.00596
0.00015
0.00035
-0.00077
0.01021
-0.01700
0.02128
-0.00095
-0.00994
-0.00666
-0.00960
0.02429
-0.00340
0.00174
0.06326
0.00865
0.00268
0.00657
0.00380
0.00818
0.01343
-0.00209
-0.00028
-0.00538
0.00340
-0.02176
-0.00730
-0.00031
-0.00449
0.00578
0.00259
-0.00201
0.01103
-0.00303
-0.01306
-0.00461
0.01078
0.00607
-0.00610
-0.00636
-0.00279
-0.01554
-0.00497
-0.00055
0.01691
-0.00928
-0.01003
-0.00860
0.00549
0.02921
-0.00159
-0.00477
0.02497
-0.00518
0.00926
-0.00889
0.01280
-0.00191
-0.00565
0.00494
0.01365
-0.00736
0.05723
-0.02157
-0.01238
0.02589
0.02116
-0.00766
-0.01058
-0.00480
-0.00179
-0.01473
-0.38338
-0.00419
0.01438
-0.00726
-0.00185
0.00357
0.00783
-0.00066
0.00327
0.00566
-0.00140
-0.00446
-0.00394
0.00140
0.00029
-0.00472
-0.00987
-0.00966
-0.00043
0.00824
0.00636
-0.00139
-0.00887
-0.01840
-0.01811
-0.01558
-0.01299
-0.03282
0.00167
0.00019
0.01110
-0.01173
0.04516
0.00152
-0.00214
-0.00632
0.00070
-0.11658
-0.00505
0.01087
-0.01166
0.07791
0.02069
0.01684
0.01053
0.00351
0.01875
0.01954
-0.05582
0.00005
0.01650
0.00532
0.01458
-0.00720
0.01187
-0.02198
0.00121
-0.00510
-0.00209
-0.00314
-0.00971
-0.00256
-0.00652
-0.00778
0.00135
0.00987
-0.01575
-0.00261
-0.00417
-0.00507
0.00894
-0.01088
0.00400
0.02385
0.00348
0.02846
-0.00563
0.01889
-0.00324
-0.00003
0.01686
0.00757
-0.00573
-0.01186
0.00301
0.00255
0.01800
-0.00746
0.01344
0.01800
-0.00142
0.00788
-0.03880
0.00658
-0.01900
0.00965
-0.00659
-0.00471
-0.01006
-0.01219
-0.00743
0.02231
-0.00479
-0.00479
0.09562
0.01253
0.01062
-0.00661
-0.00200
0.00370
-0.00132
-0.01113
0.03430
0.00964
-0.01143
-0.00726
-0.00566
0.04031
-0.00894
-0.00288
-0.00270
0.00179
0.03425
-0.00514
0.03049
0.01591
0.01310
-0.00894
-0.00657
-0.42448
0.00033
0.00009
-0.00701
0.00573
0.00035
0.00344
-0.00160
-0.00784
-0.00519
0.00438
0.00324
-0.00011
-0.00497
0.00053
-0.01323
-0.04602
0.00965
0.25323
-0.00547
0.00433
-0.00439
-0.00361
-0.00607
0.02699
-0.00307
-0.00998
0.00543
0.37392
0.00528
-0.00060
-0.00956
0.23681
0.01142
0.01043
-0.00397
-0.00646
0.00282
-0.00120
0.01309
0.00956
-0.00604
-0.01521
-0.00394
0.00520
-0.00446
0.01261
-0.00147
0.00086
0.00291
-0.03749
-0.00092
-0.00257
-0.00326
0.00091
-0.06492
0.00939
-0.43412
0.38997
0.01488
0.01603
-0.00326
0.00899
0.03073
-0.02263
0.25754
-0.00448
-0.03493
-0.01677
-0.01289
0.28534
-0.00572
-0.00405
-0.01536
0.01007
-0.00645
-0.00343
-0.00362
-0.00681
-0.00592
-0.00294
-0.01674
-0.00095
0.01370
0.01502
-0.00838
-0.01250
0.00469
0.03461
-0.00107
0.02549
0.02788
-0.00153
0.00536
0.01038
-0.00704
0.01227
0.00159
-0.01373
-0.00865
0.00216
-0.03272
-0.01443
0.00344
-0.01393
0.02001
-0.02455
-0.00693
0.01905
