-0.01302
-0.00539
0.02026
-0.01129
-0.00209
-0.01319
-0.01409
-0.01387
-0.00580
-0.01129
-0.01860
-0.01442
-0.01121
0.04180
-0.01347
-0.01365
0.00841
-0.01387
0.03020
-0.01543
0.01624
-0.01126
0.00760
-0.02308
0.07674
-0.01287
-0.01389
-0.01086
-0.01306
-0.01164
-0.01220
-0.00054
-0.01662
0.04032
0.00580
0.08894
0.04254
-0.01139
0.01998
-0.00829
-0.01197
0.06424
0.01334
-0.01105
-0.01243
0.02400
0.13219
0.00371
-0.00169
-0.01201
0.01308
0.02774
0.01684
-0.02297
-0.01612
-0.01947
-0.01357
-0.01720
-0.01176
-0.00463
-0.01102
-0.01630
0.02205
0.10642
0.09252
-0.01528
-0.00911
-0.01124
-0.00947
-0.02715
0.09497
-0.01593
-0.01255
-0.00220
-0.01987
-0.01594
-0.00988
-0.01165
-0.02763
-0.01402
-0.01478
-0.01351
-0.01402
-0.00023
0.03720
-0.01638
-0.02017
0.01526
-0.05047
-0.00824
-0.01632
-0.01110
0.01352
0.02099
-0.01388
-0.01070
-0.01203
-0.01422
-0.00722
0.01507
-0.00831
0.00016
0.07670
-0.01360
-0.00000
-0.00893
0.01060
-0.01317
0.02189
-0.01195
-0.01075
-0.02080
-0.01326
-0.01195
-0.00865
0.00110
-0.01014
0.01809
0.01858
-0.00506
-0.01464
-0.01722
0.00142
-0.00637
0.00509
-0.00409
-0.00769
-0.01262
-0.00363
-0.00701
-0.00994
0.04982
-0.01299
-0.01518
-0.01015
-0.01687
-0.00503
-0.01495
-0.01829
0.03795
0.00998
-0.01534
-0.01358
0.02368
-0.01304
0.03768
0.00602
-0.01046
-0.01317
0.02017
-0.01139
-0.00908
-0.00654
0.01423
0.04658
-0.01226
0.05114
-0.01739
-0.03278
0.00125
0.01958
0.01389
-0.00666
0.06909
0.16565
0.33511
-0.01169
-0.01779
0.00334
-0.01261
-0.01600
-0.01366
-0.01158
0.02740
-0.01272
-0.02234
-0.01526
0.02318
-0.01047
0.02573
0.09153
-0.01262
-0.01050
-0.06135
-0.01666
0.17810
0.05959
-0.01310
-0.01364
-0.01450
-0.01578
-0.01258
0.02208
0.02154
-0.01858
-0.00865
-0.01001
0.02600
-0.01879
-0.01193
-0.01705
-0.00608
-0.00401
-0.01252
0.11366
-0.02012
-0.03987
-0.01669
-0.02469
-0.01492
0.00787
-0.01213
-0.01293
-0.01410
-0.00953
0.00132
-0.00097
-0.02018
-0.01197
0.03853
-0.01312
0.01116
0.05060
-0.00093
-0.01261
-0.00863
0.01465
-0.00910
0.13394
-0.01050
-0.01385
-0.01107
-0.00209
-0.01958
-0.00988
-0.01328
-0.01692
0.04142
-0.00662
0.03455
-0.01275
-0.05848
-0.00991
0.01504
0.04020
-0.01138
0.03481
-0.01101
-0.00905
-0.01316
0.00323
-0.02248
-0.01651
-0.01348
-0.01353
-0.03295
0.02851
-0.01793
-0.01645
-0.01285
-0.02570
-0.02208
-0.00204
-0.02338
-0.00989
0.00147
-0.01431
-0.01599
-0.02426
-0.01146
-0.01217
0.15949
-0.01097
0.01060
-0.00906
0.00779
-0.00777
-0.00535
-0.00682
-0.02314
-0.01162
-0.01443
0.06975
-0.01992
0.01092
-0.01483
0.01498
-0.01311
0.03187
-0.02404
0.02684
-0.00935
-0.01242
-0.01383
0.02454
-0.01532
0.01876
0.09115
0.06511
-0.01816
0.01179
-0.01291
-0.05179
0.02105
0.09489
0.02229
-0.00574
-0.00990
-0.01655
-0.01287
0.08934
-0.01359
0.13276
0.02373
-0.01549
0.12054
-0.01233
-0.01590
-0.02018
-0.03709
-0.01452
-0.08010
-0.00691
0.01885
0.00047
-0.01735
-0.01247
-0.01122
-0.01258
-0.01356
-0.01199
-0.00797
-0.01424
-0.01172
-0.01382
-0.03736
-0.01254
-0.01229
-0.01409
-0.02099
-0.02122
0.02339
-0.01226
-0.01263
0.00073
0.09881
-0.01207
-0.01013
-0.02032
-0.01547
-0.01343
0.00953
0.01562
0.00746
-0.01256
-0.00868
0.00100
0.00950
-0.01082
-0.01189
-0.01741
-0.00613
-0.01311
0.13221
-0.00928
-0.01405
-0.01975
-0.00957
-0.01438
-0.02350
-0.01191
-0.01288
-0.01897
-0.01264
0.00076
-0.01096
0.00713
-0.01119
-0.01736
-0.01328
-0.00777
-0.01114
-0.01059
0.07051
0.05001
0.01460
0.01124
-0.01117
0.24159
0.01157
0.00768
-0.01141
-0.01186
-0.01445
-0.01185
-0.01032
-0.04990
-0.01230
-0.02367
-0.01393
0.03972
0.02936
-0.01444
0.00352
-0.03051
-0.01947
-0.01557
0.00021
0.00803
-0.01249
-0.00893
-0.01414
-0.00977
-0.01275
-0.01312
-0.01296
-0.01125
-0.01634
0.00122
0.02329
-0.01615
-0.01257
0.02236
-0.01146
-0.01925
-0.00377
0.03251
0.00546
-0.01333
-0.02163
-0.01531
0.00410
0.04435
-0.01105
0.05217
-0.00512
-0.03243
-0.01207
-0.01137
0.03213
-0.01518
0.01846
-0.01509
-0.01398
-0.01414
-0.01304
-0.01221
-0.01284
0.01512
0.02696
-0.01648
-0.01723
-0.01350
-0.01313
-0.01140
-0.01529
-0.00622
-0.01260
-0.00645
-0.01251
-0.01316
-0.00066
-0.01761
-0.01393
0.00372
0.01766
-0.00956
-0.01180
-0.00806
-0.01258
-0.00550
-0.00832
-0.03722
0.04754
0.00662
-0.01092
-0.01466
0.00162
-0.01645
0.01492
-0.01467
-0.01249
-0.01098
0.03073
0.02793
-0.01250
-0.04485
-0.01496
-0.00259
-0.00658
-0.00612
-0.01451
0.01053
-0.01398
0.15423
-0.00636
-0.01178
-0.00821
-0.01864
-0.01629
0.00987
-0.00907
-0.01473
-0.01650
-0.03309
0.03426
-0.01842
-0.01036
-0.01239
0.00193
0.00493
-0.01628
0.00276
-0.01123
-0.01329
0.08924
-0.00030
-0.01243
-0.03785
-0.02202
0.05045
-0.00955
0.00362
-0.00595
-0.00889
-0.01092
-0.01345
-0.00445
0.10829
-0.00355
-0.01484
-0.01712
-0.00561
-0.01367
-0.01795
-0.01397
-0.04803
0.02705
-0.01252
-0.01531
-0.01400
-0.01473
-0.02620
-0.00662
0.00679
-0.01288
-0.01075
-0.02188
-0.00416
0.00560
-0.01506
-0.01244
-0.01181
0.04624
-0.05494
0.06821
-0.02092
-0.01988
0.11171
0.03421
-0.01355
-0.01674
0.01383
-0.01651
0.02938
-0.01385
0.00918
-0.01033
-0.01171
0.09532
0.01925
-0.01239
0.02118
-0.03242
-0.01010
0.00677
-0.01199
-0.01443
-0.01979
-0.01627
0.09950
0.01701
-0.01107
-0.02169
-0.01816
-0.02968
-0.01929
-0.01545
-0.01299
-0.00710
0.00848
-0.01668
0.04880
-0.01408
-0.01340
-0.01527
-0.00190
-0.00901
-0.01406
-0.01315
-0.01126
-0.01210
0.00357
0.00033
0.01486
-0.02248
-0.01577
-0.01396
-0.00820
-0.01563
-0.01401
-0.01110
-0.01430
0.04554
-0.01080
-0.01215
-0.01057
0.02106
-0.01052
0.02535
-0.00864
-0.03015
-0.00938
-0.01049
-0.00982
0.00088
-0.03078
-0.01124
-0.00089
-0.01950
-0.01148
-0.00831
-0.00987
-0.01718
0.01801
-0.00818
-0.01085
-0.00523
-0.00993
-0.01273
-0.01311
-0.00625
-0.01233
0.02134
-0.01303
-0.01569
-0.01077
0.04064
-0.01777
0.01698
0.05742
0.05905
-0.01171
-0.01645
0.02208
-0.01781
-0.01562
-0.00396
-0.01428
-0.01589
-0.02834
-0.01535
-0.01797
-0.00856
0.02035
0.02485
0.00556
0.06347
0.04315
0.00229
-0.01336
-0.01271
-0.02087
-0.00981
-0.01312
0.01286
-0.00345
-0.00693
-0.01303
-0.01398
-0.01573
-0.01233
-0.01272
-0.01164
-0.01532
0.00764
-0.02403
0.02605
0.03186
-0.02147
-0.01940
0.05770
-0.01641
-0.00988
-0.00739
-0.01327
0.00142
-0.01426
0.01192
-0.00987
0.02657
-0.01017
-0.00152
-0.01767
0.01346
-0.01645
-0.00438
-0.01079
-0.01054
-0.01357
-0.01405
-0.01028
-0.01601
-0.01092
-0.01562
-0.00924
0.02363
-0.01340
0.01571
-0.00426
-0.01448
-0.00313
-0.00844
-0.00980
-0.04260
0.00033
-0.01442
-0.00302
-0.00671
-0.02779
-0.00211
0.00090
-0.01203
0.01686
-0.01279
0.04079
-0.01681
-0.00996
-0.00973
-0.00682
0.00035
-0.01493
-0.01333
-0.01709
0.06690
-0.02187
-0.02277
-0.01408
-0.00975
-0.01210
-0.02784
-0.01261
-0.01413
-0.01258
0.00627
0.03099
-0.02981
-0.01016
-0.01650
-0.01062
-0.01208
-0.01403
-0.01324
-0.02923
-0.01295
-0.01035
-0.01409
0.00731
-0.01189
-0.01500
-0.00060
-0.03097
-0.01321
-0.01662
-0.01352
-0.01428
-0.00444
-0.01303
-0.00891
-0.01445
0.00875
0.04564
0.01126
-0.01473
0.01270
-0.01149
-0.01034
-0.02262
-0.01514
0.01466
-0.01857
-0.01142
-0.01562
0.00598
-0.01160
-0.02195
0.00488
-0.01407
0.00615
-0.01978
-0.01909
-0.00336
0.07312
-0.01320
0.01793
0.01906
-0.01272
-0.01941
-0.02171
0.00297
-0.00741
-0.00394
0.03478
0.02587
-0.01316
-0.01688
-0.01213
-0.00973
0.01172
-0.01404
-0.00984
0.05238
0.00309
-0.01499
-0.01108
-0.02537
-0.00829
0.02793
-0.01308
0.01537
-0.01421
-0.02013
-0.00893
-0.01853
-0.01504
-0.06025
0.03169
-0.01089
-0.01331
-0.05596
-0.01157
-0.01109
0.01339
-0.01539
0.04590
-0.01231
0.01797
-0.02181
0.03678
0.02352
0.00533
-0.01273
-0.01312
0.02735
0.00054
-0.01157
0.00973
-0.01346
0.01575
0.03644
-0.01276
-0.01064
-0.01504
-0.02448
-0.01804
-0.01304
-0.01229
-0.02716
0.01498
-0.01898
0.00710
0.00234
0.02325
0.01831
0.01017
0.00604
-0.01451
0.01140
-0.01774
-0.01325
-0.00730
0.01080
-0.01200
0.01722
-0.01311
-0.01465
0.03023
-0.00855
0.00947
-0.01105
-0.01389
-0.01226
-0.01142
-0.01400
-0.01228
-0.00996
0.00563
-0.00923
-0.04779
-0.03107
-0.01234
-0.01477
-0.02035
0.01433
0.00423
-0.01203
-0.01589
-0.00853
-0.01102
-0.00978
0.02336
-0.00398
0.06085
-0.01564
-0.01180
0.00102
0.01211
-0.01419
-0.01280
-0.01483
-0.00442
0.03474
-0.01476
0.01073
0.01562
-0.01587
-0.01015
0.01648
0.04519
0.00681
-0.01254
-0.01813
-0.00654
-0.01533
0.06616
-0.01035
-0.02012
-0.01098
-0.00981
0.00458
-0.01356
-0.01122
-0.01780
-0.01321
-0.01275
-0.01136
-0.01518
-0.01234
-0.01304
0.00829
-0.01134
-0.01400
-0.04101
-0.01192
0.01139
-0.02450
-0.01464
-0.00858
0.04845
0.00684
-0.01537
0.03353
-0.01354
-0.01436
-0.00680
-0.01391
-0.01592
-0.01275
-0.02173
0.02247
-0.01565
-0.01750
-0.01239
-0.01554
-0.01740
-0.00060
0.00392
0.00360
-0.00710
-0.01496
-0.01531
-0.01448
-0.01294
-0.01995
0.04257
-0.01356
0.10715
-0.01263
-0.01247
-0.00677
0.04482
-0.00360
0.03744
0.00763
0.00837
-0.00939
0.00200
-0.00258
0.02140
0.00118
0.01239
0.00008
-0.00027
-0.00858
-0.00785
0.08272
-0.03237
-0.00471
0.00897
-0.00940
-0.00718
-0.00665
-0.00681
-0.00483
-0.00340
-0.01221
0.11803
-0.01274
-0.00608
0.01056
0.01551
-0.01356
0.02110
0.01128
0.02587
-0.00855
-0.01559
0.00711
-0.00279
-0.00056
-0.00058
0.00633
-0.00560
-0.00642
-0.00137
0.01096
-0.01186
0.00430
-0.09785
0.01046
-0.01661
0.00009
0.00086
-0.00505
0.01045
-0.00687
0.02334
-0.00728
-0.00709
-0.00557
-0.00146
-0.00549
-0.01210
0.04302
-0.00484
0.00489
0.00198
-0.00921
0.00906
0.00327
0.06082
0.00493
-0.01242
0.00500
0.00299
-0.00403
-0.01026
-0.00304
-0.00789
-0.01818
0.00508
0.00882
-0.00852
0.00237
-0.00769
0.00342
-0.01767
-0.00006
0.00172
0.00005
-0.01157
0.02591
-0.03127
-0.00049
0.00152
-0.00326
0.00316
0.02669
-0.00237
-0.00505
-0.00274
0.00442
0.01196
-0.00213
-0.00295
0.01029
-0.00845
-0.00235
0.00080
-0.00371
-0.00328
-0.01986
-0.00831
0.01511
0.00061
0.00084
-0.00500
-0.00833
-0.01031
-0.00231
-0.01290
0.01167
0.00873
-0.00024
-0.00908
-0.01727
0.00234
-0.01850
-0.03293
-0.00364
0.00719
0.33813
-0.03194
0.00742
0.00767
-0.01139
0.00532
-0.01062
-0.00976
-0.05571
0.01336
-0.00691
0.00977
0.01911
0.00968
-0.00028
-0.00115
0.05787
-0.00240
-0.00123
0.00031
0.00245
-0.00522
-0.01390
0.01393
-0.00095
0.00068
-0.00288
-0.01879
-0.02391
0.04983
0.00625
-0.00143
-0.00577
0.00387
-0.00008
0.01113
-0.00493
0.01480
0.01302
-0.00807
-0.00543
-0.00409
0.04930
0.02882
-0.01434
-0.00245
0.01879
-0.00487
0.00157
-0.00891
-0.00818
-0.00833
-0.00927
0.00839
-0.00997
-0.00532
0.02237
0.00074
-0.00444
-0.00137
-0.00812
-0.00933
0.00001
0.02363
-0.00527
-0.00619
-0.00567
-0.01767
-0.02277
0.01305
0.00139
0.01380
-0.00369
-0.00694
-0.00768
-0.00037
0.01560
-0.00738
0.02684
-0.00171
-0.00920
-0.00596
-0.00722
0.00775
0.01414
0.02692
0.01538
0.00272
-0.00649
0.00048
-0.00381
-0.00167
-0.00269
0.02419
-0.00073
-0.00877
0.01391
0.01078
-0.00629
-0.00675
0.03025
-0.00011
-0.01090
0.00518
-0.01427
-0.00378
-0.00434
-0.00956
0.01446
-0.01471
0.00398
-0.00355
-0.00071
-0.00028
0.00784
0.00870
-0.00889
-0.00453
-0.00380
-0.03010
0.00064
0.00073
0.00363
0.00056
0.00056
-0.00623
0.00049
-0.00628
0.00231
-0.00207
0.03201
0.00029
0.00097
-0.30040
0.00621
-0.00521
0.00124
0.01177
-0.00133
0.00418
-0.00517
0.01037
0.00321
-0.00518
-0.00701
-0.03581
-0.01224
0.02154
0.00363
0.02306
0.00208
0.01325
-0.00160
-0.01513
0.02256
0.01882
0.00156
-0.00403
-0.00857
0.02993
0.00994
-0.00120
0.04753
-0.00005
-0.00100
0.00931
0.01870
0.00208
-0.00335
0.00251
-0.00847
0.02055
0.02926
0.00127
-0.04994
-0.00522
-0.00781
0.00464
-0.00883
-0.00531
-0.00307
-0.00170
0.00698
0.00326
0.00338
-0.00192
-0.00873
0.18623
0.00274
-0.00170
-0.05207
-0.00257
0.10641
-0.00032
0.00240
-0.00432
-0.01015
0.00074
0.26619
-0.04561
-0.00268
-0.00302
0.00525
-0.00317
-0.00427
0.01478
0.00963
-0.00399
0.02954
0.00672
-0.01204
-0.00331
0.00023
0.00238
0.00410
-0.00861
-0.00020
-0.00723
-0.00145
-0.00439
-0.00357
0.01439
0.00835
-0.00527
-0.00802
-0.01044
-0.06111
0.01627
0.00313
0.01452
-0.02154
-0.00838
0.18918
0.00448
0.00242
0.00292
-0.00081
0.00981
-0.00186
0.00063
-0.00413
0.01229
-0.00446
0.00124
0.29614
0.00118
-0.01256
-0.00338
0.00266
0.00093
-0.00165
-0.00387
-0.00248
0.00184
-0.00090
-0.00476
-0.01587
-0.01293
0.00920
-0.00166
0.00900
0.00581
-0.00913
0.22691
-0.02053
0.00126
-0.00703
-0.00444
0.00273
-0.00582
-0.01083
0.00911
-0.01079
-0.01938
0.00206
0.00250
-0.01346
0.00617
-0.01116
0.00294
-0.00806
0.00650
0.00201
-0.00358
0.00320
0.00267
-0.00616
0.19053
0.02033
0.03386
-0.00709
0.01085
-0.00295
-0.00495
-0.00644
0.00987
0.00920
0.00420
0.20985
-0.00375
-0.00318
0.01108
0.00449
0.00155
0.00558
-0.00291
-0.00064
-0.00450
-0.01944
0.00402
0.00369
0.01389
-0.01106
-0.03995
0.01227
0.00577
-0.01831
-0.01137
0.00463
-0.01580
0.00080
-0.00817
0.00300
-0.01604
0.00211
-0.00044
0.23696
0.00447
-0.00480
0.14215
-0.00317
0.02679
0.00252
0.00135
-0.00189
0.00459
-0.00662
0.00652
-0.00051
-0.00912
-0.00023
0.00041
0.00519
0.00076
0.00727
0.00665
-0.01163
0.03266
0.01161
-0.00009
0.01056
0.00070
0.00217
0.00133
0.00395
-0.01153
0.00425
-0.01339
0.00608
-0.01058
-0.00365
0.00354
-0.00661
-0.02779
-0.02373
0.00159
0.00137
-0.00304
0.00211
0.00249
0.00281
-0.00351
0.00379
0.00211
-0.00770
0.01032
0.00347
0.00447
0.00225
0.01987
-0.00848
0.01140
0.01680
0.31559
0.00327
0.00196
-0.04977
0.01289
0.03140
0.00440
0.00775
0.00660
-0.00000
-0.01637
-0.00414
0.00267
0.00329
-0.00508
-0.00010
-0.01112
0.05094
0.01126
-0.00952
-0.00317
-0.00638
-0.00085
-0.02739
-0.01117
0.00492
0.00193
0.00884
0.08837
-0.00455
-0.02531
-0.00491
0.00125
0.00197
0.01175
-0.01880
0.00166
0.00727
0.00694
0.00173
0.00657
0.00176
0.01350
0.00486
0.00200
0.00305
-0.00417
-0.00631
0.00458
-0.00636
-0.00519
0.00085
0.00340
-0.01053
-0.00164
0.01025
-0.09378
-0.00122
-0.07799
0.00317
0.00231
0.05064
0.00572
0.00829
0.00612
0.01582
-0.00194
0.00369
-0.00215
0.00360
0.01043
0.00303
-0.00014
0.00741
-0.01248
0.00238
-0.00794
0.00816
0.00329
0.00292
-0.01138
0.00051
-0.02390
0.00120
0.00067
0.00407
-0.00152
-0.01964
-0.06382
0.01298
0.20245
0.00606
0.00442
0.00223
0.00591
-0.00802
0.00283
0.00947
-0.00475
0.00968
0.00498
-0.00195
0.00048
-0.00869
-0.00416
-0.00913
0.00214
0.01865
0.02877
0.00376
0.04019
0.00392
0.00752
-0.00425
0.02760
0.00233
-0.00609
0.01502
0.00268
0.00174
-0.01182
0.00571
-0.02550
0.00132
-0.01664
0.00232
0.00269
-0.05736
0.00315
0.00243
0.00417
0.00487
-0.00827
-0.00985
-0.00291
0.00316
0.00771
0.04898
-0.00162
-0.00130
0.00447
-0.00240
0.00201
0.00731
-0.00909
-0.00682
0.00358
0.00322
0.00315
0.01125
0.00680
-0.00044
0.00757
-0.00251
0.02611
-0.03964
0.08435
0.00282
-0.00524
0.00981
0.00338
-0.00508
0.00601
0.00355
-0.01146
0.00721
0.00268
0.01294
0.00703
0.00439
0.00345
0.00368
-0.00086
0.00085
-0.01840
0.00732
-0.00187
0.00401
-0.00544
0.00457
0.00380
0.00437
-0.00359
0.00391
-0.00808
0.00483
-0.00456
0.00541
0.00291
0.00466
0.00220
0.00317
-0.07651
-0.01118
0.00208
0.00398
0.08195
-0.01030
0.00664
-0.00452
0.00266
0.00289
0.00319
0.00399
-0.00482
0.00088
0.00159
0.00038
0.00303
-0.01840
0.00287
0.00416
0.00308
-0.01022
0.00362
0.00342
0.00189
0.00350
0.19977
0.00326
-0.00448
-0.01223
0.00398
0.00303
-0.00243
0.02064
-0.00698
0.10983
0.00330
-0.00383
-0.00063
-0.03114
0.00590
0.00252
-0.02360
0.11866
0.00060
0.12915
-0.00948
0.00338
0.00378
-0.00009
0.03595
0.00297
0.01176
0.00344
0.00392
-0.01136
0.01126
-0.00344
0.00424
0.00362
0.00240
-0.00342
0.00292
0.01017
0.01974
-0.00074
-0.00554
0.00002
-0.01062
-0.00098
0.00386
0.00315
0.00279
0.00365
0.00435
0.00333
-0.00791
-0.01131
0.00494
0.00268
0.00465
0.00373
-0.00160
0.00398
0.00031
0.08688
-0.00187
0.16432
0.00375
-0.00069
0.00173
-0.00046
-0.00460
0.00325
0.01398
-0.04045
0.00266
-0.00511
0.00215
0.04267
-0.00151
-0.02763
-0.00081
0.00220
0.23801
0.42974
0.00336
0.01839
0.00284
-0.00581
0.00324
-0.00333
-0.00378
0.00249
0.00312
0.00384
0.00341
-0.00210
0.00626
0.00551
0.00157
-0.01042
-0.00140
-0.02685
0.00360
0.24017
-0.00143
-0.01160
0.05112
0.00399
0.00342
0.00416
-0.00338
-0.00662
-0.00452
0.00523
-0.09396
0.00372
0.00457
0.00110
-0.02984
0.00013
-0.00562
0.00444
-0.01626
-0.04326
-0.00922
-0.00325
0.00221
0.00254
-0.00650
0.04409
0.00540
0.00317
0.00368
-0.00703
0.00242
0.00500
0.01838
0.00282
0.00414
0.00198
0.00404
0.00268
0.00378
-0.00850
-0.00557
0.00379
0.01214
-0.01276
-0.00082
-0.01127
0.00285
0.00286
0.00315
0.00217
-0.00069
0.00172
0.00149
0.00044
0.00268
0.00438
0.00190
0.01168
0.00279
0.01029
-0.00741
0.00375
0.00571
0.00290
0.00299
0.00362
-0.00892
0.00236
-0.00525
0.00243
0.00391
0.00116
0.00292
0.00319
-0.00544
0.00073
-0.00536
0.00429
-0.00844
0.22475
0.00343
0.00410
0.01355
0.00405
-0.00597
0.00348
0.00550
-0.00689
0.00500
-0.03856
0.00256
0.00453
0.00352
0.00431
0.00470
-0.01824
-0.00268
0.00266
-0.01512
0.00705
0.00904
0.00307
0.00385
0.00200
-0.01194
0.00552
0.00319
0.00999
-0.00012
0.00435
0.00824
0.01472
-0.00455
0.06422
0.00325
0.00410
0.00180
-0.41768
-0.00329
0.00650
0.00287
-0.00001
0.00360
0.00352
0.00480
0.00346
0.00303
0.00422
0.00334
0.00267
0.00839
0.00328
0.00398
-0.19261
0.00286
0.00306
0.00210
-0.00478
0.00253
0.00314
0.00257
0.00435
0.00281
0.00471
0.00196
0.00499
0.00125
-0.00751
0.00281
0.01755
0.00392
0.05291
0.00022
0.02743
-0.01635
0.01539
0.02557
0.00231
-0.01077
-0.01877
-0.01543
0.00048
0.00527
0.35694
0.00068
0.00180
-0.10243
0.00542
0.07061
0.00301
0.00225
0.01737
0.00324
0.00321
0.02170
0.00344
-0.00792
-0.00607
0.00437
0.01557
0.00352
0.00238
0.00291
-0.01827
-0.01279
-0.04354
0.00226
0.00234
0.00557
0.01938
0.00342
-0.00818
-0.39144
0.00243
0.00462
-0.00488
0.00467
-0.00170
-0.00587
0.00247
0.00649
0.07399
0.19632
0.01519
-0.00348
0.00500
0.05831
0.00120
0.00045
0.00303
0.00771
0.00290
-0.00164
0.00367
0.00659
0.00176
0.00533
0.00398
0.00443
-0.00180
0.00000
0.00269
-0.01064
0.00304
-0.00323
0.00332
0.00360
0.00259
0.00256
-0.02952
0.00818
0.00372
0.01568
0.01351
0.00218
-0.00684
0.00011
0.00401
0.02988
0.00212
0.00623
0.01030
-0.00074
0.00521
0.00436
0.00638
-0.02424
0.00308
0.15205
0.00149
0.00046
0.00491
-0.00874
0.00469
0.00213
0.00257
0.00419
0.00497
0.00225
0.00272
0.00220
0.00206
0.00458
0.00335
0.00422
0.00416
-0.00370
-0.01648
-0.00147
0.00213
0.01549
0.04071
0.00437
0.00531
0.00469
0.00160
0.00192
0.01775
-0.39774
0.00024
0.02096
0.00366
-0.01558
0.00386
0.00250
0.00506
0.00256
-0.01050
0.00289
0.00539
0.00095
-0.00064
0.00194
0.00312
-0.01301
0.09211
-0.01809
0.01675
0.00196
-0.01090
-0.00029
-0.00381
-0.01241
0.00302
-0.00599
0.02476
-0.00845
0.03315
-0.01295
-0.06285
0.01200
-0.01446
0.00522
0.02679
0.00464
-0.01470
0.02235
0.00027
-0.00232
-0.00550
0.02725
0.05157
-0.00873
0.00494
0.00601
-0.00135
0.00755
0.01699
0.03948
-0.00353
-0.00298
-0.00701
-0.00278
-0.00918
0.00189
0.16953
-0.01298
-0.01020
0.00387
0.00197
-0.00366
-0.00754
-0.00655
-0.02007
-0.01129
0.00046
0.00308
-0.00306
0.01559
-0.00463
0.00723
-0.00147
-0.01027
0.01583
0.00419
0.00234
0.06203
0.10642
0.06706
0.00484
0.02135
0.00349
0.05317
0.00651
0.00199
0.00929
0.31542
0.02155
-0.10407
-0.03224
-0.02574
-0.02455
0.00315
-0.00229
0.01342
0.00266
-0.05773
0.00277
0.00340
0.30551
0.00375
-0.00547
0.01032
0.00757
0.00412
0.00789
0.01769
-0.00085
-0.01718
-0.02188
0.00178
0.00190
0.00362
-0.00993
0.00357
0.00260
-0.00243
-0.00538
0.20478
-0.03246
0.00313
0.00176
0.00581
0.00224
0.00722
-0.00640
0.00276
0.00405
-0.01455
0.03458
0.00937
0.00188
-0.00811
0.01149
0.00335
-0.00093
0.00329
0.00307
0.00261
0.00702
0.00278
-0.01518
0.00317
0.00079
0.00355
0.00254
-0.00142
-0.00880
0.00551
0.00364
0.00355
-0.00580
0.00205
-0.01828
0.01969
0.00307
0.00120
0.00643
0.00347
-0.05169
0.00240
0.01202
-0.00088
0.00849
0.00241
-0.00271
0.00833
0.00281
0.00337
-0.00042
0.00913
0.00451
-0.01291
0.00289
0.00445
0.00545
0.00350
0.03429
0.03001
-0.00887
0.00264
0.00275
0.00363
0.00379
-0.00050
-0.01455
0.00111
0.00453
-0.00675
0.00315
0.00361
0.00500
0.02658
-0.00448
0.00157
0.00662
0.00444
-0.01848
0.00256
0.00375
-0.00906
-0.00417
0.00105
-0.02577
0.01822
-0.01244
0.00392
-0.00042
-0.00671
0.00208
0.00381
0.00336
0.00203
0.00510
0.00063
-0.01068
0.00372
-0.01524
0.00242
0.00355
-0.00232
-0.00485
0.00232
-0.00231
-0.00838
0.00208
0.00218
0.00066
0.00683
-0.01319
0.00403
0.00862
-0.01030
0.00344
0.00410
-0.00061
0.00359
0.00259
-0.00080
0.00875
0.00264
0.01782
-0.00169
0.00325
0.00427
0.00329
0.00501
-0.42809
0.00225
0.00439
0.00264
0.00359
-0.37434
0.01066
0.00359
0.00557
0.25103
-0.00066
0.00141
0.00251
-0.00772
0.00322
0.00260
-0.00142
0.00297
0.00265
-0.01387
0.00826
0.00297
0.00323
0.00156
0.00328
0.00326
0.00397
0.00372
0.00420
-0.01100
0.01515
0.00211
0.00741
0.00365
0.02766
-0.00050
0.04097
-0.00517
0.00046
0.00715
0.00447
0.01389
-0.05673
0.00167
0.00301
-0.01328
0.00320
0.00226
0.00418
0.01140
-0.00334
0.00341
0.01478
-0.00855
0.00282
-0.04340
0.00363
0.00072
0.00022
0.01154
0.00203
-0.00431
-0.04571
0.00323
0.01052
-0.02157
0.00314
-0.00322
-0.00352
0.02416
0.00095
0.00210
0.08530
0.00217
0.00374
0.00377
0.01407
0.01932
-0.00150
0.00304
0.00368
0.00291
0.00242
0.00459
0.00382
-0.01287
0.00395
0.00417
0.00197
0.00233
0.00211
-0.00544
0.00364
0.03847
0.00224
0.00381
-0.01411
0.01150
0.00370
0.00319
0.01162
-0.01344
0.00304
-0.02405
-0.01306
0.00257
-0.00355
0.00317
0.00423
0.00191
0.02977
-0.00150
-0.01073
0.00303
0.00395
-0.01858
0.00604
0.00295
0.00739
-0.43433
-0.01583
-0.00844
-0.00212
-0.00040
-0.00184
0.27539
0.00290
0.00297
0.00199
0.00272
-0.02578
0.00331
0.00359
-0.01045
0.00286
0.00379
0.00467
0.00251
0.30430
0.00198
0.00084
0.00438
-0.00705
0.00250
0.00394
0.06499
0.05326
0.00392
0.00406
0.00308
0.00184
0.00370
0.00532
-0.01167
0.00250
0.00199
-0.01090
0.00104
-0.00622
0.00265
0.00353
0.01716
0.00202
-0.02475
0.00359
0.03930
0.00318
0.00271
0.01569
0.00301
0.00255
0.00258
0.11761
0.00335
0.00396
0.00418
-0.00382
0.00456
0.01298
0.00319
0.00267
0.01674
0.00728
-0.00762
-0.00699
-0.00733
0.00197
0.00495
0.00374
0.00232
0.00858
0.00203
0.01005
0.00068
0.00630
0.00015
-0.01403
0.00251
-0.00080
-0.02212
-0.01164
0.11473
0.00928
0.05239
-0.04134
0.00254
0.00628
0.00142
0.00345
0.00981
0.00817
-0.00094
0.03328
0.00227
0.01141
0.10109
0.00307
0.00305
-0.00140
-0.01860
-0.00639
0.00437
-0.00023
-0.00027
-0.00054
0.00427
0.00055
0.00513
0.00290
0.12753
-0.00673
0.00380
0.00328
-0.02917
0.03011
0.00265
0.00975
0.00367
0.00439
0.00079
0.17265
-0.03395
-0.01372
-0.01334
0.00359
0.00250
-0.00423
0.00154
0.00172
0.00343
0.01621
-0.03367
0.00321
0.00244
0.00320
0.00071
0.00326
0.01188
-0.00151
0.00914
0.00560
0.00994
-0.00798
0.00278
0.00824
0.00428
-0.21862
-0.00306
0.00128
0.01048
0.00423
0.00935
0.00535
-0.04955
0.00298
0.00339
0.00409
0.00250
0.00406
-0.01189
0.00026
0.00347
0.00383
0.00457
0.00320
0.00213
0.00202
-0.00321
0.00207
0.00090
0.00426
0.00768
0.00230
0.00260
-0.00796
0.00287
0.00323
0.00313
0.00288
0.00274
0.08620
0.01438
0.00598
-0.00115
-0.00215
0.00470
0.00276
0.00452
0.00267
0.00173
0.00764
0.00442
0.00310
-0.00205
0.00264
0.00054
0.00316
0.00200
0.00288
0.00885
0.00763
0.00337
0.00281
0.00444
0.01070
0.00411
0.01337
-0.00104
0.00350
-0.00681
0.00357
-0.01743
0.00208
0.00414
0.01573
0.02594
0.00238
0.00559
0.27091
-0.00871
0.00274
0.05924
0.00284
0.00270
-0.01271
0.00824
0.00024
-0.00925
-0.00400
0.00547
0.00253
0.00284
0.00325
0.00381
-0.00365
0.01199
-0.00735
0.00666
0.08642
-0.00606
0.00219
0.00209
0.00275
0.00238
0.00546
0.00427
-0.02145
-0.00148
0.00512
0.00466
0.00261
0.00361
-0.00395
0.00362
0.00057
0.00568
-0.00238
0.00267
0.00221
0.00310
0.01267
-0.00675
-0.03184
0.00390
0.00285
-0.01910
0.00265
0.00198
0.00286
0.01707
0.00400
0.02770
0.00278
-0.00202
-0.02644
0.00346
0.00016
0.00156
0.00282
-0.00824
0.00278
0.00254
0.00335
0.01440
0.00381
-0.00906
0.02372
0.00393
0.00355
-0.00168
-0.00293
-0.00532
0.00226
0.00312
0.01062
0.00371
0.00266
0.00204
-0.01549
0.00318
-0.00911
0.00315
0.00379
0.00320
0.07193
-0.03098
0.01117
0.00727
-0.00442
0.01032
0.01023
-0.00301
-0.02089
0.00058
0.00047
-0.00466
0.00515
-0.09577
-0.00752
0.00407
-0.00464
-0.00641
0.02897
-0.00543
0.01852
0.00312
-0.01572
0.06627
-0.00154
0.00366
0.17235
-0.00733
0.00368
0.00701
0.00340
0.00294
0.00399
0.00567
0.00463
-0.00824
0.00264
0.02503
-0.00046
0.00225
0.00168
0.00265
0.02916
0.00276
0.03329
0.00219
-0.00787
-0.00920
0.00888
0.00422
0.01995
-0.00689
0.00824
0.00320
-0.00988
0.09974
0.00401
0.00475
0.00206
0.00150
0.00280
0.00788
0.00200
0.02887
0.00053
0.09400
0.00793
0.00663
-0.02075
-0.00018
-0.01265
-0.00244
0.02691
-0.00495
0.00422
-0.01301
0.00357
0.00211
-0.00296
-0.01214
0.12080
-0.00825
0.00049
0.00390
0.17090
0.00368
0.00326
0.00767
-0.00028
0.00443
0.00162
0.00271
0.00833
-0.01367
0.03056
0.00220
-0.01493
-0.00077
0.00216
0.00995
-0.02518
0.00699
-0.00579
-0.00266
-0.00671
-0.00791
0.00036
0.00230
0.00260
-0.00941
-0.00727
0.00614
0.00885
-0.00812
0.00308
0.00333
0.01396
0.01979
0.00833
-0.01045
0.00428
-0.14679
-0.01156
0.01053
-0.01265
-0.00775
-0.00881
0.01767
-0.00062
-0.02653
0.00251
0.00178
0.02219
0.01665
-0.00234
-0.00727
0.06672
0.00204
0.00600
0.00506
-0.00730
0.00363
0.00057
0.00322
0.00204
0.00277
-0.01414
-0.01313
0.01010
0.23406
0.00334
0.01266
0.00215
-0.00193
-0.00022
0.03575
-0.00378
-0.00560
-0.00473
-0.00637
0.00237
-0.02625
0.00248
-0.00021
-0.00238
-0.00728
0.00085
0.01698
0.00603
0.04382
0.11881
0.00417
0.02497
-0.01994
0.00253
-0.00043
0.00881
0.01840
0.00807
0.00393
0.02928
0.00241
-0.01768
-0.00071
-0.00921
-0.00918
0.00557
0.00486
-0.01077
-0.00002
-0.00687
0.00578
0.00872
-0.00674
-0.00419
-0.00344
0.01408
-0.00264
0.00732
0.00990
-0.00289
-0.00119
-0.00012
0.00088
-0.00575
-0.01497
-0.00414
-0.00096
0.01352
0.00201
0.09176
0.00773
0.00264
0.00374
0.00235
0.00922
-0.07845
0.00226
-0.00175
0.00236
-0.01225
-0.00354
0.01278
0.01511
0.12975
-0.00564
-0.00519
0.01246
0.00736
0.00056
-0.00805
0.00454
-0.01217
0.00944
-0.03287
0.00636
0.00293
-0.06463
0.01633
-0.00502
0.01234
0.00358
0.00825
0.14277
-0.00643
0.00457
-0.00383
-0.01551
-0.00304
0.00401
-0.00291
0.00183
0.00666
0.02157
0.00280
-0.00327
0.27968
0.00360
-0.00531
-0.00436
0.01012
0.00564
0.00554
-0.00008
0.00270
0.00091
-0.00263
-0.00862
0.00239
-0.01561
-0.00081
0.00282
0.00127
0.02384
0.00192
0.00400
-0.00899
0.00506
-0.01843
-0.00984
-0.00737
-0.01099
-0.00797
-0.01350
-0.01380
0.03313
-0.00612
0.00032
0.00329
-0.00928
0.00108
0.00518
0.00283
-0.00264
0.00379
-0.00355
-0.00895
-0.00718
0.00800
-0.07511
0.00758
0.00002
0.00357
0.00788
-0.00597
-0.00414
-0.01120
0.01491
0.01916
0.00851
0.01076
0.01282
0.00704
0.00215
-0.00276
-0.04087
-0.01710
-0.00018
0.00258
-0.08815
-0.00786
0.04830
-0.00552
0.01686
0.00683
-0.01235
-0.02345
-0.00602
-0.01269
0.00332
0.00456
0.02747
0.00312
0.01041
0.00257
-0.00737
-0.00165
0.00511
-0.00092
0.00100
0.00611
0.27493
0.00231
0.00342
-0.03923
0.00289
0.01296
-0.00392
0.01724
0.00483
-0.00767
0.26169
0.00246
-0.00144
0.14711
0.00129
-0.00679
-0.01819
0.00297
-0.00046
0.00201
-0.05155
0.01193
-0.00420
-0.03262
0.00820
0.00510
0.00025
0.00286
-0.01511
0.00299
-0.00321
0.00347
0.00177
0.00400
-0.01034
0.25491
0.01235
-0.00052
-0.00000
-0.00361
-0.00773
0.00059
-0.00127
-0.00119
-0.01195
-0.00446
0.00063
-0.00024
-0.00834
0.00324
-0.01047
0.00380
0.00356
-0.00044
0.35479
0.06092
-0.00776
0.00563
0.00314
-0.00067
-0.00276
0.01598
-0.00831
0.00565
0.06840
0.04716
0.02862
-0.00386
-0.00322
0.01303
0.00168
0.00334
0.01545
-0.00080
-0.01533
0.00072
0.00228
0.00087
0.00305
0.00310
-0.01092
-0.00917
0.03523
0.00147
-0.01475
0.00492
0.00158
0.01347
0.00121
0.00357
0.00251
0.01443
-0.02030
0.03949
0.00431
-0.00900
0.13558
0.00291
-0.00185
-0.00484
0.00255
0.00368
0.13102
0.00315
0.00248
0.04228
-0.01278
0.00379
-0.00556
0.00152
0.00809
0.02841
0.03572
0.34850
-0.00735
0.01468
0.05929
0.00415
0.00150
0.08351
-0.00139
0.00280
-0.03336
0.00276
0.00223
0.01019
0.00287
-0.00280
-0.00070
-0.00207
0.00161
-0.01778
0.06058
-0.00960
0.00129
-0.00121
0.03244
-0.01622
0.01255
0.00593
0.45413
0.00621
-0.01144
-0.01815
0.00456
0.12792
-0.00378
-0.00424
0.00305
-0.01286
-0.00058
-0.00791
-0.03999
0.00982
-0.01145
0.00347
-0.00432
0.01504
-0.00574
0.00853
0.03819
-0.00225
-0.00448
0.00305
0.00165
0.01946
-0.41521
0.05747
0.01890
0.01268
0.01113
0.01254
0.00057
0.00259
-0.00403
-0.01407
-0.00600
0.01365
-0.01030
-0.00942
0.25993
-0.00937
-0.00080
-0.00839
-0.00583
-0.02520
0.01684
-0.00901
0.00431
-0.00757
0.00272
0.03103
-0.00145
0.00305
0.00378
0.00303
0.00268
-0.00433
-0.00378
0.00388
0.00094
-0.00536
-0.00361
-0.01937
0.00514
0.00353
-0.00451
-0.00332
-0.00090
-0.00299
0.00365
0.07284
0.01249
0.00847
0.00841
0.02407
-0.00928
-0.00476
0.01021
0.01003
0.00545
0.03113
-0.01187
0.00866
-0.00550
0.01693
-0.00592
-0.00744
-0.00045
0.02696
0.02360
-0.01211
-0.00264
-0.00897
-0.00439
0.01390
-0.00111
-0.02335
-0.00874
-0.00063
0.03538
0.00218
-0.00766
-0.00892
-0.01176
-0.01048
-0.00618
0.00440
0.01099
0.01500
-0.01443
0.01255
0.00269
-0.00952
0.02636
-0.00180
-0.00701
-0.00053
0.07722
0.03396
0.00249
-0.01871
-0.01053
0.00290
-0.00396
0.00381
0.00785
0.00284
-0.00255
-0.01316
0.01921
0.03559
0.00235
0.02105
0.01063
0.01224
0.00982
-0.01191
0.00254
-0.00979
-0.00145
-0.00385
0.00832
-0.00100
0.00285
-0.00960
-0.00613
0.00052
-0.00613
0.30438
0.00913
-0.00037
-0.00026
-0.01003
-0.00443
-0.01400
-0.00248
-0.00798
-0.00554
0.00627
0.00426
-0.00542
0.00239
0.01288
-0.00253
-0.00831
-0.00796
0.00864
0.01850
-0.00622
0.00681
-0.00520
0.00837
0.00919
0.00346
-0.01315
-0.01841
0.00383
-0.00290
-0.01979
-0.00468
0.00798
-0.01302
0.00542
-0.01317
0.00429
0.02151
-0.00877
0.00475
0.01827
-0.01059
-0.00439
-0.00140
-0.00694
-0.00364
0.00413
0.00119
0.00302
-0.01624
0.00644
0.00374
0.00102
-0.00657
-0.00282
-0.00984
0.00095
0.00417
-0.01117
-0.01773
-0.00748
-0.00979
-0.00029
0.01584
-0.00443
0.00211
0.00448
0.00091
0.00588
-0.00526
-0.00363
0.01491
0.00298
0.00100
-0.00197
-0.00018
0.01941
-0.00916
0.00040
0.00951
0.01438
-0.01584
-0.00472
-0.03981
0.00318
-0.00346
-0.01409
0.03700
0.00111
-0.00111
0.02579
0.00595
0.03168
-0.00455
0.00230
-0.00230
-0.00981
0.00127
0.03086
-0.00746
-0.00007
-0.00083
0.00392
0.00170
-0.00085
0.01057
-0.00364
0.00342
-0.00550
0.00600
-0.01153
0.00029
-0.00890
-0.00834
-0.01654
-0.00927
-0.00390
0.02809
-0.01080
-0.01329
-0.01138
0.00094
0.01972
-0.00136
-0.01021
0.00456
0.00694
-0.00952
0.01410
-0.00983
0.01098
-0.01183
-0.00079
0.00616
-0.00609
-0.00116
0.01709
-0.00566
0.00143
0.01447
-0.00375
-0.00461
-0.00077
0.00298
-0.00723
-0.42301
-0.00022
0.01079
-0.00997
-0.00107
-0.00628
-0.01520
0.02506
0.00434
0.00689
-0.00778
-0.00909
-0.00593
-0.00223
0.00057
-0.00514
-0.00397
-0.00881
0.00292
0.00083
-0.00747
-0.01504
-0.00085
-0.00393
-0.00629
0.02018
-0.02841
0.00061
0.00719
0.00673
-0.01182
-0.01534
0.00621
0.01640
-0.00180
-0.00004
-0.10211
0.00156
-0.00593
-0.00002
-0.00881
0.04364
-0.00160
0.00183
0.01201
0.00300
0.00568
-0.01515
-0.00064
0.00116
0.00441
-0.01052
0.02339
-0.00409
-0.00102
-0.00902
-0.00354
-0.00424
-0.00863
-0.00314
-0.00746
-0.00928
0.00279
0.00990
0.00490
-0.00300
-0.00476
0.00448
-0.01280
0.00973
0.00636
0.00450
0.01121
0.00251
0.01542
-0.00569
-0.00074
0.02540
0.00026
-0.00634
-0.00002
0.02356
0.00424
0.00353
0.01072
-0.00405
0.06140
0.00662
-0.00468
0.00065
-0.01251
-0.00282
-0.00054
0.01267
-0.00746
-0.00546
-0.00285
-0.00769
-0.01491
-0.00790
-0.01330
-0.01351
0.00648
0.03197
0.03482
0.13926
0.00880
-0.04647
-0.00907
-0.02843
0.00097
-0.01455
0.06091
0.00958
-0.01306
-0.00964
-0.00600
0.06037
-0.00464
-0.00773
-0.00124
0.00411
-0.00338
-0.00021
0.02937
0.02045
0.02273
-0.00865
0.00368
-0.00874
-0.36440
0.00768
-0.00357
-0.00498
0.01422
0.00003
0.01228
0.01205
-0.01359
-0.05969
0.00568
-0.00561
0.01720
0.00540
-0.00830
-0.00166
-0.00962
0.14222
-0.00113
-0.00947
-0.02508
0.02860
0.00496
-0.00247
0.00748
0.00059
0.00016
0.00109
-0.00302
-0.01785
0.00638
0.28052
0.03317
0.27654
0.00173
0.00141
-0.01363
0.31760
0.01188
0.00128
-0.00088
-0.00080
0.00078
-0.00733
0.00351
0.01716
-0.02412
-0.01021
0.00670
0.00174
0.00291
0.00244
-0.03699
0.01896
-0.00273
0.02414
0.00007
-0.05503
0.01686
0.03273
-0.29158
0.35273
0.00086
0.01800
0.02341
-0.00067
0.01147
-0.02274
0.32344
-0.00700
-0.01888
-0.00644
-0.03591
0.18636
-0.00980
-0.00796
-0.01520
0.01520
-0.00305
0.01768
-0.00357
-0.00267
0.00096
-0.01011
-0.00764
0.02674
-0.00580
-0.00258
0.02202
-0.00209
-0.00234
-0.01099
0.00192
-0.00124
-0.00337
0.01152
0.00339
-0.00794
0.00603
0.00525
-0.00952
0.00473
-0.01413
-0.01345
-0.03138
-0.01609
0.00861
-0.00063
-0.02601
0.01031
-0.01628
-0.00603
0.01263
