0.00162
0.00695
0.02691
-0.01155
-0.00173
-0.01236
-0.01175
-0.01376
-0.01143
-0.01368
-0.01094
-0.01492
-0.01072
0.00109
-0.01096
-0.01009
0.03232
-0.01115
-0.01211
-0.00519
0.01257
-0.00947
0.04681
-0.03045
0.12081
-0.01247
-0.01160
-0.01285
-0.01047
-0.01404
-0.00769
0.00719
-0.01303
0.01155
0.00837
0.06429
0.01274
-0.01036
-0.00776
0.00351
-0.01119
0.01235
0.00691
-0.01368
-0.01413
0.00632
0.14060
-0.00850
0.00225
-0.01132
0.02078
0.03343
0.00890
-0.01167
-0.01100
-0.01800
-0.01225
-0.01790
-0.01388
0.00104
-0.02043
-0.01005
-0.01065
0.11211
0.03018
-0.00515
-0.01291
0.00285
-0.00996
-0.01023
0.05731
-0.01334
-0.01053
-0.00489
0.01876
-0.01539
-0.01255
-0.01837
-0.01704
-0.00949
-0.01390
0.00650
-0.01370
-0.00569
0.02098
-0.02119
-0.04032
0.02396
-0.01385
-0.00919
-0.01005
-0.01391
0.02269
-0.00957
-0.00807
-0.01104
-0.01313
-0.01515
-0.00483
0.03076
-0.00750
0.00587
0.07735
-0.01114
0.01071
0.01732
0.03202
-0.00964
0.00987
-0.01065
-0.00986
-0.01441
-0.01613
-0.01208
-0.00888
0.00421
0.00989
0.02885
0.00425
0.01140
-0.01569
-0.01073
-0.00917
-0.00608
0.01133
-0.00086
0.04740
-0.00953
-0.01102
-0.02665
0.00392
0.03618
-0.01002
-0.01479
-0.01207
-0.01648
-0.00469
-0.01583
-0.01408
0.00306
0.03314
-0.01009
-0.00965
0.00947
-0.01384
0.01330
-0.01798
0.01386
-0.00555
0.05468
-0.00819
-0.01260
-0.00494
0.02107
0.05693
-0.01479
0.06514
-0.01413
-0.01546
0.00711
-0.00431
-0.01188
-0.01893
0.06863
0.29188
0.13126
-0.01367
-0.01818
-0.00627
-0.01539
-0.01396
-0.01674
-0.01448
0.04688
-0.01338
-0.01987
-0.01266
0.03744
-0.01252
0.05092
0.04526
-0.01232
0.00778
-0.11044
-0.01316
0.15034
0.06221
-0.01156
-0.01253
-0.01320
0.00385
-0.08632
0.00635
-0.01247
-0.00570
0.02392
-0.00918
-0.00913
-0.01366
-0.03577
-0.01308
0.05755
-0.01950
-0.02446
-0.02224
-0.01948
0.05902
0.01827
-0.01215
-0.01241
-0.01363
-0.00868
0.00647
-0.01189
-0.01571
-0.01358
0.01508
-0.01440
-0.00228
0.05436
0.00488
-0.01092
0.03891
0.00395
0.13718
-0.01444
-0.01317
-0.01378
-0.01638
-0.01199
-0.00286
-0.01217
-0.01223
0.02928
-0.00101
0.02012
-0.01072
-0.00784
-0.01381
-0.00371
0.01756
-0.01099
0.01474
-0.00875
-0.01595
-0.01627
0.00153
-0.01642
-0.01080
-0.01247
0.00352
-0.02834
0.00097
-0.01997
-0.01000
-0.01294
-0.02822
-0.01215
0.00392
-0.02936
-0.00508
-0.00901
-0.01716
-0.01067
-0.01412
-0.00588
0.00275
0.04974
-0.02010
-0.00099
-0.00886
0.00422
0.00150
-0.01116
-0.00662
-0.01723
-0.01022
-0.01235
0.06888
-0.03503
-0.00721
-0.01493
-0.00580
-0.01223
0.06443
-0.01003
-0.00724
-0.01362
-0.01279
0.03132
-0.01392
0.01848
0.04634
0.03550
-0.06068
0.02806
-0.01252
-0.05180
0.01444
0.09193
0.02723
0.01275
-0.01677
-0.01018
-0.02117
0.07818
-0.01100
0.05009
-0.01503
-0.01013
0.13280
-0.01233
-0.00295
-0.01694
-0.02210
-0.01060
-0.04784
0.00740
0.01918
-0.01166
-0.01309
-0.01313
0.00052
-0.01134
-0.01209
-0.00067
0.00586
-0.00464
-0.01175
-0.00723
-0.01526
-0.01348
-0.01610
-0.01334
-0.06142
-0.01664
0.00714
-0.01366
-0.01180
0.00095
0.04380
-0.01437
-0.01223
-0.01200
-0.01419
-0.01585
-0.01099
0.02172
0.00009
-0.01202
-0.00108
-0.03725
-0.01221
-0.01257
-0.01191
-0.01242
-0.00767
-0.01190
0.13542
-0.01235
-0.01232
-0.01629
-0.01250
-0.01400
-0.02440
-0.01087
-0.01104
-0.02621
-0.01011
-0.01030
-0.01163
0.02634
-0.01309
-0.00956
-0.01164
-0.00895
-0.00567
-0.01131
0.02306
-0.01489
0.00135
-0.00003
-0.01084
0.03076
0.00253
-0.00504
-0.00818
-0.00843
-0.00978
-0.00471
-0.01261
-0.03025
-0.01129
-0.03064
-0.01293
0.03420
0.02945
-0.01722
0.00828
-0.02780
-0.01397
-0.01261
-0.01090
0.00316
-0.01283
-0.01318
0.00072
-0.01177
-0.01480
-0.01181
-0.01200
0.00391
-0.01237
-0.01132
0.01659
-0.01850
0.00854
0.04066
-0.00771
-0.01466
0.00677
0.01965
0.01606
-0.01444
-0.02040
-0.01461
0.02501
0.02824
-0.00968
-0.02329
0.04945
-0.02796
-0.01101
-0.00948
0.00858
-0.01454
-0.00655
-0.00832
-0.01379
0.23768
-0.01342
-0.01384
-0.01094
-0.01099
-0.00210
-0.02421
-0.01596
-0.01616
-0.01113
-0.01370
-0.01158
-0.03804
-0.03050
-0.00895
-0.00258
-0.01017
-0.01388
-0.00410
-0.01907
-0.01276
-0.00529
0.01581
-0.01479
-0.01009
-0.00792
-0.01596
0.00080
-0.00858
-0.08245
0.08662
0.05417
-0.01128
-0.01678
0.00489
-0.01155
0.02035
-0.01381
-0.01248
-0.01315
0.01925
-0.00462
-0.00806
-0.02566
-0.01335
-0.00253
0.00121
-0.01060
-0.01164
-0.00791
-0.01179
0.11063
-0.00233
-0.01192
0.01566
-0.01783
-0.01250
0.04799
-0.00588
-0.01377
-0.02953
-0.01080
0.11848
-0.01314
-0.00010
-0.01230
0.00310
0.00657
-0.01460
-0.01245
-0.01386
-0.01499
0.13412
0.01005
-0.00914
-0.03734
-0.01472
0.05057
0.03424
-0.01565
-0.00798
-0.01338
-0.01045
-0.01206
0.01598
0.10563
0.00216
-0.01832
-0.01464
-0.00916
-0.01402
-0.01402
-0.01266
-0.02479
0.04508
-0.00927
-0.01247
-0.01200
-0.01474
-0.01309
-0.00015
0.00369
-0.01164
-0.01208
-0.01652
-0.01484
-0.00091
-0.01290
-0.01355
-0.01185
0.02396
-0.05778
0.12640
-0.00999
-0.06316
0.03612
0.03283
-0.02682
-0.01624
0.01141
-0.01374
0.03646
-0.01036
-0.01044
-0.01004
-0.00837
0.06632
0.01059
-0.01124
0.03331
-0.02778
-0.01211
0.00520
-0.01142
-0.01242
-0.01914
-0.01618
0.12646
-0.00879
-0.01021
-0.02122
0.00433
-0.01291
-0.01345
-0.01288
-0.01116
0.07096
-0.01416
0.04260
-0.02219
-0.01132
-0.01056
0.01712
-0.01404
-0.01525
-0.01207
-0.01172
-0.01229
-0.01166
-0.00303
0.00832
-0.04826
-0.01649
0.06551
-0.01355
-0.00656
-0.01065
-0.01485
-0.01517
0.08521
-0.00961
-0.01234
-0.01634
-0.01266
-0.00418
0.01145
-0.01008
-0.02131
-0.00766
0.00003
-0.00521
-0.00560
-0.06863
-0.00925
0.02839
-0.01471
-0.01391
-0.01209
-0.01306
-0.00790
0.03255
-0.00799
-0.00864
0.00609
-0.01308
-0.01256
-0.01243
-0.00888
-0.01383
0.00251
-0.01324
-0.00915
0.01490
0.05583
-0.01446
0.01741
0.09891
0.04817
-0.01505
-0.01245
0.03254
-0.01303
-0.01371
-0.00140
-0.01198
-0.01337
-0.03609
-0.01439
-0.01321
-0.01092
0.02328
-0.00843
0.03021
0.04683
0.07440
0.00430
-0.01348
0.05660
-0.00997
-0.02477
-0.01574
0.01056
-0.00864
-0.00718
-0.01288
-0.01261
-0.01528
-0.01265
-0.01025
0.01527
-0.01417
-0.00525
-0.01314
0.00827
-0.00921
-0.01988
-0.01536
0.04282
-0.01418
-0.00990
0.01901
-0.00533
-0.00438
-0.01198
0.00755
-0.00236
0.06198
0.00542
-0.00808
-0.01289
-0.01099
-0.01087
-0.00668
-0.01098
0.00791
-0.00978
-0.01130
-0.01056
-0.02556
-0.01548
-0.01216
-0.01383
-0.01061
0.00850
-0.01532
0.00130
0.00138
-0.01309
0.01356
-0.01081
-0.00804
-0.05331
0.00243
-0.01643
0.01143
-0.01201
-0.01672
-0.00647
-0.00856
-0.01210
0.07328
-0.00977
-0.01935
-0.01458
-0.01565
0.00258
-0.00637
0.00396
-0.01279
-0.01522
-0.00928
-0.01667
0.00565
0.00523
-0.01445
-0.00971
-0.00816
-0.01502
-0.01580
-0.01269
-0.01264
0.00136
0.01898
-0.01840
-0.01067
-0.04433
-0.02052
-0.01158
-0.01451
-0.01234
-0.02756
-0.01219
-0.01127
-0.01351
-0.00680
-0.01418
-0.01215
-0.00614
-0.01421
-0.01333
-0.01498
-0.01241
-0.00866
-0.01150
-0.01193
0.13104
-0.01782
0.00208
0.03772
0.02009
-0.01485
-0.00189
-0.00960
-0.00772
-0.01997
-0.00878
-0.01643
-0.02374
-0.01257
-0.01162
0.00762
-0.01141
-0.01535
0.00082
-0.01518
0.00692
-0.01802
-0.01994
-0.01227
0.00711
-0.01482
0.03695
0.03681
-0.01229
-0.01651
-0.02021
0.04206
-0.00902
-0.00965
0.04068
-0.00715
-0.01322
-0.01662
-0.01660
-0.00871
0.01184
-0.01354
0.00219
0.09350
-0.00366
-0.01560
-0.01684
-0.04791
-0.00051
-0.00017
-0.01061
-0.00864
0.00415
-0.01658
-0.00938
-0.01492
-0.01273
0.01092
-0.00531
-0.01014
-0.00836
-0.03386
-0.01100
-0.00367
-0.01359
-0.01366
0.01211
-0.01065
-0.00006
0.00600
0.03119
-0.01021
0.00875
-0.01361
-0.01459
-0.01167
-0.00371
-0.01362
-0.01064
-0.01191
-0.00850
0.00611
-0.01245
-0.01249
-0.01498
-0.01419
-0.00862
-0.00600
-0.01000
-0.02952
0.01512
-0.01121
-0.00150
0.02049
0.01354
0.04694
0.00324
0.00921
-0.01242
0.00280
-0.01095
-0.01248
-0.00442
-0.00995
-0.01001
0.01631
-0.01732
-0.00671
0.01930
0.01684
0.01278
-0.01144
-0.01298
-0.01091
-0.00387
-0.01401
-0.01212
0.01116
-0.01195
-0.04622
-0.03660
-0.01199
-0.01140
-0.02378
0.05221
-0.00271
-0.01303
-0.01071
-0.01210
-0.01044
-0.00581
-0.00620
-0.01140
-0.00627
-0.01240
-0.00860
0.00090
0.00092
-0.01805
-0.01318
-0.01763
0.01368
-0.00008
-0.01142
-0.00954
0.01075
-0.01579
-0.07143
-0.01361
0.02262
0.02377
-0.00731
-0.01840
0.00209
-0.01122
0.04606
-0.01249
-0.01588
-0.01169
-0.01234
0.00949
-0.01330
-0.00118
-0.02074
-0.01169
-0.00872
-0.01184
-0.01301
-0.01197
-0.01321
-0.01529
-0.01061
-0.01330
-0.00449
-0.00977
-0.02382
-0.01038
-0.01261
0.00191
0.02286
-0.00160
-0.01160
0.09181
-0.01187
-0.01519
-0.00792
-0.01099
-0.01450
-0.00975
-0.01954
0.01192
-0.01331
-0.01761
-0.01062
-0.01217
-0.02333
0.01352
0.01667
0.00224
-0.00390
-0.02355
-0.01549
-0.01565
-0.01789
-0.01123
0.04691
-0.01510
0.04727
-0.01113
0.01653
-0.00163
0.07173
0.00797
0.00832
0.00987
0.01579
-0.00505
0.00238
0.03310
-0.00179
0.01188
0.00426
0.00227
0.01833
0.01763
0.03025
-0.00408
0.00718
-0.00635
0.00279
0.00200
0.01626
-0.02109
-0.03920
0.02248
0.00119
-0.01669
-0.00569
-0.00772
-0.00733
-0.00586
-0.00029
-0.00329
0.01156
-0.02128
0.00516
-0.00739
0.01233
0.00481
-0.00853
0.01535
0.02101
0.01302
-0.00813
-0.02085
0.00881
-0.00979
0.00722
0.00060
-0.00361
-0.00706
-0.00459
-0.00654
-0.01944
-0.00560
0.00422
-0.00679
-0.00595
-0.02105
0.02953
0.00878
0.00887
-0.00790
0.00807
0.00661
-0.00677
-0.00928
0.00345
-0.00661
0.00559
-0.00175
-0.00463
0.00569
0.02616
-0.00494
-0.00629
-0.00395
-0.01071
0.01957
-0.00193
0.10828
0.00107
0.01047
0.00290
-0.01362
0.00950
0.00174
-0.00752
-0.01006
-0.01422
-0.01241
0.02652
0.00591
0.02058
0.00404
-0.00495
-0.00823
0.01976
-0.01953
-0.00733
0.00237
-0.01471
0.02202
-0.01160
0.00087
0.00027
-0.00470
0.00428
-0.00514
-0.00263
0.00251
-0.00397
0.01825
-0.01086
-0.00404
0.00318
-0.00542
-0.00296
0.00122
-0.00466
-0.00373
-0.01684
-0.00369
-0.00703
0.01046
-0.01212
-0.00285
-0.00564
-0.01542
-0.00523
0.01369
0.00760
0.00378
0.00680
-0.00584
-0.37212
-0.01384
0.00545
0.00511
-0.02785
-0.00216
0.03325
0.38164
-0.03218
0.00218
0.01493
-0.01253
-0.00496
0.00717
-0.00374
-0.00994
-0.00545
0.03758
0.02286
-0.00691
0.01132
0.00101
-0.00324
0.06486
-0.00192
0.00314
-0.00082
0.02390
-0.00626
0.00339
-0.01601
0.00011
0.00212
-0.00598
-0.00940
-0.01545
-0.01821
0.04987
0.00190
-0.00036
0.01700
0.02057
-0.00125
-0.00173
0.00749
-0.00531
0.00458
-0.00756
0.00117
-0.00820
0.00370
-0.01192
0.00407
-0.01166
-0.00996
0.00556
0.03911
0.00124
-0.00609
-0.00703
-0.00739
-0.00956
0.00763
-0.00638
-0.00566
0.00795
-0.00011
0.00206
-0.00867
-0.00781
-0.02511
-0.00025
-0.00085
-0.00189
0.00113
-0.01099
-0.00706
0.00555
-0.00567
0.00140
-0.00376
-0.03534
-0.01283
0.00423
0.02159
-0.00494
-0.00562
0.01747
-0.01685
-0.00443
-0.00661
0.01118
0.04057
0.02471
0.00257
-0.00498
0.01231
-0.00247
0.00392
-0.00240
0.00336
-0.00591
0.00946
0.00354
-0.01030
-0.00574
0.00019
0.00390
0.00007
0.01090
0.00362
-0.01562
-0.00068
-0.00778
0.00378
0.02563
0.00988
-0.02095
0.00426
0.00457
0.01384
-0.01671
0.01999
0.01391
-0.00054
0.03504
0.00849
-0.01917
0.00494
-0.00217
0.00248
0.00783
0.00546
-0.00070
-0.00125
-0.00041
0.00345
-0.00156
0.01714
0.00591
-0.30842
0.02216
0.00451
-0.00583
0.01588
0.00061
-0.00126
-0.03129
-0.00601
-0.00424
0.00255
-0.00724
-0.00622
-0.02049
0.00590
0.00647
0.00018
0.00399
0.00074
0.00028
-0.00432
-0.00089
0.00268
0.00784
0.01336
-0.00435
-0.00216
0.00098
-0.00106
0.02613
0.00210
-0.00390
0.03690
-0.00362
0.03466
-0.00930
0.01980
-0.00918
-0.06078
-0.03874
0.01045
-0.00089
-0.00551
-0.00135
-0.00099
-0.00310
0.00621
0.00327
0.00001
0.01178
-0.00021
0.29074
0.00442
-0.01056
0.09083
0.00124
0.08642
-0.00043
-0.00235
-0.00075
-0.00696
-0.00121
0.14341
-0.03905
0.00062
0.00520
-0.00407
0.00446
-0.00817
0.00618
0.00780
0.00716
-0.00179
-0.00280
-0.00595
-0.00250
-0.00033
0.00134
0.00350
-0.00866
-0.00102
0.01330
-0.00496
-0.00379
-0.00717
0.00259
-0.01107
0.00089
-0.00969
-0.03731
-0.00109
-0.00808
-0.00129
-0.04018
-0.00288
0.16610
0.00384
0.00133
-0.00150
0.00299
-0.00330
-0.00186
-0.00361
-0.00053
-0.03093
0.00257
0.15159
0.00180
-0.00802
-0.00474
0.00148
-0.00538
0.00017
-0.00559
0.00848
0.01850
-0.00179
0.01525
-0.01280
-0.02662
0.00934
0.00154
0.00981
0.00045
-0.00876
0.20126
-0.02303
0.00773
-0.00903
-0.00517
0.00016
-0.00404
-0.01567
0.01221
-0.00587
-0.01074
0.02339
0.00316
-0.02430
-0.00731
-0.00728
0.00190
-0.00979
0.00083
-0.00437
-0.00267
-0.00456
-0.00122
-0.00268
-0.00868
-0.00637
0.03026
-0.00054
0.02290
-0.00647
-0.00378
-0.00563
0.00227
0.01976
0.00931
0.00147
0.39847
-0.00031
-0.00170
0.00692
0.00178
0.00202
-0.00513
0.00209
-0.00308
-0.03416
0.00496
-0.00283
-0.04295
0.00378
0.00949
0.00604
-0.01136
-0.00539
0.01433
0.27335
0.00696
-0.01511
-0.00329
-0.00477
0.07018
0.00069
0.00194
-0.04703
0.00451
-0.01083
0.15741
0.00480
-0.00444
0.17677
-0.00912
-0.02239
0.01059
-0.00227
-0.00482
0.00388
0.00738
0.02379
-0.00131
-0.00251
0.32874
0.00571
-0.00218
0.01188
-0.00074
0.00206
0.00196
-0.04820
0.05341
0.00055
0.00445
0.00857
0.19257
0.00058
-0.00164
-0.00004
0.00336
-0.00928
0.00057
0.00417
-0.01323
-0.00235
0.00555
-0.00891
-0.00326
-0.00104
0.00363
-0.01387
-0.00631
-0.01206
-0.00322
-0.00598
0.00291
0.00224
0.00192
0.00093
0.00200
-0.00469
0.00331
0.00293
0.01789
-0.00335
0.01779
0.01364
0.25578
-0.00013
0.00106
-0.02679
0.01360
0.02693
-0.01601
0.03130
0.01183
-0.00555
-0.02631
0.00241
-0.00474
-0.00004
-0.00788
-0.00277
0.00887
-0.01225
-0.00732
0.00254
0.00225
-0.00267
-0.00203
0.15029
-0.00761
0.00069
0.00276
0.03959
0.07766
-0.00377
-0.03444
0.01501
0.00164
0.00072
0.00578
-0.00081
-0.02204
-0.00150
0.00598
0.01588
-0.00000
0.00333
0.01971
0.01655
0.00291
0.00115
-0.03665
0.00027
0.01623
-0.01075
-0.00667
-0.00177
0.00369
-0.00909
0.00347
0.00611
0.01048
-0.07636
-0.00147
-0.07018
0.00471
0.01173
0.02193
0.00532
0.02525
0.00325
0.00388
-0.00273
-0.00017
0.00242
0.01506
0.00423
0.00215
0.00022
0.00255
-0.00923
-0.00250
-0.01501
0.01059
0.00363
0.01181
-0.00859
0.00182
0.00548
-0.02971
0.00121
0.00182
0.00201
0.00017
-0.00232
0.00338
-0.00873
-0.03785
-0.01504
0.26295
0.01297
0.00277
0.00121
-0.05097
0.00349
0.00856
-0.00059
0.00479
0.00021
0.00713
0.03522
-0.00513
-0.00557
-0.01070
0.00077
0.01271
0.00262
0.05671
0.00410
0.01065
-0.00297
0.02945
0.00254
0.04074
0.00740
0.00060
0.00249
-0.01012
-0.00064
-0.06518
0.00011
-0.00452
0.00240
-0.03912
0.00279
0.00584
0.00277
0.00188
-0.01025
-0.00192
0.00154
0.02242
-0.00351
-0.00189
0.00192
-0.00019
0.00293
0.01021
-0.00728
-0.01118
0.00210
0.00223
0.01425
0.00864
0.00856
0.00241
0.00453
0.00109
-0.02521
0.12118
0.00094
-0.00308
0.00231
0.00286
-0.01130
0.01976
-0.00522
0.01827
0.00197
0.00829
0.02003
0.00737
0.00098
0.00285
0.00534
-0.01001
-0.00152
-0.01779
0.01073
0.00397
-0.00031
0.00335
0.00462
0.00278
0.00514
-0.00642
0.00333
0.00315
0.01427
0.00317
0.00345
0.01633
-0.10317
-0.02970
0.00083
0.00226
0.02416
-0.01043
0.00133
0.01430
0.00116
0.00273
0.00255
0.00549
-0.00493
0.00413
0.00244
0.02644
-0.02238
0.00378
-0.00541
0.00318
0.00367
0.01322
0.01478
0.00180
0.23855
0.00562
-0.00063
0.00303
0.02897
-0.00610
0.00557
-0.00217
0.00811
-0.00473
0.06998
0.00260
0.00328
0.00470
0.00168
0.00217
0.00558
0.00186
-0.01555
0.05233
0.00069
0.07956
-0.01307
0.00191
0.00331
0.00128
-0.00210
0.00334
0.01204
0.00153
-0.00281
-0.00461
-0.00984
0.00300
0.00327
0.00098
-0.00258
0.01098
0.00308
0.02268
-0.00020
-0.00681
0.00087
-0.00197
-0.00061
0.00224
0.10299
0.00421
0.00469
0.00162
0.00376
-0.01179
0.00331
0.00364
0.00318
0.00450
-0.01708
0.00328
-0.01079
0.00284
-0.00522
0.00212
0.05754
0.00475
-0.00676
-0.01625
0.00389
0.00231
0.00168
-0.00286
-0.02164
-0.00120
0.00776
0.00996
-0.03074
0.00149
0.00668
0.00393
0.02283
0.00365
-0.02052
0.01503
0.00313
0.00400
0.28294
0.00322
0.00481
0.00312
0.00215
-0.01852
0.00183
-0.00339
0.00071
0.00132
0.00235
0.00227
0.00033
0.00228
0.01378
-0.01664
0.00374
-0.01224
-0.00082
-0.01238
0.00357
0.32399
0.00454
-0.00071
0.06607
0.00172
0.00247
0.00316
-0.00199
0.02316
-0.00735
0.00724
0.00271
0.00334
0.00083
-0.00552
-0.01306
0.00297
-0.02363
0.00179
0.00198
-0.00893
-0.00421
0.00193
0.00723
-0.00204
0.00368
-0.00390
0.00282
0.00121
0.00332
-0.01124
0.00336
0.01059
0.00168
0.02026
0.00215
0.00041
0.00370
0.00223
0.00154
0.00203
-0.01200
-0.00971
0.00141
0.00056
0.00173
0.01012
0.00468
0.00257
-0.00210
-0.00187
0.00501
-0.00059
0.00168
0.00339
0.02427
0.00221
0.04877
0.00247
0.00140
0.00232
0.00254
0.00149
-0.00504
0.00144
0.00291
-0.00325
0.00048
0.00499
0.00314
0.00439
0.00121
-0.00203
0.00061
-0.00441
0.00688
-0.00617
0.01804
0.35144
0.00225
0.00342
0.00105
-0.01226
0.00213
0.01067
0.00037
0.00659
-0.00372
0.00200
0.00221
-0.00980
0.00250
-0.00095
0.00324
0.00419
0.00720
0.00190
0.00264
0.00364
-0.00588
0.00100
-0.02090
0.00277
0.00654
0.00178
0.00354
0.00172
-0.05793
0.00273
0.00262
0.04327
-0.00234
0.00495
0.01022
0.01383
-0.00141
0.04213
0.00296
0.25222
0.00130
0.00240
-0.40107
-0.00787
0.00347
0.00157
0.00482
0.00131
0.00257
0.00823
0.00213
0.00135
0.00412
0.00003
0.00365
0.00046
0.00284
0.00415
-0.17732
0.00081
0.00276
0.00217
-0.00570
0.00340
0.00260
0.00387
0.00229
0.00067
0.00343
0.00221
0.00329
0.00160
0.00324
0.00228
-0.00339
0.00275
0.01382
0.00149
0.02244
-0.00180
-0.00025
-0.00973
0.00020
0.00404
0.00430
-0.01099
-0.02422
-0.02410
-0.00136
0.00269
0.00390
0.00256
-0.10949
0.00379
0.00611
0.32044
0.00420
0.00360
0.00802
-0.00692
0.00345
-0.00553
0.00130
-0.01690
0.00243
0.00180
0.00207
0.00727
0.00132
-0.04019
0.00113
0.02202
0.00327
0.00159
0.00262
-0.00162
0.00336
0.00805
-0.41751
0.00217
0.00223
0.00253
-0.00555
0.00097
0.00059
-0.01520
0.00234
0.00306
-0.05969
0.00292
0.27421
0.00628
-0.00237
0.00344
0.05029
0.00254
0.00534
0.00415
0.00207
0.00264
0.00100
0.00386
0.00513
0.00196
0.00948
0.01030
0.00885
0.00333
0.00418
0.00462
0.00255
0.00466
0.00416
-0.00039
-0.02218
0.00425
0.00253
-0.00688
-0.00198
0.00953
-0.01001
-0.00024
0.00228
0.07301
0.00285
0.00290
0.00328
0.00983
-0.01355
0.00355
0.00171
0.00569
0.00207
-0.01911
0.00328
0.00593
0.00013
0.00425
0.00221
0.00528
0.00142
0.00214
0.00179
0.00278
0.00370
0.00757
0.00261
0.00222
0.00280
0.00105
-0.01231
-0.00203
0.01194
0.00149
0.00862
0.02675
0.00415
0.00545
0.00276
0.00132
0.02652
-0.27690
-0.00410
-0.00497
0.00768
-0.01172
0.00343
0.00196
0.00133
-0.02299
0.01359
0.00150
0.00517
0.00256
-0.00780
0.05626
-0.00856
-0.00485
0.00268
-0.02148
0.00499
-0.00649
-0.00662
0.00369
0.02172
0.00754
-0.00944
0.01220
-0.01050
-0.05511
0.00880
-0.00205
0.00334
0.02378
0.01046
-0.00639
0.00160
-0.02582
0.00184
0.00383
0.00167
-0.00358
0.00727
0.04281
-0.00202
0.00528
-0.00795
0.00114
-0.00373
-0.02413
-0.00706
0.01315
0.03702
-0.01170
0.05852
0.01085
0.12101
0.00207
-0.00561
0.00240
0.00153
-0.00656
-0.00055
-0.00708
-0.07193
0.01973
0.00319
0.00651
-0.00736
0.00251
0.00175
0.00267
-0.00333
-0.00273
0.00720
0.00336
0.00368
0.04030
0.11929
0.08425
0.00517
0.00919
0.00223
0.04588
0.00348
0.00869
0.00447
0.24551
0.00142
-0.11288
-0.02536
-0.02129
-0.03037
0.01039
-0.00414
0.00127
-0.04786
0.00193
0.00306
0.28675
0.01809
-0.01896
0.00508
-0.01158
0.00287
0.01641
0.00451
0.00260
-0.01497
-0.04010
0.00251
0.00767
0.00618
0.00367
-0.01090
0.00134
0.00298
-0.00037
-0.02229
0.33509
-0.00957
0.00145
0.00229
0.00245
-0.00110
-0.00049
0.00268
0.01312
-0.00164
0.00213
0.00193
-0.00982
0.07128
-0.01303
0.00198
-0.00779
0.00653
0.00524
0.00241
0.00247
0.00209
0.00245
0.00119
0.00132
-0.02895
0.00295
-0.00086
0.00748
0.00859
-0.00807
-0.00391
0.00146
-0.00851
-0.02282
-0.01874
0.00101
0.00131
0.00019
0.00456
-0.08853
0.00171
0.00503
0.00294
0.00823
-0.00004
-0.03135
0.00195
-0.00479
0.00933
0.00165
0.00602
0.02372
0.00872
0.09260
0.00140
0.00203
0.01466
0.00322
0.00740
0.07165
-0.01032
0.24382
0.00277
0.02539
0.00139
0.00296
-0.00045
-0.01205
-0.00281
0.00107
-0.02145
0.00204
0.00980
0.05153
0.00623
-0.00464
0.00238
-0.00003
0.00238
-0.02877
0.00137
0.00143
-0.00522
-0.31593
0.00555
0.00267
0.01147
0.00260
-0.00909
0.00341
-0.00169
-0.00796
0.00289
0.00204
0.00171
0.00554
0.01365
0.00512
-0.00314
-0.00976
0.00947
0.00460
0.00171
0.01131
0.00476
0.00110
-0.00364
-0.03729
0.00165
0.00271
0.00238
0.00328
0.01672
-0.02179
0.00341
0.00402
0.00080
0.00294
0.00078
0.00249
0.00270
0.00033
-0.00033
0.00222
0.03526
0.00372
0.01591
0.00005
0.00290
0.00272
0.00230
-0.44357
0.00055
-0.01076
-0.00103
0.00352
-0.29084
0.01803
0.00348
0.00208
0.00329
0.28938
0.00366
0.00149
0.01350
0.00340
0.00504
-0.00983
0.00247
0.00141
0.02914
0.00148
-0.02589
-0.00003
0.00330
0.00193
0.00148
0.00474
0.00382
0.00616
0.00404
0.00280
0.00260
0.00420
-0.00411
0.00318
0.03919
0.00267
0.00466
0.00437
0.00506
0.01863
-0.00728
-0.00789
0.03733
0.00283
0.00775
-0.02592
0.01789
0.00321
-0.00897
0.00383
0.00250
0.00226
-0.00533
0.01717
-0.00618
0.00396
0.01436
0.00164
-0.03226
0.00202
0.00310
0.00319
0.00052
0.00507
-0.01026
-0.03297
0.00416
0.00828
-0.01363
0.00232
0.00412
-0.00426
-0.00024
0.00280
0.02907
0.00256
0.00523
0.00330
0.00322
0.01133
0.00682
-0.00279
0.00857
0.00196
0.00275
0.00206
-0.01228
0.00293
0.00532
0.00172
0.00293
-0.03449
0.00483
0.00244
0.03298
0.00336
-0.01676
0.02721
0.00309
0.00082
0.00493
-0.02113
0.00289
0.00396
-0.05200
0.00684
0.00305
0.00267
0.00279
0.00287
0.00124
0.01142
0.00078
-0.00947
-0.00329
0.00580
0.00228
0.00148
-0.01421
-0.00169
0.00658
-0.40601
-0.00269
0.00170
-0.00745
-0.00227
-0.00063
0.00462
-0.00228
0.05967
0.00250
0.00294
0.00096
0.00301
-0.03127
0.00271
0.00384
-0.00681
0.00173
0.00224
0.00169
0.00538
0.00120
0.00249
0.33360
0.00266
-0.00308
0.00728
0.00481
0.00382
0.00209
0.00432
0.22514
0.01084
0.00182
0.00141
0.00306
-0.00154
0.00116
0.00294
-0.01827
0.00217
0.00170
0.00355
0.00155
-0.01043
-0.00112
0.00290
-0.04625
0.00745
0.00402
-0.00936
0.00422
0.06027
0.00387
0.00371
0.00086
0.00259
0.00235
-0.00392
0.07612
0.00287
0.00217
0.00023
0.00369
0.00443
0.00102
0.00637
0.00408
-0.00519
-0.00568
0.00408
0.00363
0.00623
0.00296
0.00508
-0.00398
0.01724
0.00810
0.00455
0.00320
-0.00017
0.00562
-0.01504
0.00139
0.00255
0.00681
-0.02782
0.00110
-0.00471
-0.01374
-0.01753
0.00064
-0.00303
0.07412
-0.01946
0.00300
0.00479
0.00228
0.00505
0.00028
0.00003
0.00371
-0.00069
0.05696
0.00262
0.00356
0.00340
-0.00780
-0.00893
0.00197
0.01650
0.00265
0.00234
0.00283
0.00170
0.00624
0.16934
0.00499
0.00666
0.00189
0.00314
-0.02712
0.02265
0.00173
0.00121
0.00313
0.00110
0.01732
0.38110
-0.05172
-0.00832
-0.01109
0.00241
0.00358
-0.00713
0.00103
0.00073
0.00211
0.00093
-0.05389
-0.00264
0.00650
0.00286
0.01248
0.00248
0.00818
-0.00957
0.00687
0.00275
-0.00188
0.00094
-0.00269
0.00410
-0.23481
0.00205
-0.00220
0.00173
0.00168
0.00268
0.00186
0.00116
-0.05020
0.00329
0.00288
0.00169
-0.01865
-0.00022
0.00426
0.00295
0.00826
-0.00755
0.00214
0.00194
0.00384
-0.01900
0.00439
-0.00183
0.05923
0.00299
0.10015
-0.00420
0.00407
0.00331
0.00170
0.00202
0.02469
0.01072
0.00301
0.00269
0.00255
-0.01095
0.00261
0.00133
0.00274
0.00430
0.00423
0.00377
0.00210
0.00829
0.00287
-0.00026
0.00063
0.00261
0.00247
-0.00997
0.01192
0.01037
0.00722
0.00230
0.01296
0.00453
0.01592
-0.00092
0.00180
0.02652
0.00203
-0.00923
0.00434
0.00493
0.00376
0.00319
0.00757
0.00754
0.00228
0.00248
0.12563
0.00391
0.02122
-0.00105
0.00418
-0.01012
0.01023
-0.00047
-0.00583
-0.00256
-0.00335
0.00247
0.00274
0.00266
0.00401
0.00370
0.00077
0.00338
-0.02350
-0.01290
0.00209
0.00118
0.01185
0.00451
-0.00344
0.00273
0.00333
-0.01407
-0.00276
0.00542
0.00515
0.00257
-0.00674
0.00062
-0.00063
0.00507
-0.00359
0.00197
0.00156
0.00103
0.00065
0.00364
0.00204
-0.01288
-0.02006
0.00292
0.00103
-0.00640
0.00286
0.00336
0.00905
0.00884
0.00245
0.01936
0.00218
0.00322
-0.00428
-0.02113
0.00102
-0.00096
-0.00126
0.00320
0.00336
-0.00550
0.00230
0.00177
0.00308
0.00412
0.02563
0.00452
-0.00666
-0.00492
0.00021
0.00437
-0.00290
0.01948
0.00616
-0.04916
0.00285
0.00323
0.01233
0.00347
0.00601
0.00292
-0.01837
0.00353
-0.01480
0.04597
0.00258
0.00339
0.00185
-0.00129
-0.02742
0.02035
-0.00641
0.00233
0.00376
-0.00431
-0.00300
-0.00466
0.00182
0.00314
0.00225
-0.00508
-0.00160
0.01185
-0.00726
0.00162
0.00153
-0.03205
0.07155
0.00079
-0.00034
0.06412
-0.00057
0.00317
0.01118
0.00301
0.00472
-0.00914
0.00210
0.00097
0.00408
0.00295
0.00155
0.01693
0.01739
0.00190
-0.00965
-0.00525
0.00027
0.02226
-0.00604
-0.42459
0.01257
0.00255
0.00058
-0.00408
0.06112
0.00672
0.00278
0.00207
0.00212
0.00382
0.00127
-0.01216
0.00928
0.07433
0.00953
0.00924
-0.00676
0.00212
0.00296
-0.01452
-0.00896
-0.00032
-0.01998
0.00395
-0.00646
0.00226
-0.00619
-0.00621
-0.00135
0.14503
-0.00589
0.00004
0.00359
0.17414
0.00259
0.00304
0.00100
0.00548
0.00279
0.00427
0.00716
-0.00487
0.03309
-0.01346
0.00839
-0.00127
0.02200
-0.02829
-0.00978
-0.01185
0.00032
-0.39898
0.00082
0.00491
-0.01080
-0.00094
-0.00174
0.00218
0.00605
0.00234
-0.01480
-0.00724
0.00245
-0.00258
-0.00986
0.00189
0.00073
0.00400
0.00801
0.00281
0.00858
-0.00526
-0.00401
0.00267
-0.33642
-0.01183
-0.01419
-0.00625
-0.01729
-0.00594
0.00756
-0.00130
0.00459
-0.00163
0.02476
0.02601
-0.00250
0.00026
0.00162
0.00246
0.00205
0.00603
0.00150
0.00127
0.00221
0.00450
0.00907
0.00218
-0.00984
-0.00922
0.00178
0.00016
0.00295
0.00112
-0.01877
0.03741
-0.00561
-0.00749
-0.00652
-0.00813
0.00161
0.00119
-0.00116
0.01616
-0.00279
-0.00505
0.00661
0.01310
0.03766
0.08083
0.00023
0.00892
0.11040
0.00272
-0.00930
0.01389
0.04782
0.00357
0.02319
0.10813
-0.00247
-0.00775
-0.00381
-0.00359
0.00870
0.00136
0.00758
0.00343
-0.01228
0.00852
-0.01099
0.00090
0.00629
-0.00597
-0.00181
0.00187
-0.00328
0.00321
0.01415
-0.00266
-0.00084
-0.00018
-0.00017
-0.00358
0.00219
-0.00139
0.00733
0.01241
0.00024
0.03165
0.01146
0.00147
0.00519
0.00915
0.01078
-0.02307
0.00752
0.00248
-0.00450
0.00446
-0.01373
0.00293
0.00284
0.00986
0.01772
0.11414
-0.00532
-0.00316
0.01205
0.00735
-0.00612
-0.00764
0.00718
0.01228
-0.00030
0.00552
0.00701
0.00257
-0.09925
0.00137
-0.00842
-0.00772
0.00182
0.02336
0.14067
-0.00732
0.00246
-0.00187
-0.01139
-0.01495
0.00343
0.04145
-0.00059
0.01031
-0.00008
-0.00958
0.29490
0.01177
-0.00980
-0.00365
0.00730
0.00543
0.00355
0.00247
0.02059
0.00206
-0.00282
0.00012
-0.00533
-0.00555
0.00469
-0.00537
0.00311
0.01194
-0.00010
0.00175
-0.00364
0.00358
0.01157
-0.01352
-0.01239
0.00208
-0.00389
-0.01041
-0.00602
-0.00655
0.11379
-0.01573
-0.00057
-0.00137
-0.00345
0.00070
0.00122
0.00196
-0.00422
0.01265
0.01730
-0.00156
-0.00646
0.00809
-0.00753
0.00258
-0.06302
0.01412
-0.00127
0.00520
0.00451
-0.00847
0.00224
-0.07501
-0.00033
-0.00081
0.01103
-0.00492
0.02076
0.00082
0.02573
-0.00233
-0.05062
-0.04432
-0.00081
0.00253
-0.09095
0.00359
-0.00808
0.03735
0.01696
0.01937
0.00506
-0.01113
-0.02223
0.01247
0.02339
0.00349
0.00219
0.02305
0.00499
0.00065
-0.00555
-0.00599
0.00206
-0.00400
-0.00497
-0.02230
0.30423
0.00291
0.23408
-0.03234
-0.00165
0.00297
0.04739
-0.00060
0.02477
0.02136
0.00037
0.00298
0.11178
0.00903
0.02099
-0.03600
0.00090
0.00217
0.00307
-0.04230
-0.01434
-0.00227
0.01425
0.01478
0.00704
0.00528
0.00106
-0.02576
0.00148
0.04221
0.00213
0.00057
0.00374
-0.00893
0.00216
0.35409
0.00780
-0.00065
0.00067
0.01518
0.00251
0.00093
-0.00304
0.00487
-0.01505
-0.00088
0.00238
-0.00125
-0.00423
0.01245
0.01172
0.00605
-0.00638
0.00731
0.00303
0.22408
-0.02001
0.00696
-0.02636
0.00590
0.00121
0.01409
-0.01144
-0.00799
-0.00000
0.03900
0.03402
0.01159
-0.00281
-0.00084
-0.00930
0.00175
0.00293
0.01288
-0.00272
-0.02114
-0.00067
0.00272
0.33133
0.00785
0.00180
0.00079
-0.00788
0.00256
-0.00950
-0.00745
0.01198
-0.00056
-0.01036
-0.00068
0.01453
0.00736
0.00288
-0.01251
-0.01129
0.01620
0.00326
0.02597
0.08690
0.00083
-0.00809
-0.00641
0.00157
0.00320
0.13272
0.00179
0.00268
0.01779
-0.00050
0.00502
0.01296
0.03677
0.41390
0.03039
0.00913
0.05323
0.00381
0.10180
-0.00364
0.00166
-0.01098
0.00136
0.00492
-0.00240
0.00032
-0.00136
0.00386
-0.00931
0.05532
-0.00382
0.00534
-0.00073
0.13092
0.00037
-0.02055
0.01023
0.28222
0.45148
0.01147
-0.00599
-0.01251
0.01589
0.28713
-0.00264
-0.41459
-0.00510
0.00353
0.00144
-0.01394
-0.00301
0.00049
-0.03329
0.00932
-0.00375
0.00739
-0.00573
-0.01676
-0.00413
0.01421
0.01665
-0.00132
-0.00295
0.00212
0.00172
-0.42577
-0.00546
0.02336
0.00879
0.00741
0.01828
0.00823
0.00123
-0.00572
-0.00402
0.02033
-0.00674
-0.00331
-0.00511
-0.00626
-0.01198
0.01163
-0.00651
-0.00708
-0.01766
0.01129
-0.01201
0.01136
-0.00750
0.00114
0.04015
-0.00634
-0.00489
0.00234
0.00254
0.00162
-0.00203
-0.00654
0.00311
0.00073
0.01072
-0.00614
-0.01908
-0.00072
-0.00355
-0.00426
-0.00249
-0.00386
-0.00801
-0.00544
0.00518
0.03082
0.00248
0.01411
0.01587
0.00270
-0.00194
0.00215
-0.02008
0.00278
0.00579
0.01457
-0.02044
0.00064
-0.00369
0.01301
0.01193
0.00634
0.00777
-0.00140
0.00143
0.01034
-0.01485
-0.00054
-0.00377
-0.00433
-0.04107
-0.00372
-0.01782
-0.00910
0.00212
0.02580
-0.01137
0.00285
-0.00743
0.00502
-0.00692
-0.01658
0.00687
-0.00305
-0.00309
-0.01110
0.00310
-0.00542
-0.01182
-0.00041
-0.00181
-0.00705
0.01178
0.01602
0.01250
0.00185
-0.01762
-0.03083
0.00358
-0.00934
0.00245
-0.00395
0.00437
-0.01686
0.02067
0.02959
0.00287
0.01617
0.01206
-0.00611
-0.01279
0.01352
-0.01330
0.01509
-0.00376
-0.00432
-0.00001
0.00122
-0.00928
0.00001
-0.00528
0.21097
0.00227
0.00172
0.00287
-0.00312
0.00015
0.00109
-0.00000
-0.01312
0.00276
-0.00532
-0.00521
-0.00734
0.00333
0.00396
-0.01155
0.01107
-0.00054
-0.00559
-0.00647
0.00217
-0.07507
-0.00762
-0.00103
0.00397
0.01116
0.01601
0.01127
-0.01474
-0.00982
0.00430
-0.01585
0.00213
-0.01949
0.02140
-0.00678
0.00257
0.01786
-0.00341
0.00373
-0.01254
-0.00813
-0.00559
-0.00432
-0.00719
-0.00576
0.03127
-0.00398
-0.00095
-0.00998
-0.00686
-0.00127
0.01656
-0.00339
-0.00370
-0.01162
0.00641
0.01743
-0.01030
-0.01797
0.00144
-0.01777
0.00274
0.00585
-0.00451
0.00800
0.00575
0.01553
-0.00645
0.01059
0.00672
-0.00128
0.00286
-0.00201
-0.00111
0.01949
0.01095
-0.00856
-0.00403
0.00444
-0.01138
-0.01349
0.02277
-0.00649
-0.00852
-0.00155
0.00238
0.00003
0.00692
0.00584
0.00205
0.00499
-0.00439
-0.00642
-0.01600
-0.01120
-0.00468
-0.00430
0.00352
0.00165
-0.00097
0.01012
-0.00316
-0.00043
-0.00411
-0.00325
-0.00389
-0.00388
-0.00482
-0.01776
-0.00126
0.00019
0.00356
-0.00374
-0.00471
-0.01956
-0.01427
0.00069
-0.00213
-0.03493
0.00179
0.01161
-0.00911
0.01436
-0.00716
0.01217
0.00350
-0.01110
0.02853
0.02384
-0.00377
0.03662
0.03066
-0.00232
-0.00492
0.00040
0.01226
-0.00181
-0.00660
-0.00492
-0.00167
-0.02359
-0.43852
0.00159
0.01033
-0.01019
-0.00289
-0.00140
-0.00026
0.00293
0.00592
0.00787
-0.01065
-0.00755
-0.01239
-0.00296
-0.00003
-0.00435
-0.00597
-0.00796
-0.00258
0.03144
0.00262
-0.00435
0.00358
0.01408
-0.00424
0.00198
0.01480
-0.01188
0.00594
0.01737
-0.00813
0.02813
-0.00913
-0.00601
-0.00223
0.00654
-0.01365
0.00293
-0.00416
-0.00223
-0.00811
0.11154
0.00020
0.01580
-0.00105
0.01063
0.00574
0.00500
-0.00574
0.00169
0.01730
0.00569
-0.01056
-0.01077
0.01450
-0.01286
0.00356
-0.00936
-0.00367
-0.00018
-0.00937
0.01033
-0.00635
-0.00251
0.00273
-0.00365
0.00761
0.00954
-0.00664
0.01804
-0.01358
0.00282
0.00354
0.00440
0.01572
0.00889
0.01015
-0.00458
0.00257
-0.00112
0.03813
0.00678
-0.00634
-0.00069
0.01661
0.00458
-0.00372
0.01316
-0.01772
-0.00548
0.01707
-0.00131
0.00291
-0.00541
0.00432
-0.01381
0.00495
-0.00682
-0.00507
-0.00779
-0.00354
-0.00613
-0.00594
-0.00557
-0.00913
0.01727
0.02213
0.12766
0.01625
-0.01150
-0.00522
-0.02549
0.00042
-0.01169
0.08238
-0.00934
-0.01592
-0.00657
-0.00222
-0.00732
-0.00286
-0.00532
0.00297
0.00984
-0.00677
0.00243
0.01539
-0.00825
0.00251
-0.00644
0.00812
-0.00521
-0.00381
0.01118
-0.00492
0.01333
0.01845
-0.00347
-0.09092
-0.00707
-0.00308
0.01208
0.00179
-0.00043
-0.00377
0.24499
-0.00316
-0.01183
-0.01191
0.00604
-0.00257
0.01000
0.00341
-0.00842
-0.00245
0.00756
-0.00589
-0.01951
-0.00027
0.23516
0.01523
0.35867
0.01067
0.23589
0.01980
0.00679
0.00008
-0.00139
-0.00557
-0.00489
0.01227
0.00925
0.01141
-0.01151
-0.00942
0.00257
-0.00868
-0.00545
-0.00890
-0.00163
-0.01378
0.00547
0.00629
-0.02663
-0.00464
0.00138
0.02020
-0.00296
-0.06163
0.01838
0.04128
-0.39709
0.35379
0.02022
0.04158
-0.00517
-0.00053
-0.01546
0.36659
0.00585
-0.03124
-0.00594
-0.02601
0.10905
0.00982
-0.00529
-0.00876
-0.00083
-0.00102
-0.00556
-0.00302
-0.01060
-0.00043
-0.00603
-0.00788
0.00862
-0.00366
-0.00048
0.01142
0.01207
-0.00620
0.01843
0.01027
-0.00523
-0.00552
0.00476
-0.00841
0.00212
0.00265
-0.01310
-0.00146
-0.01160
-0.00977
-0.05346
-0.01459
0.01136
0.00368
-0.01248
-0.01962
-0.00679
0.03066
