-0.00284
0.00401
0.04147
-0.01013
0.01401
-0.01174
-0.01239
-0.01526
-0.00172
-0.01332
-0.00977
-0.01511
-0.00994
-0.01479
-0.00619
-0.02027
-0.00029
-0.00818
0.00883
-0.00919
0.01570
-0.00910
0.02098
-0.02869
0.10116
-0.01255
-0.01112
-0.00487
-0.01375
-0.00875
-0.01095
0.00025
-0.01592
0.01867
0.00196
-0.01081
0.04916
-0.01689
0.02519
0.01167
-0.00964
0.07380
-0.00917
-0.01166
-0.01256
0.01641
0.13760
0.01323
-0.00658
0.00059
-0.01027
-0.00579
-0.01449
0.04337
0.00502
-0.01297
-0.01727
-0.01232
-0.01030
-0.01212
-0.00909
-0.00262
-0.01129
0.00621
0.07482
0.08387
-0.00215
-0.02519
-0.00672
-0.01335
-0.01281
0.04695
-0.01247
-0.01378
-0.00642
0.03484
-0.01451
-0.00386
0.01937
-0.01693
-0.01287
-0.00636
0.01039
-0.01382
-0.00290
0.00214
-0.01699
-0.02713
0.01101
-0.02835
-0.01133
-0.01658
-0.01205
0.03327
0.01058
-0.01019
-0.01193
-0.01313
-0.01605
-0.00851
0.01022
0.00306
-0.01024
-0.01939
-0.01171
0.01137
0.00861
0.03091
-0.01249
0.03455
-0.01001
-0.00752
-0.02179
-0.01093
-0.01495
-0.00733
0.00714
-0.00300
0.02340
-0.00112
-0.00581
-0.01239
-0.01388
-0.00200
-0.00305
-0.01027
-0.01209
-0.00275
-0.01204
-0.01465
-0.02154
0.00801
0.04533
-0.01572
-0.01489
-0.01275
-0.01541
-0.00652
-0.01223
-0.01149
0.03304
0.03753
-0.01548
-0.01276
0.00339
-0.00548
0.00674
-0.03575
0.01653
0.00276
0.01930
-0.00105
-0.00811
-0.00234
0.00789
0.06062
-0.01614
0.05512
-0.01694
0.03406
0.01458
0.04193
0.01634
-0.02557
0.04718
0.20783
0.14963
0.01186
-0.01587
0.04853
-0.00970
-0.01064
-0.01253
-0.00878
0.02692
-0.01372
-0.01837
-0.01157
0.03105
-0.01285
0.03135
-0.01174
-0.01205
-0.00661
-0.06061
-0.00971
0.22058
0.05936
-0.00990
-0.01556
0.00717
-0.01513
-0.00885
-0.00832
0.01368
-0.01683
-0.00876
-0.00184
0.01534
-0.00650
-0.01205
-0.01374
0.01585
0.00200
-0.01248
0.01172
-0.02175
-0.03101
-0.01326
-0.02264
0.01692
-0.01288
-0.01231
-0.01132
-0.01171
-0.01321
-0.01067
-0.01103
-0.01406
-0.01447
-0.00867
-0.01479
0.00355
-0.00614
-0.00257
-0.00928
0.02275
-0.00331
0.14218
-0.01186
-0.01565
-0.01198
-0.00480
-0.01512
-0.00077
-0.01149
-0.01308
0.02333
-0.00529
0.03144
-0.01081
-0.01113
-0.00498
0.00888
0.05447
-0.01224
0.02181
-0.01071
-0.00665
-0.01612
-0.01990
-0.01383
-0.01134
-0.00548
-0.03054
0.02899
-0.01004
-0.01661
-0.00885
-0.01756
-0.01338
-0.01238
0.00110
-0.00725
-0.03568
-0.05341
0.00989
-0.00882
0.00244
0.10543
-0.01749
0.00492
-0.00681
0.01529
-0.00980
-0.01348
-0.00761
-0.01890
-0.01060
-0.01274
0.02473
-0.02123
-0.01150
-0.01131
-0.00163
-0.01707
0.05810
-0.02910
0.01628
-0.01692
-0.01482
-0.01375
-0.01862
-0.01581
0.02270
0.07779
0.01296
-0.00031
-0.00437
-0.01538
-0.03236
0.02263
0.05757
-0.00026
0.01151
-0.01278
-0.01398
-0.01552
0.07734
-0.00981
0.05299
0.04924
-0.01416
0.14377
-0.01635
-0.00950
-0.01919
-0.04454
-0.01434
-0.03494
0.00852
-0.00103
-0.01599
-0.01518
-0.01241
-0.00580
-0.01289
-0.01202
-0.00676
-0.01445
-0.00957
-0.01245
-0.00664
-0.06163
-0.01343
-0.01525
-0.01301
-0.04333
-0.01391
-0.00948
-0.01342
-0.01023
-0.00783
0.11428
-0.01127
-0.00934
-0.02083
-0.01308
-0.01380
-0.00397
0.02843
0.01601
-0.01327
-0.01056
-0.01596
-0.00592
-0.00854
-0.01091
-0.01210
-0.01131
-0.01385
0.14976
-0.00331
-0.00996
-0.02211
-0.01428
-0.01574
-0.01969
-0.01230
-0.01257
-0.00185
-0.01135
0.01374
-0.01261
-0.00251
-0.01510
-0.01036
-0.01604
-0.00292
-0.01199
-0.01137
0.07568
0.00121
0.00044
0.00638
-0.01220
0.13505
0.00062
-0.00312
-0.00897
-0.01143
-0.01475
-0.00198
-0.01194
-0.03243
-0.01300
-0.02122
-0.01079
0.01108
0.02725
-0.01367
0.03601
-0.05378
-0.01770
-0.01597
0.01387
-0.00152
-0.01320
-0.00482
-0.00234
-0.01087
-0.01005
-0.01394
-0.01246
-0.00341
-0.01530
-0.01108
0.01403
-0.01059
0.00596
0.05087
-0.00857
-0.01073
-0.01488
-0.00408
-0.00833
-0.00748
-0.01521
-0.01518
0.01574
0.05487
-0.01505
0.05836
0.01085
0.00189
-0.01502
-0.01129
0.00596
-0.01241
0.00144
-0.00994
-0.01323
0.33806
-0.01367
-0.01668
-0.00977
-0.01022
0.01198
0.00703
-0.01402
-0.01262
-0.01393
-0.01199
-0.00917
-0.01799
-0.04275
-0.01103
-0.00470
-0.01361
-0.01199
-0.01027
-0.01557
-0.01282
0.00311
0.04365
-0.01187
-0.01252
-0.00792
-0.01265
-0.00091
-0.01082
-0.02530
0.06978
0.02072
-0.01010
-0.01709
-0.01099
-0.01405
0.00310
-0.01357
-0.01359
-0.01426
0.00130
0.01975
-0.01149
-0.01815
-0.00896
0.00153
-0.01006
-0.01016
-0.01235
0.00435
-0.01387
0.02391
-0.00806
-0.01071
0.01671
-0.03106
-0.01561
0.04077
-0.00875
-0.01441
-0.01902
-0.03180
0.06375
-0.02603
-0.00393
-0.00914
-0.00573
0.01033
0.00721
-0.00110
-0.01104
-0.01292
-0.00268
0.01299
-0.00422
-0.03710
-0.02327
0.07680
0.00426
-0.01014
-0.01281
-0.01641
-0.01056
-0.01309
0.00052
0.07203
-0.00454
-0.01227
-0.01416
-0.00188
-0.01714
-0.01706
-0.01799
-0.01501
0.04547
-0.01192
-0.01168
-0.01346
-0.01615
-0.01687
-0.00145
-0.01368
-0.01208
-0.01449
-0.01117
0.01527
-0.01127
-0.00613
0.00165
0.03403
-0.05071
0.06486
-0.01277
-0.04210
0.04180
0.00025
-0.01749
-0.01588
0.00082
-0.01121
0.03080
-0.01235
-0.01568
-0.00747
-0.00751
0.05090
0.02374
-0.01330
0.01970
-0.02585
-0.00973
0.01984
-0.00951
0.00201
-0.01454
-0.01570
0.14948
-0.00529
-0.01294
-0.01773
-0.00993
-0.01247
-0.01250
-0.01326
0.00036
0.00486
-0.01347
0.06233
-0.00967
-0.01071
-0.01403
-0.00040
-0.01081
-0.01411
-0.01296
-0.01238
-0.01307
0.00012
-0.00842
0.02332
-0.02155
-0.00625
0.05433
-0.00786
-0.01116
-0.01060
-0.01448
-0.01738
0.03092
-0.01352
-0.01176
-0.01088
0.03101
0.00738
0.01416
-0.00872
-0.02910
-0.01317
0.01091
-0.01301
-0.00883
-0.03652
-0.01222
0.00392
-0.01914
-0.00951
-0.01329
-0.01030
0.00108
-0.00321
-0.00802
-0.01515
0.00871
-0.00907
-0.01176
-0.01087
-0.00416
-0.01442
-0.00423
-0.01020
-0.00739
0.00062
0.03026
-0.00474
-0.01092
0.07442
0.03419
-0.01739
-0.01111
0.03660
-0.01200
-0.01165
-0.00569
-0.00861
-0.01383
-0.02417
-0.01331
-0.01248
-0.01053
0.00422
0.03620
0.02560
0.02324
0.02962
-0.00098
-0.01347
0.03530
-0.01944
-0.02148
-0.01089
0.02310
-0.00903
0.02931
-0.01419
-0.00961
-0.01436
-0.00797
-0.01141
-0.01308
-0.01105
-0.00950
-0.02354
0.03635
0.02700
-0.03301
-0.01399
0.05190
-0.01097
-0.01283
-0.00408
-0.00427
-0.00570
-0.01154
-0.00283
0.00190
0.01709
0.00007
-0.00665
-0.01966
-0.00949
-0.01622
-0.00374
-0.01178
-0.00383
-0.00912
-0.01127
-0.00898
-0.02625
-0.01464
-0.01200
-0.01734
-0.01199
0.00794
-0.01241
-0.01470
0.00134
-0.01508
-0.00052
-0.00668
-0.00815
-0.08710
0.00391
-0.01340
0.01233
-0.00867
-0.01576
0.00092
0.00374
-0.01290
0.07764
-0.00713
0.02274
-0.00777
-0.01071
-0.00787
0.01145
0.00991
-0.01385
-0.01184
-0.01054
0.02622
0.05060
-0.01539
-0.01195
-0.00857
-0.01543
-0.01498
-0.01235
-0.01260
0.00509
0.05400
-0.01756
-0.01089
-0.01968
-0.01093
-0.01531
-0.01357
-0.01180
-0.02118
-0.00048
-0.01354
-0.00930
0.00407
-0.01484
-0.00684
-0.02112
-0.01126
-0.02589
-0.01033
-0.01158
0.00171
-0.01323
0.13522
-0.01531
-0.00561
0.03390
0.00410
-0.01382
0.00739
-0.01044
-0.00930
-0.01500
-0.01137
0.02929
-0.01711
-0.00998
-0.01102
0.02157
-0.01317
-0.01598
-0.00010
-0.00638
0.03256
-0.01687
-0.01421
-0.00271
0.02152
-0.01476
0.01153
0.04037
-0.01013
-0.00372
-0.01870
0.00775
-0.01140
-0.00861
0.04385
-0.00173
-0.01075
-0.02188
-0.01573
-0.01399
0.00420
-0.01038
-0.01237
0.05538
0.00353
-0.01953
-0.01285
-0.02524
-0.00620
0.02405
-0.01104
0.00347
0.01091
-0.01356
-0.01324
-0.01507
-0.01354
-0.04849
0.01693
-0.01261
0.00492
-0.00924
-0.00985
-0.00319
0.01559
-0.01363
0.02068
-0.00852
-0.01623
-0.00255
0.01872
0.08398
0.00597
-0.01375
-0.01251
-0.02285
-0.01322
-0.01366
-0.00282
-0.01244
-0.00377
0.01964
0.00190
-0.00978
-0.01008
-0.01273
-0.00499
-0.00667
-0.00840
-0.03344
0.00778
-0.01901
0.01118
0.00636
0.00462
-0.00378
0.02125
0.01066
-0.01283
-0.02162
-0.01683
-0.01310
-0.00961
0.00879
-0.01114
-0.01135
-0.01565
-0.01760
0.01010
-0.00744
0.02031
-0.01572
-0.01214
-0.01137
0.00332
-0.01199
-0.01321
-0.00893
-0.00956
-0.01139
-0.01074
-0.06710
-0.01299
-0.01302
-0.01495
0.08807
0.01157
-0.01141
-0.00738
-0.01371
-0.01593
-0.01116
0.00188
-0.01042
-0.00075
-0.01122
-0.00458
-0.00466
-0.01472
-0.01196
-0.01452
-0.01065
-0.01467
0.02708
-0.01198
-0.01124
0.01746
-0.01476
-0.01127
-0.00221
0.00839
0.05084
0.01990
-0.01715
-0.00661
-0.00948
0.03078
-0.00989
-0.01027
-0.00903
-0.00955
-0.00882
-0.01391
0.00644
-0.02333
-0.00985
-0.01262
-0.00983
-0.01191
-0.01589
-0.00796
0.01974
-0.01564
-0.01346
0.01789
-0.01296
0.02646
-0.01720
-0.01429
0.00961
0.02006
-0.01257
-0.01090
0.06843
-0.01173
-0.01102
-0.00978
-0.01282
-0.01267
0.01161
-0.01488
0.04508
-0.01144
-0.01164
-0.01198
-0.01205
-0.01004
0.00840
-0.00777
-0.01046
-0.00390
-0.01141
-0.01565
-0.01216
-0.01894
-0.00836
0.06619
-0.00887
0.05654
-0.01418
-0.00860
-0.00704
0.03867
-0.02980
-0.00835
0.00422
0.00385
-0.00626
0.00119
0.00622
-0.00137
0.02384
0.00019
0.00626
0.01013
-0.00166
0.00254
-0.00766
0.02163
-0.00953
0.00028
0.10567
-0.01203
-0.03165
-0.00467
0.01384
-0.01961
-0.00729
-0.00520
-0.00428
-0.00638
0.07366
-0.01503
-0.01190
-0.00571
0.01604
0.00230
-0.00546
0.01427
0.00984
0.00243
-0.00974
-0.00628
0.00467
0.00020
0.01157
0.00860
-0.00476
0.00086
-0.01512
-0.00591
-0.00383
0.01846
-0.00712
0.03130
0.00831
0.00817
0.00174
0.01902
0.02894
0.00292
-0.00400
-0.00014
0.04065
-0.01110
-0.00409
-0.00632
-0.00440
0.00845
0.01104
-0.00377
-0.00487
-0.00291
-0.00780
-0.00353
0.00349
-0.00454
-0.00071
0.03148
-0.00118
0.07397
-0.00148
-0.00217
0.00505
-0.00983
0.01243
0.00304
-0.00881
-0.00710
-0.01317
0.03063
-0.00329
-0.01321
0.03287
0.00875
0.02988
0.01229
0.00207
-0.00758
-0.00221
-0.01559
-0.00080
0.00131
-0.01149
0.02193
0.00021
0.00015
-0.00217
0.00171
0.00964
-0.00433
-0.00533
0.04611
-0.00222
0.03216
-0.00716
-0.00139
0.00894
-0.00668
-0.00347
0.00287
-0.00604
0.00293
-0.00300
-0.00485
0.00631
0.00810
-0.01195
-0.01721
-0.00681
0.01419
-0.00881
0.00525
0.01822
0.00229
-0.00734
-0.38861
-0.01597
-0.00808
-0.00377
-0.00282
-0.00507
0.01357
0.43025
-0.02445
-0.00497
0.00941
-0.01450
-0.00208
0.00620
-0.00544
-0.00880
-0.03578
-0.02086
-0.00740
0.00466
0.00432
0.01653
0.00452
-0.00609
0.03268
-0.00289
-0.00521
-0.00439
0.00326
0.00830
-0.00730
-0.01144
-0.00151
-0.00625
0.00948
-0.03374
-0.00506
0.01596
-0.00028
-0.00174
0.00335
-0.00862
0.00298
-0.00966
0.00149
-0.00109
0.00989
-0.00771
-0.00529
-0.00112
0.05885
0.03225
-0.01045
-0.01133
0.01891
-0.00645
0.00253
-0.00915
-0.00604
-0.00690
-0.01333
-0.00999
-0.01028
0.01322
-0.00239
-0.01064
-0.00443
-0.00762
-0.00059
0.02248
-0.01087
-0.00562
-0.01134
-0.01162
-0.01242
-0.00242
-0.00436
-0.00677
-0.00340
0.02321
0.03272
-0.00974
-0.00059
0.03387
-0.01291
-0.00621
-0.00458
0.02452
0.00788
0.01338
-0.00464
-0.00078
-0.00459
0.02219
-0.00235
-0.00669
-0.00607
0.00427
-0.00736
-0.02119
0.01529
0.00072
0.00593
-0.01016
-0.00339
-0.00270
-0.00006
-0.00934
-0.00082
-0.00601
-0.00575
0.00407
0.01316
0.02337
-0.02470
0.00728
0.01781
0.00395
-0.00422
0.01058
0.01324
0.01636
0.00117
0.01593
0.00373
-0.01430
-0.00135
0.00175
0.00164
0.01138
-0.00183
0.00010
-0.00235
0.00236
-0.00522
0.07259
0.00364
-0.39600
0.01498
0.00514
-0.00763
-0.00546
0.01039
-0.00072
-0.00673
-0.02801
-0.00243
0.00496
0.00226
-0.00334
-0.00484
-0.03493
-0.00897
0.00269
-0.00249
0.00490
0.00274
-0.00078
-0.00074
0.01713
-0.00320
-0.00053
0.01883
-0.00305
0.04631
0.00051
-0.00117
0.00037
-0.00006
-0.00302
0.00089
-0.00604
0.02108
-0.01261
-0.09003
-0.00031
-0.01487
-0.00186
-0.01569
-0.00873
0.00153
-0.01848
0.00883
0.00440
0.00500
-0.00497
0.14292
0.00157
-0.00102
0.01366
-0.00172
0.13217
-0.00424
-0.00386
0.00026
-0.01000
-0.00166
0.22237
-0.03814
0.00051
0.00150
-0.00071
0.01117
-0.01263
-0.00727
0.01187
0.01737
-0.00470
0.01790
0.02550
0.01307
-0.01168
0.00217
0.00079
0.00258
0.00258
-0.00956
-0.00244
-0.00895
0.00503
-0.00705
-0.00267
-0.00607
0.00428
0.00317
-0.01242
-0.00586
-0.01084
-0.03384
0.01874
-0.00144
-0.00308
-0.02292
-0.00543
0.13149
0.00371
0.00350
-0.00371
-0.00240
-0.00177
0.00081
-0.00783
-0.00001
-0.06188
0.00186
0.18288
-0.00064
-0.00429
-0.00067
0.00104
-0.00718
-0.00083
0.00178
-0.00016
0.00348
0.00337
-0.00813
-0.00361
0.02126
-0.00813
0.00383
0.00386
0.00215
0.00978
0.24527
-0.01182
0.00173
-0.00689
-0.00216
-0.00547
-0.00676
-0.01004
-0.01279
0.03708
-0.00374
-0.00011
0.00419
-0.00190
-0.03962
-0.00276
-0.00908
0.00306
-0.00367
0.00532
-0.00918
-0.00160
0.01906
0.00056
-0.00731
0.11081
0.00028
0.05929
-0.00771
0.03756
-0.00006
-0.00644
0.01651
0.00169
0.00707
0.00891
0.00437
-0.00357
-0.00034
-0.00878
0.02022
0.00404
0.00541
-0.00778
0.00090
-0.00094
-0.00143
0.01682
-0.04351
0.00277
0.00224
0.01388
-0.00577
-0.03700
0.01227
0.17205
0.02747
-0.00472
-0.00166
0.00180
0.00491
-0.02519
-0.00255
-0.00425
-0.01778
0.00998
-0.01496
0.10312
0.00259
-0.00327
0.14772
-0.00733
0.04535
-0.00325
0.00775
-0.00246
0.00429
0.00479
-0.00480
0.00440
-0.00037
0.01852
-0.00032
0.01109
0.35276
-0.00220
0.00974
-0.00047
0.00773
-0.00120
-0.02836
0.04045
0.00188
-0.00111
0.00403
0.00747
-0.00717
0.00210
0.00216
-0.01725
0.01120
0.00361
0.00137
0.00309
0.00117
0.01746
-0.00845
0.00357
0.01244
-0.00502
-0.00940
0.02199
0.00426
-0.00438
-0.00017
0.00441
-0.00267
0.00680
0.00269
0.00397
0.00149
-0.00517
0.00053
0.21397
0.00367
0.00113
-0.05130
0.00005
0.00792
-0.01254
0.01290
-0.00251
-0.00200
-0.03055
0.01674
0.00317
-0.00680
0.00457
-0.00818
-0.00501
-0.00684
0.01000
0.00304
0.00359
-0.00201
-0.00353
-0.00234
0.14147
-0.00940
0.00381
0.00250
0.00478
0.02268
0.03835
-0.00252
-0.03524
0.00685
0.01572
0.00273
0.00403
0.02197
-0.01272
0.00009
0.00743
0.00897
0.01228
-0.00894
0.00324
0.01854
0.01318
0.00473
0.01360
-0.00506
0.00224
-0.01250
-0.00837
0.00336
0.00351
0.00387
-0.01013
0.00091
0.00341
-0.00179
-0.06602
-0.00010
0.01995
0.00004
0.00831
-0.00246
-0.00264
0.01085
0.00479
-0.00184
0.00384
0.01747
0.00365
0.00634
0.00812
0.00157
-0.00996
0.00094
-0.01350
0.00589
0.00401
0.00234
-0.00748
0.00255
-0.00086
-0.02486
0.00375
0.00156
0.00294
-0.00174
0.00759
-0.01766
-0.00699
-0.00439
0.19227
0.00958
0.00256
0.05575
-0.01070
0.00387
0.00035
-0.00333
-0.00220
-0.00922
-0.00076
-0.00444
0.00487
-0.01606
-0.00770
-0.00305
0.01285
0.00304
0.02932
0.05985
0.00367
-0.00387
0.03727
0.00156
-0.00799
0.00743
0.00312
0.00193
-0.01018
0.00684
-0.04153
0.00093
0.01604
0.00369
0.00356
-0.04541
0.00173
0.00144
0.00539
0.00314
-0.01364
-0.02597
-0.00696
0.00340
0.04111
-0.00108
0.00039
0.00243
0.00832
0.00258
-0.00047
-0.00651
0.00237
0.00651
0.00334
0.00705
0.00333
-0.00335
-0.01375
0.16336
0.00513
-0.00557
0.00897
0.00343
0.00866
0.00905
0.00325
-0.03200
0.00850
0.00262
0.00882
0.00455
0.00102
0.00368
0.00043
-0.00061
-0.02181
-0.00532
-0.00061
0.00354
0.00077
0.00086
0.00378
0.00422
0.00076
0.00351
-0.01440
0.00475
-0.00803
0.01247
0.00310
0.00334
0.00372
0.00587
-0.14272
-0.04968
0.01899
0.00396
-0.00161
-0.00908
0.01438
0.00306
0.00408
-0.00645
0.00201
0.00217
0.00229
-0.00891
0.00319
0.00591
-0.00116
0.00311
0.00108
0.00317
-0.00954
-0.00052
0.00291
0.00296
0.21186
-0.00000
-0.00555
0.02191
-0.01156
0.00250
0.00322
-0.00694
0.01298
0.01141
0.03053
0.00411
0.00803
0.00526
0.01274
-0.04243
0.00367
-0.01430
0.01465
0.00382
0.05376
-0.00800
0.00401
0.00536
0.00215
0.01291
0.00312
0.00309
0.00142
-0.00542
0.00303
-0.01050
0.00208
0.00231
0.00446
0.00307
0.00199
0.00320
0.02053
-0.01224
-0.00123
-0.00808
0.00061
-0.00639
-0.00195
0.00803
0.07661
0.00423
0.00320
0.00301
0.00421
0.00238
-0.01479
-0.00583
0.00213
0.00245
0.00250
-0.05418
0.00259
0.00511
-0.01677
0.00336
-0.00761
0.00013
0.08576
0.00465
-0.01270
0.11347
0.00352
0.00041
-0.00399
-0.00257
-0.00214
0.00311
0.00886
-0.02476
0.00361
-0.01943
0.00270
0.03829
-0.01393
0.00327
0.27496
0.45554
0.00348
0.00385
0.00336
0.00356
-0.00135
0.00452
0.00262
0.00274
-0.00024
0.00528
-0.01815
0.00370
-0.00987
-0.00106
0.00126
0.00274
0.29780
0.00333
-0.01128
-0.00012
0.00385
-0.00513
0.00896
0.00132
0.00320
-0.09515
0.00378
0.00289
-0.00014
-0.02771
-0.00193
-0.00683
0.00655
-0.01969
0.00308
-0.04830
-0.00943
-0.00812
0.00219
0.00469
0.28788
-0.00193
0.00586
0.00602
0.00069
0.00163
0.00037
-0.02780
0.00354
0.00365
0.02397
0.00331
0.00361
0.00256
-0.01026
-0.00957
0.00751
-0.00116
0.00022
-0.01067
0.00382
0.00423
0.00480
-0.00274
0.00342
0.00156
0.00349
0.00343
0.00352
-0.00627
0.00295
0.00492
0.00438
0.00332
0.00348
0.00537
-0.00717
0.00033
0.00336
-0.00333
0.00281
0.00041
0.00459
0.00173
-0.00791
0.00238
-0.00433
0.00127
-0.01334
0.01670
0.25554
0.00189
0.00465
0.00305
-0.00502
0.00382
0.00196
0.00536
0.00242
-0.00546
0.00333
0.00301
-0.00435
0.00350
-0.00878
0.00266
0.00460
0.00317
0.01693
0.00139
0.00265
0.00176
-0.00573
0.00277
-0.00545
0.00199
0.00428
0.00814
0.00423
0.00248
0.00142
-0.06163
0.00584
0.00248
-0.00048
0.00366
0.01127
0.01502
0.00048
0.02200
0.00320
0.34002
0.00354
0.00386
-0.38169
-0.00759
0.00420
0.00091
0.00118
0.00408
-0.00732
0.00473
0.00337
0.00351
0.00307
0.00323
0.00480
0.00049
0.00285
0.00204
0.00579
-0.00491
0.00288
0.00149
0.00185
0.00444
0.00207
0.00171
0.00288
0.00261
0.00392
0.00341
-0.00452
0.00382
-0.00508
-0.00406
-0.00122
-0.01425
0.01229
0.00362
-0.02105
-0.02538
-0.00341
-0.00156
0.00288
0.02764
0.00481
0.01229
0.00582
0.18554
0.00318
0.00353
0.00375
0.02454
0.04681
0.00135
0.00427
-0.00897
0.00194
0.00480
0.00237
-0.00440
0.00365
0.00379
0.00270
0.01260
0.00115
-0.03282
-0.00354
-0.03493
0.00261
0.00248
-0.02417
-0.33097
0.00464
0.00605
0.00199
-0.00630
0.00335
-0.00119
0.00452
-0.00357
0.00369
0.00429
-0.00327
0.00417
0.13357
0.00670
-0.00816
0.06357
0.00240
0.00816
0.00688
0.00203
0.00157
0.00113
0.00251
0.00327
0.00089
0.01232
-0.00027
-0.00858
0.03821
0.00277
0.00122
0.00321
0.00253
-0.02332
0.00414
0.00200
0.00088
0.00047
0.00533
0.01021
0.00143
-0.00447
0.00367
0.00193
0.00235
0.07099
0.00193
0.00334
0.01402
-0.00529
0.00228
0.00323
0.00473
0.00407
-0.02402
0.00346
0.31460
0.00304
-0.00088
0.00333
-0.01243
0.00250
0.00579
0.00319
0.00212
0.00379
0.00437
0.00518
0.00281
0.00316
0.00347
0.00237
0.00241
0.00259
0.01306
-0.00719
0.00298
0.01263
0.00633
0.00593
0.00317
0.00858
-0.31085
0.00458
0.01760
0.00421
-0.02458
0.00147
0.00407
0.00212
0.00281
0.00241
0.01425
-0.00191
0.01233
0.00351
0.13041
-0.03353
-0.00514
0.00139
-0.01345
0.00942
-0.00735
-0.00605
0.00406
0.00162
0.01556
0.00752
0.01530
-0.01784
-0.07110
0.01078
-0.00203
0.03667
0.00997
-0.00694
0.00280
0.00316
0.00147
-0.00034
0.01804
0.12279
0.01501
-0.00467
0.00332
0.00736
0.02372
0.00767
-0.00527
0.01290
0.00348
0.00066
0.11585
0.00423
0.10187
-0.00805
-0.00923
0.00213
-0.00477
0.00401
-0.00488
0.00040
-0.00923
-0.09532
-0.00331
0.00167
0.00830
0.00137
0.00957
0.01425
-0.00208
-0.00118
-0.00568
-0.00099
0.00429
0.00272
0.09281
0.20631
0.08415
-0.00019
0.01265
0.00344
0.02959
0.00418
0.01035
0.34198
0.01339
0.00582
-0.02527
0.00428
-0.03272
-0.01191
0.00126
0.01020
-0.00208
0.00335
-0.05923
0.00303
0.00179
0.30105
0.00416
-0.00815
0.00457
0.00739
0.00587
0.01796
0.00088
0.00679
-0.02024
-0.04038
0.00468
0.00176
0.00356
0.00427
-0.01294
0.00201
0.00411
-0.00175
-0.01540
-0.02485
0.00618
0.00331
-0.00290
-0.00959
-0.00222
0.00268
0.00536
-0.00946
-0.00339
-0.00091
0.00340
-0.01513
0.00496
-0.01991
0.00291
-0.00046
0.00239
0.00612
0.00191
-0.00032
0.00486
0.00179
0.00370
-0.00002
-0.00682
-0.00967
-0.00763
0.00305
0.00376
-0.00316
-0.02711
-0.01885
0.00675
0.00796
0.00350
0.00179
0.00230
-0.00571
0.00304
0.00350
0.00861
-0.00052
-0.00824
0.00393
-0.00164
0.01490
0.00085
0.00109
0.00280
0.01074
0.00807
0.07544
0.00078
0.00350
0.02642
0.00284
0.00812
-0.00146
0.01810
0.30754
-0.00158
0.00317
0.00344
0.00100
-0.01670
-0.01195
0.00193
0.01376
0.00353
0.01683
0.00085
0.00364
0.00181
-0.00562
0.00328
0.00318
0.00272
-0.02609
0.01650
-0.00425
-0.27098
0.00225
-0.02272
0.00510
-0.02014
0.00315
-0.01292
-0.00204
0.00210
0.00267
-0.00167
0.01250
0.00211
-0.00526
0.00288
-0.01960
0.00179
0.00430
0.00029
0.00074
-0.02079
0.00375
0.00369
0.00477
-0.00160
-0.00103
-0.01680
0.00219
0.00362
0.00163
-0.00362
0.00361
0.00301
-0.00115
0.00421
0.01117
0.00564
0.00018
-0.00077
0.00387
0.01701
0.00308
0.00180
0.00373
0.00436
0.00295
-0.39991
0.00505
0.00344
0.00030
0.00395
0.01069
0.00427
0.00285
0.00354
0.00448
0.00926
0.00388
0.00206
0.00087
0.00161
0.00130
0.00140
0.00247
-0.00282
0.03161
0.00169
0.00304
0.00441
0.00226
0.00382
-0.00545
0.00381
0.00300
0.00556
0.00185
0.01641
0.00098
0.00493
0.00339
-0.00981
-0.00680
-0.01041
0.03493
0.00469
0.00479
-0.03526
0.00394
0.00098
0.00431
-0.00425
0.00439
0.00436
0.00200
-0.00483
0.00930
-0.00387
0.00131
0.00832
-0.05729
0.00442
0.00303
-0.00082
-0.00197
0.00269
-0.02608
-0.04616
0.00314
0.00298
-0.01259
-0.01027
-0.00320
0.00678
-0.00141
0.00322
0.03260
0.00329
0.00331
0.00343
0.01104
-0.00042
0.00218
0.00478
0.00557
0.00298
-0.00643
0.00250
0.00325
0.00814
0.00351
-0.03872
0.00211
-0.00325
0.00447
0.00106
0.00316
-0.01295
0.00390
0.00218
0.00532
-0.01338
0.00121
0.00233
-0.05188
-0.01065
0.00258
0.00307
0.00975
-0.00093
-0.00298
0.00361
-0.00279
-0.00945
0.00182
0.00295
-0.02788
0.00680
-0.00268
0.01162
-0.39963
-0.00911
0.00407
-0.00492
-0.00242
0.00351
0.00591
0.02641
0.31641
0.00388
0.00590
0.00404
-0.01655
0.00250
0.00412
-0.01149
0.00303
0.00373
0.00235
0.00317
0.00320
0.17375
0.00433
-0.00216
0.00415
0.00061
0.04567
0.01462
0.00190
0.00212
0.00332
0.00540
0.00412
-0.00272
0.00530
0.00271
0.00357
0.00514
-0.00937
0.00087
-0.00426
-0.01428
0.00227
-0.00094
0.00345
-0.01224
0.00457
0.07060
0.00193
0.00736
0.00496
0.00289
0.00302
0.08865
0.00374
0.00431
-0.00073
0.01867
0.00227
-0.01982
-0.00746
-0.01359
0.00375
0.00478
0.00361
0.00102
-0.00302
0.01225
0.01242
0.00322
0.01042
0.00022
-0.01422
0.00072
-0.00686
-0.00055
0.00330
0.00428
-0.00921
0.00233
-0.00577
-0.01213
-0.02729
0.27355
0.13505
-0.00154
0.08879
-0.02724
0.00354
0.00326
0.02381
-0.00525
0.00373
-0.00293
-0.00020
0.03486
0.00229
0.00213
0.07409
0.00208
0.01318
0.00241
-0.00664
0.00361
0.00592
0.00058
0.01043
0.01129
0.00251
0.00559
0.00301
0.00706
0.18703
0.01111
0.00351
0.00379
0.00364
-0.02406
0.02626
0.00235
0.00411
0.00246
0.01098
0.35470
-0.06377
-0.00732
-0.01458
0.00504
0.00285
-0.00504
0.00265
0.00243
0.00484
0.01036
-0.02221
-0.00258
0.00450
0.00613
0.00377
0.01609
0.00797
-0.01782
0.00725
0.00434
0.01402
0.00616
-0.00348
0.01906
0.00714
-0.19277
0.00368
0.00122
0.00316
0.00168
-0.00144
0.00357
0.00292
0.00394
-0.13451
0.00180
0.00461
0.00350
0.00592
0.00987
0.00003
0.00508
0.00628
0.00143
0.00364
-0.01475
-0.00009
0.00118
0.33342
0.01146
0.00463
0.00478
-0.00887
0.00433
0.00046
0.04293
0.00273
0.00275
0.06582
-0.00184
0.00268
0.00422
0.00274
0.00296
0.02883
0.01900
0.00297
0.02134
0.00373
0.00080
0.00588
0.00285
0.00259
0.01353
0.00288
-0.00443
0.00169
-0.00855
0.01756
0.01490
0.00184
0.00963
-0.00004
0.00449
0.00662
0.00558
0.00395
0.01952
-0.01974
0.00191
0.00311
0.00233
0.00662
0.00179
0.00197
0.00254
0.25329
0.00598
-0.00111
0.10977
-0.00040
0.00230
-0.01141
0.00878
0.00249
-0.00436
-0.00688
-0.00536
0.00492
0.00358
0.00356
0.00350
-0.00522
0.00589
0.05928
0.00006
-0.02322
0.00175
0.00256
0.00458
0.00953
0.00218
0.00712
0.00396
0.00251
0.00348
0.00129
-0.00565
-0.00099
0.00184
0.00370
0.00274
0.00950
0.00033
0.00079
0.00224
0.00552
0.00317
0.00249
0.00566
0.00457
0.00297
0.00032
-0.00838
-0.02583
0.00309
0.00235
-0.02314
0.00323
0.00270
-0.00887
0.00212
0.00351
0.01009
0.00264
-0.01616
0.00148
-0.00190
-0.01903
0.00348
-0.00046
0.00388
0.00347
0.00184
0.00161
0.00371
0.00017
0.00261
0.00352
-0.00465
0.00673
0.01033
0.00371
0.00202
-0.00000
-0.00151
0.00357
-0.03472
0.00274
0.00171
0.00799
0.00243
0.00276
-0.01740
-0.00036
-0.00810
0.01714
0.00261
0.00216
0.00281
-0.01524
0.01050
-0.00849
0.00336
0.00204
-0.00682
0.01832
0.00207
-0.00474
0.00110
-0.09570
-0.00207
0.00189
0.00541
-0.00632
-0.00337
0.00725
-0.00458
0.00248
0.00275
0.06259
0.00155
-0.00002
0.07706
-0.00337
0.00281
0.00352
0.00274
0.00357
-0.00509
-0.00089
0.00449
0.00340
0.00157
-0.00253
0.00286
0.03016
-0.00586
-0.00592
-0.02185
0.00303
0.01472
0.02453
-0.00533
-0.44853
0.00619
0.00370
0.00345
-0.00491
0.03972
0.00304
0.00504
0.00073
0.00370
0.02689
-0.00107
-0.03358
0.00658
0.00646
-0.01625
0.00307
0.00043
-0.00963
-0.01292
0.06015
-0.01388
0.00472
-0.00514
0.00119
-0.00436
-0.00772
-0.00088
0.10858
-0.00692
0.00052
0.00356
0.10543
0.00388
0.00290
0.00590
0.02147
0.00350
0.00505
-0.02315
0.01300
0.00103
-0.01541
0.01520
0.00023
0.01997
0.00147
-0.01470
-0.00694
0.00156
-0.34576
-0.00268
0.00319
0.03302
-0.01687
0.00227
-0.00319
0.00181
0.00168
0.00359
0.00433
-0.03380
-0.00500
-0.00328
-0.00840
0.00507
0.00290
0.00589
0.00301
0.02274
-0.00518
0.00366
-0.01038
0.00215
-0.12317
-0.00904
0.00717
0.00065
-0.00868
-0.01336
-0.00376
-0.00617
-0.03086
0.00286
-0.00224
0.01218
0.01697
0.00291
-0.00183
-0.00558
0.04011
0.00182
0.01107
0.03136
0.00589
0.00234
0.00177
0.00326
0.00105
0.01572
0.00297
-0.01127
-0.01218
0.00410
0.00203
0.00209
-0.00083
0.01100
0.06736
0.06895
-0.00721
-0.00341
-0.00565
-0.00488
0.01480
0.00495
0.00045
-0.00262
0.00285
-0.00502
-0.00206
0.02032
0.00113
0.01763
0.02767
0.00230
0.04346
0.00117
0.00067
0.02193
0.01124
0.07462
0.00107
-0.01889
-0.00474
0.03546
0.01801
-0.00890
0.00612
0.00445
-0.00712
-0.00756
0.00302
0.00942
-0.00520
-0.00235
-0.00004
0.00264
0.01346
0.00401
0.00762
0.00197
-0.00541
0.00167
0.00204
0.00859
-0.00528
0.02271
-0.00049
0.01101
0.00157
0.00205
0.01472
0.00357
0.00530
0.01023
0.01350
-0.06515
0.00987
0.00245
-0.00222
0.00684
-0.00920
0.00112
0.00311
0.10513
0.01727
0.20051
-0.00075
-0.00673
0.00335
0.01112
-0.00943
-0.00949
0.00227
0.00485
-0.00433
-0.00605
-0.00481
-0.02092
0.00200
-0.05552
0.02191
-0.00542
0.00324
0.00658
0.29505
-0.00543
0.00499
-0.01145
-0.01241
0.01366
0.00314
0.01593
0.00068
0.00222
-0.00682
0.01199
-0.00647
-0.00238
-0.00008
-0.00928
0.00639
0.00112
0.00647
0.00505
0.01983
-0.00184
-0.00416
-0.00244
-0.00719
-0.00329
0.00336
0.00478
0.00688
0.00212
-0.00195
0.00465
0.00230
0.01161
-0.01709
-0.01782
-0.00618
-0.02427
-0.00778
-0.01256
-0.00872
0.07348
0.00033
-0.00331
-0.00317
-0.00055
0.00344
-0.00439
0.00457
0.01010
0.00171
-0.00469
0.00535
-0.01328
0.00021
-0.05022
0.00455
0.00087
0.01229
0.00360
-0.00236
-0.00516
-0.10412
0.00374
-0.00554
0.01694
-0.00683
0.01030
0.01636
-0.02155
-0.00025
0.01123
-0.01990
0.00954
-0.00167
0.00514
-0.07655
0.00246
-0.00894
0.02458
0.01040
0.02412
-0.00542
-0.02000
0.02679
0.00376
0.02728
0.00303
-0.01380
0.00267
0.00712
0.00124
-0.00107
-0.00209
0.00181
0.00081
-0.00396
0.01296
-0.04123
0.00516
0.00234
0.19966
-0.03540
0.00483
0.04909
0.00705
0.02216
0.00658
-0.00916
0.15077
0.00286
-0.02760
0.16234
0.02537
0.01117
-0.02749
0.00347
-0.00104
0.00153
-0.03689
0.01346
-0.00207
-0.05585
0.00721
0.00295
0.00241
-0.00056
0.00193
-0.02548
-0.00745
0.01907
0.00509
0.00203
0.00602
-0.00708
0.00434
0.02066
0.00038
-0.00079
0.00565
-0.01952
0.00958
-0.00126
0.00079
-0.02957
0.00048
0.00415
-0.00033
-0.00724
0.00345
-0.00235
0.00618
0.00270
-0.00120
0.00613
-0.00163
0.36584
0.05716
0.00576
0.00255
0.01004
0.00003
0.00061
-0.01021
0.00101
0.04196
0.03542
0.01996
-0.00484
-0.00137
-0.01074
0.00363
0.00295
-0.00001
-0.01961
-0.00194
0.00321
0.25247
0.00935
0.00290
-0.00305
-0.00248
0.00222
-0.00364
-0.00707
0.02168
0.00099
0.00345
0.00574
0.00371
0.00113
0.00143
0.00235
-0.01289
0.00864
-0.02504
0.00531
0.00825
-0.01607
0.21932
0.00138
-0.00014
-0.00597
0.00317
0.08199
0.00285
0.00413
0.02797
0.00622
-0.00539
0.00315
0.00808
0.00464
0.01616
0.33565
0.02123
0.00773
0.04706
0.00515
0.00235
0.13442
-0.00438
0.00269
0.00113
-0.00006
0.00881
-0.03348
-0.00153
0.00642
0.00553
0.00701
-0.00996
0.03742
-0.00008
0.00377
0.00571
-0.02736
-0.00226
-0.01190
0.00710
0.30367
0.00556
-0.01870
0.01140
0.12603
-0.00496
-0.00873
0.00339
-0.00101
-0.00892
-0.00417
-0.00549
-0.04163
0.01202
-0.01108
0.00959
0.00109
-0.01639
-0.00447
0.02226
0.00491
0.00025
-0.00542
0.00357
-0.00482
-0.45024
0.07397
0.01626
0.00823
0.01139
0.03111
0.00464
0.00191
-0.00437
-0.01215
0.01057
0.00167
0.00503
-0.00550
-0.00617
0.19697
-0.00752
0.02659
-0.00760
-0.00399
-0.02325
0.00907
-0.00678
0.00112
-0.00646
0.00238
0.08475
-0.00632
-0.00335
0.01388
0.00311
0.00322
0.00409
-0.00160
-0.00432
0.00440
0.00205
0.01821
0.01848
-0.01358
0.00136
0.00798
-0.00503
0.00053
-0.00113
-0.00306
0.00302
0.01931
0.00458
0.00377
0.00995
-0.00653
0.01195
-0.00842
0.01650
0.00194
0.00417
0.00452
-0.02257
0.01376
0.00144
0.01793
-0.01425
0.02515
-0.00426
-0.01152
-0.00398
0.01058
0.01128
-0.00729
0.00116
-0.00191
-0.00340
-0.01282
-0.00549
-0.03347
-0.01201
0.00164
-0.00613
-0.00920
-0.01367
-0.00434
0.00676
-0.00215
-0.01358
0.00782
-0.00095
0.00828
-0.00764
0.00480
0.00211
-0.01047
0.02798
-0.00414
-0.00551
0.00434
0.03296
0.00205
-0.01349
-0.00838
0.00533
0.00871
0.00266
-0.00551
0.00288
-0.00968
-0.00852
0.00316
0.01558
0.00218
0.02165
0.00085
0.01398
-0.01081
-0.00007
-0.01026
-0.00488
-0.00545
0.02227
0.00209
0.00509
-0.00951
0.01285
-0.00517
-0.00208
0.28981
0.01640
0.00052
0.00077
-0.01753
-0.00206
0.00247
-0.00018
0.02980
0.00290
-0.00940
-0.00722
-0.00475
0.00465
-0.01019
0.01290
0.00967
-0.00254
-0.00539
-0.00601
-0.05766
-0.00625
0.00346
0.00075
-0.00198
0.00528
-0.00212
-0.01989
0.00268
-0.00947
-0.00153
0.00808
0.01050
-0.00666
0.00736
-0.00282
0.00733
0.00833
-0.00141
0.00045
-0.00830
-0.00842
-0.00068
-0.00461
-0.00644
-0.00634
0.00202
-0.00050
0.00088
-0.01282
-0.00480
-0.00248
-0.00700
-0.00351
-0.00938
0.00252
0.01606
-0.01153
-0.01009
-0.00858
0.02245
0.01199
-0.01850
0.00158
0.00492
0.01561
0.00422
-0.00610
-0.00723
0.02808
-0.00252
0.00166
0.00178
-0.00241
0.00482
-0.00420
0.00130
0.00968
-0.00958
-0.00887
-0.00000
0.04954
-0.00701
-0.00554
0.03010
0.00410
0.00492
0.01347
0.00134
0.00272
0.00108
0.01167
-0.00245
-0.00777
0.00400
-0.00631
-0.00470
0.00152
-0.00133
0.00463
0.00415
0.01376
-0.00437
-0.00487
0.00611
-0.00180
-0.00099
-0.00658
-0.00444
-0.01564
-0.00082
-0.00158
-0.00675
-0.00320
-0.00704
0.04544
-0.00195
0.01869
0.01136
-0.00629
0.00068
-0.00629
0.00695
0.00376
-0.00025
0.00511
0.00459
0.00157
0.01975
-0.00056
-0.01452
-0.00657
-0.00293
-0.00706
-0.00906
0.00024
-0.00038
0.00227
-0.43979
0.00011
0.00647
-0.01217
-0.00132
0.00444
-0.02089
0.00641
0.00360
0.01159
0.00551
0.00080
-0.00664
-0.00091
0.00132
-0.00293
-0.00538
-0.00226
0.01147
0.02178
0.00015
-0.00626
-0.00409
-0.01542
-0.01394
-0.02169
-0.00784
0.01737
0.01429
-0.00061
0.01912
-0.01380
0.00443
0.00196
0.00909
-0.00007
-0.00012
-0.19320
0.00329
-0.00456
-0.00288
-0.01070
0.03937
0.00773
0.00133
-0.08473
0.00074
-0.00254
0.00408
0.00393
-0.00980
0.00696
-0.01376
-0.00608
-0.00843
-0.00404
-0.00764
-0.00643
-0.00136
-0.00779
-0.01126
0.00353
0.00393
-0.00225
0.01117
0.00284
-0.00564
0.00165
-0.00567
0.00309
0.00043
0.02084
-0.00136
0.01427
-0.00606
-0.00325
0.04017
0.01229
-0.00880
-0.00656
0.02400
0.01286
0.00386
-0.00571
0.00433
0.00436
0.03519
-0.00406
0.00825
-0.00750
0.00076
-0.01155
-0.00691
-0.00512
0.00048
-0.00635
-0.00478
-0.00650
0.01896
-0.00754
-0.01857
-0.00366
0.08903
0.01758
0.01479
-0.01110
-0.01975
0.00058
-0.00672
0.01769
0.02761
-0.00797
-0.00211
-0.00249
0.02504
-0.00422
-0.00970
-0.00591
0.00317
0.03413
-0.00268
0.01912
0.02076
0.01016
0.00705
-0.00894
-0.00661
-0.43513
0.02411
-0.00166
-0.00428
0.01659
-0.00324
0.01203
0.01435
-0.01322
-0.08767
0.00092
-0.00294
-0.00262
0.00147
0.00240
-0.00121
-0.00519
0.03510
-0.00157
-0.00857
-0.05215
-0.00278
0.25892
-0.00446
-0.00362
0.00857
0.00891
-0.00155
-0.00503
-0.00939
-0.00013
0.34306
0.01531
0.37258
-0.00368
0.28277
0.00309
0.00339
-0.00123
-0.00322
-0.00314
-0.00737
0.00865
0.00853
-0.00473
-0.00234
-0.01339
-0.00978
-0.00738
-0.00231
-0.00806
0.00283
0.00667
-0.00714
-0.00489
-0.00105
0.01972
0.00143
-0.10021
0.01159
-0.00847
0.33800
-0.00851
0.02347
0.00752
-0.00399
0.00118
0.00900
0.24740
-0.00625
-0.04623
-0.01462
-0.01076
0.18504
0.00143
-0.00667
-0.01932
0.00308
-0.00396
-0.00319
-0.00610
-0.00604
-0.00699
-0.00393
-0.00513
-0.00345
-0.00205
0.01035
-0.00665
-0.00140
0.01624
-0.00448
0.02702
0.02114
-0.00587
-0.00327
0.00372
-0.00502
0.00230
0.00329
0.00483
0.00748
0.01194
-0.01862
-0.01158
0.02031
-0.04116
-0.01593
0.00326
0.01426
-0.04111
0.00867
-0.00143
-0.00576
-0.00359
