0
1
2
3
4
5
6
7
8
9
10
11
12
13
14
15
16
17
18
19
20
21
22
23
24
25
26
27
28
29
30
31
32
33
34
35
36
37
38
39
40
41
42
43
44
45
46
47
48
49
50
51
52
53
54
55
56
57
58
59
60
61
62
63
64
65
66
67
68
69
70
71
72
73
74
75
76
77
78
79
80
81
82
83
84
85
86
87
88
89
90
91
92
93
94
95
96
97
98
99
100
101
102
103
104
105
106
107
108
109
110
111
112
113
114
115
116
117
118
119
120
121
122
123
124
125
126
127
128
129
130
131
132
133
134
135
136
137
138
139
140
141
142
143
144
145
146
147
148
149
150
151
152
153
154
155
156
157
158
159
160
161
162
163
164
165
166
167
168
169
170
171
172
173
174
175
176
177
178
179
180
181
182
183
184
185
186
187
188
189
190
191
192
193
194
195
196
197
198
199
200
201
202
203
204
205
206
207
208
209
210
211
212
213
214
215
216
217
218
219
220
221
222
223
224
225
226
227
228
229
230
231
232
233
234
235
237
238
239
240
241
242
243
244
245
247
248
249
250
251
252
253
254
255
256
257
258
259
260
261
262
263
264
265
266
267
268
269
270
271
272
273
274
275
276
277
278
279
280
281
282
283
284
285
287
288
289
290
291
292
293
294
295
296
297
298
299
300
301
302
303
304
305
306
307
308
309
310
311
312
313
314
315
316
317
318
319
320
321
322
323
324
325
326
327
328
329
330
331
332
333
334
335
336
337
338
339
340
341
342
343
344
345
347
348
349
350
351
352
353
354
355
356
357
358
359
360
361
362
363
364
365
366
367
368
369
370
371
372
373
374
375
376
378
379
380
381
382
383
384
385
386
387
388
389
390
391
392
393
394
395
396
397
398
399
400
401
402
403
404
405
406
407
408
409
410
411
412
413
414
415
416
417
418
419
420
421
422
423
424
425
426
427
428
429
430
431
432
433
434
435
436
437
438
439
440
441
442
443
444
445
446
447
448
449
450
451
452
453
454
455
456
457
458
459
460
461
462
463
464
465
466
467
468
469
470
471
472
473
474
475
476
477
478
479
480
481
482
483
484
485
486
487
488
489
490
491
492
493
494
495
496
497
498
499
500
501
502
503
504
505
506
507
508
509
510
511
512
513
514
515
516
517
518
519
520
521
522
523
524
525
526
527
528
529
530
531
532
533
534
535
536
537
538
539
540
541
542
543
544
545
546
547
548
549
550
551
552
553
554
555
556
557
558
559
560
561
562
563
564
565
566
567
568
569
570
571
572
573
574
575
576
577
578
579
580
581
582
583
584
585
586
587
588
589
590
592
593
594
595
596
597
598
599
600
601
602
603
604
605
606
607
608
609
610
611
612
613
614
615
616
617
618
619
620
621
622
623
624
625
626
627
628
629
630
631
632
633
634
635
636
637
638
639
640
641
642
643
644
646
647
648
649
650
651
652
653
654
655
656
657
658
659
660
661
662
663
664
665
666
667
668
669
670
671
672
673
674
675
676
677
678
679
680
681
682
683
684
685
686
687
688
689
690
691
692
693
694
695
696
697
698
699
700
701
702
703
704
705
706
707
708
709
710
711
712
713
714
716
717
718
719
720
721
722
723
724
725
726
727
728
729
730
731
732
733
734
735
736
737
738
739
740
741
742
743
744
745
746
747
748
749
750
751
752
753
754
755
756
757
758
759
760
761
762
763
764
765
766
767
768
769
770
771
772
773
774
775
776
777
778
779
780
781
782
783
784
785
786
787
788
789
790
791
792
793
794
795
796
797
798
799
800
801
802
803
804
805
806
807
808
809
810
811
812
813
814
815
816
817
818
819
820
821
822
823
824
825
826
827
828
829
830
831
832
833
834
835
836
837
838
839
840
841
842
843
844
845
846
847
848
849
850
851
852
853
854
855
856
857
858
859
860
861
862
863
864
865
866
867
868
869
870
871
872
873
874
875
876
877
878
879
880
881
882
883
884
885
886
887
888
889
890
891
892
893
894
895
896
897
898
899
900
901
903
904
905
906
907
908
909
910
911
912
913
914
915
916
917
918
919
920
921
922
923
924
925
926
927
928
929
930
931
932
933
934
935
936
937
938
939
940
941
942
943
944
945
946
947
948
949
950
951
952
953
954
955
956
957
958
959
960
961
962
963
964
965
966
967
968
969
970
971
972
973
974
975
976
977
978
979
980
981
982
983
984
985
986
987
988
989
990
991
992
993
994
995
996
997
998
999
71524
71529
71531
71538
71539
71540
71541
71548
71550
71556
71559
71560
71561
71562
71564
71565
71568
71569
71574
71575
71576
71577
71578
71579
71580
71581
71583
71584
71585
71586
71587
71588
71589
71599
71601
71604
71605
71606
71613
71621
71632
71634
71636
71639
71640
71641
71642
71643
71645
71646
71648
71650
71651
71654
71658
71659
71660
71663
71664
71665
71666
71669
71670
71679
71680
71681
71682
71683
71684
71692
71693
71696
71697
71708
71710
71712
71713
71715
71718
71721
71722
71725
71726
71731
71738
71739
71742
71747
71751
71755
71760
71761
71762
71763
71765
71766
71770
71773
71776
71784
71787
71788
71789
71790
71791
71798
71799
71800
71804
71806
71810
71811
71812
71813
71814
71816
71817
71818
71820
71821
71822
71829
71832
71836
71842
71848
71850
71852
71853
71854
71855
71856
71857
71885
71894
71901
71903
71904
71905
71909
71910
71913
71914
71916
71922
71923
71924
71925
71927
71934
71935
71938
71940
71941
71945
71947
71950
71952
71954
71955
71956
71957
71958
71960
71967
71968
71970
71972
71973
71977
71986
71987
71988
71989
71990
71991
72002
72005
72007
72009
72010
72011
72016
72018
72019
72020
72021
72023
72036
72049
72050
72054
72059
72060
72067
72076
72080
72082
72084
72085
72089
72099
72101
72102
72103
72104
72105
72108
72110
72111
72114
72119
72135
72144
72151
72153
72158
72163
72169
72171
72172
72173
72175
72176
72177
72180
72186
72187
72190
72196
72198
72200
72203
72206
72207
72210
72211
72216
72220
72228
72235
72237
72238
72245
72253
72254
72256
72257
72274
72276
72277
72278
72281
72284
72287
72289
72293
72296
72297
72298
72304
72313
72317
72319
72323
72329
72332
72344
72345
72348
72355
72358
72359
72373
72375
72378
72381
72384
72388
72390
72391
72392
72394
72397
72398
72400
72401
72404
72405
72407
72410
72442
72446
72448
72450
72455
72457
72460
72461
72462
72463
72464
72474
72484
72485
72486
72488
72491
72506
72508
72511
72524
72555
72556
72557
72558
72561
72563
72565
72569
72570
72573
72576
72577
72578
72585
72586
72591
72616
72619
72623
72626
72627
72649
72674
72675
72676
72678
72680
72692
72696
72703
72719
72720
72725
72728
72729
72733
72744
72745
72747
72748
72751
72762
72765
72766
72771
72772
72773
72775
72776
72784
72790
72801
72813
72815
72828
72840
72855
72859
72863
72865
72866
72867
72874
72879
72885
72886
72889
72892
72896
72902
72905
72914
72919
72920
72927
72931
72936
72937
72941
72942
72946
72952
72953
72959
72966
72968
72976
73001
73004
73005
73009
73010
73011
73014
73016
73021
73023
73039
73041
73042
73046
73047
73049
73058
73059
73063
73064
73065
73067
73071
73075
73076
73078
73089
73090
73094
73098
73099
73100
73121
73135
73139
73146
73158
73159
73160
73176
73178
73179
73185
73188
73193
73194
73196
73198
73218
73219
73224
73228
73229
73235
73239
73241
73242
73247
73249
73264
73266
73268
73276
73278
73285
73286
73292
73293
73297
73303
73305
73306
73308
73309
73318
73319
73320
73322
73323
73332
73334
73335
73336
73343
73344
73355
73367
73368
73376
73392
73393
73394
73395
73396
73402
73407
73426
73428
73429
73430
73432
73435
73436
73439
73440
73453
73456
73457
73462
73470
73476
73480
73482
73493
73496
73501
73520
73522
73523
73525
73529
73536
73538
73541
73547
73566
73567
73590
73592
73598
73601
73612
73616
73622
73623
73631
73632
73638
73639
73655
73683
73684
73687
73690
73692
73695
73699
73708
73710
73716
73717
73723
73725
73726
73749
73754
73765
73767
73773
73787
73790
73795
73800
73802
73803
73804
73811
73814
73823
73825
73826
73829
73838
73841
73851
73858
73862
73867
73868
73873
73874
73886
73893
73904
73909
73913
73916
73921
73923
73930
73931
73933
73941
73942
73945
73946
73948
73954
73958
73969
73982
73983
73994
73995
73997
74003
74013
74019
74025
74037
74051
74052
74056
74061
74065
74073
74074
74083
74092
74102
74107
74111
74112
74121
74128
74134
74136
74139
74141
74145
74146
74153
74160
74164
74172
74173
74176
74191
74196
74198
74206
74207
74208
74210
74212
74213
74231
74236
74237
74241
74244
74247
74264
74268
74275
74283
74293
74295
74300
74302
74305
74309
74311
74329
74331
74332
74342
74344
74347
74364
74367
74370
74371
74392
74394
74395
74408
74410
74412
74415
74437
74440
74441
74445
74448
74452
74455
74458
74482
74489
74491
74492
74497
74499
74500
74502
74509
74524
74551
74552
74555
74561
74564
74567
74568
74569
74572
74575
74579
74584
74585
74596
74600
74601
74602
74611
74612
74616
74624
74629
74633
74640
74673
74682
74683
74691
74692
74693
74701
74704
74716
74724
74734
74736
74738
74747
74748
74750
74756
74757
74758
74774
74780
74784
74799
74805
74823
74825
74832
74833
74839
74841
74842
74845
74846
74847
74853
74854
74856
74864
74869
74874
74877
74878
74880
74883
74884
74887
74891
74892
74902
74907
74919
74922
74929
74930
74931
74933
74935
74944
74947
74952
74953
74956
74966
74969
74979
74981
74989
74994
74996
74999
75006
75022
75031
75035
75037
75050
75052
75076
75078
75081
75083
75084
75085
75095
75099
75110
75111
75112
75116
75117
75119
75122
75123
75126
75127
75130
75133
75141
75148
75151
75153
75154
75159
75162
75165
75187
75189
75190
75194
75203
75204
75211
75214
75219
75221
75227
75230
75241
75243
75246
75248
75249
75251
75253
75266
75272
75278
75284
75296
75301
75302
75303
75305
75318
75322
75323
75324
75329
75340
75347
75354
75357
75364
75371
75378
75389
75390
75399
75401
75408
75413
75414
75417
75429
75430
75433
75438
75443
75447
75457
75462
75469
75470
75474
75475
75478
75480
75483
75484
75485
75490
75493
75501
75503
75504
75510
75515
75517
75519
75521
75532
75538
75541
75543
75546
75549
75550
75557
75558
75559
75570
75584
75589
75590
75601
75604
75606
75608
75612
75624
75625
75631
75632
75633
75638
75642
75655
75673
75682
75712
75718
75740
75745
75752
75754
75755
75757
75768
75778
75783
75790
75793
75803
75810
75813
75814
75826
75832
75836
75838
75847
75849
75856
75873
75890
75900
75905
75919
75949
75953
75955
75958
75974
75978
75980
75984
76004
76005
76007
76012
76027
76035
76038
76044
76048
76051
76055
76071
76073
76077
76079
76083
76086
76095
76106
76127
76133
76138
76139
76141
76158
76166
76171
76173
76177
76193
76219
76221
76222
76224
76232
76244
76266
76276
76278
76292
76294
76297
76300
76302
76307
76313
76338
76342
76357
76358
76364
76367
76377
76408
76431
76439
76451
76453
76456
76465
76476
76497
76527
76529
76535
76543
76553
76560
76570
76573
76596
76605
76606
76613
76631
76632
76645
76648
76650
76661
76677
76688
76695
76702
76715
76733
76734
76737
76751
76766
76768
76787
76795
76830
76831
76832
76842
76863
76879
76899
76902
76906
76907
76913
76924
76927
76941
76958
76959
76968
76969
76991
77001
77024
77034
77043
77051
77060
77063
77065
77069
77095
77100
77106
77107
77115
77116
77196
77198
77243
77245
77265
77274
77275
77277
77288
77301
77303
77305
77390
77392
77431
77460
77472
77497
77503
77515
77525
77528
77560
77561
77568
77576
77585
77588
77602
77627
77653
77655
77667
77668
77669
77730
77790
77824
77844
77849
77884
77891
78139
78357
78365
78460
78558
78563
78832
78889
79010
79293
79304
79431
79441
79928
79949
79972
80052
80097
80173
80576
80608
80616
80627
80766
80853
80962
81017
81040
81041
81243
81542
81637
81765
82789
83642
83948
84166
84208
84601
85030
85135
85181
85482
85690
85887
86194
86652
86757
86805
86962
87254
87606
87769
87997
88238
88691
88916
88948
88951
89108
89130
89388
89405
89419
89425
89439
89452
89459
89469
89485
89487
89502
89571
89601
89613
89650
89670
89676
89738
89746
89753
89771
89782
89835
89849
89863
89866
89869
89874
89877
89912
89942
89961
89962
89991
89994
90034
90044
90048
90061
90106
90120
90132
90150
90237
90240
90251
90268
90270
90271
90323
90325
90331
90347
90351
90365
90366
90367
90380
90388
90391
90443
90444
90450
90451
90455
90457
90470
90524
90527
90533
90548
90551
90556
90557
90567
90568
90572
90600
90607
90609
90631
90635
90645
90647
90648
90654
90670
90680
90736
90740
90743
90744
90746
90755
90758
90771
90774
90776
90777
90797
90799
90802
90803
90818
90831
90838
90852
90855
90857
90859
90894
90903
90908
90910
90912
90917
90922
90934
90943
90944
90950
90972
90991
91000
91003
91015
91026
91046
91048
91064
91070
91083
91084
91091
91098
91102
91104
91115
91120
91121
91125
91138
91145
91146
91152
91155
91160
91165
91184
91188
91192
91197
91216
91217
91223
91224
91225
91237
91244
91263
91265
91278
91295
91303
91315
91320
91321
91323
91339
91348
91349
91364
91370
91378
91379
91381
91382
91387
91403
91411
91412
91419
91421
91450
91451
91472
91479
91485
91489
91490
91491
91498
91502
91515
91523
91541
91552
91555
91556
91557
91558
91562
91574
91577
91599
91601
91641
91645
91647
91648
91650
91652
91661
91662
91663
91677
91680
91684
91689
91690
91691
91693
91705
91711
91714
91733
91741
91742
91754
91759
91786
91792
91795
91796
91798
91801
91804
91808
91835
91836
91840
91841
91847
91848
91852
91870
91873
91877
91880
91882
91889
91902
91905
91913
91914
91916
91921
91922
91939
91942
91960
91965
91987
91997
92005
92009
92017
92018
92020
92032
92034
92038
92043
92056
92057
92058
92065
92078
92081
92093
92094
92097
92099
92100
92102
92107
92112
92121
92122
92134
92157
92160
92162
92163
92168
92177
92179
92181
92186
92189
92195
92201
92202
92206
92230
92235
92240
92260
92262
92268
92278
92281
92288
92289
92292
92299
92300
92312
92315
92317
92319
92326
92328
92337
92340
92368
92379
92390
92394
92400
92417
92420
92454
92463
92464
92465
92468
92471
92476
92478
92488
92493
92494
92506
92509
92513
92529
92535
92540
92547
92554
92556
92558
92560
92562
92564
92569
92570
92580
92597
92608
92610
92623
92632
92636
92640
92641
92648
92651
92654
92660
92661
92665
92671
92672
92677
92682
92685
92687
92692
92703
92711
92713
92715
92721
92728
92735
92740
92762
92764
92766
92770
92778
92780
92781
92793
92802
92816
92827
92828
92834
92835
92845
92848
92854
92858
92860
92861
92863
92864
92876
92884
92895
92899
92901
92902
92904
92907
92910
92911
92933
92935
92936
92944
92951
92964
92969
92979
92985
92990
92992
92993
92994
92999
93006
93008
93010
93014
93016
93017
93028
93032
93053
93058
93059
93064
93065
93085
93086
93094
93098
93116
93118
93124
93125
93126
93127
93129
93136
93141
93150
93154
93167
93171
93172
93185
93186
93187
93196
93198
93200
93202
93206
93210
93218
93227
93233
93241
93243
93246
93247
93250
93252
93269
93271
93272
93276
93279
93282
93284
93287
93288
93295
93300
93304
93322
93327
93330
93331
93343
93349
93351
93354
93355
93358
93360
93361
93371
93372
93393
93397
93400
93402
93403
93404
93405
93418
93425
93438
93448
93461
93474
93496
93499
93508
93514
93527
93530
93535
93537
93565
93571
93574
93577
93580
93584
93588
93604
93616
93630
93632
93648
93652
93657
93666
93678
93680
93683
93691
93701
93709
93721
93726
93731
93734
93740
93748
93750
93751
93752
93765
93777
93808
93818
93821
93824
93827
93829
93840
93847
93848
93849
93850
93863
93869
93874
93880
93887
93888
93893
93898
93904
93905
93913
93914
93916
93917
93923
93925
93930
93935
93937
93946
93947
93956
93957
93971
93973
93977
93985
93996
93997
94004
94008
94014
94020
94030
94034
94036
94037
94041
94047
94048
94049
94058
94065
94069
94071
94082
94102
94104
94109
94117
94118
94121
94141
94144
94146
94158
94171
94184
94188
94191
94195
94197
94202
94203
94208
94210
94226
94227
94229
94230
94237
94241
94242
94243
94245
94250
94260
94300
94302
94306
94309
94310
94312
94324
94327
94343
94346
94352
94356
94375
94376
94389
94394
94398
94410
94424
94427
94428
94430
94442
94444
94445
94446
94452
94459
94460
94462
94463
94469
94470
94472
94481
94485
94487
94490
94512
94526
94527
94530
94533
94549
94553
94558
94589
94599
94601
94604
94609
94621
94631
94634
94641
94648
94649
94650
94661
94667
94689
94707
94712
94715
94717
94724
94736
94738
94739
94740
94741
94748
94766
94767
94771
94779
94784
94793
94799
94808
94813
94814
94826
94835
94844
94848
94857
94862
94865
94868
94869
94870
94876
94880
94882
94896
94903
94922
94924
94925
94928
94929
94942
94955
94961
94975
94985
94989
94990
94992
95006
95008
95011
95012
95014
95016
95025
95042
95047
95061
95062
95063
95074
95080
95083
95090
95102
95106
95112
95116
95118
95124
95126
95128
95134
95136
95140
95142
95143
95145
95149
95153
95158
95159
95166
95171
95179
95182
95187
95188
95189
95190
95191
95197
95198
95199
95204
95220
95222
95223
95230
95247
95248
95250
95253
95258
95259
95272
95274
95278
95281
95283
95290
95311
95313
95315
95321
95338
95349
95352
95356
95363
95379
95391
95395
95396
95397
95402
95404
95423
95424
95430
95432
95440
95442
95445
95464
95465
95470
95471
95474
95475
95476
95478
95481
95483
95494
95504
95514
95517
95525
95531
95540
95542
95546
95554
95556
95562
95568
95571
95572
95576
95578
95579
95588
95594
95597
95605
95608
95611
95612
95617
95620
95625
95641
95643
95645
95647
95652
95659
95676
95680
95682
95689
95691
95692
95696
95697
95698
95704
95705
95707
95710
95711
95714
95720
95721
95731
95732
95738
95742
95744
95745
95747
95749
95752
95777
95787
95793
95804
95808
95809
95810
95811
95814
95815
95816
95818
95819
95820
95821
95835
95836
95842
95843
95859
95860
95861
95880
95882
95883
95891
95899
95910
95912
95913
95915
95923
95933
95937
95951
95957
95958
95962
95963
95967
95978
95979
95982
95986
95993
95997
96004
96026
96029
96032
96035
96044
96049
96055
96063
96064
96070
96074
96080
96089
96091
96098
96099
96101
96103
96111
96123
96131
96133
96142
96145
96146
96154
96158
96159
96161
96166
96168
96176
96178
96179
96180
96189
96190
96194
96197
96198
96200
96210
96214
96227
96229
96231
96245
96249
96250
96251
96260
96261
96265
96269
96273
96275
96276
96278
96291
96293
96297
96299
96306
96309
96311
96316
96317
96318
96326
96327
96328
96337
96352
96355
96365
96366
96367
96368
96370
96382
96393
96396
96417
96418
96428
96431
96432
96433
96434
96444
96447
96450
96465
96466
96471
96473
96496
96513
96521
96525
96526
96528
96529
96530
96535
96538
96546
96548
96575
96581
96587
96588
96595
96598
96600
96606
96608
96609
96612
96625
96626
96629
96630
96631
96632
96633
96638
96642
96645
96647
96650
96655
96659
96662
96668
96673
96676
96682
96683
96702
96711
96717
96720
96723
96729
96732
96733
96736
96743
96746
96748
96749
96750
96764
96765
96766
96768
96769
96770
96773
96791
96799
96807
96813
96817
96818
96819
96840
96841
96852
96856
96858
96860
96861
96865
96866
96868
96869
96871
96875
96877
96879
96889
96890
96891
96893
96898
96899
96901
96902
96903
96914
96915
96919
96920
96926
96927
96931
96937
96943
96945
96961
96966
96970
96972
96980
96982
96983
96989
96993
96995
96996
96997
97001
97005
97006
97007
97014
97020
97022
97030
97032
97034
97037
97044
97054
97058
97083
97084
97085
97101
97112
97113
97127
97129
97133
97144
97148
97152
97154
97157
97164
97165
97179
97187
97190
97194
97195
97203
97205
97207
97208
97209
97212
97227
97242
97253
97255
97261
97263
97264
97265
97267
97283
97284
97285
97286
97287
97288
97298
97355
97358
97372
97377
97378
97379
97382
97390
97395
97397
97400
97403
97414
97417
97419
97423
97427
97429
97440
97442
97446
97449
97469
97471
97478
97480
97483
97488
97489
97495
97504
97510
97511
97512
97537
97538
97546
97581
97582
97585
97596
97599
97610
97611
97616
97618
97619
97628
97632
97633
97634
97638
97640
97644
97645
97650
97656
97657
97658
97665
97669
97670
97671
97675
97682
97685
97686
97687
97694
97695
97701
97704
97708
97710
97711
97712
97715
97716
97717
97718
97720
97722
97727
97748
97750
97751
97753
97757
97768
97772
97777
97784
97786
97788
97793
97795
97800
97801
97802
97803
97805
97809
97813
97818
97822
97824
97825
97827
97829
97830
97838
97845
97846
97849
97850
97856
97863
97870
97873
97874
97876
97877
97879
97880
97881
97883
97884
97899
97902
97903
97904
97905
97906
97907
97909
97910
97912
97914
97919
97926
97927
97928
97929
97939
97941
97942
97943
97944
97947
97951
97952
97957
97959
97963
97964
97967
97969
97972
97974
97981
97982
97986
97989
97995
97996
97997
98002
98008
98010
98011
98012
98013
98014
98020
98024
98028
98047
98050
98051
98054
98062
98064
98066
98075
98080
98081
98086
98087
98091
98092
98096
98102
98105
98108
98109
98110
98112
98113
98114
98115
98117
98121
98123
98138
98143
98145
98152
98156
98157
98158
98161
98164
98167
98170
98175
98177
98178
98180
98212
98215
98217
98218
98225
98226
98227
98229
98230
98231
98232
98233
98235
98239
98243
98244
98246
98250
98251
98254
98255
98268
98271
98272
98285
98287
98288
98305
98307
98308
98309
98310
98311
98313
98317
98318
98320
98321
98324
98329
98330
98331
98334
98337
98338
98340
98345
98348
98353
98355
98357
98358
98360
98361
98363
98365
98366
98367
98369
98372
98373
98376
98378
98379
98380
98384
98385
98388
98397
98398
98401
98402
98403
98410
98412
98416
98417
98421
98422
98424
98425
98429
98432
98433
98434
98437
98440
98444
98445
98446
98447
98450
98451
98454
98457
98458
98460
98463
98465
98471
98472
98474
98475
98476
98480
98484
98485
98488
98489
98492
98495
98496
98498
98501
98504
98505
98507
98509
98511
98512
98513
98514
98515
98517
98518
98521
98523
98529
98530
98532
98533
98535
98537
98540
98544
98591
98601
98602
98603
98604
98606
98607
98609
98610
98613
98615
98616
98621
98622
98635
98639
98640
98667
98668
98669
98670
98673
98677
98679
98680
