168	31776	4.69787	0																	
429	27483	4.76102	2																	
682	24579	5.00000	4																	
82	24130	4.71776	5																	
45	24473	4.79648	0																	
349	26288	4.51211	5																	
105	27425	4.71626	0																	
983	26091	4.58293	0																	
118	33069	4.95556	0																	
340	40513	5.00000	0	21098	0.01149	31854	0.00871	27285	0.00803	414	0.04169	514	0.00305							
920	25637	4.45499	0	25638	0.00666					340	0.02156	848	0.01971							
369	21571	4.77038	0																	
115	24530	4.21004	2																	
664	21234	4.25143	4	25304	0.03881					575	0.08966									
424	41285	4.49658	4	32210	0.00764					514	0.04994									
449	30018	4.48611	0																	
331	39269	4.14530	0	38315	0.02379					745	0.07976									
793	27494	3.54362	4																	
960	39038	4.97106	0																	
882	20318	4.01413	0																	
980	38646	3.30500	0																	
443	28044	4.77911	3																	
594	32579	5.00000	2	23403	0.11675	22371	0.05669	23923	0.02068	175	0.06370	521	0.00787							
475	23916	4.62426	6																	
321	34774	4.77358	0																	
8	36500	4.48801	0																	
414	26824	4.42927	0																	
20	22620	5.00000	5	24323	0.01577	23769	0.01089	24410	0.00332	334	0.08981	55	0.07036	471	0.01024					
58	29684	3.80877	1																	
414	31388	4.42258	0																	
812	27153	5.00000	0																	
899	41493	5.00000	0																	
135	23325	4.65505	0																	
14	33502	5.00000	0	23358	0.04595					76	0.12576									
618	36765	3.91474	0																	
463	24608	5.00000	6																	
448	36485	4.29892	0																	
643	20362	4.82976	4																	
340	24404	4.57120	0																	
213	24761	4.65577	2																	
452	38743	4.28598	0																	
863	27153	4.03599	0																	
407	40643	4.31745	2																	
540	40222	4.76001	0																	
486	30672	4.62010	0																	
340	20275	4.25207	0	25663	0.02864	25614	0.01292	25639	0.00588	848	0.05200									
514	36967	4.35846	6	41045	0.00347					400	0.01698	594	0.00056							
960	37664	5.00000	2																	
850	29672	4.88995	4																	
346	39535	4.78552	2	42477	0.03803															
237	40626	3.45206	0																	
541	25040	4.89056	6																	
345	30862	4.86288	5																	
779	24129	4.59602	0																	
755	20023	4.76444	4																	
293	33642	4.35971	0																	
634	35268	4.88537	0																	
484	37880	3.30762	2																	
835	22719	4.46170	0																	
340	23682	4.52387	0																	
180	28341	4.25251	0																	
72	38437	4.53266	1																	
340	22439	4.45967	0																	
522	22421	4.80795	4	27460	0.27514	22356	0.10538			240	0.37277	534	0.12803							
410	35801	4.17601	0																	
300	31115	4.40495	0																	
13	23184	4.83618	5																	
213	28782	4.44104	5																	
743	39348	4.83190	0																	
322	23624	4.45839	3							424	0.02820									
246	25751	4.36391	0																	
29	25306	4.59793	5	24579	0.02168					93	0.13167									
174	24465	4.73418	2																	
14	23350	4.68484	0																	
963	24317	4.84818	3																	
56	39692	4.81580	0																	
362	24373	4.46803	0																	
292	37043	3.85788	0	40586	0.01030					860	0.07956									
877	38812	4.72025	1																	
866	20981	4.25412	0																	
283	22233	4.57169	0																	
291	37321	3.87450	0																	
134	33608	4.34630	1							634	0.25542									
973	43481	4.72036	0																	
162	20184	4.26809	0																	
29	32177	4.32953	3	24620	0.01458															
514	42848	4.13663	0																	
891	35438	4.53347	1																	
64	41845	3.40275	0																	
745	34497	5.00000	5																	
6	37838	4.25757	0																	
947	36662	4.55888	6																	
811	41947	4.32322	5																	
748	22517	5.00000	1																	
195	32339	4.22880	0																	
241	25522	4.30714	5																	
871	37297	3.58401	5	37049	0.04119					92	0.02540	160	0.01149	142	0.00162					
973	43881	4.75012	0																	
162	30332	4.41647	0	24914	0.01724					330	0.09814									
469	24047	2.92438	0	25262	0.01173					733	0.02732									
514	38447	4.01792	1	40491	0.09916	41285	0.01260	38535	0.00898	883	0.01964	774	0.01346							
629	42906	5.00000	2																	
904	39923	3.81601	0																	
334	34562	4.16221	0																	
29	37789	4.23387	0																	
770	41794	4.01590	0																	
496	23769	4.26652	2																	
991	31573	3.91587	4																	
728	42815	4.36311	0																	
530	36800	4.36117	0																	
782	32382	4.36521	4																	
913	35448	3.54151	0																	
547	28109	4.56814	0																	
993	43171	4.74413	0																	
524	43708	4.89069	0																	
479	22706	4.77636	0																	
986	28939	3.81431	2							568	0.12315									
381	22553	4.73434	1																	
87	38325	3.63333	0																	
107	28007	3.84470	0																	
676	30289	3.91992	5	24384	0.01626					659	0.02815									
81	34839	4.88370	0	25334	0.03553	24534	0.01322			403	0.02328	407	0.00583							
273	41177	4.31157	0																	
493	32481	4.32802	0																	
715	31160	4.16448	0																	
456	41401	4.80594	4																	
335	33681	4.31438	0																	
684	24660	4.61890	0																	
821	41440	4.63635	0																	
465	20374	5.00000	3	23173	0.01917	20368	0.01235	20361	0.00980	569	0.21648									
247	37241	4.71278	0																	
514	38315	3.61612	2																	
418	28821	4.74951	0																	
340	23232	4.62604	1	24147	0.00468	24361	0.00367	25040	0.00217	813	0.01375									
7	33741	4.80279	0																	
202	35493	4.07675	0																	
873	20011	3.72118	5																	
739	23690	4.18944	0																	
422	28309	4.96545	6																	
737	23566	5.00000	0																	
227	40447	4.11895	2	25262	0.03791	24048	0.02706	35697	0.01907	761	0.05371	471	0.04582							
70	43490	5.00000	0	42655	0.01350					283	0.03989									
469	21309	3.27328	0																	
514	41187	4.09091	0																	
275	36846	4.75860	0																	
570	34525	4.12002	0																	
793	41290	3.64021	0																	
81	27096	4.65483	0																	
397	35815	4.09004	0																	
835	27172	4.49366	0																	
278	22371	5.00000	5	21098	0.01630															
322	22264	4.75974	1																	
971	24845	4.65321	0																	
451	24576	4.20196	0																	
982	34425	4.45973	0																	
529	25004	5.00000	0																	
957	21521	3.56803	4																	
882	20055	3.76290	3							569	0.06184									
577	35697	4.01448	6							471	0.09421									
684	40704	4.63620	0																	
462	23184	4.56104	5																	
377	23415	4.49885	0																	
681	24650	4.96662	4	21299	0.03476	32116	0.00493			410	0.04508	227	0.00583							
676	39040	3.92308	0																	
14	33048	4.29814	0																	
915	23432	4.96007	0																	
670	39292	4.81346	0																	
463	21455	4.80071	0																	
292	25259	4.33224	1	23993	0.03415	32677	0.03282	25031	0.01753	491	0.08290	443	0.05622	889	0.02218					
575	26274	4.63967	5																	
289	28864	4.95295	6																	
412	25040	4.88111	6	21492	0.01887	20063	0.00213			429	0.01837	758	0.01591	340	0.01078					
856	32322	4.48199	0																	
669	23335	3.45639	0	23448	0.02177	23370	0.02096			410	0.10859									
241	38055	5.00000	0																	
150	25082	4.01436	0																	
538	27995	4.34308	0																	
181	23841	4.41994	0																	
742	26076	5.00000	0																	
371	41075	3.05740	1																	
860	24004	4.80560	0	23458	0.14979	23799	0.13060			369	0.16006	358	0.03852							
105	24678	4.54085	0																	
845	39597	3.28719	0																	
983	26576	4.77252	6																	
464	25310	4.71062	6																	
811	34758	4.98585	0																	
631	21391	4.61963	0																	
677	41551	4.87103	5																	
145	25213	4.19953	1																	
514	22703	3.95838	2																	
860	23845	4.86024	1																	
357	33448	4.81260	0																	
125	34145	3.36456	0																	
322	27025	4.15400	4																	
544	31243	4.65428	0																	
277	20444	4.81249	0																	
439	21222	5.00000	6																	
866	28148	4.34844	0																	
569	21538	4.90298	6	23173	0.13740	20361	0.05882	20368	0.04762	465	0.21648									
479	33365	4.81257	0																	
377	30572	4.52686	0																	
863	28026	4.45892	3	22440	0.00853	24525	0.00804			221	0.09562	81	0.04097	567	0.01677					
575	30022	4.20186	0																	
288	29831	5.00000	0																	
893	34935	4.51180	0																	
327	35749	4.79937	0																	
492	23338	3.86954	0	23396	0.03247															
179	28357	3.89995	0																	
642	36939	4.04063	0	37266	0.07811					160	0.00968									
377	31940	4.53891	0																	
514	36217	4.14385	0																	
514	24649	4.10334	0																	
986	22725	3.97372	0																	
492	39765	4.67029	0																	
894	21554	5.00000	4																	
786	24075	4.75705	0																	
653	22554	5.00000	1																	
695	24137	3.86272	5	24012	0.06943	23769	0.01981			171	0.07507	38	0.06704	710	0.03674					
832	21098	5.00000	6	25071	0.00534					741	0.04769	340	0.01708							
979	36623	4.48437	0																	
81	21517	4.77685	1																	
471	39547	4.73892	0																	
609	23205	4.76586	0																	
292	41086	3.99551	1	38098	0.03141					408	0.00935									
36	41837	3.68317	6																	
340	24645	4.47904	0																	
983	24288	4.52999	0																	
867	32440	4.70343	0																	
665	24090	4.63206	0																	
662	39012	3.31848	0																	
27	24571	4.47201	0																	
252	27659	4.88602	0																	
169	40277	5.00000	0																	
703	20188	4.88670	2																	
230	28476	4.76633	0																	
334	34497	4.46108	5							982	0.03570									
430	25331	4.50177	3																	
306	41047	4.90115	0																	
330	23336	4.03581	4																	
577	39384	4.22655	5																	
779	25396	4.56774	0																	
829	32464	4.88819	0																	
340	25548	4.69631	1																	
385	24166	4.07432	0																	
10	35704	3.66461	0																	
160	24039	4.43070	6	37266	0.04899					401	0.00980	117	0.00560	292	0.00429					
360	37864	5.00000	3																	
92	36875	4.09510	0	37049	0.08889	37297	0.07613	37290	0.04099	446	0.02520	142	0.01958							
329	41771	3.97128	0																	
441	31870	4.50727	0																	
248	27437	4.82675	0																	
594	24147	4.85866	6	25040	0.00517					340	0.03009	813	0.00278							
594	24243	5.00000	1																	
424	21272	3.23074	3																	
246	26340	4.32216	0																	
704	32748	4.40994	0																	
365	20994	3.94407	0																	
643	34832	4.37711	0																	
546	24723	4.76875	0																	
56	40816	4.86253	1																	
247	37411	5.00000	2																	
134	33055	4.20527	1							634	0.25542									
570	23375	4.10652	0																	
340	24655	3.90514	1	22164	0.04819	23688	0.01624													
123	41407	4.77834	0																	
460	22490	4.92513	0																	
474	24047	4.10721	0																	
340	25278	4.60857	5	25791	0.04152	31854	0.02646			468	0.01247									
424	38325	3.57121	0																	
624	41234	5.00000	0	28401	0.02469	29686	0.02279			283	0.08507									
390	27509	4.81178	0																	
618	36875	3.37558	0							142	0.01190									
181	38470	4.82953	0																	
579	38253	3.76230	0																	
494	23063	4.80175	0																	
540	36202	4.73250	0																	
848	24272	4.70146	6	24290	0.15195	23356	0.02041	24270	0.01691	381	0.05871	340	0.05200	386	0.02441					
514	30668	4.22936	0																	
340	22592	3.57373	0	22452	0.02422	24272	0.01176													
549	28108	4.73061	0																	
279	35913	4.22855	4																	
960	37876	4.43603	0																	
283	21492	4.73946	6	31066	0.00524	24338	0.00436	24361	0.00204	340	0.03898									
541	32382	4.74154	4																	
837	40447	5.00000	2																	
13	23494	4.40027	5																	
505	20253	4.49701	0																	
987	37514	4.32144	5																	
761	23840	4.41428	0	23105	0.02737	40921	0.01135			848	0.05030									
194	23252	2.73183	0																	
988	30225	4.89766	0																	
319	41340	4.17672	0																	
648	36002	4.02222	0																	
254	33653	4.70153	0																	
514	42982	4.21672	6																	
530	29684	3.24140	1																	
340	24592	4.50449	0	24590	0.06905	24589	0.03284	25637	0.02070	848	0.05200	784	0.01573							
190	20371	4.51440	0																	
330	26563	4.27088	0																	
514	39806	4.12163	0																	
185	34082	3.69050	0																	
414	34287	4.41373	0																	
683	30484	3.87566	0																	
481	38119	3.46362	1																	
917	30372	4.61278	0																	
522	26544	4.66294	3	22356	0.14798	27460	0.06936	26527	0.05988	240	0.37277	248	0.21227							
618	35442	4.03716	0																	
339	23457	4.46900	0																	
893	33477	4.79679	3																	
358	37178	4.43664	0																	
90	24966	3.34620	0																	
490	41096	4.01280	2	40682	0.06264					169	0.02011									
866	28145	4.26648	0																	
933	37065	4.77258	0																	
215	24071	4.76601	0																	
5	40917	4.74145	0																	
913	38294	4.04187	1																	
811	34704	4.28974	0																	
758	21910	4.31760	0																	
702	40918	4.82111	0																	
810	26076	5.00000	0																	
958	24023	5.00000	0																	
218	30987	4.64621	5																	
940	34627	5.00000	0	37469	0.02179					763	0.04924									
26	37421	4.66331	0																	
722	23941	5.00000	2																	
181	28788	5.00000	2																	
674	31474	3.54543	3																	
227	21531	4.16803	1							160	0.03344									
35	36967	4.95793	6																	
105	21289	4.67562	0																	
470	23955	5.00000	0																	
140	32134	4.44081	0																	
347	41578	4.55082	0																	
388	37826	3.76597	0	36839	0.05247															
866	31430	4.18712	0																	
700	28827	3.83067	0																	
865	43144	4.69007	0																	
645	28026	4.07928	3																	
891	36421	4.86110	2																	
816	27374	4.87942	0																	
733	33072	4.74075	0																	
227	24880	4.06203	0																	
648	21889	4.05566	0																	
81	30537	4.32706	1	25096	0.03239	23900	0.02646	21033	0.01471	13	0.17047									
994	36420	4.01496	0																	
396	43002	3.71421	3																	
882	38065	3.94329	0																	
19	20373	4.47370	0																	
982	36286	4.25021	0																	
570	25976	4.26306	0																	
466	38081	4.46037	0																	
408	37876	4.46868	0	37266	0.05737	37049	0.01229	41075	0.00389	107	0.05612	642	0.00715							
703	25423	3.55441	0																	
327	40319	4.32787	5																	
105	28237	4.67213	0																	
741	25103	4.77433	0																	
338	26983	4.66557	0																	
983	42232	4.77289	0																	
81	28448	3.30636	0																	
406	24712	4.31711	0																	
238	32520	4.46996	0																	
594	25089	4.49703	0																	
289	24121	4.64209	0																	
676	27469	3.96229	3							880	0.03630									
319	30410	4.20475	0																	
19	20056	4.52378	0																	
329	21541	3.93238	0																	
264	34788	4.19677	0																	
105	22669	5.00000	3																	
168	29519	4.74544	0																	
983	26043	4.96620	3	25031	0.00570					491	0.03133									
675	37044	4.96064	1																	
848	24316	4.55139	0																	
750	38852	4.56463	6																	
882	35398	3.90057	0																	
160	32013	4.35722	0																	
228	24078	4.33267	5																	
153	38651	3.58063	1							822	0.08816									
944	29753	3.73226	0																	
538	27365	4.53183	0																	
108	22769	4.14178	0																	
30	25965	4.78110	0																	
782	34853	3.13300	0																	
476	39794	4.45441	0																	
301	34978	4.18778	0																	
637	21533	4.79319	0																	
528	25522	3.99208	5																	
860	39427	4.10861	1																	
396	42132	4.35378	5																	
790	22269	4.75650	0																	
682	24559	5.00000	3																	
385	23378	4.11629	0																	
466	39405	4.19587	0																	
893	36656	4.54628	0																	
648	38363	3.85553	0																	
594	24813	4.48078	0																	
401	24578	5.00000	3							569	0.01446									
330	32591	4.30828	0																	
792	22284	4.60797	0																	
314	42948	4.48732	0																	
238	23769	4.58665	2																	
363	41976	3.71807	0																	
51	33239	4.50021	0																	
547	26072	4.78974	2																	
340	20759	4.52728	0																	
291	36766	2.94866	4																	
853	38246	4.64345	3	38862	0.04893	39130	0.02746			891	0.09168	466	0.03202							
163	30917	3.82517	5																	
747	23241	3.74808	0																	
377	30835	4.47333	0																	
874	22709	5.00000	4																	
357	24221	4.87316	2																	
514	38654	3.65294	3																	
37	35243	5.00000	5																	
654	40688	4.29497	0																	
168	27011	4.90359	3	37138	0.03692					55	0.05304									
365	20116	4.68827	0																	
340	26076	4.62421	0	24589	0.08783	24590	0.06988	25791	0.03611	784	0.01573	544	0.01381							
15	27473	4.54647	0																	
292	24278	4.10984	0																	
59	24460	4.08218	1	25086	0.03132					13	0.06841									
564	24286	4.81638	0																	
443	34436	4.58339	0																	
188	34615	4.38481	2																	
981	33676	4.55698	0																	
549	32618	4.77103	0																	
511	23744	4.50294	0																	
466	38840	3.63922	0																	
248	20975	4.40256	0	27053	0.11407															
19	24729	4.82234	2	24650	0.00804					227	0.00528									
424	35875	4.38228	0	37793	0.00696					514	0.04994									
249	37642	5.00000	1	38098	0.11429					23	0.06612	491	0.00560							
388	39770	4.22370	0																	
329	27484	3.92043	0																	
748	25487	5.00000	3																	
991	23095	4.34269	0																	
130	22541	4.28068	0																	
848	37490	4.48751	0																	
668	31699	4.61883	4																	
215	24012	4.30981	2																	
842	40905	4.77803	0																	
34	26763	4.68604	0																	
26	31484	4.74200	0																	
86	21127	4.07549	2	22707	0.01925					429	0.09843									
55	36356	4.24671	0																	
322	28332	4.09231	0																	
501	43702	4.71169	0																	
206	36148	4.47735	0																	
707	38050	3.90052	0																	
725	41199	4.37129	0																	
673	38080	4.70980	0																	
575	25127	4.30134	0																	
805	25065	4.21893	4							146	0.09160									
102	32296	4.55331	0																	
407	38832	3.76113	6	38268	0.01906	37753	0.01761			400	0.04659									
987	28798	4.00117	0																	
741	29122	4.80862	0																	
180	28526	4.23377	0																	
546	27749	4.81838	0																	
303	26075	4.52812	0	34551	0.02504															
340	20802	4.54314	0																	
654	31701	4.36383	0																	
435	23198	4.92422	0																	
12	28631	3.94945	0																	
944	37181	4.12591	0																	
105	31506	4.72727	0																	
150	25084	4.69975	5							636	1.00000									
174	21913	4.76144	1																	
228	30672	4.14505	0	30748	0.00959					853	0.05455									
342	24071	5.00000	0	24012	0.04834					171	0.03630	38	0.03221	514	0.02139					
101	24975	3.99420	0																	
160	35000	3.62529	0																	
853	30147	5.00000	3	30748	0.02733	22620	0.00752			153	0.03868	55	0.01906							
491	28845	4.24188	2	22004	0.04155					436	0.00808									
960	36875	3.62365	0																	
501	37269	4.65469	4																	
511	30754	4.58835	0																	
514	44006	4.17789	0																	
644	21241	5.00000	5																	
664	27465	4.09670	0																	
330	25093	4.59044	1							13	0.06064	81	0.00924							
497	33241	4.33282	1																	
751	23295	4.91169	0																	
577	40816	3.99896	1																	
984	20595	3.25215	5																	
424	36599	4.50270	0																	
432	24749	4.64369	0																	
951	42015	4.43057	0																	
514	35379	3.26943	0																	
962	23197	1.16865	0																	
483	34144	5.00000	0																	
13	25089	4.59921	0																	
835	22729	5.00000	6																	
615	37049	4.37995	0	37290	0.06556	37876	0.01229			92	0.01186	142	0.01101							
848	22620	4.79044	5	24680	0.01111					760	0.03028									
758	36479	4.44290	0	28874	0.05920					120	0.07165									
252	27645	4.86641	0																	
651	29685	4.48489	3																	
628	36662	4.71954	6	37065	0.00629					982	0.01200									
283	24737	4.55829	4																	
511	35274	4.31089	0																	
806	34724	4.99261	0																	
175	25406	4.05254	0																	
107	27977	4.16073	0																	
26	31557	4.75961	0																	
522	26547	4.69432	0																	
662	41803	4.28894	0																	
865	41670	4.82825	0							514	0.01806									
698	42972	4.24689	0																	
271	34930	4.06876	0																	
514	39538	4.18325	0																	
594	37297	3.45149	5																	
410	36613	3.89907	0																	
648	39529	3.70427	4	35544	0.16010					444	0.10201									
238	33346	4.09279	0																	
447	37187	4.26474	4																	
514	41911	4.21541	0																	
495	28722	3.70658	0																	
863	21049	4.08270	0																	
871	39238	4.68516	5																	
979	38986	4.62664	3																	
340	25316	4.51668	0																	
525	23761	4.05450	0																	
407	20746	4.17540	0																	
611	20315	4.44125	0																	
648	38527	2.98046	3																	
674	25559	3.87171	0																	
103	26345	4.81053	0	23852	0.02638					317	0.03673									
997	25369	4.68489	2																	
407	36812	4.09941	6																	
514	41129	4.17091	0																	
181	26910	4.84749	0																	
570	24127	4.30083	0																	
882	23850	4.02745	0																	
443	28955	4.65502	0																	
910	20452	4.70821	0																	
604	39990	3.27300	6																	
569	23217	5.00000	3	23231	0.19580					506	0.11504									
860	25031	5.00000	0	41345	0.02051	40586	0.01278			292	0.07956									
753	26498	4.72842	0																	
729	37505	4.40002	0																	
99	25910	4.14078	0																	
289	25331	4.60445	3																	
594	22452	4.15835	1	23923	0.01148	25068	0.00921	21098	0.00865	414	0.08190	175	0.06370	340	0.03009					
981	40673	4.45733	0																	
340	28817	4.03950	4																	
105	24720	4.79667	5																	
81	21038	4.66114	0																	
264	34762	3.92770	1																	
405	23813	4.50635	0																	
932	37266	4.24712	5																	
479	36722	4.55307	3																	
980	24323	4.34443	3																	
511	35553	4.75198	5	36275	0.04694					344	0.01791									
142	36887	3.82413	1							97	0.05242									
980	39205	4.25338	0																	
294	26019	3.94958	0																	
552	37102	4.88283	0																	
470	26854	4.78054	0																	
74	28398	4.25978	0																	
723	22703	4.08965	2																	
162	23665	4.20464	6																	
976	24684	4.48457	0																	
886	25985	4.70789	0																	
377	28495	4.59602	0																	
32	25701	4.43255	0																	
157	42482	4.44485	0																	
710	34512	4.55768	0																	
984	25163	3.47997	0																	
731	35773	4.21851	0																	
713	30379	3.94152	0																	
356	34250	4.16743	0																	
594	25574	4.51873	0																	
91	32529	3.43714	0																	
901	39691	4.20253	0																	
334	31558	3.12915	0																	
254	32076	4.67358	0																	
636	25082	4.28906	0																	
93	24533	4.29257	0																	
712	40744	4.91070	0																	
658	42521	4.54331	0																	
478	26090	4.33255	0																	
81	20322	4.39896	0	25308	0.12700															
431	30877	4.31002	0																	
81	24914	4.88087	0	23900	0.01642					330	0.00924									
411	35952	3.83895	1																	
882	35306	3.90381	0																	
535	30716	2.98947	0																	
473	39447	3.73028	0																	
570	26725	4.15132	0																	
478	34354	4.26118	0																	
923	28511	4.32711	2	26526	0.05288					522	0.08727									
350	43189	4.66261	0																	
938	24651	5.00000	0							514	0.00747									
385	23694	4.09429	0																	
109	33470	4.43183	4																	
192	38278	4.72872	0																	
652	23882	4.80381	0																	
81	24493	4.86295	1	25903	0.02536	25093	0.02448	25096	0.01767	13	0.17047									
64	24432	4.53285	0																	
274	34328	4.58249	0																	
330	28511	3.67067	2	26530	0.08239	26527	0.03827			522	0.08270									
741	21376	4.70810	0																	
20	22296	4.99016	2																	
645	36967	4.28142	6																	
448	21825	4.14770	0																	
676	23335	3.85689	0	22476	0.02762	23370	0.02096			410	0.07315									
268	23281	4.92750	6																	
613	33874	4.71074	0																	
340	23255	4.50687	0																	
57	39051	4.65559	0																	
81	22539	4.67353	0																	
762	31474	4.74411	3																	
809	32459	5.00000	0																	
928	30790	4.74730	0																	
639	43102	4.36019	0																	
788	27765	4.90737	0																	
133	26843	4.46992	0																	
236	30535	4.89691	0																	
485	36076	4.46285	0							514	0.00214									
401	20328	5.00000	3	35748	0.02062	36290	0.00688			882	0.06966									
853	37489	4.68482	4	37666	0.07376					530	0.11271									
421	20597	5.00000	6																	
698	27425	4.80586	0																	
763	36534	3.75246	0																	
743	40302	5.00000	0																	
424	39105	3.67662	0	35253	0.12245	37793	0.11304													
741	22379	4.72297	0																	
164	35951	4.43952	0																	
852	43344	3.78727	0																	
648	35469	4.06960	0																	
514	29430	4.18770	0																	
138	32602	4.57451	0																	
620	38325	3.36228	0																	
583	43071	4.14661	0																	
213	31003	5.00000	5																	
606	26237	3.63175	0																	
566	24749	4.81720	0																	
381	24316	4.41758	0																	
654	37561	4.21980	0							514	0.00915									
764	26273	4.67009	3																	
77	31913	4.45209	0																	
28	37880	4.31273	2																	
844	30892	4.54151	0																	
654	35816	3.13153	0	20063	0.01199															
863	24065	4.69056	3	22440	0.01923					567	0.01677									
292	31025	4.58886	1	38098	0.01827					981	0.03910	6	0.01930							
899	41348	4.56496	2																	
553	33638	5.00000	1																	
81	22370	4.61625	0																	
264	24531	4.17871	0																	
712	40716	4.84642	0																	
26	36928	4.71753	0																	
750	23835	4.90052	0																	
661	29672	5.00000	4																	
593	24751	4.84521	0																	
176	39535	3.91363	2	40447	0.01088					471	0.02537									
340	24532	4.73197	6	21098	0.00923	24361	0.00674	25040	0.00418	741	0.01951	813	0.01375							
904	39098	3.65303	0																	
711	39300	3.49834	5																	
570	24610	4.19192	0																	
26	32027	4.68272	0																	
14	26754	4.77688	0																	
722	21735	4.82327	2																	
635	41285	4.82965	4																	
153	42447	3.83167	0																	
538	23166	4.31575	0																	
501	39990	4.15655	6																	
142	36332	3.76865	4	36875	0.01255					485	0.01145									
891	39631	4.17284	0																	
312	31515	4.15485	1																	
701	30282	4.87053	0																	
860	25063	4.75772	1																	
746	36093	5.00000	5																	
525	37182	3.92512	0																	
746	36331	4.14093	3																	
303	41460	4.47296	6	38315	0.06870					428	0.02241									
201	28497	4.28995	0																	
340	21948	4.51602	0																	
177	42978	3.39583	0																	
323	32857	3.54679	3																	
443	40586	4.77066	0	23993	0.02509					292	0.05622									
662	26476	4.44233	4	26474	0.03198					505	0.24187									
14	20648	4.62848	0																	
631	26043	4.93969	3	29975	0.04973	31876	0.04889			796	0.30983									
405	25451	4.57085	3							567	0.06576									
362	22571	4.43546	2																	
904	39375	3.68530	0																	
882	26512	3.95127	0																	
712	36376	4.89630	0																	
367	39038	3.83660	0																	
188	30672	4.26715	0																	
55	35438	4.41521	1																	
905	21287	2.29106	0																	
471	39858	4.59248	0																	
283	39227	4.52286	0																	
85	32059	4.15512	0																	
607	34819	4.71993	0																	
873	34403	4.61069	0																	
293	34557	5.00000	2																	
227	24365	4.18412	2							772	0.08932									
382	29684	3.69143	1																	
567	32751	4.18531	0																	
598	35919	4.24870	0																	
432	37784	3.94842	0																	
926	25073	4.23175	0	24924	0.35829															
103	32210	4.57874	2	23852	0.00520					424	0.03111									
848	22475	3.70980	0																	
175	27537	3.11946	0																	
926	23594	4.80253	0																	
252	22552	4.97099	2																	
81	25451	4.59585	3	27752	0.03915	28026	0.00690			567	0.04419									
162	21764	4.27092	0																	
662	32196	4.20949	0																	
746	29674	4.84186	0																	
370	27661	4.75443	0																	
754	32459	4.90742	0																	
105	29685	4.98758	3	24656	0.06727					591	0.03786	55	0.01096							
243	33826	4.43907	0																	
907	27507	4.81287	0																	
741	20129	4.76078	0																	
99	30139	3.55657	1																	
227	26275	3.94412	1																	
382	30672	4.49231	0	25369	0.00142					334	0.02798									
439	33482	4.87192	0																	
676	21247	3.73827	0																	
53	23451	3.81533	5																	
882	39688	4.01450	0																	
741	20024	4.79639	0																	
317	27238	4.64118	3																	
794	24722	4.97779	0																	
230	41759	4.77795	0																	
388	36776	4.29268	0																	
570	23332	4.14453	0																	
387	26673	3.53454	0																	
893	37784	4.43352	0																	
621	23959	4.97805	6																	
98	34770	4.73780	0																	
604	33077	4.76768	2																	
81	21035	4.75096	4																	
246	24401	4.33065	0																	
50	43371	4.47630	0																	
81	24538	4.61629	0																	
227	24764	4.24485	2																	
56	24388	4.99407	1																	
608	25404	4.35032	0																	
592	36213	4.75291	0																	
811	33634	4.27079	0																	
227	27532	4.16410	0																	
463	34501	5.00000	0																	
152	26723	4.28372	0																	
168	21044	5.00000	1	21061	0.08419					588	0.08403									
109	29281	4.37744	0																	
254	21531	4.70498	1	29970	0.06917					160	0.04477									
811	37836	4.32265	0																	
463	38070	4.85118	0																	
813	21511	5.00000	2	25331	0.02771					361	0.00492									
309	23403	4.29250	2	21492	0.00272					340	0.00327									
570	20413	4.25692	0																	
330	24442	4.59789	2	26530	0.04632	26527	0.02730			522	0.08270									
485	36192	4.79580	1																	
771	37880	4.75984	2																	
457	25052	4.52325	0																	
340	23834	4.80626	2																	
445	23840	2.91845	0							848	0.11282									
999	30612	4.86051	1																	
227	25369	4.57790	2	22620	0.01864	25262	0.01482	22621	0.01439	469	0.09111	471	0.04582	55	0.00693					
752	32572	4.82009	0																	
569	20346	4.77137	0																	
81	21262	4.99691	6																	
711	26643	4.31806	0																	
496	24878	4.00309	3																	
248	25240	5.00000	0	25331	0.06749					343	0.01853	602	0.00727	827	0.00306					
921	20892	4.89004	2																	
331	24044	4.86172	4																	
76	29665	4.59121	0																	
50	21257	4.60255	0																	
142	41075	3.85808	1	37049	0.02749					408	0.04590	107	0.01091							
688	33893	3.99609	0																	
966	26449	4.52528	2																	
471	25262	4.86682	3	40447	0.03791	25369	0.01482	35697	0.00902	227	0.04582	469	0.01743							
227	37297	3.97168	5							160	0.03344	446	0.01381	142	0.01216					
55	38098	4.00644	1																	
559	22408	4.61994	0																	
886	25983	4.61260	0																	
514	28572	4.13807	0																	
438	32308	4.24654	4																	
444	35079	4.71417	0																	
132	34182	3.79694	0																	
812	29767	4.87483	0																	
826	21998	4.49745	0																	
466	38270	4.24791	0																	
688	26307	4.44730	0																	
514	39473	4.19729	4																	
776	26363	4.51095	0																	
397	23586	3.97779	0																	
367	40525	4.08831	0																	
889	43114	4.26400	6																	
511	23020	4.66696	0	22438	0.15366					351	0.09976									
188	27493	4.12730	0																	
531	38638	4.81215	0																	
579	34092	4.34320	0																	
340	25653	4.75135	5	25663	0.04862					173	0.01531									
26	37318	4.67538	0																	
81	38908	4.50243	2	34107	0.06216	23688	0.05696	32109	0.03182	908	0.06692	181	0.03264	407	0.00583					
137	22620	5.00000	5	24666	0.01695	22615	0.01124	24656	0.01007	334	0.07360	471	0.02277	55	0.00954					
808	20745	4.77282	0																	
514	41591	4.07499	0																	
64	21303	4.56403	0																	
10	39904	3.60223	0																	
30	26313	5.00000	4																	
340	25867	4.43486	2																	
68	32126	3.06561	3																	
26	29603	4.72294	0																	
710	31078	4.51577	0																	
996	21986	4.47412	0																	
448	24451	4.15298	0																	
378	36381	4.62952	0																	
941	25015	4.92512	0																	
115	25231	3.87746	0																	
813	25709	4.70331	0																	
889	39868	4.19141	0																	
289	27543	4.90658	0																	
498	28037	4.54326	0																	
535	25069	3.78074	0																	
14	25658	4.72183	0																	
570	25812	4.21774	6							340	0.03971									
766	41549	4.84054	0																	
244	24388	3.99067	1																	
590	30705	4.39243	0																	
170	43341	4.61024	0																	
741	26375	4.77025	0																	
693	37177	4.44046	3																	
541	35088	3.88738	0																	
339	38812	4.41759	1																	
882	36394	3.89708	0																	
535	39625	4.06451	0																	
298	39900	3.37383	0																	
848	30662	4.23807	0																	
747	20889	4.62402	0																	
471	36495	4.40179	6																	
672	41354	4.37097	0																	
819	22151	4.31958	4																	
817	32780	2.82494	0																	
662	35098	4.16740	0																	
81	27097	4.62475	0																	
103	22356	4.92215	2																	
97	38084	4.59508	0	37254	0.01124					142	0.05242									
811	36001	4.25787	0																	
741	20141	4.71536	0																	
727	28372	4.63440	0																	
244	22703	3.53979	2																	
514	32109	4.43891	3	43088	0.07334					196	0.03247	81	0.00239							
431	21582	4.33892	0																	
388	32424	4.23861	0																	
402	26656	4.12008	6																	
890	34497	4.71645	5																	
337	21729	4.97569	0																	
862	37131	4.82984	0																	
364	36134	4.51037	4																	
23	35906	3.28369	1																	
176	42477	4.24535	5	40447	0.01171															
904	39823	3.76237	0																	
291	25065	3.71338	4																	
168	23553	5.00000	2																	
319	20537	4.26723	3																	
611	24231	4.54565	0																	
791	32210	5.00000	2																	
340	37924	4.50741	0																	
379	28197	4.70664	0																	
593	27548	5.00000	5																	
154	37441	4.69853	0																	
514	24825	4.10335	0																	
748	25040	5.00000	6																	
570	23555	4.26959	0																	
259	42213	4.15753	0																	
983	29186	4.33178	0	23955	0.05373					8	0.10283									
171	24049	5.00000	5							424	0.02104									
203	25227	4.73883	0																	
832	21221	3.60861	0																	
14	22528	4.71489	0																	
984	24361	3.82435	6							340	0.02490									
842	35023	4.73967	2																	
227	24472	4.64702	1							676	0.03977									
73	35695	3.74923	5																	
441	24050	4.37778	0																	
215	21275	4.81129	0																	
858	34542	3.85065	1																	
416	24626	4.98680	0																	
189	29299	3.90747	0																	
760	24650	4.82216	4	22620	0.00516					678	0.07900	227	0.04802							
401	29996	4.91370	5																	
758	23852	4.68205	2	28874	0.01004	25040	0.00562			567	0.02514	181	0.00565							
443	36028	4.73172	0																	
520	39775	4.03931	0																	
856	23651	4.44495	0																	
334	34627	4.88480	0	21275	0.01076					763	0.01017									
87	39337	5.00000	1	20011	0.03426					811	0.15451									
334	35021	4.46286	6																	
479	28175	4.77623	0																	
105	21241	4.89864	5																	
869	42477	4.04676	5																	
224	31549	5.00000	5																	
247	33733	4.70099	0																	
503	33078	4.78873	0																	
983	22603	4.59043	0																	
835	22716	5.00000	5	22727	0.01010					334	0.04901									
636	25095	4.14884	0																	
869	33653	4.29995	0																	
703	23337	4.76920	4																	
875	30862	3.55633	5																	
891	21279	4.52067	5																	
876	38759	4.44643	0																	
974	39692	4.66969	0																	
366	26635	5.00000	2																	
537	23852	4.34740	2																	
26	34058	4.77059	0																	
555	23958	4.00705	0																	
94	23248	4.76456	0																	
401	36735	4.08925	0																	
168	21045	4.72413	0																	
236	38863	4.73890	0																	
515	31543	5.00000	0																	
120	22341	5.00000	3																	
385	24628	4.08875	0																	
985	24361	4.93264	6							340	0.02280									
514	42334	4.18775	0																	
556	29684	2.94618	1	24078	0.03951															
407	42572	4.16207	0																	
8	33165	4.51280	0																	
862	42645	5.00000	3																	
514	40847	4.09188	0																	
356	33582	4.05863	0																	
181	29043	4.90767	0																	
364	25031	4.66625	0	37266	0.01242					292	0.01329									
292	38253	3.30437	0																	
509	22887	4.62988	0																	
935	23831	4.55135	1																	
321	20137	4.69171	0																	
110	41672	5.00000	0																	
740	35906	2.87053	1																	
514	41551	4.32719	5																	
942	23246	5.00000	6																	
631	28061	4.58652	0																	
632	36523	2.99374	0																	
882	24599	3.84106	0																	
880	27415	4.08061	0																	
65	24247	4.81795	1																	
983	21198	4.58019	0																	
152	23952	4.12699	0																	
865	43329	4.74291	0																	
499	27284	4.13743	0																	
873	28792	4.56944	0																	
417	25331	4.91869	3																	
308	40204	5.00000	0																	
319	20586	4.28467	0																	
388	41016	4.32500	0																	
882	20345	3.42276	2																	
120	22332	4.87550	2																	
141	29332	3.71451	0																	
263	31759	5.00000	1																	
609	33845	4.72362	0																	
264	35692	4.45226	5	36662	0.02128					982	0.04558									
664	24282	4.11883	0																	
39	29392	4.71943	0																	
397	23600	4.36081	6																	
56	21565	4.77917	0																	
385	31011	4.13167	0																	
882	36395	4.00389	0																	
911	39700	4.34803	0																	
983	24634	4.77853	2																	
436	29750	4.33457	0																	
813	25706	4.78655	0																	
23	39007	3.92609	4																	
381	24680	4.39623	5	22533	0.00612	24290	0.00529			848	0.05871	678	0.01085							
505	21944	4.52953	0																	
501	41656	4.72169	0																	
569	26035	4.70123	0																	
596	37177	2.96329	3																	
888	31900	4.26645	3																	
124	34621	4.04212	0																	
479	21018	4.74484	0																	
982	32810	4.37363	0																	
962	33661	1.54779	0																	
911	40366	4.59773	0																	
88	28534	2.64624	3																	
951	32706	4.57309	0																	
334	32520	4.20312	0																	
319	35656	4.31377	0																	
596	40502	3.25357	0																	
107	41345	3.87477	1	35775	0.01296					367	0.01452	860	0.01037							
514	29109	4.17588	0																	
240	28123	4.75385	0																	
604	35479	4.46478	0																	
374	38052	3.54628	0																	
453	35687	4.06917	0																	
791	39203	4.56807	5																	
917	21492	4.84845	6																	
572	24860	4.97012	1																	
980	39535	3.85558	2																	
575	25808	4.31595	0																	
793	26767	3.68061	0																	
329	34034	3.78865	6																	
145	28212	4.39881	0																	
181	21059	4.87238	0																	
70	29502	5.00000	0																	
34	28470	4.56788	0																	
105	21244	4.62969	0																	
684	36139	4.58025	0																	
38	35489	4.51343	5	37474	0.01023					618	0.01624									
158	21542	4.95205	0																	
407	35551	4.21926	3							81	0.00583									
779	20363	5.00000	1																	
44	32220	4.27744	0	31025	0.02213					19	0.04240									
414	24986	4.37482	0																	
663	42906	5.00000	2																	
340	23553	5.00000	2																	
842	36509	4.81483	0																	
696	24579	5.00000	4	40572	0.00204					469	0.01742									
903	41460	4.90409	6																	
81	20929	4.68670	0																	
403	21208	4.06174	0																	
438	34813	2.73483	0																	
356	33833	4.22100	0																	
382	24078	4.80860	5																	
387	29910	3.78179	0																	
931	37684	4.92021	0																	
951	36647	5.00000	3																	
977	21492	4.91732	6	21127	0.01362					429	0.04185									
648	38921	3.28758	0																	
522	28154	4.62290	0																	
618	32520	3.99570	0																	
432	29007	4.42749	0																	
813	37795	4.90520	6																	
166	31799	4.97731	0																	
14	23927	4.83369	3	25063	0.06213					375	0.04780									
168	27185	4.76372	0																	
241	37880	4.17404	2																	
280	26996	4.82066	0																	
848	28727	4.46389	0																	
521	25358	4.35329	1																	
340	23988	4.57033	0																	
377	35233	4.48197	0																	
882	42255	3.30465	2	40386	0.05947					743	0.06357									
191	35260	4.59604	0																	
340	20301	4.60982	0																	
916	23388	4.34292	3																	
725	30835	4.37511	0																	
630	27371	4.83462	0																	
471	22273	4.11493	6	28358	0.21769					679	0.09091									
362	26165	4.51743	0																	
501	28918	4.78176	0																	
441	23864	4.61073	0																	
541	29762	5.00000	4																	
479	32897	4.55326	0	35347	0.17712					896	0.45082									
813	33220	4.65870	2																	
789	23692	4.76490	6																	
3	30818	5.00000	3																	
664	24263	4.48119	6																	
407	34486	4.25838	0																	
921	39328	4.87573	0																	
777	38646	3.78170	0																	
648	38369	3.98323	0																	
50	25365	4.21863	5	25662	0.00437					340	0.03304									
352	23215	5.00000	3																	
347	30701	4.58926	0																	
303	34791	4.12304	5																	
983	24681	4.82656	0																	
941	21492	5.00000	6																	
932	37049	4.85046	0							142	0.02368									
918	41179	3.93376	0																	
772	23624	4.77950	3																	
133	42564	4.40252	0																	
82	27689	4.48540	0																	
53	23657	3.55351	6																	
979	27909	4.48577	0																	
732	37664	2.58079	2							642	0.04630	107	0.03341							
55	27438	4.74186	3																	
256	33572	4.21791	0																	
340	22524	4.38514	1	25067	0.05461	22552	0.03361	31066	0.00987	283	0.03898	449	0.03698	811	0.00447					
385	28340	4.17892	0																	
610	33552	3.64801	0																	
779	23791	4.56125	0																	
917	24631	5.00000	3																	
340	25508	4.49403	0																	
565	32614	4.14752	0																	
81	24468	4.64830	0																	
953	42696	4.83547	0																	
233	24812	4.31062	0																	
491	43052	4.21527	0																	
842	36618	4.80457	0																	
514	41756	4.50327	2	42646	0.01744	41045	0.00791			654	0.00915	793	0.00809							
866	27443	4.35117	0																	
175	21624	4.30279	6	22452	0.00479					340	0.01195									
403	24239	4.26102	0																	
689	37983	4.17260	0																	
400	37293	4.39959	0																	
73	40951	4.69016	0																	
4	31652	4.55564	0																	
219	41046	4.27034	0																	
118	35875	5.00000	0																	
81	25075	4.66260	0																	
210	24436	4.37235	0																	
741	38268	5.00000	2	34741	0.00575					407	0.04361									
876	38906	4.49771	0																	
13	25129	4.06025	0																	
867	24012	4.56314	2	24240	0.03441					695	0.04517									
624	21267	5.00000	1																	
688	28036	4.36021	0																	
757	33564	4.74589	0																	
31	28950	3.32446	0																	
397	28948	3.99074	0																	
6	37416	4.24795	0																	
397	24312	4.06730	0																	
856	23802	4.50108	0																	
891	24240	4.44643	4	23093	0.01405					58	0.05772									
721	28228	3.29178	0	28468	0.01386															
547	33788	4.51702	0																	
81	25421	3.80213	0	25487	0.14870	25426	0.10334	25427	0.07036	82	0.06090									
986	22719	3.79349	0																	
895	39753	5.00000	0																	
963	36791	4.75492	0																	
396	41285	4.37888	4	41045	0.00311					514	0.00211									
141	31010	3.64897	0																	
79	37716	4.87645	6	38447	0.07898					883	0.06302									
319	25798	4.26110	0																	
147	41045	4.95143	5	37753	0.00258															
257	24979	4.71603	0																	
892	22194	4.33238	0																	
592	21099	5.00000	2	25040	0.00263					340	0.00050									
340	25308	4.76388	5	24272	0.01841	25040	0.00422	23403	0.00149	594	0.03009	81	0.01648	440	0.00757					
26	29573	4.74851	0																	
578	35438	4.25319	1																	
860	30833	4.60084	0																	
19	31573	4.01695	4																	
440	28227	5.00000	0	24272	0.01720					386	0.05374									
811	36582	4.36210	0																	
740	38098	2.60145	1							491	0.01618									
570	23365	4.18082	0																	
988	24807	4.91725	0																	
380	42906	4.77434	2																	
735	22549	3.58008	1																	
963	39535	4.33548	2	40447	0.01088					471	0.00459									
753	30368	4.69072	0																	
830	28025	4.38382	0																	
935	22244	4.71324	0																	
94	34551	5.00000	2	26075	0.02504	21491	0.01438	21275	0.00565	763	0.06579									
538	27108	4.45233	0																	
283	28623	4.53603	0																	
721	31202	4.15911	0																	
818	26297	4.76088	0																	
410	24029	4.07280	0																	
13	21098	4.82374	6	22452	0.00865					340	0.01565	414	0.01195							
944	29574	4.35594	0																	
569	33221	4.82083	0																	
594	37143	3.85900	0																	
813	27973	4.70144	0																	
505	31066	4.89297	0	23266	0.00999					283	0.04618									
180	28635	4.16451	0																	
501	25427	5.00000	0							81	0.00432									
514	37276	3.51451	3																	
501	22004	5.00000	2																	
389	36101	3.89757	0																	
637	41482	4.32719	0																	
987	36527	4.00939	0																	
440	24622	5.00000	3																	
364	38539	4.11536	5																	
478	40607	4.28850	0																	
570	27556	4.05847	3																	
111	28930	4.13871	0																	
357	25360	4.78495	0																	
866	30530	3.77649	2																	
106	36980	3.84825	0																	
674	25247	3.82080	0																	
832	21500	4.54931	3	21491	0.05082					309	0.10714									
540	34759	4.79170	0																	
10	38908	3.83168	2	24620	0.00217					181	0.01698									
514	42728	4.17701	0																	
567	24377	4.08635	1																	
424	24050	4.20997	0																	
951	42279	4.59311	0																	
570	23271	4.10498	4	23383	0.03729					429	0.03517									
29	23605	4.20098	0																	
570	22439	4.05342	0	24287	0.02360					97	0.04409									
343	28023	4.77837	4																	
142	40525	3.92157	0	40682	0.01038					424	0.01405	995	0.00336							
386	24534	3.96523	0																	
741	25040	5.00000	6	23917	0.00820	24532	0.00418			813	0.03774	340	0.01951	594	0.00536					
544	40153	4.99413	4							340	0.01381									
168	24730	5.00000	0																	
982	34516	4.46593	0																	
991	30260	4.36014	3																	
209	34997	4.78802	0																	
414	25093	4.83219	1	22452	0.00409					81	0.04336	13	0.01195							
880	20966	4.00653	0																	
460	22083	4.82199	0																	
981	39578	3.99992	3	39200	0.06370	38098	0.01637			617	0.03099									
341	21364	4.28832	0																	
674	21266	3.85440	0																	
763	26086	3.84258	2																	
233	41537	4.22228	0																	
223	23184	4.97648	5																	
982	34877	2.97264	5																	
929	27470	4.62452	0																	
649	24765	4.47422	6																	
107	39787	3.54267	1																	
430	25269	4.56694	5	40745	0.00139					146	0.01258									
918	30589	3.95263	0																	
424	33715	4.38346	0	21429	0.16783					394	0.01719	846	0.01624							
424	39850	4.34932	2	24071	0.02160	39912	0.01038			471	0.03914	146	0.00637							
190	25373	4.57078	0																	
77	39065	2.97257	0	41619	0.02680															
823	20764	4.06607	0																	
563	35407	4.34400	0																	
582	23215	4.81973	3																	
89	37332	4.47967	0																	
392	31025	5.00000	1																	
295	26271	5.00000	5																	
375	27887	4.52258	2	24570	0.02210	25063	0.00935			491	0.05849									
340	27948	4.51759	0																	
658	38610	4.59141	0																	
564	36408	4.37629	2	21299	0.06441					681	0.10673									
268	23487	4.73261	0																	
504	36735	3.38191	0																	
180	28343	4.14044	0																	
36	40961	4.21564	0																	
627	37053	4.45858	5																	
478	37287	4.34467	0																	
88	24479	2.70139	5							93	0.18137									
81	29321	4.58009	0																	
424	43669	4.48012	0																	
675	27468	4.51929	3																	
675	41756	5.00000	2																	
222	23526	3.08919	0																	
899	40774	4.92403	0																	
29	35697	4.00320	6	24579	0.01357					381	0.03193									
900	28240	5.00000	0																	
670	29040	4.82783	0																	
480	21667	4.30237	0																	
558	26042	4.55620	6	25622	0.01852	20361	0.00524			465	0.07613	401	0.05249							
973	35343	4.66050	0																	
895	33346	4.64932	0																	
409	26269	4.67138	0																	
882	41044	3.91813	0																	
384	21592	4.50686	0																	
738	43274	4.84094	0																	
386	22704	4.07021	0																	
388	38838	4.24992	0																	
832	36946	4.47077	4																	
891	21922	4.46534	0																	
677	39137	4.42707	0																	
827	27011	5.00000	3																	
349	31758	5.00000	5																	
577	39532	4.27148	6																	
152	24075	4.26253	0																	
206	33626	4.47643	0																	
49	24027	5.00000	4																	
778	32182	3.97740	0																	
340	25873	4.54769	0																	
502	21208	4.59668	0																	
367	41086	3.85131	1																	
260	40124	4.65687	0																	
575	24953	4.69069	0																	
340	27999	4.55957	0																	
32	25703	4.51714	4	25700	0.17056	32564	0.13545	25698	0.06491	518	0.88619									
338	33121	4.56478	4																	
766	42514	4.81242	0																	
46	22180	4.90346	1																	
779	23651	4.62400	0																	
594	28109	4.62968	0																	
648	40119	4.08650	0																	
514	42572	4.08437	0																	
355	23940	4.42801	0																	
54	21269	2.49537	4																	
578	35026	4.08412	0																	
891	39437	4.42767	3	38246	0.03596	38862	0.01490			466	0.15234									
132	28274	3.74537	5	23852	0.01969					317	0.01764									
934	32308	3.76662	4																	
395	35770	3.43951	0																	
489	39423	4.80944	0																	
107	20019	4.50312	2							566	0.02614	533	0.01695							
448	27373	4.20745	0																	
678	22543	4.52560	0							283	0.03714									
539	22645	4.61148	0																	
763	34266	3.69683	0	21491	0.01072					94	0.06579	514	0.01658	628	0.01319					
811	39021	4.28720	0																	
748	25921	5.00000	4																	
429	25039	4.89977	2	25040	0.00642					81	0.00410									
443	31727	4.51035	0																	
514	40262	3.60813	5	40204	0.25414					242	0.01291									
574	36946	4.39441	4																	
514	39311	4.27869	5	41045	0.00440					594	0.00056									
58	34350	4.25828	5																	
779	35907	4.53873	0																	
13	25078	4.51834	0																	
93	29812	4.39429	0																	
523	31009	3.54277	0																	
380	28250	4.78607	2							424	0.01946									
576	25427	5.00000	0																	
39	41343	5.00000	0																	
416	22581	4.96162	0																	
899	38845	4.98134	0																	
976	25334	4.23382	3																	
598	35906	3.51281	1	34702	0.01559					643	0.06426	62	0.04976							
222	22190	4.88926	1																	
569	40993	4.76609	0																	
492	23292	4.30838	1	23396	0.01718					937	0.33077									
904	37485	3.89090	0																	
545	21846	4.29560	0																	
267	33558	4.66045	0																	
559	29914	3.64570	6	24257	0.17460					809	0.13731									
510	30210	4.77143	2																	
832	28939	4.96799	2																	
546	34634	4.76335	0																	
339	24165	4.68014	6	24170	0.28092					52	0.34754									
569	21520	4.71292	0																	
883	37840	4.36887	6																	
175	25138	4.25660	0																	
60	20967	4.81543	0																	
793	20567	3.76213	0																	
535	29849	4.13790	0																	
133	38858	3.78581	0																	
505	24269	4.51416	0																	
848	26273	4.53928	3	29033	0.04277					468	0.01415									
393	42172	4.02505	3																	
815	36402	5.00000	0	36491	0.07727	36186	0.04734	37187	0.02341	89	0.18370									
649	23849	4.12417	0																	
837	41320	4.91433	0																	
691	20155	4.56646	0																	
779	26866	4.62140	0																	
811	33201	4.27828	0																	
610	35323	3.51735	0																	
443	28080	4.70004	0																	
575	23602	4.24730	0																	
413	43736	4.70225	0																	
193	38122	4.18677	0																	
644	31100	4.71692	0																	
158	26083	4.85358	0																	
648	37996	3.27253	0																	
340	24593	4.31699	0	24589	0.08170	24590	0.07407	25637	0.01671	848	0.05200									
999	36247	4.32011	0																	
583	42781	4.16371	6																	
340	43338	4.53045	0																	
759	35875	2.48878	0																	
368	31804	4.19411	0																	
676	30290	3.80263	0																	
629	40265	4.96691	0																	
969	24794	4.60826	3																	
52	24193	4.81999	0																	
283	21855	4.87237	6	24361	0.01141	24646	0.00664			340	0.03898									
247	39125	4.56223	0																	
71	38268	5.00000	2																	
424	21492	5.00000	6	40525	0.03913	21505	0.02221	37758	0.01649	309	0.02772	652	0.02392	703	0.00667					
606	23103	4.60473	0																	
541	28707	4.63781	0																	
168	29296	4.69182	0																	
615	23826	5.00000	5																	
181	25020	4.54973	5																	
477	36735	3.53262	0																	
516	37643	4.90788	0																	
180	28524	4.18176	0																	
676	26233	3.08131	0																	
741	29220	4.73563	0																	
779	28166	4.59561	0																	
385	25603	4.15065	0																	
514	43301	4.04276	2	41285	0.02372					592	0.00504									
59	41603	3.97130	0																	
211	24115	4.75513	0																	
567	22439	4.14287	0																	
538	23430	4.44809	5																	
81	22654	4.59935	0																	
330	33017	4.31124	0																	
952	38852	4.36891	6																	
811	39231	4.30035	0																	
408	37664	4.85538	2	37266	0.04323	41075	0.02867	37049	0.01297	107	0.05612	642	0.00715							
424	42614	4.71363	1																	
848	23346	4.55732	0																	
741	20677	4.73270	0																	
330	24375	4.63546	1																	
811	27573	4.32214	0																	
639	38484	3.56622	0																	
388	24889	4.04650	1																	
340	23399	4.38598	1	21492	0.04481	38406	0.01358	21098	0.00883	594	0.03009	18	0.01331	810	0.00310					
867	24305	5.00000	0																	
488	25331	4.11240	3	32210	0.03298					694	0.06114									
483	33809	4.51790	0																	
659	24391	3.61210	5																	
357	26804	5.00000	0																	
26	33664	4.72241	0																	
779	24433	4.56927	0																	
321	37436	4.88299	0							741	0.07836									
14	24619	4.76014	0																	
397	24238	4.08705	0																	
319	28030	4.17055	0																	
312	30412	3.51838	0																	
789	24129	4.41849	0																	
189	30351	3.73321	0																	
681	24680	5.00000	5																	
340	23772	4.62217	0																	
648	37880	3.77106	2																	
505	20261	4.62995	0																	
969	37776	4.05795	2																	
763	34045	3.38146	6																	
848	35393	4.79923	1																	
329	29710	3.83201	0																	
29	24559	4.75816	3	24579	0.00795					93	0.13167	381	0.03193							
24	41569	4.82531	0																	
424	42113	2.93903	0	24071	0.02515															
390	27510	4.84357	0																	
811	34343	4.29442	0																	
104	25556	4.46884	0																	
622	44001	4.67475	0																	
771	27057	5.00000	0																	
596	34114	3.22337	0																	
230	41674	4.79446	0																	
360	43684	4.82335	0																	
250	35253	3.37377	5																	
517	22996	4.24590	0																	
995	40745	3.99260	0	38098	0.02681					889	0.01422	491	0.00530	142	0.00336					
425	39533	4.71663	0																	
70	43883	4.81939	0																	
882	38347	2.85523	0																	
813	34053	5.00000	4																	
408	39038	4.64619	0	37049	0.01691					566	0.00721									
337	21764	4.52222	0																	
455	35276	4.58630	0																	
676	23476	3.89256	0																	
618	30748	4.33428	3																	
800	35948	4.64257	0																	
658	24966	4.49055	0																	
108	23986	4.37531	0							848	0.01001									
848	23332	4.39612	0																	
524	41402	4.83341	0																	
990	37049	4.23159	0	38233	0.01347					408	0.09629									
838	41519	4.71438	0																	
536	21099	4.82667	2																	
512	43765	5.00000	0																	
514	43321	4.17224	0																	
385	23670	4.11278	4																	
444	25373	4.73173	0																	
157	33854	4.48657	0																	
871	36332	5.00000	4																	
832	24012	4.79153	2	24137	0.06943					11	0.06452	171	0.03750	38	0.02312					
383	29637	4.63696	0																	
407	37027	4.23659	0																	
360	41086	5.00000	1																	
557	28497	4.62197	0																	
929	24678	4.48451	0																	
237	35129	4.72600	0																	
872	40223	4.74166	0																	
875	32116	4.50285	4																	
904	39187	3.80372	0																	
848	27548	4.46011	5	24680	0.03888					678	0.01760									
215	34266	4.19239	0																	
848	33247	4.52936	0																	
1	28782	4.30769	5																	
882	39814	3.97999	0																	
274	35144	4.53624	0																	
583	41960	3.33922	0																	
912	24914	4.46552	0																	
526	24027	5.00000	4																	
973	39127	4.69705	0																	
570	21524	4.26911	0																	
576	34436	4.68141	0																	
543	36946	3.68579	4																	
569	30588	4.75836	0																	
17	37993	4.88597	0																	
848	37148	4.43904	0																	
247	35743	4.59482	0																	
962	42001	4.53363	1																	
329	22588	3.82239	0																	
403	28806	4.14127	0																	
505	22972	4.92873	4																	
237	38080	4.62276	0																	
282	36471	4.76515	0																	
566	37857	4.25372	2																	
221	32501	4.76096	4																	
351	20376	4.88371	0																	
668	24752	4.45964	0																	
723	34839	4.47711	0																	
180	28523	4.33323	0																	
618	25486	3.72935	0																	
490	36332	4.67215	4	40761	0.01629					485	0.05221									
589	32984	4.19725	0																	
570	22587	4.09338	0																	
429	25903	4.64455	1	25040	0.00113					81	0.00410									
286	23220	4.25609	0																	
490	39857	3.90369	3							625	0.04626									
83	31637	4.60597	4																	
120	24252	4.54532	0	28874	0.03860					758	0.07165									
504	30973	3.48928	5																	
491	37043	3.82255	0																	
461	36383	4.83148	0																	
328	37266	4.22373	5																	
608	21492	4.68347	6																	
514	21045	4.09983	0																	
897	28782	4.21542	5																	
512	34587	4.41775	0																	
541	30755	4.65676	0																	
904	39424	3.90593	0																	
546	34422	4.88807	0																	
59	36528	3.60492	2																	
337	31976	4.47518	0																	
113	23126	4.85067	0																	
137	29685	5.00000	3	24656	0.06727					591	0.03526	55	0.00954							
745	39238	4.96612	5																	
514	39502	3.57224	0																	
534	41237	4.73083	0																	
26	32683	4.71667	0																	
174	42255	3.98701	2																	
21	36501	3.31917	0	37065	0.00821															
873	29666	4.89701	6																	
241	38458	4.93149	0																	
910	21285	4.79907	0																	
585	34647	3.52065	0																	
3	37880	3.64854	2																	
739	28590	4.30409	0																	
783	42972	4.16489	0																	
377	29262	4.53080	0																	
25	41322	4.83229	0																	
923	35120	4.76564	0																	
546	23432	4.82255	0																	
38	38169	4.57487	5	37474	0.02286					618	0.01624									
424	37877	3.23842	0	26043	0.05066	37758	0.02297	23624	0.00771											
485	37158	4.51218	0																	
514	40117	4.15654	0																	
505	30607	4.58483	0																	
259	42537	4.12421	0																	
885	38457	3.73209	0																	
166	25465	4.90931	0																	
890	31003	4.34881	5																	
791	24243	5.00000	1																	
693	36900	4.78612	5																	
360	40571	4.93689	0																	
600	42498	2.88561	1																	
340	25866	4.57680	0																	
72	34284	4.72320	0																	
570	23261	3.61477	6	32433	0.02677					340	0.03971									
113	21925	4.90446	0																	
544	21140	4.67335	0																	
504	36967	4.29472	6																	
848	27167	4.42802	0																	
357	20798	4.75814	0																	
452	35913	4.78920	4																	
615	30447	5.00000	5																	
139	42572	4.85764	0																	
142	41044	3.70618	0																	
193	35079	4.15964	0																	
731	26094	4.16239	0																	
26	28019	4.70118	0																	
14	25031	5.00000	0	24039	0.01879	29717	0.01842	39951	0.01248	491	0.06803	292	0.04040							
514	24065	4.46417	3	33495	0.05136	31474	0.00782			567	0.02811									
77	31778	4.38701	0																	
675	39166	3.53131	0																	
20	23982	4.95760	0																	
469	24559	3.78170	3	24579	0.00795					93	0.02030	381	0.00712							
952	43714	4.77094	0																	
389	39204	3.88726	4																	
227	21280	3.90404	3																	
525	37543	3.84666	0																	
877	37071	5.00000	1	35882	0.00365					604	0.05962									
570	29762	4.50159	4							340	0.03971									
925	37642	3.94903	1																	
340	30028	4.51921	0																	
781	24703	4.09577	0																	
296	35697	4.46786	6	24484	0.00321					227	0.02866									
524	40837	5.00000	1																	
703	25039	4.79490	2	25040	0.00642															
105	37276	4.20495	3																	
882	23231	3.81647	3	23871	0.00458					569	0.06184									
302	24176	4.72923	2																	
673	25032	4.65099	0																	
600	36247	3.92861	0																	
382	34978	4.02008	0																	
646	32569	4.75408	0																	
519	20757	4.64766	6																	
514	42363	4.20287	0																	
334	24331	4.38294	0																	
544	21315	4.75675	0																	
587	23223	5.00000	2																	
264	30825	4.18761	0																	
64	21272	3.91515	3																	
340	24511	4.53412	0																	
33	23469	4.15643	0																	
893	35023	4.45957	2																	
891	38926	4.57353	1	38862	0.01527					577	0.02151									
204	41045	4.32996	5																	
664	26276	4.11530	0																	
442	31713	4.12534	0																	
813	38513	3.37932	0																	
77	22707	4.88032	4																	
156	30243	3.52778	1																	
340	23367	4.82070	5	38406	0.03759	25040	0.00366	21492	0.00295	594	0.03009									
835	33249	4.51384	0																	
370	32329	4.16441	0																	
8	28190	4.52064	0																	
891	37510	4.37997	0																	
805	29955	4.67902	6																	
524	41887	4.84099	0																	
500	25345	4.37916	0																	
443	36795	4.77167	0																	
84	37758	4.29781	5							424	0.00696									
819	35579	4.82195	0																	
274	33093	4.57151	0																	
703	23232	4.68919	1	25040	0.00217					813	0.00172									
475	23874	4.87194	1																	
882	28126	3.85620	4	31026	0.03969	31462	0.02931			879	0.04972									
445	23839	3.45726	0							848	0.11282									
999	24384	5.00000	3																	
592	24128	4.73947	0																	
813	34471	4.76483	0																	
661	31828	5.00000	2																	
469	21141	3.75415	0																	
856	22583	4.88092	4	22549	0.03148					575	0.12677									
248	28932	4.84483	0																	
372	28369	4.20319	0																	
227	22562	4.04961	1																	
306	20385	5.00000	2																	
902	21545	4.85638	0																	
49	25388	4.88388	0																	
397	36480	4.24090	3	38341	0.24351					503	0.16693									
283	28817	4.03066	4	28401	0.04828	29686	0.03774			624	0.08507									
392	31766	5.00000	4																	
458	42061	4.01415	0																	
469	25306	3.51586	5	24579	0.02168					93	0.02030									
21	36068	3.68478	6	30672	0.17069															
848	33611	4.59206	0																	
865	40216	5.00000	5																	
478	39996	4.31639	0																	
583	42524	4.15805	0																	
359	24289	4.31008	2																	
427	40501	4.93758	0																	
546	37449	4.75551	0																	
272	39038	3.14891	0																	
17	38735	5.00000	3	36875	0.01195					490	0.00586									
385	21245	4.12124	0																	
161	30620	4.31885	4																	
435	39322	4.88722	0																	
50	25278	4.67151	5																	
983	24267	4.79554	1																	
813	26617	4.80383	0																	
949	24012	3.62789	2																	
961	38059	3.62828	0																	
770	34341	3.93310	0																	
370	23793	4.75858	0																	
69	32518	4.12631	0																	
177	42731	3.08927	0																	
775	30653	4.46965	6																	
853	39275	4.70675	0																	
588	31523	3.97135	0																	
328	37297	4.38714	5							142	0.02033									
159	35746	3.92002	6																	
648	39211	4.05905	0																	
102	34733	4.52206	0																	
730	20451	4.77943	0																	
414	21221	3.30899	0	22452	0.01739															
385	25559	4.12965	0																	
424	36076	4.29499	0	24012	0.08072					514	0.04994	342	0.00184							
484	21099	4.19893	2																	
822	38081	5.00000	0																	
758	35461	4.24967	0																	
448	38464	4.38840	0																	
889	34192	4.32161	2	31903	0.00985	25259	0.00790	38098	0.00621	491	0.05813									
30	28868	4.98635	2																	
566	33726	3.69737	4	24030	0.05307															
741	24149	3.91246	0																	
607	36898	4.79644	0																	
307	37178	4.67889	0	36875	0.00374					160	0.01207									
500	23239	4.13127	1							340	0.00757									
340	25636	3.62571	0	25638	0.25875	25639	0.23617													
64	34512	4.55240	0																	
