663	39485	4.83370	0																	
365	23270	4.63074	0																	
400	38253	4.57923	0																	
102	28458	4.55833	0																	
848	25805	4.45813	0																	
618	36067	3.98148	0																	
620	34314	4.58953	0																	
214	37758	4.38804	5																	
8	41316	4.36253	0																	
724	39031	2.87033	0																	
505	30834	4.60949	0																	
230	42352	5.00000	6																	
216	38131	4.85401	0																	
594	24749	4.84231	0																	
428	40044	5.00000	0																	
514	35770	3.35763	0																	
653	28300	4.94834	0																	
263	24314	5.00000	0																	
411	35942	4.31699	3	38531	0.09913					625	0.05736									
514	39502	3.44171	0																	
334	35609	4.15716	0																	
292	32677	3.37682	0	38098	0.01636	25259	0.00925													
198	25334	3.97547	3																	
360	40571	4.82313	0																	
95	37514	4.29081	0																	
467	22317	4.83243	0																	
277	34741	5.00000	0																	
620	38851	4.59429	0																	
211	23869	5.00000	0																	
505	31507	4.55676	0																	
747	20889	4.78444	0																	
698	43790	4.95595	0																	
654	41401	4.86063	4																	
618	36986	3.90177	0																	
740	35906	2.37747	1																	
216	39696	4.83175	0																	
939	40948	3.62459	0																	
721	31171	4.27366	0																	
601	29768	4.28131	0																	
320	25243	3.59372	0																	
535	23249	4.30223	0																	
604	35882	4.50866	0	37071	0.04190					877	0.01374									
81	24522	4.58294	0																	
428	41460	4.73127	6	38315	0.01694															
664	24237	4.35906	0							846	0.15357									
602	29996	5.00000	5																	
569	20369	4.78382	0																	
431	20773	4.34703	0																	
891	24240	4.46617	4																	
684	24660	4.59583	0																	
566	37857	4.32128	2																	
571	22553	4.99463	6																	
218	30987	4.59689	5																	
882	28126	3.95366	4																	
283	21855	4.91161	6	24338	0.01292	31066	0.01047	21099	0.00836	340	0.04295									
848	22188	4.50502	0																	
404	26085	4.73091	0																	
340	25549	4.55408	0																	
485	41242	4.47935	0																	
309	21492	5.00000	2	21491	0.03173	23403	0.00158			412	0.07697	594	0.01548	340	0.00432					
574	21238	5.00000	2	27543	0.06999					644	0.06295									
848	24290	3.85789	3	23986	0.19014	24272	0.14302	24270	0.02433	381	0.11486	108	0.03782							
965	20345	4.52696	0																	
81	22654	4.68456	0																	
240	22356	4.22468	0	26544	0.03940	27460	0.02680	22421	0.01748	522	0.27045									
424	32210	4.71888	2	24012	0.02904	25345	0.02107			103	0.01303	576	0.00740							
744	27957	4.35274	0																	
514	36076	4.09124	2	24071	0.05563					424	0.01850	342	0.00231							
169	40682	4.91526	0	41096	0.02477					490	0.06284									
427	38782	4.91703	0																	
505	31751	4.61837	0																	
292	35149	4.23022	0																	
669	23448	3.20317	1	23560	0.06716					250	0.04672									
50	21257	4.84994	0																	
307	37178	5.00000	3																	
424	36086	4.80277	0	41285	0.00588					514	0.01850									
105	24705	4.63953	0																	
441	26043	4.76265	5							424	0.02722									
676	21247	3.54436	0																	
583	42907	4.22071	0																	
675	37044	4.37585	1																	
101	43079	4.22774	0																	
168	20179	4.76677	0																	
667	23388	5.00000	1																	
900	31305	4.90267	0																	
210	28277	4.54718	0																	
265	43488	4.37572	0																	
765	41646	4.88849	0																	
81	27752	4.64059	3	25451	0.01248					567	0.01607									
491	29717	4.52710	0	25259	0.02736	38098	0.00116			14	0.05505	292	0.02202	340	0.00953					
254	33653	4.73115	4																	
185	34082	3.70983	0																	
893	34935	4.42418	0																	
569	26061	4.74966	0																	
26	39077	4.71536	0																	
538	25661	4.12131	0																	
302	36176	4.32338	0																	
998	24254	5.00000	3	24761	0.05283					49	0.02941									
664	25304	4.21732	0																	
17	38735	5.00000	3																	
10	32177	4.06625	3																	
377	35393	4.87353	0																	
317	28274	4.68838	2	23852	0.03431					132	0.04788									
385	25514	4.30193	0																	
108	32177	5.00000	3																	
448	32845	4.29130	0																	
477	36408	3.37357	2																	
745	38315	4.55466	0																	
870	31235	4.76811	0																	
565	24650	3.76902	4																	
867	30862	3.89956	4																	
465	23173	4.89053	3	20374	0.02748	20368	0.02227	20361	0.00937	569	0.26167									
273	32308	5.00000	4																	
814	24695	5.00000	0																	
618	24049	3.71037	5	36930	0.01559					424	0.02083									
639	38651	5.00000	3																	
111	32111	4.39696	0																	
575	25304	4.27952	0																	
570	23860	4.22574	0																	
97	36887	4.58896	0	38084	0.02954	37254	0.00427			142	0.07730									
570	43800	4.13437	0																	
539	20807	4.62202	0																	
53	41267	4.39163	0																	
569	20360	4.74585	0																	
409	30393	4.85535	0																	
340	25639	4.98395	0	25636	0.25266	25637	0.05647	25638	0.04557	920	0.05647	848	0.05301							
544	34551	4.44188	2	26076	0.05064					784	0.04636									
611	25591	4.47918	0																	
488	38534	4.22957	0																	
611	20315	4.51518	0																	
643	33787	4.02135	3							882	0.01938									
21	30672	3.31274	5																	
478	40561	4.25788	0																	
586	25615	5.00000	2																	
36	41491	4.27766	0																	
514	32409	4.17360	0																	
571	24276	4.60194	0																	
77	20941	4.29461	0																	
340	21948	4.55174	0																	
760	29397	4.64298	0																	
575	24474	4.20199	0																	
767	34026	4.56861	0																	
59	21185	4.04408	0																	
421	32042	4.77192	0																	
741	24149	4.67002	0																	
277	20444	4.92322	0																	
570	25976	4.11769	0																	
174	24019	4.31601	6																	
667	23659	4.80629	0																	
469	25262	3.63266	2	25369	0.00393					471	0.03292	227	0.02991							
973	38231	4.60886	0																	
227	21081	3.92678	0																	
340	25866	4.50582	0																	
497	25040	4.36085	6																	
732	40552	2.57946	0																	
252	24221	4.84600	0																	
319	29439	4.24292	0																	
822	38081	4.84728	0																	
478	39996	4.21452	0																	
83	31460	4.64411	3																	
535	39625	4.35991	0																	
93	24391	4.25691	0																	
55	27438	4.41226	3																	
57	39051	4.84003	0																	
438	35932	4.54102	0																	
904	35612	3.85257	0																	
585	32873	3.61237	0																	
569	20356	4.81421	0																	
793	32550	2.76515	0																	
793	20956	3.34120	0																	
871	35775	4.22461	1	37049	0.02144	37297	0.01962			107	0.01829									
77	41619	4.28435	6	39065	0.04532					813	0.10349									
212	29679	4.40117	0																	
32	32271	4.49790	0																	
610	35323	3.53712	0																	
581	31316	4.39853	0																	
38	24012	4.82358	3	24071	0.09229	24137	0.07809			171	0.05887	215	0.05847	695	0.04274					
224	31549	4.67778	0																	
397	27994	4.10613	0																	
928	21125	4.27069	0																	
952	24137	4.48075	5																	
570	21524	4.13558	0																	
59	25086	3.67576	6																	
514	34705	3.46546	0																	
648	32308	4.15907	4																	
218	25422	4.57472	0																	
514	39626	4.11626	0																	
107	41345	4.22299	1							367	0.01792									
625	39857	4.16903	3	38531	0.05384															
860	25042	4.74785	0																	
80	25351	5.00000	0																	
340	24511	4.65321	0																	
589	23800	4.08730	0																	
151	41328	4.74935	0																	
880	30862	4.22378	4																	
261	21580	4.56853	0																	
865	43144	4.63583	0																	
774	22517	3.80503	5																	
340	35227	4.52885	0																	
891	37510	4.36247	0																	
514	44006	4.15518	0																	
400	39990	3.65754	3																	
447	37187	5.00000	4																	
70	24681	4.63363	4	42232	0.07051					983	0.08902									
278	22371	5.00000	5																	
995	38098	4.40848	0																	
185	26593	3.80782	0																	
514	33210	4.15200	0																	
482	40044	4.84209	0																	
260	26642	4.53869	0																	
505	21349	4.62283	0																	
448	38464	4.66648	0																	
890	36068	4.09943	6																	
610	31939	3.60970	0																	
117	23096	3.86301	4	29963	0.02424															
813	24873	4.99486	3																	
892	22194	4.42540	0																	
763	41025	3.87382	0																	
514	37662	4.04283	0																	
322	40284	4.24562	0																	
525	24568	4.56654	0																	
695	26104	4.61031	6																	
460	29698	4.54422	0																	
466	38457	4.06329	1	38105	0.01523															
76	33403	4.95986	6																	
874	26174	4.60008	5																	
14	22190	4.83511	1																	
837	40447	5.00000	2																	
27	25387	4.41122	0																	
37	24393	4.54067	0																	
505	26461	4.68815	0																	
410	23481	3.08854	1	23420	0.00655	24650	0.00651													
11	24012	3.98713	3							695	0.15301	171	0.07850	832	0.04508					
359	42402	4.96169	4																	
904	39923	3.94996	0																	
731	35023	3.90573	2																	
532	24438	4.06461	2																	
760	21237	4.59653	0																	
119	40861	4.82324	0																	
676	24497	3.77304	0																	
544	21140	4.73374	0																	
164	37067	5.00000	6																	
866	20977	4.40321	0																	
274	35610	4.78137	5																	
618	25486	4.06274	0																	
19	31025	4.91209	0																	
575	24302	4.46038	0																	
449	25510	4.38178	0																	
570	23301	3.87277	0							848	0.02690									
726	39269	4.10156	5																	
811	40922	4.18692	0																	
362	36291	4.47595	0																	
424	43077	4.54317	0																	
558	23831	4.81284	4																	
501	28918	4.73876	0																	
963	23769	5.00000	0	23624	0.00756					55	0.02563									
889	39477	4.53118	5																	
137	31433	4.82952	0																	
941	24518	4.80942	0																	
335	34667	4.40143	0																	
658	40443	4.12866	2																	
440	24622	5.00000	3																	
729	39079	4.16448	0																	
947	22707	4.25190	4																	
248	27053	3.65945	0	20975	0.08721															
340	23324	4.55701	0																	
93	24546	4.34259	0																	
896	31235	4.09635	0																	
176	39535	3.80516	2	42477	0.04963					346	0.04889	471	0.00901							
981	33676	4.27650	0																	
162	33905	4.26882	0																	
14	25031	5.00000	0	29717	0.01162					860	0.03524	292	0.01126							
577	40912	4.44242	2	35697	0.01437					471	0.02957									
722	23281	4.93984	6																	
813	25706	4.73707	0																	
93	24559	4.78062	3	25306	0.06201					682	0.06285	469	0.05577	381	0.03435					
793	23140	2.79025	0																	
81	22577	4.59575	0																	
775	32419	4.72704	0																	
408	41075	4.60746	0	38119	0.03356	37266	0.02315	38098	0.00167	142	0.03185	117	0.00439							
466	39543	4.52478	0																	
514	23947	4.23625	2																	
30	25965	4.85588	0																	
924	24634	5.00000	4																	
893	33477	4.96246	3																	
26	34908	4.71430	0																	
597	24356	4.75824	0																	
227	24880	3.82619	0																	
480	39639	4.83542	0																	
540	31746	4.79617	0																	
424	39104	4.62006	0																	
842	37873	4.65166	0																	
856	31426	4.37971	0																	
938	24651	5.00000	0																	
541	30755	4.85502	0	29762	0.00680					570	0.04163									
504	23113	3.67604	0																	
882	35748	3.77380	0	20328	0.06084	39599	0.01306	38098	0.00991	401	0.06505	292	0.06446							
168	23512	4.65828	0																	
569	33221	4.80304	0																	
705	24078	3.94880	1	30672	0.02431					986	0.08931	382	0.06629							
19	31573	3.19631	4																	
602	25240	5.00000	0	25331	0.03901					343	0.01894									
26	30851	4.66933	0																	
504	37363	3.91285	0																	
146	39850	4.36555	2																	
514	37561	4.00918	3	40097	0.07921	41756	0.04960			604	0.02298	654	0.01721							
92	34911	3.68530	0																	
13	22452	4.52809	3	25132	0.01424	25093	0.01250	21098	0.00237	175	0.09313	414	0.02431	340	0.01424					
401	29996	4.52965	5																	
38	37474	3.69424	5	38223	0.04249	24137	0.00509			424	0.01234									
291	36766	2.95124	0																	
763	35627	3.97024	0																	
197	35629	4.63652	0																	
379	24261	4.43031	0																	
264	35692	4.70906	5							982	0.02782									
678	22619	4.75887	0																	
753	34127	4.77437	0																	
911	36309	4.21795	0																	
454	32857	4.68291	0																	
875	27919	4.10982	0																	
665	24856	4.60953	0																	
101	23832	4.29971	0																	
379	33920	4.51144	0																	
524	39118	4.78729	0																	
283	28817	3.58856	4	24338	0.02957	41234	0.02099	29686	0.01144	624	0.08920									
213	31003	5.00000	0																	
544	21315	4.67412	0																	
14	26924	4.72269	0																	
741	26604	4.74008	0																	
514	41683	4.08424	0																	
168	23553	5.00000	2							340	0.02037									
431	21582	4.28378	0																	
451	29498	3.97897	0																	
292	41345	3.92972	1	29717	0.01615	41086	0.01067			367	0.04021	377	0.00522							
487	32539	4.45098	0																	
201	38144	4.57768	0																	
105	22266	3.65546	0																	
541	35088	4.60960	0																	
469	42477	3.74348	4							176	0.07173									
215	21275	4.53923	0	34266	0.01322					628	0.04376									
226	34615	4.43261	2																	
38	38169	4.64015	5																	
321	37436	4.70918	0																	
811	39695	4.13598	0																	
346	37285	5.00000	0																	
520	38678	4.01594	0																	
89	36402	4.85003	0	36186	0.04537	37187	0.04092			815	0.24588									
995	40525	5.00000	0																	
594	21098	4.68330	6	24147	0.00410	23399	0.00314			13	0.07417	414	0.04071	340	0.01956					
570	25519	4.08402	0																	
344	36275	3.69682	1																	
882	30985	4.02244	0																	
259	42537	4.01033	0																	
878	35881	3.50167	1																	
541	34853	4.51215	4																	
510	30210	4.91649	2																	
695	22726	4.53727	5																	
541	28707	4.59294	0																	
813	39670	4.94894	1																	
340	25867	4.72367	2																	
742	26305	3.75618	5																	
13	23494	4.20868	5																	
146	39203	4.24107	5																	
408	39038	4.74194	0	41086	0.06481	37664	0.06401	38119	0.06309	960	0.04957	566	0.01582							
514	25240	4.36391	0																	
677	39400	4.31158	0																	
605	43196	4.73262	0																	
955	28448	4.97974	0																	
395	31002	3.11773	5																	
384	24242	4.10333	0																	
745	39269	3.99309	5																	
762	24245	4.18408	1																	
538	27552	3.90665	0																	
490	38735	4.82009	3																	
573	21269	4.35231	6																	
430	25269	4.66260	5	40745	0.00555					146	0.03112									
570	34525	4.15055	0																	
879	31858	5.00000	4																	
452	35913	4.81937	4																	
713	24410	4.73275	2	37073	0.01044					471	0.05318									
483	33809	4.53370	0																	
424	43784	4.73394	0																	
356	33510	4.25772	0																	
882	28437	3.97147	0																	
14	23845	4.88914	1	25063	0.00692					860	0.03524									
324	34972	5.00000	0																	
811	40006	4.20293	0																	
668	24437	5.00000	6																	
397	23348	4.07520	1																	
912	24343	4.33331	0																	
447	40631	5.00000	3																	
893	33907	4.42562	0																	
55	24656	4.40253	4	29685	0.07548	22620	0.01831			137	0.04127	591	0.03886	105	0.03441					
918	20595	4.27519	4																	
478	38016	4.24822	0																	
514	33078	4.29174	3																	
340	24655	4.17263	1	23688	0.05185	22164	0.02651													
514	43321	4.14590	0																	
504	37785	3.37449	0																	
565	29684	3.10239	2																	
570	23266	3.97640	0																	
693	37177	4.57339	3																	
283	21954	4.48681	0																	
244	22703	4.11746	0							514	0.02109									
82	30891	4.45764	0																	
538	20916	4.62205	4	22722	0.00749					334	0.07307									
451	24576	4.08734	0																	
813	24147	5.00000	0	23232	0.00877	25040	0.00682			340	0.01426	181	0.00441							
676	24002	3.81750	0																	
429	24656	4.98463	4																	
180	27786	4.13794	0																	
541	25040	4.91237	6	23834	0.00144					340	0.03719									
883	41285	4.23815	4							514	0.02165									
339	24170	4.42406	6	24165	0.15825					52	0.34738									
549	21763	4.67415	0																	
339	32139	4.55934	0																	
181	31204	4.78451	0																	
514	33968	4.12539	0																	
455	33529	4.42264	0																	
577	42477	4.18818	4							346	0.13972									
4	22734	4.60428	0																	
162	26382	4.38452	1																	
174	25129	3.61226	1																	
259	42255	3.66478	3																	
511	35553	4.03267	5																	
410	23448	3.71965	1	24650	0.01855					792	0.01168									
419	29772	4.37459	0																	
482	39869	4.84485	0																	
514	21199	4.07692	0																	
473	20994	3.76963	5																	
983	36134	4.58194	5																	
113	21925	4.94125	0																	
29	32895	4.17283	0																	
971	22571	5.00000	3																	
335	34579	4.23443	3																	
448	43923	4.30039	0																	
778	28282	4.75851	0																	
491	25063	4.53198	1	27887	0.09385	37043	0.02064	30833	0.00328	14	0.05505	375	0.04175	860	0.03230					
845	39200	4.87899	1																	
355	21242	4.33818	0																	
232	35253	4.46471	1																	
311	22745	5.00000	5																	
508	23826	5.00000	0																	
79	42001	4.64202	4																	
377	23784	4.46651	0																	
505	20707	4.64759	0																	
951	42161	3.87843	0	41097	0.01305															
898	21067	4.31347	0																	
19	30388	4.58708	0																	
466	38228	4.46686	0																	
471	42622	4.66405	0																	
47	23987	3.32979	0																	
501	26652	4.63526	0																	
444	35079	4.86073	4																	
376	25331	4.31215	2																	
462	21014	4.61495	0																	
26	32027	4.65394	0																	
145	23684	4.51924	0																	
566	24749	5.00000	0																	
340	38406	4.82191	5	23403	0.01884	24147	0.00745	25308	0.00273	594	0.01956									
618	35324	4.04358	0																	
218	23769	4.77364	0																	
120	36479	4.32840	0	24252	0.11942															
855	31469	3.57322	0																	
107	41075	4.11426	0							142	0.02153	117	0.01956							
659	30662	3.91150	0																	
672	41048	4.07910	0																	
492	23292	4.42983	0	23338	0.05858															
983	26576	4.71251	6																	
409	30680	4.88688	0																	
347	26311	5.00000	0																	
50	42255	4.34069	3																	
229	22523	4.30026	0																	
232	36088	4.89183	0																	
966	24449	4.12819	0																	
959	29650	5.00000	0																	
326	23043	3.54933	0																	
320	33952	4.36746	0																	
338	27564	5.00000	0																	
335	32412	4.30748	0																	
530	36800	4.17943	0																	
701	22476	5.00000	0																	
82	32471	4.48023	0																	
514	42728	4.14239	0																	
70	21974	4.83858	0																	
501	43599	4.77032	0																	
777	24843	3.92477	0																	
616	40893	3.64260	0																	
960	37876	4.35524	0							408	0.04957	107	0.04612	642	0.02782					
246	26340	4.41350	0																	
48	23470	4.88160	0																	
81	22540	4.63665	0																	
303	42906	4.59047	5																	
170	43341	4.70831	0																	
207	40461	3.54349	0																	
621	21778	4.31611	0																	
718	27987	5.00000	0																	
741	23891	4.73665	0																	
759	39064	3.43654	0																	
983	23223	4.84857	2																	
13	25824	4.81936	0																	
290	24657	4.81434	0																	
514	37793	3.76428	5	34266	0.00240					424	0.01850									
882	22190	3.79478	1																	
848	40921	4.10240	1	23840	0.01387					761	0.04916									
86	21127	3.99354	2	22707	0.02615					429	0.06138									
737	23566	4.94843	0																	
845	42065	5.00000	0																	
55	35438	4.32199	1																	
426	37178	4.52290	3																	
334	24085	4.19394	0																	
142	40745	2.84519	0	40682	0.02769	37049	0.01192	37297	0.00460	889	0.07479	219	0.04163	92	0.02333					
745	39123	3.58638	5																	
79	42126	4.67769	0																	
445	23839	4.38299	0	23840	0.01497					848	0.07061									
522	28511	4.25397	0	26530	0.04545	24442	0.02350	26527	0.01509	330	0.17745									
828	34615	4.77552	2																	
81	24538	4.64406	0																	
181	29043	4.78304	0																	
323	32857	3.72487	0																	
492	23396	4.80870	4	23338	0.01163					397	0.24136									
779	24702	4.47862	0																	
70	40682	4.81938	0																	
378	37049	4.04471	0																	
146	24071	5.00000	0							424	0.01790	514	0.00439							
813	24866	4.68810	0																	
581	40010	4.47621	0																	
82	27307	4.47565	0																	
375	24570	4.43910	2							491	0.04175									
970	38445	4.87952	3																	
501	41656	4.65557	0																	
283	39308	4.48543	0																	
912	24914	4.67309	3																	
362	22571	5.00000	3																	
424	40985	4.64672	0																	
395	36275	2.55343	1																	
164	36722	4.76679	4																	
882	21481	3.92397	0																	
809	32459	5.00000	0																	
758	28874	4.08376	1	24252	0.03588	23852	0.01442			120	0.06067	403	0.02616							
990	37049	4.64967	0	38233	0.01745					408	0.14545									
335	31788	4.24668	0																	
280	37780	4.77874	0																	
960	39427	4.35929	1																	
933	37881	4.38449	4																	
741	25002	4.73455	0																	
390	27792	4.86695	0																	
835	34987	4.14014	0																	
246	20228	4.30027	0																	
475	20019	4.76403	2																	
330	24375	4.26089	0																	
424	35875	4.71476	4	34266	0.00826	41285	0.00411			514	0.01850									
588	31523	3.95817	0																	
861	32140	4.47558	0																	
479	40666	4.70657	0																	
577	33726	3.81994	0																	
373	38626	4.81019	0																	
83	31759	4.62784	4																	
945	35013	4.75540	0																	
125	34145	3.87173	0																	
334	26205	4.12428	4																	
986	22729	4.77269	1	22719	0.06035					835	0.12719									
514	39664	4.01439	4																	
219	23208	4.23801	3																	
981	38098	3.90768	0	39578	0.00857					491	0.00133									
358	37178	4.59850	3																	
375	23927	4.92204	1	25063	0.04386					14	0.08879									
51	33239	4.38191	0																	
29	24620	4.32446	0																	
411	35746	4.01331	5																	
977	21146	4.58282	0																	
505	22972	4.97340	4																	
514	39311	4.26947	5							594	0.00029									
794	42504	5.00000	0																	
246	26779	4.36139	0																	
220	24393	5.00000	0																	
89	37332	4.41189	0																	
172	37043	3.73957	0																	
19	31462	4.59420	0	31026	0.01512					882	0.04767									
162	24914	4.37377	3																	
664	25345	3.83509	0																	
230	41759	4.72703	0																	
246	28236	4.33672	0																	
81	29879	4.58752	0																	
50	43042	4.82433	0																	
928	31759	4.27492	4																	
59	36479	3.54761	0																	
330	32591	4.11318	0																	
873	29728	4.60277	0																	
443	23993	5.00000	0	28938	0.06440	25259	0.03457	40586	0.00680	231	0.10741	292	0.07703							
815	36766	3.89679	0	36491	0.11593	36186	0.02109	37187	0.00912											
478	35326	4.20433	0																	
978	26041	4.57352	3	36490	0.34346					217	0.18381									
441	29761	3.30412	2	28266	0.08579					817	0.10219									
340	25278	4.71247	5	31854	0.04383	25791	0.00823			468	0.02259									
889	38098	3.81138	0	25259	0.01003	34192	0.00835	40306	0.00406	491	0.04835	292	0.02551							
8	23279	4.36372	0																	
151	22419	4.94876	0																	
953	40929	4.89725	0																	
288	29831	5.00000	0																	
434	20330	4.43324	5	29015	0.01322					227	0.08040									
865	36995	4.68440	0																	
624	33077	4.57542	0																	
330	24914	4.42685	3	25093	0.01190					81	0.06041									
946	24060	4.86948	0																	
21	40339	2.91159	0																	
340	20609	4.82632	2	25509	0.05083					763	0.01334									
514	33357	4.12671	0																	
175	24159	4.11991	1																	
564	36408	4.32487	2	21299	0.03052					681	0.06629									
569	27916	4.86406	0																	
520	39775	4.04923	0																	
499	27284	4.25467	0																	
340	23239	4.92580	1	23240	0.09979					500	0.01409									
986	20916	4.60571	4																	
522	24446	4.75261	0																	
242	40262	5.00000	0																	
883	37716	4.33660	0																	
764	24620	5.00000	0																	
596	34114	2.90029	0																	
276	43685	4.19279	0																	
368	32329	4.33394	6																	
852	35863	4.15306	0																	
498	33128	4.42241	0																	
346	35288	5.00000	0																	
754	32459	4.92503	0																	
514	32210	4.26938	2	37706	0.09619	24065	0.02147	31474	0.00172	694	0.03245									
165	23900	3.87556	5	23769	0.01396					171	0.04252									
457	20555	4.81459	0																	
570	25072	4.05289	0																	
982	36286	4.16896	0																	
777	24305	3.40937	0																	
741	25103	4.73531	0																	
950	26434	4.90209	0																	
531	35071	4.73663	0																	
954	34438	4.11934	0																	
809	29914	4.95325	0	24257	0.06807					559	0.14032									
514	24649	4.18911	0																	
685	25308	3.52241	5							81	0.03239									
434	20316	4.99620	5	29015	0.00980					227	0.08040									
70	22168	4.80426	0																	
618	37474	3.05316	5	36930	0.00589					424	0.02083									
942	23263	4.60532	0																	
397	35816	4.14659	6																	
215	33155	4.33707	0																	
86	25065	3.57102	0																	
676	30289	3.87742	5	24384	0.10243					659	0.09512									
491	31903	4.59338	1	25259	0.02453	34192	0.00472			889	0.04835									
81	29440	4.59795	0																	
904	41452	3.88386	0																	
329	25770	4.47189	0																	
620	40102	4.47652	0																	
407	34741	4.42365	0							741	0.01547									
295	31459	4.79866	0																	
564	26033	5.00000	0																	
820	34481	4.65518	0																	
227	24367	3.95370	0	24650	0.01521					410	0.02825									
193	22445	4.40323	5																	
663	42906	4.35792	5																	
594	22188	4.42404	0																	
130	27904	4.47405	0																	
564	24286	4.94187	0																	
738	38957	4.90600	0																	
410	23581	3.98903	0																	
514	42492	4.19041	0																	
644	26635	5.00000	1																	
891	24656	4.57320	4																	
495	24149	4.71033	0																	
983	39200	4.52969	1																	
557	31783	4.96113	0																	
328	37882	5.00000	2																	
769	25226	4.98859	0																	
882	36211	3.87389	0																	
330	24589	4.26659	0	24590	0.02521	28238	0.00488			848	0.06252	784	0.05687							
307	37484	5.00000	5																	
478	35363	4.21767	0																	
111	20496	4.33162	0																	
475	28048	4.50282	0																	
524	39253	4.82068	0																	
266	23799	4.81127	0																	
385	24319	4.22075	0																	
134	33055	3.34954	0																	
168	21045	4.74482	0							514	0.00725									
631	27876	4.53394	0																	
827	27011	5.00000	3																	
82	35884	4.50632	5																	
202	35493	4.00246	0																	
519	32897	4.50419	0																	
880	22669	4.46663	4																	
666	27022	5.00000	0																	
833	25371	4.76986	0																	
564	37873	5.00000	0																	
594	25068	4.13663	3	21492	0.00201					414	0.04071									
793	41756	3.28495	0							514	0.00853									
399	25118	4.72152	0																	
866	30530	3.80510	2																	
123	41407	4.72999	0																	
811	36337	4.19457	0																	
509	40042	4.03264	0																	
514	39806	4.09976	0																	
826	21998	4.84817	0																	
696	21956	4.52926	3																	
340	23315	4.50346	0																	
514	41252	3.25415	0	38960	0.01936															
491	41897	4.05654	1	38098	0.02342					408	0.01029									
572	22591	5.00000	0																	
832	26080	4.81375	0																	
664	25599	4.19423	0																	
424	36735	4.00617	6	26043	0.01849															
824	27969	3.13707	2																	
329	34379	3.99774	0																	
378	36381	4.81113	0																	
76	23809	4.63600	0																	
996	31512	4.62114	4																	
674	31474	4.59699	3																	
79	37716	4.66998	0																	
19	20056	4.66982	0																	
13	24534	4.07926	0	25903	0.00352	21033	0.00194			81	0.16716									
328	39612	5.00000	5	37297	0.01761															
618	31900	4.00308	0																	
283	24956	4.50724	0																	
570	23511	4.19994	4																	
81	24541	4.57146	0																	
944	34850	4.43275	0																	
212	20739	4.41082	0																	
334	22621	4.51856	2	24410	0.03879					471	0.04131									
514	28572	4.16085	0																	
634	21531	4.65146	5																	
222	22190	4.66790	1																	
168	27185	4.65353	0																	
891	38246	3.73822	1	39437	0.04579	38862	0.04577	39130	0.04327	853	0.13059	466	0.09994							
982	37065	4.77364	0	36662	0.04700					628	0.03755									
907	27507	4.77404	0																	
904	31069	3.79189	0																	
659	24391	3.91661	0																	
770	41794	4.85005	0																	
570	25618	3.57023	1																	
649	32116	4.23761	4	22584	0.00702					681	0.10665									
603	30439	4.27188	0																	
514	43665	4.20870	0																	
567	28026	4.52393	6	24065	0.04203	22440	0.03235	25451	0.01087	863	0.04977	81	0.01607							
973	35343	4.62930	0																	
594	25040	4.68348	6	21492	0.03118	24147	0.00682	25308	0.00373	501	0.04615	340	0.01956	181	0.01370					
598	34707	4.36053	0																	
536	24071	4.64873	0																	
78	24484	3.84433	2																	
283	28401	4.90284	1	29686	0.02964	41234	0.01788			624	0.08920									
19	31876	4.35467	1																	
284	37793	3.73911	5							424	0.04620									
640	42342	4.78361	0																	
842	35023	4.43917	2																	
794	24722	5.00000	0																	
761	37394	4.66330	0																	
340	22439	3.83218	0	32433	0.01603	25812	0.01163													
594	22452	4.43222	3	22371	0.02337	23923	0.02002	24147	0.00821	175	0.09764	414	0.04071	340	0.01956					
106	36980	4.33666	0																	
412	20063	4.58724	6	25040	0.00106					340	0.00395									
283	21492	4.70215	2	22520	0.01253	24361	0.01184	21099	0.01065	917	0.06124	340	0.04295							
514	20597	4.14504	6							340	0.00414									
340	23907	4.60927	0																	
424	39384	4.85560	0	21522	0.03660	40682	0.00911			380	0.01509	490	0.00469							
610	35322	3.61410	0																	
258	23430	5.00000	5																	
91	32529	3.08918	0																	
19	20356	4.68346	0																	
763	34266	4.05380	0	34551	0.03822	37880	0.02683			94	0.09043	628	0.02266	3	0.01787					
882	23231	3.90945	3							569	0.04414									
299	25489	4.39673	0																	
761	43520	4.64389	0																	
95	38112	3.97481	0																	
909	28220	4.91951	0																	
292	40745	3.17084	0	25259	0.01204					889	0.02551	491	0.02202	92	0.00521					
514	40117	4.08856	0																	
509	33774	4.51389	2																	
218	23900	4.29025	5																	
222	23526	3.19903	0																	
471	36495	4.35329	6																	
807	30502	3.93626	0																	
957	30399	3.64741	3																	
962	23197	4.82077	0																	
504	36735	3.08132	6																	
492	23443	4.93521	1																	
183	25420	4.79819	0																	
375	24004	4.67090	0	25063	0.02529					860	0.02991									
337	21764	4.63445	0																	
813	40429	4.76290	0																	
81	28448	4.64061	0																	
896	30974	4.08056	0																	
319	20560	4.29336	0																	
47	23986	4.49393	0							848	0.05908									
352	31479	3.92314	0																	
152	29180	4.20573	0																	
28	37296	5.00000	0																	
340	20948	4.59971	0																	
389	21628	4.04790	0																	
678	22543	4.46821	0																	
832	25071	4.14334	0	21098	0.00419					741	0.00708									
340	20275	4.23081	0	24272	0.00289					848	0.05301									
467	20916	5.00000	4																	
18	23478	3.72290	0																	
196	43088	4.99247	0							514	0.01407									
8	33165	4.41271	0																	
181	30457	4.82840	0																	
3	30818	5.00000	3																	
569	21548	4.84049	0																	
551	22624	4.17889	0																	
569	23226	4.71130	0																	
763	22452	3.90030	3							340	0.01334									
145	20584	4.54865	0																	
552	35746	4.49459	5																	
19	32220	4.73799	0																	
904	40436	3.94369	0																	
361	34792	4.41695	2																	
422	21443	4.17884	0																	
83	31637	4.95789	4																	
142	36875	3.01847	4	37049	0.07207	37297	0.05116	36332	0.02533	92	0.02333	485	0.01986	446	0.01983					
538	20482	4.06424	0																	
283	40037	4.52888	0																	
523	20609	3.65779	2																	
813	32084	5.00000	1	25331	0.02620	25040	0.00817			486	0.02037	768	0.00584							
264	36674	4.19922	0																	
13	30537	4.48215	3	25093	0.02715	24493	0.02117	25096	0.01793	81	0.16716									
469	41620	3.66080	0																	
453	35687	4.17177	0																	
963	39535	4.14620	2							471	0.00844									
221	37178	4.40841	3																	
570	24287	4.31517	1							97	0.02826									
429	24624	4.33684	0																	
964	38357	3.16306	0																	
126	36192	4.88286	4																	
556	29684	3.22144	2	24078	0.05821					382	0.04669									
540	34444	4.73727	0																	
119	40860	5.00000	4																	
621	27402	4.40482	0																	
173	25092	4.54731	0																	
891	39341	4.30195	0																	
676	23481	3.21926	1	24484	0.01729															
478	36844	4.33983	0																	
695	24071	4.37618	0	24012	0.09229	24137	0.02890	23769	0.01170	171	0.10544	342	0.05942	38	0.04274					
723	23688	4.55598	3	34839	0.00484					81	0.03254									
98	30192	4.64045	0																	
397	36480	4.07635	3	38341	0.18647					503	0.17842									
566	36875	3.73956	4	37049	0.07207	39038	0.00879			960	0.06992	92	0.00697							
283	41625	4.48240	0																	
44	38548	4.42077	0																	
195	31479	3.29704	0																	
648	36275	3.54915	1																	
610	32070	3.62147	0																	
746	29674	4.97189	0																	
544	31243	4.66917	0																	
779	31549	4.53389	0																	
169	42865	4.81117	5																	
456	28388	4.70593	0																	
610	31696	3.64954	0																	
849	24754	4.61974	0																	
533	37290	3.92969	0	37266	0.02387	20019	0.01398			92	0.00582									
189	29759	3.91046	0																	
741	29122	4.77472	0																	
340	20817	4.53574	0																	
741	26769	4.74418	0																	
445	21246	3.85314	0																	
628	32531	3.75158	5																	
860	41247	4.70985	0																	
882	23871	3.75323	3	20055	0.01397					569	0.04414									
410	23335	4.66500	1	23370	0.11660	24650	0.05419	24367	0.03910	669	0.16186	676	0.03497	789	0.03225					
340	28837	4.55980	0																	
347	27212	4.66596	0																	
711	22155	3.73370	0																	
981	31025	4.55973	0																	
536	25331	4.46968	2																	
885	21440	5.00000	0																	
289	25331	4.67989	2																	
147	37753	4.63180	5	41045	0.00290					407	0.00264									
351	29691	5.00000	0																	
741	24510	4.72553	0																	
569	26035	4.74214	0																	
829	32464	4.90515	0																	
583	43548	4.27185	0																	
654	31701	4.64893	0																	
131	35117	4.69477	0																	
283	24963	4.48590	0																	
867	24240	4.13412	4																	
563	26324	4.33313	0																	
514	42334	4.11932	0																	
13	24460	5.00000	0																	
26	21973	4.72635	0																	
989	28173	4.49393	0																	
162	20639	4.21511	0																	
873	25183	4.62779	4																	
568	28939	4.95804	3							986	0.26186									
678	22544	5.00000	0																	
283	21860	4.46915	0																	
865	43329	4.66923	0																	
618	35963	2.91708	0																	
480	24275	4.82801	0																	
189	30351	3.68492	0																	
247	39125	4.61357	0																	
505	22983	4.51971	0																	
356	33833	4.20250	0																	
565	32614	3.28227	0																	
415	34616	4.33907	3	32084	0.05181					486	0.05724									
293	24099	4.26122	0																	
81	22616	4.53595	0																	
218	30684	4.57294	0																	
514	37752	4.01854	0																	
540	40222	4.74092	0																	
860	41345	4.71522	1																	
587	26067	5.00000	6																	
488	40572	4.12743	2																	
322	31554	4.18369	0																	
158	26083	4.69332	0																	
377	35047	4.58950	0																	
822	38651	5.00000	3	39516	0.10284					153	0.19009									
362	24380	4.51692	5																	
369	23458	5.00000	1	24004	0.03053					860	0.05872									
689	38961	3.68030	2																	
160	36875	2.73357	4	37297	0.05116	24039	0.01016	34791	0.00690	92	0.05696	446	0.02525							
59	35031	4.17653	0																	
38	34910	3.65449	5							424	0.01234									
265	28235	4.37990	0																	
676	24472	4.10153	1																	
141	26331	3.81728	0																	
190	30403	4.26236	0																	
72	34284	4.77081	0																	
142	38467	2.69558	0																	
639	43202	4.68457	0																	
485	41558	4.62727	0																	
733	24047	4.60581	3																	
619	36421	3.81343	3																	
707	33726	4.52705	0																	
132	24579	4.40603	6																	
7	22596	4.65815	0																	
90	28613	3.42215	0																	
181	22856	4.80768	0																	
944	29574	4.43134	0																	
940	20893	4.63024	0																	
216	41368	4.86262	0																	
932	37266	4.59895	1	37049	0.05246					160	0.04823	92	0.01398	408	0.01031					
975	24847	3.81538	0																	
866	27443	4.37901	0																	
835	22731	4.16924	0																	
593	27008	4.19657	0																	
819	35579	3.66389	0																	
568	29684	3.80833	2	23086	0.10728	30672	0.06358													
233	41537	4.41930	0																	
81	24503	4.62501	0																	
403	28806	4.01546	0																	
367	42852	3.50316	0																	
199	38346	3.28651	5																	
502	36375	4.86112	0																	
385	22360	4.17081	0																	
385	28340	4.21425	0																	
779	31412	4.50236	0																	
676	20324	3.84136	0																	
937	23292	4.44883	0																	
597	26001	4.68199	0																	
872	24791	4.88665	2																	
399	21492	4.91046	2																	
779	20009	4.61044	6																	
283	40112	4.59607	0																	
366	24375	4.55212	0																	
551	36259	4.25869	6																	
704	29273	4.42734	0																	
495	26086	4.78041	2																	
592	25040	5.00000	6	24240	0.01714	21099	0.00563			486	0.07947	758	0.00899	340	0.00243					
501	37826	4.58934	0																	
969	25213	4.60722	2																	
808	26695	5.00000	3																	
128	39585	4.77738	0																	
347	43185	4.67124	0																	
953	42696	4.80271	0																	
803	23916	5.00000	6																	
983	26043	4.84219	5																	
564	42874	4.92340	0																	
448	21795	4.35870	0																	
426	37475	4.83077	0																	
648	38369	3.90308	0																	
478	24385	4.20246	0																	
29	24797	4.47099	5																	
21	38081	3.13135	0																	
779	25480	4.46634	0																	
982	34897	4.26225	0	34497	0.02776															
514	41581	3.68047	6	41670	0.05201	36967	0.01281			865	0.01515	400	0.00545							
194	21492	4.03139	2							340	0.04977									
892	30462	4.53717	0																	
848	25300	4.39534	0																	
741	38464	5.00000	0																	
848	22545	4.44680	0																	
14	24039	4.68007	6	29717	0.01287					292	0.01126									
82	24424	3.00096	0																	
831	43264	4.45873	0																	
882	38879	3.91603	0																	
170	29908	4.70898	0																	
221	28026	4.92521	6	24525	0.01744					863	0.11314									
951	29135	4.50913	0																	
54	37049	2.46489	0							615	0.06840	92	0.05742	142	0.03280					
291	35371	4.27600	0																	
648	39211	3.82931	0																	
746	41861	5.00000	0																	
650	25978	4.67251	5							638	0.16953									
91	23945	3.10345	0																	
319	27556	4.24333	0																	
738	43274	4.83739	0																	
753	26494	4.69374	0																	
466	38025	4.33482	0																	
164	33313	4.58177	0																	
631	29975	5.00000	1	26043	0.02323					796	0.09500									
421	25335	5.00000	4																	
695	24240	4.36663	4																	
908	32109	4.35356	0	38908	0.01161	34107	0.00441			81	0.05338									
882	20345	3.95567	0																	
848	43242	4.48973	0																	
105	27519	4.70670	0																	
221	32501	4.61764	0																	
306	31058	4.91576	0																	
858	37784	5.00000	0																	
882	23214	3.96826	0																	
424	21492	4.95700	2	37758	0.00253					703	0.00142									
623	22357	4.46252	0																	
397	25329	3.89120	4																	
170	39456	4.68511	0																	
565	37070	2.74235	5																	
355	26636	4.76148	3																	
882	37288	3.92145	0																	
340	20761	4.58464	0																	
570	23383	4.02826	4	23271	0.02721					429	0.04743									
356	33590	4.37960	0																	
142	37565	3.00329	4	38084	0.06330	37297	0.02213			446	0.01983									
678	22607	5.00000	6																	
45	24935	4.85063	0																	
26	34588	4.66709	0																	
474	34707	4.12966	0																	
407	38690	4.23510	0																	
393	36317	4.15802	0																	
332	23558	4.36461	0																	
816	27374	4.80749	0																	
376	26645	4.10212	4																	
88	32016	4.06185	3																	
304	39241	5.00000	0																	
464	25229	4.51817	0																	
182	28007	3.54168	0																	
589	24071	4.41395	0																	
618	36312	3.97799	0																	
660	38908	3.97758	2																	
787	22571	5.00000	3																	
362	21533	4.93333	4																	
161	30620	4.61128	4																	
938	41348	4.68768	1																	
580	34839	4.33967	5																	
50	25278	5.00000	5																	
648	34418	3.97609	0																	
963	36791	4.88504	0																	
881	35088	4.43035	0																	
25	41322	5.00000	0																	
190	20371	4.21080	0																	
77	39835	4.34849	0																	
72	30636	4.83666	0																	
343	36378	4.78243	0																	
17	34918	5.00000	0																	
364	37266	3.35181	1	25031	0.00664					160	0.02604									
774	25216	3.07452	0																	
678	30202	4.82693	0																	
526	24027	5.00000	3																	
791	32210	4.23498	2																	
338	33121	4.40213	4																	
330	24271	4.16498	0																	
4	31652	4.62084	0																	
142	40626	3.38362	1	41075	0.04419					237	0.03823									
510	20399	4.69824	0																	
811	42600	4.28086	1																	
81	21038	4.69225	0																	
483	34144	4.93851	0																	
377	26377	5.00000	5																	
227	24048	3.54715	5	40447	0.03797	24650	0.03159	25369	0.02021	760	0.01103									
20	24624	4.38926	0	22620	0.02894					137	0.01689	848	0.00920							
400	38268	4.58524	0							407	0.07156									
891	23093	4.49344	3																	
699	26637	4.15080	1																	
179	37906	3.79749	0																	
221	22640	4.64754	0																	
618	34458	4.10108	0																	
570	38141	4.20228	0																	
388	42487	3.43166	0																	
886	24764	5.00000	5																	
514	43238	4.15886	0																	
514	41187	4.16222	0																	
570	25475	4.10993	0																	
505	22158	4.63119	0																	
175	26610	4.06335	0																	
187	41579	4.18584	0																	
480	40305	4.90459	0																	
627	37053	4.08810	5																	
866	31430	4.29889	0																	
514	33006	4.20363	3	41915	0.02403					230	0.01018									
514	42802	4.13424	0																	
924	35484	4.84898	0																	
573	34350	3.95549	5																	
511	29684	3.40446	2																	
688	33893	3.99845	0																	
334	22620	4.32278	5	22615	0.03697	24410	0.02381	30672	0.00643	137	0.09496	471	0.04131	20	0.02215					
862	37131	4.64235	0																	
811	41694	4.18805	0																	
53	36743	4.40259	0																	
892	23765	4.88072	3																	
982	36332	4.10323	4																	
991	23095	4.24570	0																	
514	28088	4.09974	0																	
779	20363	5.00000	1																	
527	34334	3.39159	0																	
741	29917	4.74237	0																	
340	25843	4.58600	0																	
385	37367	4.27406	0																	
646	27494	4.24829	0																	
874	22787	4.41454	0																	
538	22727	4.12245	1																	
162	30332	4.59508	0																	
850	22898	4.69610	0																	
243	25697	4.75856	0																	
285	40943	4.17350	0																	
603	40627	4.25679	0																	
522	26526	4.92131	0	26544	0.05091	26527	0.03583	26530	0.01758	248	0.16761									
213	22095	5.00000	1																	
514	39228	4.11345	0																	
105	35093	4.69310	0																	
701	24620	5.00000	0																	
408	39620	5.00000	1																	
618	35489	3.86315	5							344	0.07897									
37	36275	3.55765	1																	
765	36075	4.66004	2																	
228	24078	4.28597	1	30672	0.02431					124	0.09400									
647	30287	3.56616	0																	
514	44015	4.14106	0																	
594	33917	4.91294	1																	
443	36795	4.72814	0																	
575	23335	4.51755	1																	
774	39384	3.73321	0																	
491	25031	4.88347	0	30833	0.17417	25259	0.02292	37043	0.00697	231	0.03254	860	0.03230	129	0.02731					
53	42162	4.37935	0																	
866	34173	4.35152	0																	
676	23370	4.28238	0	23335	0.11660	22476	0.01918			410	0.03497	669	0.03283							
951	43866	4.57495	0																	
514	44018	4.15402	0																	
463	34501	4.95376	0																	
569	24946	4.78363	0																	
44	27151	4.62363	3																	
433	33623	4.38284	2																	
619	34989	4.09313	0																	
843	23055	4.87340	0																	
246	24401	4.34416	0																	
633	34877	3.28507	5																	
472	31026	4.32620	3																	
543	37336	3.53576	0																	
746	36093	5.00000	5																	
490	41348	4.11944	1																	
324	24334	5.00000	0																	
514	34965	4.20161	0																	
81	32898	4.58581	0																	
270	41325	5.00000	2																	
746	31003	5.00000	0	34579	0.00709					891	0.05559									
165	27238	4.42962	3																	
890	30672	4.12367	5							334	0.08540									
372	28371	4.54773	0																	
813	26617	4.78635	0																	
531	38053	4.81837	0																	
871	37596	4.90337	0																	
676	42701	3.96004	0																	
811	37046	4.25384	0																	
537	30672	3.36331	5																	
436	34936	3.76448	0																	
569	21550	4.74757	0																	
658	40417	4.61369	0																	
854	35348	4.85850	0																	
334	34399	4.20112	0																	
137	27025	5.00000	1																	
983	26091	4.67039	0																	
524	37519	4.18048	0							741	0.10513									
26	33664	4.68598	0																	
570	23555	4.10886	0																	
880	27257	4.33389	0																	
133	36293	4.38591	0																	
748	25040	5.00000	6	25921	0.02432					429	0.10657									
70	21894	4.83931	0																	
833	32546	3.66720	0							567	0.05711									
569	21538	5.00000	6	20374	0.14222	20361	0.06645	20368	0.03613	465	0.26167									
48	24644	4.63080	6																	
600	40910	4.71660	0																	
296	35697	4.21518	6							227	0.02626									
424	40936	4.76285	0																	
718	22205	5.00000	0																	
618	35574	4.10637	0																	
181	38470	4.81047	0																	
536	21099	4.78593	2																	
286	23220	4.28873	0																	
71	25766	4.69058	0																	
659	41295	3.93495	0																	
447	22584	5.00000	3																	
655	32308	5.00000	4																	
793	30732	3.32703	0																	
689	27467	3.47818	0																	
160	29970	3.89015	1	21531	0.15785					254	0.03933									
8	23955	4.01537	4							983	0.08093									
171	31724	4.77228	0																	
416	24626	4.99864	0																	
104	23568	4.35626	0																	
385	29415	4.24730	0																	
637	41482	4.57516	0																	
709	27445	4.61966	0																	
40	35913	2.66263	4																	
466	38110	4.42687	0																	
309	21505	4.90117	5																	
986	21277	4.71791	5																	
880	43205	4.24784	0																	
593	24751	4.92830	0																	
969	33241	3.97755	1																	
180	28633	4.23645	0																	
439	33482	4.71515	0																	
155	23089	3.87197	0																	
926	25073	4.42140	0	24924	0.44386															
227	22620	4.36716	5	40447	0.01236	25369	0.00544	24650	0.00481	471	0.06392	848	0.03073	760	0.01103					
887	41396	4.27934	0																	
336	34897	3.57970	0																	
522	23023	4.63449	0																	
562	40581	4.50248	0																	
692	36331	4.00527	4																	
329	25913	3.88673	0																	
13	25086	4.43414	6																	
631	31876	3.98481	1	26043	0.03218					796	0.09500									
514	36210	4.11222	0																	
424	42614	4.84212	1																	
246	24894	4.97912	6																	
82	20030	4.41351	0																	
181	38908	4.66333	2	24620	0.01011					10	0.02291	81	0.00755							
598	24028	4.36173	0																	
793	42427	3.19519	0																	
895	38894	4.77651	0	37785	0.05330					563	0.04284									
188	30147	4.64179	3							853	0.02222									
926	23479	4.83624	0																	
461	36383	4.89685	0																	
94	21275	4.82940	0	26075	0.02080	34266	0.01322	34551	0.00519	628	0.02026									
89	36930	4.01155	5																	
892	25906	4.64438	0																	
866	21041	4.44364	0																	
994	36738	4.37090	0																	
974	38740	5.00000	5																	
458	42061	3.79869	0																	
570	21566	3.92373	1																	
976	24684	4.52153	0																	
578	35026	4.08425	0																	
521	25358	4.16403	1																	
423	22571	4.27817	3																	
209	36806	4.24416	0																	
939	41285	4.59207	4																	
640	39165	4.70927	0																	
873	42498	3.77563	1																	
227	25105	4.42420	2																	
469	21309	3.26359	0																	
138	21780	4.71063	0																	
997	38347	4.38971	0																	
133	38858	3.51999	0																	
911	39523	4.22707	0																	
966	26449	4.40222	2																	
254	33643	4.71567	0																	
340	24926	4.62623	0																	
478	26700	4.22842	0																	
940	41349	4.61081	0																	
719	38316	4.72873	0							514	0.00100									
207	41511	3.35066	0																	
338	20406	4.70187	0																	
383	29637	4.50345	0																	
223	22655	3.67463	0																	
811	33201	4.22482	0																	
468	35629	4.82135	0																	
284	38223	3.67850	0																	
945	31516	4.57058	0																	
678	25369	4.76209	2	24650	0.00275					227	0.01386									
100	22003	4.80669	2																	
175	32579	4.45369	2	23923	0.02999					594	0.09764									
826	25715	4.92807	0																	
987	37514	3.49366	0																	
201	25667	4.69581	0																	
711	39300	3.19166	5																	
179	27367	3.86108	0																	
983	25031	5.00000	0																	
593	26067	5.00000	6																	
486	29772	4.48224	0																	
570	25004	3.24486	0																	
470	25258	4.27325	0																	
154	37441	4.66867	0																	
902	38380	4.73064	0																	
193	32501	4.05173	0																	
839	38852	3.57883	2																	
181	24347	5.00000	3							81	0.00755									
347	20601	4.62236	0																	
81	25427	5.00000	0	25487	0.07985	25426	0.06781	25421	0.02456	548	0.08841	82	0.04543							
20	24085	4.65440	0																	
642	36939	4.47533	0	37266	0.00851					160	0.00796									
387	20237	3.78571	0																	
813	21052	4.73589	0																	
448	36485	4.31280	0																	
709	21917	4.82395	4																	
939	40258	2.81152	0																	
973	42167	4.54299	0																	
407	36722	4.34094	4																	
633	24131	4.54222	0																	
570	23791	3.60136	5																	
594	41511	4.48915	0																	
808	29871	4.79698	0																	
70	39874	4.51927	0																	
121	21092	5.00000	1																	
70	29482	4.81868	0																	
162	21764	4.24042	0																	
142	40044	3.92792	0																	
327	30559	4.86670	0																	
514	42090	4.10371	0																	
891	37259	4.56612	5																	
518	32564	5.00000	4	25698	0.33909	25703	0.08187			32	0.74219									
974	23897	4.83387	0																	
292	22004	4.69799	2	25259	0.01048					436	0.03988	491	0.02202							
950	38100	4.91953	0																	
880	27415	4.14535	0																	
498	28037	4.68220	0																	
466	38840	3.81506	0																	
248	22356	4.47949	0	26530	0.06224	26527	0.05003	26544	0.03940	522	0.16761									
77	23160	4.31655	0																	
746	32308	5.00000	4																	
252	33220	4.97861	0																	
292	37043	4.04252	0	40586	0.01988	25031	0.00697			860	0.04667	491	0.02202							
30	26313	5.00000	4																	
804	35634	4.61339	6																	
889	38046	4.05350	6	39787	0.32281					960	0.03597									
950	26884	4.88938	0																	
29	33409	4.12979	0																	
641	24115	4.71075	0																	
645	28026	3.88151	6																	
425	28266	5.00000	2																	
573	31828	4.59857	2																	
478	34354	4.23226	0																	
340	24589	4.70482	0	26076	0.09928	24592	0.08469	24593	0.06840	848	0.05301	784	0.04077							
407	35271	4.14670	0																	
807	24696	3.89645	1																	
880	32818	4.21845	0																	
505	20595	4.85019	4																	
382	30672	4.00860	5	34978	0.07228	29684	0.06358	24078	0.02431	239	0.16892	705	0.06629	334	0.02218					
670	29040	4.46796	0																	
105	27431	4.71277	0																	
613	33874	4.79194	0																	
26	39662	4.67819	0																	
583	43071	4.14698	0																	
81	21505	4.29444	5																	
225	42093	4.86886	0																	
33	37272	4.19503	0																	
948	41272	4.76264	3																	
866	20979	4.71206	2	27433	0.02676					893	0.09766									
889	29859	4.31669	0																	
635	25068	4.24685	3																	
105	27543	4.81019	0	21241	0.05289					644	0.08486									
100	32983	4.86326	5																	
461	36374	4.90001	5																	
81	24563	4.63646	0																	
837	41320	4.93694	0																	
181	28542	4.87740	0																	
763	21491	3.31743	3	34551	0.04661					94	0.09043									
594	32021	4.61753	0																	
466	38081	4.39983	0																	
0	36819	4.70989	0																	
556	26637	3.44716	1																	
14	22554	5.00000	6	31854	0.00639					340	0.01039									
322	34910	3.57715	5							424	0.01162									
770	42681	4.98206	4																	
653	22554	5.00000	6																	
424	21275	4.82315	0	34266	0.01322					628	0.01104									
645	29914	2.85584	0																	
159	23184	4.42308	6																	
875	21518	4.16552	0																	
256	33572	4.22332	0																	
652	40525	4.91730	0																	
983	23340	4.56526	0																	
351	23021	4.93671	0																	
969	24797	4.63732	5																	
170	38293	4.64697	0																	
535	21970	4.23428	0																	
329	23675	3.40187	0																	
81	25432	4.65135	0																	
419	35715	4.42555	0																	
81	21517	4.81461	1																	
334	22727	3.98602	1	22716	0.09113	31002	0.06457			4	0.04215	835	0.04200							
282	26173	4.73707	0																	
386	24272	4.29959	6	28227	0.02216					440	0.06844	848	0.01378							
505	21758	4.56914	0																	
570	26506	4.11832	0																	
813	25709	4.82954	0																	
948	37662	4.88295	0																	
577	39384	4.21451	0																	
466	38270	4.43015	0																	
514	36367	4.11124	0																	
448	32749	4.35386	0																	
379	38667	4.50692	0																	
240	22323	3.02011	0	26544	0.07440	27460	0.07008	22421	0.01777											
478	40607	4.30090	0																	
886	25985	4.77748	0																	
658	38610	4.58570	0																	
621	21666	4.43247	0																	
761	37638	4.02760	0	40447	0.01119															
983	23164	4.47795	0																	
504	38241	4.01452	0																	
168	38262	4.67889	0																	
340	24347	4.75571	3	25308	0.01043					81	0.00897									
779	24820	4.52285	0																	
514	39473	4.08937	4																	
989	37134	5.00000	3																	
672	23519	4.03297	0																	
177	43032	3.15212	0																	
618	37065	4.84660	0							21	0.18267									
746	34283	4.97461	0																	
590	28871	4.56753	0																	
514	40096	4.05896	0																	
676	23860	3.85480	0																	
567	27536	4.11892	6																	
676	41635	3.81304	0																	
432	35317	4.49222	0																	
835	25065	3.80740	0	32554	0.01518					66	0.20936									
478	40549	4.22494	0																	
514	41551	4.00850	1																	
710	31524	4.34888	5																	
26	36494	4.71554	0																	
420	43460	4.52455	6																	
882	24501	4.02016	0																	
227	22621	4.06949	2	25369	0.01033	25262	0.00733	40447	0.00524	471	0.06392									
811	33634	4.26368	0																	
377	28085	4.48970	0																	
221	24700	4.78390	0																	
332	27029	4.74188	0																	
676	23105	2.83731	6	24046	0.01174	22476	0.00804			761	0.08887									
441	24414	5.00000	0																	
247	35743	4.49325	0																	
684	40704	4.64197	0																	
871	39238	5.00000	2																	
584	22584	3.83165	3																	
227	24472	4.09394	1																	
180	28341	4.17734	0																	
335	31003	4.77569	0	30147	0.04290					365	0.08141									
582	25622	5.00000	2							401	0.11515									
758	35461	4.11824	0																	
505	27116	4.68815	0																	
424	43965	4.99271	6																	
779	23651	4.18616	1																	
55	30147	4.57345	3	39516	0.05900	22620	0.01115			153	0.05664	853	0.01543							
217	35549	4.48661	2																	
36	41246	4.22815	0																	
588	21044	3.99538	3	21061	0.03159					168	0.06865									
274	35144	4.49244	0																	
43	34053	2.94048	6																	
173	25653	4.17214	6							340	0.01168									
594	41045	3.99179	3							514	0.00029									
741	24675	5.00000	5																	
29	21979	4.41777	5	24579	0.02352	25306	0.02195			93	0.10608									
321	42027	4.48165	0																	
76	23874	3.51164	0																	
41	28759	4.69313	0																	
121	21091	4.37084	0																	
291	31558	4.07830	0																	
248	25240	4.91119	0	25331	0.03901					343	0.01402									
575	24953	4.76707	0																	
904	41068	3.92094	0																	
891	21917	4.42263	4																	
26	31591	4.71474	0																	
538	26217	4.12946	0																	
779	24397	4.46729	0																	
567	24254	4.24951	3																	
388	41684	4.16616	1																	
114	29963	4.85267	2																	
848	23269	4.09952	6	23436	0.18011	23357	0.15776													
424	39894	4.60713	0																	
469	24047	3.19032	3	25369	0.00835															
186	40366	4.87366	5																	
955	36398	2.92932	0																	
982	34425	4.25850	0																	
594	35243	4.54200	6																	
888	31900	4.56896	0																	
510	24839	4.68929	0																	
565	35376	3.17994	0																	
121	32126	4.32353	3																	
26	31487	4.72621	0																	
246	24549	4.36805	0																	
860	23799	4.85861	0	24004	0.15094					369	0.05872	358	0.03776							
879	31026	4.67309	3	30925	0.02269					19	0.07631									
334	34627	4.41787	0	21275	0.01892					68	0.08210	763	0.02426							
457	25052	4.80878	0																	
209	26011	4.17133	0																	
81	25039	5.00000	2	25903	0.01389					429	0.02498									
440	43391	4.62515	0																	
918	24338	3.95641	0																	
371	41075	2.76885	0																	
65	24247	4.66122	1																	
105	22533	4.47859	0	24650	0.04309					410	0.02675	381	0.01337							
474	32042	4.24034	0																	
648	37794	3.61298	5																	
676	23483	3.98014	4																	
860	37336	4.65846	0																	
710	24137	4.17208	5	24071	0.02890	31663	0.00847			171	0.03450	38	0.02997	424	0.01438					
771	37880	4.29299	0																	
607	34819	4.88019	0																	
530	37297	3.93566	5																	
148	30558	4.76424	0																	
340	25850	4.52691	0																	
460	27704	4.58548	0																	
753	30368	4.66850	0																	
539	33277	4.72762	0																	
321	36744	4.71618	0																	
514	33495	3.63076	0	31474	0.02828	24065	0.01963													
853	39269	4.07312	5																	
974	38241	4.68285	0																	
649	24384	5.00000	2																	
873	36906	4.17327	5																	
951	41972	4.56981	0																	
829	26791	4.95779	0																	
676	23476	3.85518	0																	
81	23270	4.63267	0																	
76	39891	4.59230	0																	
854	26073	5.00000	0																	
424	39850	4.29786	2	39912	0.05390	36930	0.01185			471	0.04264									
271	35041	4.22362	0																	
575	29580	4.31824	0																	
873	37199	4.04127	4																	
23	35906	3.96973	1	37642	0.12731															
168	26520	4.67433	0																	
510	30645	4.71735	0																	
357	24221	4.59006	0																	
986	25291	4.60573	5																	
581	32748	4.54253	5																	
319	25798	4.20077	0																	
162	40718	4.23145	0																	
838	43186	4.86035	0																	
340	23367	4.69235	5	23403	0.01317	25308	0.00563			594	0.01956									
340	25871	4.49321	0																	
599	30987	4.85791	5																	
105	27425	4.69715	4																	
436	32393	4.01532	0																	
676	43678	3.34964	5																	
781	24754	4.37214	0																	
501	37459	4.73602	0																	
319	43903	4.18449	0																	
572	33027	5.00000	3																	
22	24141	4.95120	2																	
537	27543	5.00000	0																	
567	32939	4.11928	0																	
570	25360	3.54538	1																	
893	35023	4.31385	2																	
160	32013	4.69241	0																	
355	33474	4.85543	0																	
13	25081	4.60207	0																	
207	23455	3.37133	0																	
827	25331	4.75542	2	25240	0.03901					343	0.11505									
312	30636	4.62049	0																	
577	41526	4.47198	0																	
834	29757	4.49200	0																	
26	37421	4.65174	0																	
954	34266	4.31370	0																	
93	31758	4.07679	3																	
329	37776	3.82051	1																	
474	25216	3.27078	0																	
513	28939	4.22984	3							345	0.07704									
675	27468	3.95213	3																	
743	42255	4.28680	3	40386	0.01458					882	0.02418									
576	24252	4.53615	0																	
469	24579	3.77966	6	24559	0.07966	25306	0.03497	24624	0.01959	29	0.13445	696	0.02916	137	0.02677					
973	39127	4.61748	0																	
335	21919	4.32870	0																	
926	23594	4.96539	0																	
246	33077	4.10793	0																	
621	23959	5.00000	6																	
575	21590	4.27285	0																	
525	27453	4.36741	0																	
93	31140	4.42417	0																	
101	26451	4.63343	2																	
994	37425	4.11328	0																	
569	32025	5.00000	0																	
303	26075	4.69596	0	34551	0.06342					94	0.06985									
61	24393	4.96470	0																	
300	31115	4.51032	0																	
654	42646	4.75335	0							514	0.01721									
272	36987	3.01897	0																	
811	21447	4.22966	0																	
81	21034	4.60234	0																	
141	35850	4.07956	0																	
381	35697	4.38013	6	24559	0.01279	24579	0.00541			29	0.01471	227	0.01107							
689	36980	3.94391	0																	
372	29019	4.60524	0																	
853	30748	4.86349	3	30672	0.10080	30147	0.02025			228	0.04353	153	0.02355							
867	24012	4.35599	3																	
959	26656	5.00000	1																	
567	34540	4.31068	2																	
334	31558	4.18574	0																	
161	32006	4.37226	0																	
162	35702	4.19382	0																	
22	26635	5.00000	1																	
81	28782	4.35661	5	23900	0.03306	25308	0.03016			440	0.02093									
397	20063	3.78930	6																	
882	38674	3.93422	0																	
805	21275	4.11494	0																	
356	23852	4.24361	2																	
887	36946	3.73368	3																	
363	38249	3.96072	0																	
648	35469	3.91619	0																	
944	28669	4.51207	0																	
461	38865	4.91809	0																	
194	36856	3.70657	0																	
214	32515	4.51547	3																	
673	38080	5.00000	1																	
606	25040	4.78962	6																	
264	34762	4.03719	1																	
847	28571	3.85542	0																	
505	20256	4.61256	0																	
643	33715	4.48644	0																	
211	24115	5.00000	0																	
173	39448	4.64453	0																	
983	24267	4.53180	1																	
9	31629	4.37498	0																	
413	43736	4.83051	0																	
575	29762	4.77809	0																	
570	23601	4.19062	0																	
514	37276	4.02338	3																	
283	30204	4.57269	0																	
541	32382	5.00000	4																	
230	30027	4.72055	0																	
659	23560	3.60921	1																	
380	28250	4.86499	2	21522	0.00286					424	0.01509									
618	37073	3.53631	1	36930	0.01541					471	0.02473									
277	27263	4.88113	0																	
880	31966	4.16615	0																	
655	39516	4.36124	3	32385	0.07165															
848	33247	4.43144	0																	
29	32016	4.72796	3																	
504	36946	3.34964	3																	
922	27386	4.70650	0																	
485	36076	4.62981	2																	
458	41551	3.72540	1																	
570	25811	4.06605	0																	
142	35182	3.95320	0																	
26	35586	4.67366	0																	
649	24765	4.89702	6																	
676	27011	3.93838	3																	
251	31474	4.90042	3																	
319	42769	4.21788	0																	
501	34707	4.63494	0																	
634	33638	4.63513	0																	
604	33077	4.32468	0																	
860	38437	4.88724	0																	
242	40204	5.00000	0																	
70	29502	4.88776	0																	
254	27761	4.63595	0																	
753	26498	4.70770	0																	
81	25040	4.87788	6	25903	0.01140	23900	0.00547	25308	0.00373	429	0.02498	340	0.00897	181	0.00755					
910	32270	4.67975	0																	
866	28148	4.34606	0																	
741	26689	4.72834	0																	
850	34445	4.78937	0																	
879	31462	4.61599	0																	
216	38757	4.81420	0																	
891	31900	4.33469	0																	
505	21343	4.62812	0																	
45	22184	4.89379	0																	
109	24653	4.74486	2																	
848	30662	4.48463	0																	
652	41943	4.73500	0																	
81	28266	5.00000	2																	
836	30969	5.00000	0																	
676	22709	4.00629	4																	
89	33738	4.23523	0	37187	0.23039	37707	0.07798			512	0.04414									
5	32418	4.91045	0																	
634	33055	4.80259	0																	
952	39204	4.83955	3																	
