986	20916	4.73335	5	25291	0.00372					334	0.05076									
105	21921	4.76722	0																	
678	25369	4.79928	3	24650	0.00602					227	0.00756									
455	33529	4.52808	0																	
631	23014	4.80931	0																	
838	37113	4.69522	0																	
805	21275	3.91344	0																	
404	36262	4.71641	0																	
48	23470	5.00000	0																	
513	32385	4.20415	2	30672	0.01365					334	0.00291									
866	31430	4.32426	0																	
634	42477	4.50106	4																	
175	41615	4.98861	6																	
795	25920	4.51707	0																	
501	35594	3.47119	0																	
895	33346	4.97119	0																	
468	35629	5.00000	0																	
414	24622	4.47468	5																	
983	35225	4.51551	0																	
813	35594	3.65282	0																	
741	24114	4.81005	0																	
741	37966	4.73618	0																	
368	32598	4.16857	0																	
873	31744	4.75035	3																	
165	23900	3.73960	5	23769	0.04208					218	0.04406	171	0.02405							
566	24749	4.91035	0																	
660	40212	3.48257	0																	
168	23512	4.70206	0																	
430	31462	5.00000	0																	
951	42161	3.84762	0																	
684	24664	4.58890	0																	
340	23692	4.53534	0																	
910	20452	4.69832	0																	
373	32695	4.73926	0																	
544	25791	4.92064	0																	
283	26539	5.00000	0																	
64	33515	4.99817	0																	
469	42477	3.65356	4							176	0.04147									
701	30282	4.96764	0																	
505	20595	4.23028	4																	
655	36442	3.76483	5																	
865	23243	5.00000	1																	
414	40244	4.42490	0																	
646	32569	4.89733	0																	
567	32751	4.23130	0																	
415	25369	4.28318	3																	
292	24039	4.47088	5							160	0.01521									
938	41348	4.22855	0																	
787	30259	4.44237	2																	
383	26314	4.50404	0																	
652	41791	4.42996	0																	
356	33700	4.16629	0																	
151	41225	4.89888	0																	
514	43055	4.07011	0																	
55	30147	4.75048	3	39516	0.05138					153	0.02057									
784	24592	3.90666	0							848	0.02675									
886	25985	4.88564	0																	
860	41247	4.66873	0																	
696	25716	4.62571	2																	
811	42740	4.23938	0																	
479	35347	4.72711	0	32897	0.19627					896	0.27173									
291	37729	4.07117	0																	
410	23370	4.09575	1	23335	0.02547	22476	0.01207			669	0.06743	676	0.04603							
462	21554	4.99232	3																	
741	26450	4.66312	0																	
17	36875	3.37806	4	38735	0.00667															
54	21269	2.65115	4																	
848	28727	4.47832	0																	
213	22095	5.00000	1																	
569	37261	4.90496	4																	
987	36527	3.62524	0																	
696	22663	5.00000	0																	
269	34392	4.45438	0																	
569	23231	4.10147	3							882	0.06035									
132	24579	4.38049	6																	
46	41277	4.86167	0																	
377	29717	4.93161	0																	
340	21624	4.49502	0																	
252	24221	5.00000	1																	
406	29887	4.20170	0																	
40	38223	2.31381	0																	
292	35748	3.21847	6	39599	0.02557	38098	0.00483													
7	31637	5.00000	0																	
986	22719	3.98460	1	22729	0.10044					835	0.10784									
891	38926	4.57473	1	38862	0.00745					577	0.01336									
955	39062	3.79307	0																	
448	38464	4.80761	0																	
81	24485	4.62379	0																	
385	21572	4.15756	0																	
340	24797	4.86915	1																	
723	34839	3.78626	0	23688	0.00844					81	0.01663									
4	22727	4.66180	5	31002	0.01193					334	0.02562									
106	24620	4.43624	0																	
479	32493	4.92226	0																	
329	41771	3.87497	0																	
544	21140	4.65952	0																	
81	22665	4.34817	1																	
993	43171	4.77807	0																	
538	23430	4.10409	5																	
13	25079	4.75383	0																	
448	41798	4.46179	0																	
880	20966	3.82005	0																	
641	23300	4.69841	5																	
787	28253	4.55699	3																	
848	26273	4.64801	5																	
52	31938	4.83640	0																	
744	29190	4.33808	0																	
505	32244	4.52248	0																	
545	23259	4.31646	0																	
880	27415	3.92929	0																	
739	23690	4.18345	0																	
195	32905	4.22273	0																	
397	20063	3.86260	2							654	0.14098									
774	25216	3.41805	3																	
354	40480	4.93767	0																	
84	37877	3.60995	0	37758	0.05441															
719	41045	4.18532	3							514	0.01911									
653	42477	4.73242	4																	
407	35271	4.32278	0																	
779	25480	4.52600	0																	
774	22517	3.86698	5																	
731	35773	4.27841	0																	
952	39204	5.00000	3																	
514	41756	4.39217	2	42646	0.01612	41045	0.01338	37561	0.01003	654	0.01898	793	0.00753							
811	39659	4.22851	0																	
64	34512	4.76251	0																	
882	39688	4.06945	0																	
283	39308	4.56346	0																	
31	25411	4.30362	3																	
181	24620	4.86436	0	38908	0.01971					10	0.03923									
648	38527	2.67365	3																	
972	39567	3.80997	0																	
550	33039	4.33035	5																	
10	32177	3.82797	4	24620	0.02142					29	0.04564									
998	25404	4.47149	0																	
514	35330	4.06595	0																	
940	34627	4.22094	0																	
793	24978	3.96430	0																	
117	23096	3.89273	4	29963	0.01273															
983	25424	4.54822	0																	
514	41343	4.01917	2																	
505	30096	4.47075	0																	
571	23688	4.24094	3							340	0.02719									
505	21723	5.00000	1																	
980	35968	3.87431	1																	
953	42696	4.82601	0																	
621	23778	4.30152	0																	
741	20139	4.73374	0																	
664	33802	4.44253	0																	
497	25040	4.38041	2																	
514	25240	4.24934	3																	
833	32546	5.00000	0	32210	0.00467					567	0.01721									
230	22705	5.00000	4																	
140	38960	3.38358	0																	
875	39422	4.47872	0																	
160	21531	4.99412	1	29970	0.05727	37297	0.01220			254	0.08318	227	0.05492							
835	27172	4.41408	0																	
360	32939	4.33831	0																	
594	29926	4.56599	0																	
643	36968	4.46142	0																	
933	37065	4.87337	1																	
338	25270	4.68837	0																	
4	22745	4.48327	0																	
873	24808	4.64362	0																	
745	34497	4.06723	5																	
618	36067	4.01190	0																	
712	36376	4.55412	0																	
613	25899	4.74452	0																	
870	34434	5.00000	0																	
904	39187	4.09919	0																	
751	23295	4.91933	0																	
396	42132	2.98569	6																	
142	38119	3.38365	1	41075	0.02992					408	0.01146									
570	29762	4.53572	2	30755	0.02720	25812	0.01274			340	0.07883	541	0.04702							
897	43462	4.61587	0																	
570	34815	4.14330	0																	
541	31871	4.57757	0																	
610	35322	3.63330	0																	
18	23399	4.93087	6	23478	0.00125					340	0.02845									
400	39427	4.35156	1																	
152	24932	4.47866	1																	
392	30613	4.90797	0																	
514	42452	3.98618	0																	
598	34702	4.19545	6	35906	0.01533					643	0.02918									
632	23436	3.63887	0																	
960	38046	4.25968	0	37564	0.03312															
570	27565	4.36584	0																	
813	23176	4.67319	0																	
356	33346	4.42142	0																	
541	25040	4.92900	2																	
542	35000	2.94004	4																	
321	42027	4.47651	0																	
543	37134	3.69915	0																	
530	34910	4.08873	5																	
875	33726	3.64435	0																	
965	24753	4.47488	0																	
923	26526	5.00000	2																	
570	23365	4.21167	0																	
248	29931	5.00000	3																	
694	37706	5.00000	0	32210	0.00132					514	0.00239									
848	23356	4.63495	1	25115	0.12405	23986	0.11937	24272	0.01563	47	0.08002	386	0.02010							
75	24655	4.46207	3																	
70	43883	4.82983	0																	
340	23954	4.47970	0																	
527	20108	3.31201	0																	
821	37178	4.48697	5																	
44	33759	4.36697	0																	
882	24599	3.98817	0																	
830	28025	4.82922	0																	
259	42537	4.13243	0																	
646	27494	4.76318	0																	
844	30243	5.00000	1																	
360	22584	4.72514	3																	
505	30607	4.57290	0																	
330	24442	4.69781	2	26527	0.02860	26530	0.02303			522	0.08868									
511	36875	2.98128	4																	
672	23519	4.27751	0																	
848	23346	4.56387	0																	
15	27473	4.58206	0																	
514	36086	3.44132	0	35875	0.00959															
26	34058	4.70077	0																	
793	27494	3.91873	0																	
956	31637	4.79420	0																	
265	24532	5.00000	6																	
704	29273	4.29135	0																	
815	36250	4.88569	0																	
610	31696	3.63290	0																	
531	38638	4.84422	0																	
866	24674	3.30897	0																	
514	42573	4.08925	0																	
793	34526	4.04519	0																	
339	23457	4.58182	0																	
598	34975	4.17694	0																	
441	24078	4.59465	5																	
245	32687	5.00000	0																	
461	38865	4.77616	0																	
357	26804	4.73613	0																	
943	21896	4.25297	0																	
586	42224	4.51665	0																	
832	21500	4.62465	3	21491	0.00754					309	0.03276									
364	36134	4.51827	4																	
439	21222	5.00000	6																	
850	29672	4.83226	4																	
103	26345	4.42415	5																	
567	31609	4.17611	0																	
813	34571	4.71479	0																	
444	35000	3.85267	4																	
397	24412	3.98749	0																	
347	41578	4.54111	0																	
334	30157	4.03586	0																	
97	21430	4.34936	0																	
546	22178	4.70288	0																	
761	34888	4.40468	0																	
29	30653	4.57313	6																	
997	38347	4.44437	0																	
207	41511	3.42806	5																	
593	27548	4.92224	0																	
813	41302	4.71944	0																	
26	34240	4.64150	0																	
630	27371	4.88617	0																	
161	23494	3.97092	1																	
832	24012	4.92226	3																	
347	39300	4.15357	3																	
569	20537	4.71889	3																	
758	20599	4.22475	0																	
986	22266	3.18887	4	28939	0.06852															
354	35993	5.00000	1																	
16	28807	5.00000	3																	
382	24078	5.00000	5	30672	0.09335					124	0.03316	228	0.00747							
660	38721	3.49099	0																	
514	43665	4.05295	0																	
519	22972	5.00000	5																	
707	38050	3.78372	0																	
647	23554	4.75284	0																	
644	43418	4.63059	0																	
925	23221	2.16027	0																	
891	37259	4.59284	5	21917	0.17107					709	0.05420									
664	24263	4.61828	6																	
621	22064	4.30952	0																	
340	20948	4.46734	0																	
71	42781	4.69155	6																	
564	35697	4.25378	1																	
495	25920	4.54729	0																	
594	23399	4.43271	6	38406	0.01248	22452	0.00353			340	0.04237									
575	25329	5.00000	4																	
452	37264	4.30533	0																	
501	25427	5.00000	3							81	0.00644									
894	43895	4.75987	0																	
385	25514	4.25930	0																	
848	22545	4.42562	0																	
524	37436	5.00000	0	37519	0.01394					741	0.08376									
492	24521	4.67873	0																	
523	31009	3.82239	0																	
514	29964	4.06742	0																	
893	33907	4.63334	0																	
117	36942	4.60938	0																	
350	43232	4.18888	3																	
335	21617	4.11354	0																	
427	40501	4.82842	0																	
612	23974	4.86596	0																	
676	41214	4.07404	0																	
414	31388	4.37683	0																	
148	30558	4.90112	0																	
741	26406	4.75985	0																	
763	20609	3.34525	0																	
535	28769	4.15852	0																	
180	28341	4.26404	0																	
107	20019	4.70544	2							566	0.01072	533	0.00071							
151	22129	4.80002	0																	
47	23987	2.94754	0																	
848	23436	4.52482	0																	
911	24862	4.30683	0																	
429	25040	5.00000	2	25921	0.03462	25039	0.02206	21492	0.02041	748	0.15280	81	0.03357	703	0.01414					
848	21400	4.50510	0																	
126	42606	4.73835	0																	
608	37882	4.30925	0																	
410	24367	3.87682	5	23420	0.03704	23448	0.03399	23335	0.02934	227	0.04820									
458	41820	4.48366	0																	
81	25466	4.58301	0																	
429	24656	4.97474	3	24624	0.02057					137	0.02821									
505	20255	4.51619	0																	
514	40146	4.03156	0																	
385	21368	4.22845	0																	
770	41794	4.34950	0																	
741	30313	4.77169	0																	
594	37297	4.06762	4	36967	0.00429															
514	42334	4.09998	0																	
36	41246	4.35103	0																	
273	31981	4.12046	1																	
776	26363	4.49696	0																	
306	31058	4.82929	0																	
388	38838	4.33340	0																	
479	36722	4.73706	0																	
533	37290	3.23410	0																	
443	23993	5.00000	0	25259	0.02112					292	0.03659									
51	24765	4.48835	6																	
697	39074	4.12428	0																	
535	23243	4.66446	1																	
741	26184	4.73407	0																	
613	33874	4.86875	0																	
619	34989	4.27390	0																	
828	34615	4.46962	2																	
514	40296	3.65329	6																	
686	20892	4.97000	4																	
385	31188	4.16246	0																	
140	31787	3.60627	0																	
230	41573	4.81238	0																	
794	24722	4.91831	0																	
319	23264	4.14812	0																	
793	25040	4.26890	2																	
761	39532	4.78777	1																	
649	24384	5.00000	2																	
643	34832	4.48998	0																	
505	28782	4.01583	2																	
281	32871	4.35662	0																	
14	22528	4.69006	0																	
816	27372	4.90153	0																	
648	38921	2.91734	0																	
174	25924	4.39601	0																	
808	21099	5.00000	2																	
570	23271	4.14887	4																	
485	37158	4.56431	0																	
875	32116	4.34838	4																	
274	36093	4.74841	4																	
168	21045	4.82628	0	21061	0.01533					514	0.01601									
246	24549	4.43854	0																	
466	38102	4.37429	0																	
514	28722	4.12177	2																	
570	24770	4.25402	0																	
288	29831	4.77786	0																	
525	37543	4.00877	0																	
55	29685	4.04259	6	24656	0.08443					591	0.02430	105	0.01767							
570	23332	4.48910	0	23357	0.03122					848	0.01811									
424	24071	4.52256	0	24137	0.07445	24012	0.07400	37474	0.03152	514	0.03399	38	0.02560	710	0.01986					
725	30835	4.70987	0																	
676	23476	3.96390	0																	
397	23600	4.08740	6																	
618	36312	3.96483	0																	
175	22371	4.52653	5	32579	0.00948	22452	0.00902			594	0.07042									
835	26730	4.52749	0																	
971	22571	4.15668	3																	
334	22621	4.44494	2							227	0.02824	471	0.00870							
54	36875	1.94535	4							142	0.04663	92	0.03888	446	0.01328					
382	29684	4.15962	1	30672	0.02721															
625	35942	5.00000	1							411	0.01509									
81	21069	4.58457	0																	
388	29753	4.64172	4	24045	0.02423					944	0.09765									
601	42300	4.18175	0																	
146	24071	4.94008	0	40745	0.00355					514	0.00468									
300	38327	4.54291	0																	
84	26043	5.00000	6	26042	0.00854					401	0.03341	424	0.00242							
350	42167	4.88100	0																	
81	21036	4.59780	0																	
407	38415	4.20270	0																	
80	25626	4.33998	4																	
230	33540	4.85455	3																	
787	22571	4.03564	3																	
793	26767	3.84242	0																	
31	31026	4.50609	2																	
303	38315	3.92104	0																	
252	27841	4.79417	0																	
18	37175	4.89648	0																	
83	31802	4.38266	0																	
565	36344	4.26359	0																	
70	25957	4.89517	0																	
570	23375	4.15749	0																	
816	27374	4.84911	0																	
668	37840	4.37525	6																	
762	31474	4.46543	0																	
501	24770	4.72167	0																	
983	25031	5.00000	1	26043	0.00268					491	0.00704									
865	43144	4.73880	0																	
804	35634	4.58672	6																	
813	32474	4.69730	0																	
882	37288	4.04558	0																	
107	41075	4.03531	1	39787	0.17873	37876	0.00904	37664	0.00683	371	0.07879	408	0.03479	117	0.01272					
889	39787	3.51243	2	34192	0.00634					107	0.02806									
811	20363	4.47827	5																	
594	34944	4.50549	0																	
514	43680	3.96170	0																	
575	20304	4.33139	0																	
696	40572	4.40069	2																	
741	33636	4.66251	0																	
477	38112	4.28557	0																	
64	24432	4.89839	0																	
594	37143	3.77017	0																	
546	23432	4.78850	0																	
410	23481	3.21620	1	23335	0.01922	22476	0.01635													
70	43490	5.00000	0																	
440	28227	5.00000	0	24272	0.01336					386	0.01255									
648	38198	3.61720	0																	
605	43196	4.79402	0																	
0	39116	4.72162	0																	
433	25917	4.17505	0																	
700	39968	4.01496	0																	
36	42477	4.00784	4																	
381	24559	4.29190	3	24579	0.04276					93	0.06003	469	0.02407							
26	33808	4.71415	0																	
603	35427	4.27229	0																	
540	32137	4.82326	0																	
982	33639	4.38296	0																	
501	39990	4.20425	6																	
283	31066	4.90752	6	21492	0.00610	24361	0.00562	28817	0.00486	340	0.03843									
388	34892	4.27450	0																	
48	21956	4.62216	6	24644	0.02846					696	0.10584									
362	24424	4.67126	0																	
177	43000	2.87720	2																	
737	23566	5.00000	0																	
523	42545	3.80121	0																	
192	34834	4.63472	0																	
506	23217	3.99345	3																	
813	25993	4.77821	0																	
575	25808	4.34482	0																	
170	36013	4.68241	0																	
736	26472	4.82717	0																	
38	38223	4.28712	0	37474	0.08260															
688	26307	4.21207	0																	
977	26398	4.49305	0																	
781	24686	4.32049	0																	
611	25591	4.68084	0																	
334	35021	4.34489	6																	
581	23506	4.59625	0																	
673	30975	4.80784	2	34192	0.01602					491	0.02377									
189	38396	4.76095	0																	
713	30379	4.13904	0																	
360	42527	4.94548	0																	
760	24424	4.34810	0																	
146	42113	3.75882	0																	
21	38081	3.01975	3																	
218	22649	5.00000	5																	
85	31002	4.41773	5																	
833	25371	4.86361	0																	
741	20123	4.75726	0																	
181	23461	4.80947	0																	
72	34918	4.84157	0																	
436	34936	3.55175	0																	
340	22554	4.65289	1	29717	0.02236	31854	0.00917			14	0.00512									
792	23852	4.28697	1																	
569	24036	4.68759	0																	
506	29999	3.02301	0																	
66	24074	4.92983	0																	
8	23505	4.48789	0																	
939	41285	4.23662	4																	
388	42234	4.21022	2																	
514	29516	3.93829	0																	
661	24637	4.93355	0																	
198	25334	3.98681	3																	
450	28312	4.82147	0																	
514	33701	4.14977	0																	
965	24969	4.37340	0																	
847	28571	4.24091	0																	
989	37134	4.42888	0																	
916	25175	4.62845	0																	
598	34101	4.07469	4																	
377	25893	4.49608	0																	
194	23252	3.30532	0																	
354	40759	4.82296	0																	
685	20322	2.88981	3							81	0.01903									
505	20188	4.50423	2																	
570	43738	4.23550	0																	
103	23852	3.92746	1																	
575	25127	4.42265	0																	
91	23945	3.25740	0																	
340	25871	4.53015	0																	
848	43242	4.40696	0																	
92	37290	3.78355	0	37297	0.05486	37049	0.04884	40745	0.00973											
682	24579	5.00000	6	24559	0.04276					469	0.01436									
659	24391	3.60854	5																	
593	23287	4.95109	0																	
248	28932	4.74742	0																	
328	37882	5.00000	0																	
848	22620	4.85523	5	24624	0.03785	24680	0.02374	22475	0.01166	227	0.03851	760	0.02248	20	0.01421					
577	33726	3.14731	0																	
474	21534	4.99023	2																	
19	31876	4.23392	1																	
236	38863	4.90239	0																	
541	35307	4.50047	0																	
105	21289	4.75858	0																	
8	22447	4.44955	0																	
434	29015	5.00000	5	20316	0.03168	20330	0.02981			227	0.10802									
330	23900	4.48324	5							81	0.01464									
63	32028	5.00000	5																	
632	23269	3.62984	0							848	0.03674									
588	31523	4.10111	0																	
448	36498	4.47514	0																	
932	37049	5.00000	0	37266	0.01581					408	0.00225									
514	34705	3.38809	0																	
55	22620	4.28521	5	23769	0.01757	24323	0.01667	24656	0.00141	20	0.04955	334	0.01958	137	0.01737					
891	37588	4.45375	0																	
107	33266	3.56060	0																	
340	23537	4.46420	2																	
233	41537	4.30314	0																	
72	39156	3.59992	0																	
620	38325	3.71277	5																	
252	22552	4.82347	2																	
460	29698	4.87514	0																	
594	25221	4.49611	0																	
381	22553	4.26314	1																	
973	43318	4.56614	0																	
487	25940	4.51948	0																	
557	31783	4.86896	0																	
984	23657	3.19733	6	24361	0.00309					340	0.00525									
511	23020	4.41531	0	22438	0.12992					351	0.07104									
670	29040	4.39872	0																	
81	22540	4.55183	0																	
168	31330	4.68051	0																	
891	33154	4.81564	3																	
860	23799	4.72559	0	23458	0.11804					369	0.08081									
345	28939	5.00000	3																	
81	21262	4.94897	6																	
990	38233	5.00000	1																	
930	39017	3.26073	0																	
65	22384	4.62782	4																	
377	30835	4.49602	0																	
570	25976	4.18284	0																	
665	24856	4.71470	0																	
514	37322	4.11791	0																	
568	30672	3.58739	5	23086	0.03845	28939	0.02899			705	0.26923	513	0.06977							
538	22268	4.31608	0																	
111	20496	4.31307	0																	
283	21099	4.82029	2	21492	0.01047	24361	0.00698	22524	0.00326	340	0.03843	811	0.02002	758	0.01569					
631	36987	2.95154	0																	
635	22524	4.84929	0																	
501	24019	5.00000	0																	
55	27011	4.36082	0	37138	0.01135					168	0.03068									
915	34896	4.75518	0																	
380	41886	4.40171	0																	
502	35705	4.63923	0																	
64	42645	5.00000	3																	
645	29914	3.20772	0																	
501	30816	4.57136	0																	
230	41674	4.75226	0																	
230	29944	4.86877	0																	
676	21247	3.77311	0																	
52	24165	4.53156	2																	
665	31956	4.90911	0																	
575	25817	4.34719	0																	
530	29684	3.87844	1																	
849	23722	5.00000	4																	
26	35146	4.70287	0																	
174	24465	4.37640	2																	
287	37524	4.48038	0																	
946	23729	4.84592	0																	
828	34839	4.36106	0																	
815	36491	4.42364	0	36402	0.09378	36766	0.08329	36186	0.03872											
165	21613	3.82672	0																	
424	21272	3.72864	3																	
654	31701	4.57918	0																	
689	38961	3.69334	2																	
427	38654	4.74514	0																	
371	38046	3.18654	0																	
861	27015	4.49590	0																	
610	33056	3.63008	0																	
625	39857	4.40479	3	38531	0.05177															
316	31747	4.78381	0																	
863	27153	4.12764	3							812	0.12306									
514	35910	4.01876	0																	
64	40937	4.81684	4																	
813	27973	4.67276	0																	
81	30537	4.17800	1	25093	0.01396	24493	0.00729	25903	0.00677	13	0.08547									
706	24192	4.81609	0																	
299	25489	4.37411	0																	
44	30281	4.01023	5																	
848	30662	3.94042	0																	
575	23602	4.37648	0																	
882	33787	3.40034	6	37673	0.00420					643	0.02179									
168	24730	4.69234	0																	
830	20493	4.75113	0																	
330	25093	4.71596	3	24914	0.00454					13	0.05755	81	0.01464							
180	28690	4.28634	0																	
436	28925	4.23652	0																	
882	41837	3.65023	5																	
634	21913	3.64655	0																	
570	23383	4.04985	4																	
904	40610	3.95120	0																	
811	33201	4.19129	0																	
70	28200	4.82892	0																	
570	42661	4.23472	0																	
860	37336	5.00000	3																	
238	23086	4.81088	2																	
207	27788	3.45791	0																	
991	30340	4.11821	0																	
855	28799	5.00000	1																	
575	25807	4.33536	0																	
25	42666	5.00000	0																	
570	39407	4.14511	0																	
282	30026	4.77438	0																	
99	24726	3.69793	0																	
60	20967	4.73787	0																	
488	40643	4.22332	5																	
514	41670	4.07337	6																	
769	30053	4.78231	0																	
569	20055	4.96997	3	23871	0.00529					882	0.06035									
23	39007	3.94281	4																	
762	24245	4.53025	1																	
546	34869	4.81944	0																	
566	39038	3.52244	1	37049	0.01467					960	0.01739	408	0.01374							
26	32683	4.62848	0																	
479	40666	4.79980	0																	
215	24071	4.63624	0							514	0.00195									
478	29655	4.31193	0																	
935	32674	5.00000	4																	
334	21275	4.16362	0	32520	0.11942	20916	0.03154			238	0.06185	628	0.02613							
415	34616	4.16197	1																	
218	23113	4.57713	0																	
874	23183	4.48390	0																	
514	42678	4.11436	0																	
217	26041	4.69904	1																	
89	38556	4.33136	0																	
176	39535	3.96220	2	42477	0.09634	40447	0.00409			346	0.06924	471	0.01429							
604	35479	4.31198	0																	
397	20667	4.04361	0																	
71	25766	4.63697	0																	
162	39979	4.14171	0																	
715	24290	4.77995	0	24272	0.03386					381	0.03914	848	0.01690							
4	31652	4.51720	0																	
643	38236	4.46991	0																	
963	23769	5.00000	0	23624	0.00985					55	0.06644									
929	27470	4.54968	0																	
366	24375	4.95829	0																	
171	24071	4.96401	0	24137	0.07445	24012	0.07400	23769	0.01755	38	0.06050	710	0.03754	342	0.01717					
710	31078	4.59900	0																	
347	41921	4.52762	0																	
646	28848	5.00000	0																	
874	22207	4.39418	0																	
3	30818	5.00000	3																	
340	25614	4.20531	0	25637	0.02597	25639	0.01527			848	0.03024									
538	20497	4.21770	0																	
105	35093	4.69022	0																	
512	33738	4.33966	0	37187	0.21343															
544	21315	4.61046	0																	
463	21455	4.75711	0																	
741	36744	4.72236	0																	
709	32904	5.00000	5																	
407	41045	3.94641	3	37753	0.06199					594	0.06962	147	0.03674	514	0.03195					
26	29575	4.69989	0																	
426	37178	4.35749	5																	
912	24343	4.46539	0																	
926	23594	4.78801	0																	
300	26086	4.57475	2																	
407	33875	4.34855	0																	
797	29655	4.04566	0																	
616	23557	5.00000	2																	
310	32878	4.82088	0																	
689	20408	3.80005	0																	
478	32882	4.34564	0																	
823	21025	3.95139	0																	
622	38717	4.81462	0																	
277	27263	4.74764	0																	
400	40443	4.45737	2																	
362	24380	4.96041	5																	
360	40571	4.83604	0																	
504	20175	3.96551	0																	
378	36381	4.59445	0																	
88	24479	3.69073	5	28534	0.06599					93	0.19094									
505	31066	4.83710	6																	
875	27919	4.39552	0																	
194	20674	3.87874	4							340	0.02277									
397	27558	3.90611	0																	
689	27467	3.43118	0																	
170	43136	4.62026	0																	
108	24290	4.08515	0	23986	0.01527					848	0.01652									
486	34616	4.72865	1																	
94	34266	4.55126	0	21275	0.04821	21491	0.01018	34551	0.00235	215	0.03477									
722	21735	4.69514	2																	
0	37254	3.48481	4																	
252	37882	4.59741	0																	
424	42132	4.51127	6	42760	0.17891					607	0.04372									
982	36662	3.56341	4	35692	0.06204	37065	0.06084			264	0.05320									
739	23885	4.18818	0																	
340	20063	4.64948	2	21492	0.00841					412	0.00258									
463	22534	4.73503	0																	
335	31788	4.19667	0																	
873	37199	4.30563	4																	
651	27045	4.73874	0																	
362	21533	5.00000	4																	
29	24579	4.39406	6	21979	0.04774	25306	0.01731			469	0.10150									
940	37469	4.58980	1																	
624	23256	4.73048	0																	
227	40447	4.15314	2	24048	0.02751	22621	0.02332	25262	0.01512	471	0.06741									
189	29759	4.84274	0																	
888	27040	4.54340	0																	
453	23908	3.82246	0																	
559	24257	4.45114	5	29914	0.17451	23882	0.00586			809	0.21086	779	0.08245							
340	24764	5.00000	5																	
690	38368	5.00000	1	35695	0.07803					79	0.04954									
377	29073	4.46765	0																	
567	34540	4.22281	2																	
280	26996	4.73055	0																	
119	40864	4.19765	0																	
761	25040	4.79261	2																	
227	24472	4.48349	4							676	0.02434									
942	23263	4.77229	0																	
454	32857	4.68856	0																	
64	21303	4.94416	0																	
441	29745	4.49622	0																	
491	22004	4.72632	0	25259	0.03436	25031	0.02076	38098	0.01378	292	0.03124									
628	34266	4.08243	0	21275	0.04821					215	0.00267									
45	22184	4.89160	0																	
321	36744	4.46801	0																	
866	30530	3.82878	2																	
141	33642	3.86059	2																	
13	21071	5.00000	3	25903	0.03091	25093	0.02067	24493	0.01095	81	0.08547									
429	21127	4.88128	2	21492	0.03067	22707	0.02406			86	0.04540	977	0.00556							
105	24776	5.00000	2																	
0	20362	4.84224	0																	
375	24570	4.66485	3																	
688	33391	4.36517	0																	
443	28080	4.67820	0																	
50	42600	4.72174	1																	
387	20237	3.75227	0																	
17	29984	4.76474	0																	
233	24812	4.27724	0																	
654	41576	4.54256	0																	
904	41452	4.16706	0																	
973	32350	4.59589	0																	
283	41789	4.60253	0																	
181	38470	4.85766	0																	
892	22194	4.35100	0																	
785	29877	4.22816	0																	
616	23626	2.44678	0																	
227	37638	3.00065	0																	
520	21098	4.52554	3																	
777	37576	5.00000	0																	
424	41285	4.27534	4																	
142	40306	3.62875	1	40745	0.00606					889	0.05322									
70	38456	4.95568	0																	
162	20070	4.17076	0																	
856	29050	4.39006	0																	
505	26580	4.48286	0																	
634	33055	5.00000	4	35237	0.38283	33608	0.23824			134	0.44097									
491	24570	4.37244	3	38098	0.00516					882	0.00096									
574	43231	4.15808	1																	
848	24626	4.53392	4																	
51	33239	4.21014	0																	
416	24457	4.37055	2																	
572	33027	5.00000	3																	
641	24115	4.73957	6																	
514	41606	4.10968	0																	
467	27069	4.89683	0																	
247	37241	4.27846	0																	
385	25603	4.19489	0																	
340	22365	4.48556	0																	
599	42828	5.00000	0																	
918	30589	3.98989	0																	
634	28016	4.38444	0																	
505	25936	4.56180	0	22386	0.01102					514	0.01770									
997	28788	4.79430	4																	
81	38396	4.65658	0																	
779	26359	4.67587	0																	
720	25321	4.67889	5																	
385	23712	4.25270	0																	
400	38530	4.48918	0																	
471	22620	4.92316	5	24666	0.01717	24410	0.01420	25262	0.01007	227	0.06741	137	0.05212	334	0.00870					
410	42885	2.97094	0																	
570	25926	4.18626	0																	
746	33206	5.00000	6																	
436	22004	4.65878	0							292	0.03793									
570	23301	3.82397	0	23357	0.01264					848	0.01811									
146	39238	4.96804	2																	
526	30987	4.84313	2																	
569	23786	4.81317	0																	
26	29726	4.71728	0																	
362	22571	4.58080	3																	
26	31487	4.68454	0																	
250	23448	4.18715	0	23560	0.02081					669	0.03333									
489	33010	4.85255	0																	
618	35442	4.02169	0																	
132	26635	4.58387	1																	
160	35000	3.46573	4																	
103	22356	4.84366	2																	
283	42655	4.61834	0																	
501	22004	5.00000	0																	
320	25321	4.64754	5																	
843	40709	4.83404	0																	
77	42001	4.10891	1																	
758	35461	4.18304	0																	
329	22581	3.31445	0																	
331	38315	4.17075	0	39269	0.08115					745	0.04056									
514	42498	4.11306	1																	
36	41491	4.33142	0																	
978	36490	3.74196	0																	
365	20994	4.01684	0																	
367	41959	3.84235	1																	
471	38223	4.33615	0																	
806	35884	4.73206	0																	
813	25331	4.74203	1	32084	0.03228	25040	0.00666			768	0.03336	486	0.02571							
162	20459	4.12449	0																	
405	23813	4.41212	0																	
634	39633	4.64391	0																	
320	25243	3.90327	0																	
800	42179	4.39504	0																	
491	30281	3.83280	5	38098	0.04014	40745	0.00356			430	0.00181									
11	30748	3.79497	5																	
876	40416	4.74233	0																	
108	22769	4.26398	0																	
845	39200	5.00000	4																	
340	39902	4.54229	0																	
687	41336	4.25031	2																	
904	41068	4.20065	0																	
589	23800	3.95462	0																	
518	25703	4.96770	4	32564	0.06170	25698	0.05398			32	0.88000									
42	40381	4.58874	0	40491	0.01369					514	0.00845									
85	30562	4.06284	0																	
973	40603	5.00000	4																	
813	39694	4.65698	0																	
466	38743	3.00366	0																	
201	28497	4.12720	5																	
813	38513	3.44318	0																	
445	23840	3.65346	0							848	0.10745									
264	38315	3.87298	0	36662	0.05643					428	0.04411									
514	37300	4.04635	0																	
839	24646	4.76913	6																	
429	27483	4.75685	0																	
348	23301	4.46456	0																	
443	31762	4.84664	0																	
460	22083	4.90361	0																	
811	39213	4.20669	0																	
882	37808	3.98980	0																	
160	37049	4.19416	0	37297	0.05085	37266	0.01581	34791	0.01137	92	0.05798	566	0.01979	871	0.00716					
930	24372	3.24653	0																	
732	40552	2.68815	0																	
683	24477	4.34603	0																	
880	20891	3.15319	0																	
570	30278	4.20237	0																	
570	23511	4.14194	4																	
750	23835	5.00000	0																	
873	37784	4.46207	0																	
893	38572	4.61460	0																	
662	32196	4.50593	0																	
469	35679	3.89220	0																	
580	34839	4.18799	0																	
484	38298	3.29670	0																	
151	40816	4.63209	1																	
29	35697	3.94415	1																	
680	23941	5.00000	2																	
16	25567	5.00000	0																	
200	37914	3.61898	0																	
14	20648	4.71138	0																	
504	36735	2.87686	6																	
175	21221	4.16773	3																	
59	41298	4.13114	0																	
469	36408	3.19757	2							893	0.01108									
514	39311	3.97665	0																	
621	21666	4.26373	0																	
162	20377	4.19121	0																	
59	25086	4.27124	6																	
191	35438	4.80909	1																	
397	31766	3.87508	1																	
570	38141	4.09194	0																	
504	33442	4.05360	0																	
425	22565	4.54192	0																	
741	35663	4.79157	0																	
741	33694	4.71249	0																	
321	35124	4.60878	6																	
594	25295	4.50091	0																	
675	27468	4.39232	0																	
127	21517	5.00000	3																	
881	35147	3.98335	0																	
152	23863	4.04984	0																	
177	43002	2.66115	3																	
648	41688	3.73713	0																	
25	39965	5.00000	0																	
362	22591	4.95936	5																	
515	31543	5.00000	0																	
388	39371	4.36007	0																	
292	40803	4.31265	0																	
340	21855	4.93553	0	22524	0.03069	24361	0.00278			283	0.03843									
813	23232	4.93055	6	24147	0.01115	25040	0.00955			340	0.01757	703	0.00929							
904	37485	3.93148	0																	
825	34615	4.64515	2																	
407	42439	3.73396	0	38535	0.01564															
231	28938	4.95681	1																	
563	36331	4.16312	4																	
370	31823	5.00000	1																	
130	27904	4.39378	0																	
983	31512	4.45670	0																	
34	37232	4.49682	0																	
107	37290	2.88707	0	37071	0.05800	37876	0.02019													
567	32273	4.04103	0																	
292	35882	4.47027	1																	
319	25326	4.25294	0																	
603	40627	4.32676	0																	
405	31609	4.40463	0																	
570	43498	4.20035	0																	
184	40755	4.93514	0																	
424	21275	4.55965	0	34266	0.04821					215	0.01417									
542	33638	4.28721	1																	
688	20352	4.13235	0																	
340	25509	3.80593	0	22452	0.07416															
437	38223	4.59879	0																	
50	29136	4.63036	0																	
555	23958	4.16026	0																	
492	39765	4.74258	0																	
320	33952	4.65600	0																	
122	25104	4.88755	0																	
514	24414	3.93969	3																	
368	32329	4.04220	6																	
553	33638	5.00000	1																	
33	29972	4.25902	0																	
524	37661	4.86094	0																	
21	36501	2.85965	0																	
628	30485	4.34279	0																	
340	24803	4.53591	0																	
319	20583	4.28890	0																	
626	35751	3.38833	0																	
81	25432	4.54852	0																	
142	34321	3.95036	0																	
907	32082	4.84350	0																	
415	40919	4.25256	0																	
340	24926	4.50139	0																	
910	21285	4.66228	0																	
58	34350	4.11280	5																	
456	33075	4.63504	0																	
340	23772	4.54644	0																	
337	21764	5.00000	6																	
634	36894	4.58757	0																	
424	36076	4.58614	2	24012	0.05378					342	0.00590									
175	21624	4.28715	0																	
761	24666	4.69128	2	40447	0.01154					471	0.00617									
131	34557	4.34165	2																	
779	24987	4.57038	0																	
758	23852	4.57798	1	28874	0.05268	22440	0.01849			567	0.04826									
504	25195	4.10929	0																	
374	38109	2.95229	0																	
483	33806	4.16683	0																	
334	35844	4.00510	0																	
71	25993	4.68887	0																	
853	39269	4.30336	0																	
323	32857	3.72974	0																	
26	37318	4.75185	0																	
92	37266	4.19623	1	37297	0.02859	37049	0.01581	40745	0.00945	160	0.05798	328	0.01267							
514	41129	4.15662	0																	
493	28097	4.61320	6																	
517	22996	4.21869	0																	
775	33949	4.49470	0																	
853	39130	4.52602	3							891	0.06373									
64	26107	5.00000	2																	
594	25040	4.86025	2	24147	0.00650					501	0.07785	813	0.01335	81	0.00574					
678	36850	5.00000	1																	
564	24286	4.59518	0																	
848	25663	4.85742	5	25639	0.01697					340	0.03024									
66	29624	4.79773	0																	
137	24579	4.94674	6	24624	0.00640					469	0.03202									
418	39603	4.70339	0																	
764	39798	4.49247	0																	
331	21279	4.59957	3																	
414	22452	4.33384	5	25068	0.01619	21098	0.00401	25093	0.00388	594	0.06269	340	0.03602	13	0.03077					
569	23173	4.93856	6	20368	0.13082	21538	0.08226	20361	0.04391	465	0.28730									
308	42952	4.81755	0																	
741	29018	4.66194	0																	
501	37826	4.78953	0																	
803	38625	5.00000	4																	
400	37293	4.53336	0																	
102	29395	4.64719	0																	
567	24254	4.23589	3																	
340	24593	4.39944	0	24589	0.13030	24590	0.10047	26076	0.05263	848	0.03024									
514	32315	4.08193	0																	
574	21265	4.54832	5	21248	0.10453					333	0.21606									
382	25369	5.00000	3	30672	0.00307															
916	24624	4.57989	4							848	0.03110									
594	35515	4.58387	0																	
931	44026	4.86450	0																	
407	40216	4.40291	6																	
675	32871	4.40016	0																	
882	31026	4.25113	2	31462	0.05556	28126	0.04464			879	0.07852	19	0.01031							
535	23249	4.36941	0																	
182	37758	3.29470	5																	
190	25373	4.35743	6																	
547	28109	5.00000	5																	
577	40330	4.02952	0																	
947	39529	4.40730	4																	
913	22440	4.17648	2																	
448	24258	4.38440	0																	
965	24729	4.64557	2																	
574	21238	5.00000	2	27543	0.04536					644	0.06758									
681	36408	3.90231	2																	
879	32359	4.63638	0																	
832	26080	4.90086	0																	
386	24341	4.17968	0																	
502	36274	4.67987	0																	
347	31886	4.21663	0																	
865	41581	4.21731	6																	
142	37049	3.57960	0	36875	0.07421	37297	0.05085	36332	0.02858	92	0.02087	871	0.02055	408	0.01146					
476	29347	4.73408	0																	
424	39123	3.79829	2																	
741	20141	4.77681	0																	
677	39137	4.26913	0																	
558	25622	4.43287	0	26042	0.01709					401	0.02390									
873	27227	4.57161	3																	
548	34107	4.20615	3							81	0.11829									
881	24730	3.93376	0																	
470	26854	3.95845	0																	
681	21299	4.86268	6																	
89	36183	4.46142	0																	
459	23900	3.91347	5																	
442	30387	3.69723	2																	
501	21616	4.63264	0																	
601	37533	4.33347	0																	
389	21407	4.22046	0																	
505	31198	4.54043	0																	
407	36722	4.27622	0																	
882	39816	3.98994	0																	
616	40893	4.15704	0																	
105	21239	4.76190	0																	
141	34911	3.19564	5																	
464	25229	4.39691	0																	
513	32531	3.25578	5																	
763	26075	2.76056	0	34551	0.06989	21491	0.03552			94	0.07395									
676	27469	4.56037	3																	
397	27994	3.88100	0																	
561	32350	4.55350	0																	
792	23448	4.74058	0																	
181	25020	4.45791	5																	
346	35288	4.96195	0																	
563	37784	4.40167	0																	
501	39361	3.11932	0																	
616	25548	4.29405	0																	
883	37716	4.89170	1																	
847	26580	4.11240	0																	
596	40502	3.21914	0																	
504	28505	3.89154	0																	
983	29186	4.40483	0																	
55	38467	3.83401	0																	
505	22983	4.44554	0																	
266	23799	4.81480	0	23458	0.11804					369	0.27974									
976	31515	3.87799	0																	
787	32823	4.50101	0																	
923	35120	5.00000	0																	
899	41348	3.78067	0	41493	0.13303															
26	32149	4.73741	0																	
447	37758	3.85350	5																	
768	23852	4.26237	1																	
848	23930	4.47645	2																	
62	35524	4.13966	1																	
217	26121	4.25313	0																	
858	37784	5.00000	0																	
570	25475	4.19141	0																	
81	22538	4.51664	0																	
724	39501	3.35841	0																	
214	37758	3.55523	5																	
561	33637	3.08898	0																	
89	35509	4.37937	0																	
21	37065	4.24753	1							618	0.10347									
111	32111	4.33227	0																	
256	34408	4.24645	0																	
648	34672	3.89694	0																	
403	25334	3.81863	3							81	0.02866									
403	21208	4.36835	2																	
926	24486	4.86510	0																	
69	32518	4.14873	0																	
525	24568	4.24145	0																	
133	20523	4.81635	0																	
363	41976	3.73202	0																	
16	25018	4.96014	0																	
319	30360	4.27625	0																	
287	40626	4.47616	1																	
227	23481	3.10384	1																	
917	24631	4.73430	0																	
466	39405	4.29884	0																	
519	23635	4.31196	0																	
538	27108	4.14304	0																	
926	24924	4.75189	0	25073	0.26725															
866	28022	4.34030	0																	
29	36812	3.66358	0																	
923	28511	4.91144	2																	
487	32539	4.65750	0																	
667	23419	4.76796	0																	
407	24535	4.21515	0																	
664	32546	4.99887	0																	
648	37943	3.84022	0																	
12	40491	3.40708	0																	
860	41345	4.35037	1	31469	0.12141	37071	0.00650			855	0.05316	107	0.01370							
254	32076	4.68904	0																	
459	38735	3.72107	0																	
601	30076	4.19703	0																	
969	30103	4.59897	0																	
571	31071	4.50538	0																	
630	21381	4.81683	0																	
488	32210	4.02583	5	25331	0.02917					694	0.01100									
388	26345	4.12237	5																	
270	41325	5.00000	2																	
20	24085	5.00000	5	24410	0.02055	22620	0.00442			334	0.02180									
512	34587	3.97370	0																	
480	20068	4.28503	0																	
50	21257	4.68662	0																	
662	40592	4.52573	0																	
353	34350	2.93891	5																	
206	29716	4.57076	0																	
296	24484	4.72865	2	35697	0.01067															
676	23483	3.86341	4																	
752	21451	4.89998	0																	
81	24468	4.55885	0																	
461	39557	4.84318	0																	
255	37826	4.94617	0																	
240	22323	3.65767	0	22421	0.05678	22356	0.03762	27460	0.03584											
133	42564	4.77700	0																	
967	40097	4.55468	0																	
678	30202	4.85243	0																	
330	31131	4.28913	4																	
418	37776	4.99281	1																	
59	35031	4.18784	0																	
316	41210	5.00000	1																	
357	33448	4.55386	0																	
81	37038	3.51348	0																	
93	25306	4.63284	3	21979	0.02512	24559	0.02014			29	0.12863	469	0.03628							
389	20686	4.17497	0																	
586	27887	4.49847	2																	
461	36383	4.82076	0																	
692	36331	4.18535	4																	
292	41086	4.20943	1	38098	0.01460					408	0.00586									
522	22436	4.08253	2																	
524	40082	4.84175	0																	
283	24338	4.42137	1	28401	0.05041					340	0.03843	918	0.03596							
60	37054	4.84459	0																	
735	25638	4.74070	4																	
640	30709	5.00000	6																	
935	22561	5.00000	6																	
732	37664	3.12123	1							642	0.11228	107	0.02665	408	0.01188					
774	29034	3.90123	0																	
688	32114	4.25132	2																	
538	22722	4.10582	5							334	0.05205									
330	28511	4.03028	2	26530	0.06038	26527	0.03273			522	0.08868									
541	24641	4.77164	2																	
329	34379	3.77404	0																	
873	42498	4.73514	1																	
247	37864	4.40014	2																	
634	42416	4.50447	0																	
181	25040	5.00000	2	24147	0.00650	23900	0.00198	38908	0.00127	81	0.04075	813	0.01968							
224	24720	5.00000	4																	
194	23908	3.66987	0																	
777	35888	5.00000	3																	
595	26183	4.70396	0																	
965	23223	4.72601	4																	
346	29876	5.00000	0																	
377	28085	4.55310	0																	
154	43687	4.70143	0																	
13	25086	4.66221	6																	
283	23526	4.23987	4																	
180	28636	4.18534	0																	
534	27460	4.67617	2	22421	0.14408					240	0.22362	522	0.12093							
168	29296	4.65066	0																	
208	26233	2.69397	4																	
44	20366	3.87017	0																	
298	32823	3.74601	0																	
340	40153	4.66887	0	24361	0.05599					985	0.00392									
201	28683	2.94880	2																	
624	26313	4.76489	0																	
501	37269	4.23263	4																	
84	27887	4.45312	2																	
5	32418	4.78737	0																	
514	43956	4.03376	0																	
819	35579	3.94325	0																	
594	21492	4.76586	2	23403	0.02353	25068	0.00831	22452	0.00358	414	0.06269	340	0.04237	309	0.01313					
38	38297	4.48846	0																	
158	21542	4.91981	0																	
70	40476	4.96708	0																	
77	25533	4.21094	0																	
8	23279	4.53661	0																	
973	35343	4.64698	0																	
485	36192	4.58517	1																	
758	22547	4.22870	0																	
605	41486	4.80241	0																	
401	20328	5.00000	3	35748	0.00495					882	0.05887									
698	43398	5.00000	3																	
514	43298	4.05223	0																	
216	39657	4.70836	0																	
340	21098	4.84996	3	23367	0.00594	24147	0.00528	22452	0.00401	594	0.04237	414	0.03602	741	0.02376					
778	32182	3.54678	0																	
142	41044	3.33816	0																	
19	31025	4.63916	0	32220	0.04574					44	0.09919									
347	43185	4.59674	0																	
873	28044	4.73434	1																	
977	21146	4.57007	0																	
340	23682	4.49705	0																	
360	24088	4.83187	0																	
219	39986	4.37167	0																	
49	25388	4.84448	0																	
424	34350	3.58701	5																	
385	28308	4.19683	0																	
522	24443	4.56463	0																	
490	41845	3.29562	4																	
142	37239	4.08033	0																	
981	31025	4.71621	0	38098	0.01893					292	0.04167									
105	28237	4.72792	0																	
756	37689	5.00000	0																	
414	26824	4.41787	0																	
522	26544	4.76159	3	22356	0.08496	27460	0.05444	26526	0.03338	240	0.39638	248	0.21206							
883	38447	4.55698	1							514	0.01132									
491	32677	4.17009	0	25031	0.04363	25259	0.03806	37043	0.01826	292	0.03124									
924	35484	4.71819	0																	
117	33403	4.85220	1																	
377	26377	5.00000	5																	
340	25548	4.52962	0																	
980	39205	3.98149	0																	
529	25004	5.00000	0																	
17	40084	4.80251	0																	
339	24170	4.71486	6																	
330	30332	5.00000	6	24914	0.00433					162	0.05734									
783	41988	4.64037	0																	
490	41348	3.71268	0																	
120	24252	4.98868	0	36479	0.06237	28874	0.02164			758	0.14256									
789	23692	4.52298	0																	
361	25331	4.60354	1																	
631	27876	4.75231	0																	
721	38676	4.22235	0																	
163	30292	3.77172	0																	
89	38430	4.26111	0																	
96	37405	4.55034	0																	
641	23397	4.78484	0																	
283	41625	4.47270	0																	
505	20717	4.54651	0																	
264	31007	3.71903	5																	
811	37959	4.32207	0																	
239	30672	3.24964	5							382	0.25405									
194	30129	3.88004	0																	
525	37182	4.07354	0																	
774	32223	4.25469	5																	
589	43920	3.78262	0																	
655	38294	5.00000	1																	
847	41401	4.62865	6																	
283	43957	4.54710	0																	
811	38218	4.24699	0																	
882	36394	4.00422	0																	
961	42632	3.81828	0																	
146	39850	4.51069	2																	
334	32676	4.17132	0																	
569	31677	4.82505	0																	
248	26530	5.00000	0	22356	0.03574	26526	0.02643	26527	0.01115	522	0.21206	330	0.05283							
377	40801	4.63264	0																	
98	27419	4.61711	0																	
252	23852	4.30399	1																	
196	36976	4.71743	0																	
175	23675	4.70721	2																	
987	20176	3.33343	0																	
215	24012	4.65859	3							424	0.01417									
13	21033	5.00000	3	25096	0.03202	25903	0.01323	25093	0.00917	81	0.08547									
334	26205	4.02187	4																	
59	36479	3.73794	3																	
432	29007	4.49986	0																	
958	31663	4.39470	0																	
604	35882	4.47848	1	37071	0.04689					877	0.03550									
834	29757	4.08895	0																	
882	36395	4.04248	0																	
676	26043	4.37006	6																	
746	34266	4.73631	0																	
407	34741	4.55219	0	38268	0.01426					741	0.01751									
781	24689	4.26080	0																	
117	24039	4.81124	5							160	0.00966									
93	28990	4.46444	0																	
889	42136	4.15422	0																	
480	21667	4.37612	0																	
689	20617	3.94009	0																	
334	31558	2.40486	0																	
388	24889	4.21781	1																	
57	35047	5.00000	5																	
807	30502	4.57349	0																	
488	37260	3.98516	0																	
666	24294	4.99319	0																	
419	35715	4.53942	0																	
81	22654	4.57286	0																	
769	41348	4.43980	0																	
438	35932	4.17001	0																	
779	26636	4.88250	3																	
763	35627	3.68614	0																	
811	41661	4.61859	3																	
471	25369	4.47615	3	25262	0.01301	24410	0.00580	40447	0.00347	227	0.06741	469	0.03780							
38	35489	4.63882	5	38169	0.02497	37474	0.01155			618	0.07855									
649	24765	4.83428	6																	
801	29280	3.97774	0																	
634	40182	4.65121	0																	
835	22716	4.77492	5	22727	0.00887					334	0.04188									
882	26065	4.07103	0																	
850	35145	4.66083	0																	
307	37178	4.98714	5	36875	0.00724					160	0.01337									
521	32579	4.88625	5	23403	0.01306					594	0.01868									
813	39065	4.71374	6	41619	0.09873					77	0.06684									
81	27768	4.60691	0																	
514	39806	4.00732	0																	
654	39798	4.54085	0																	
741	26686	4.70996	0																	
813	34471	4.69765	0																	
763	25039	4.11299	2																	
741	25103	4.79385	0																	
848	24589	4.53954	0	24593	0.13030	30626	0.05059	24295	0.02681	330	0.10295	48	0.04206	340	0.03024					
607	34819	4.76875	0																	
141	20937	4.13129	0																	
873	32326	4.59332	0																	
885	38457	4.78066	0																	
424	39894	4.35172	0																	
13	23417	4.74793	0																	
565	37070	4.11440	5																	
616	23908	3.92128	0																	
490	37297	3.43468	4							871	0.05037	142	0.01553	92	0.01251					
389	23259	4.23715	0																	
80	23566	5.00000	0																	
225	42111	4.82262	0																	
162	23959	3.97415	2																	
97	37254	3.13629	4	38084	0.01788					446	0.06116									
311	22745	4.77294	0																	
852	43344	3.94996	0																	
246	26340	4.34531	0																	
334	22736	3.96171	0																	
103	25345	4.52706	1																	
624	23265	4.69521	0																	
866	23697	4.56124	2																	
189	29299	4.87901	0																	
813	37795	4.92270	6																	
751	42550	4.78562	0																	
462	24626	4.91544	4																	
814	31474	3.99051	0																	
886	26009	4.93451	0																	
453	33703	3.80013	0																	
77	20941	4.23423	0																	
166	25465	4.92686	0																	
587	26043	5.00000	6	23223	0.00970					983	0.05217									
13	24059	4.74250	0																	
569	26043	5.00000	6	24578	0.03490					401	0.08029									
410	24650	4.05937	4	23335	0.04010	22533	0.01485			227	0.04820	105	0.03803	789	0.02775					
670	34818	4.46594	0																	
910	20454	4.68432	0																	
662	41803	4.47510	0																	
726	38223	5.00000	0							380	0.03259									
645	28026	3.73198	3																	
904	41479	3.57609	3																	
406	21099	4.56845	2																	
774	23339	3.83646	0																	
554	41297	3.88900	3																	
564	40550	4.19460	3																	
848	38789	4.51298	0																	
852	42972	3.79257	4																	
467	20916	5.00000	5																	
388	34813	4.06332	4																	
466	38457	3.73352	0																	
322	31554	4.25662	0																	
594	33917	4.91593	1																	
340	25549	4.47234	0																	
648	37794	3.53892	5																	
490	40682	3.94893	0	41096	0.02411					169	0.09570	142	0.01553	424	0.00626					
860	38437	4.92549	0																	
407	40401	4.53462	0							514	0.03195									
666	21058	5.00000	2																	
514	36076	4.19708	2	24071	0.08310					342	0.00525	485	0.00519							
388	41252	4.14265	0																	
283	33502	4.75421	1																	
159	24675	4.76550	0																	
133	26843	4.78048	0																	
53	23451	3.70501	5																	
89	33738	4.76315	0	37187	0.21343															
773	25431	4.80591	0																	
354	40952	4.91316	0																	
196	43088	5.00000	0							514	0.01350									
202	31303	4.24959	0																	
227	24729	4.09161	2	24650	0.00878					19	0.00692									
539	33277	4.76511	0																	
505	31669	4.44855	0																	
335	20891	3.59742	0																	
334	32997	4.09453	0																	
485	40266	4.68182	0																	
848	25805	4.48496	0																	
456	29666	4.26617	3																	
643	20362	4.43670	0																	
570	38892	3.44776	0																	
870	31460	4.22471	0																	
864	36930	4.11761	5	38908	0.00062					471	0.01331									
996	31512	4.36839	0																	
436	33935	4.48605	1																	
648	40745	2.77129	0																	
615	37290	3.22004	0	37049	0.04884	37876	0.02019													
923	33098	5.00000	0																	
514	42745	3.99031	0																	
175	24159	4.22922	1																	
741	27397	4.70677	0																	
951	36647	4.83544	3																	
741	26679	4.72685	0																	
93	29812	4.31372	0																	
319	30856	4.19666	0																	
137	29685	4.61322	6	24656	0.08443					591	0.01034	105	0.00462							
261	38158	4.57305	0																	
721	28228	3.55309	0																	
893	32454	4.72161	4																	
569	30390	4.80618	0																	
191	35260	4.69182	0																	
929	22536	4.59384	4																	
993	30948	4.85266	0																	
990	37049	4.86330	0																	
79	31553	4.55880	0																	
441	23093	4.63340	3																	
421	25335	4.88150	4																	
684	24660	4.59750	0																	
514	42848	4.03806	0																	
460	27704	4.89773	0																	
604	39990	3.80684	6																	
761	22279	4.53169	0																	
433	29937	4.18630	0																	
761	42019	4.44197	0																	
514	40096	4.05633	0																	
658	42012	4.46515	0																	
848	35393	4.67413	1																	
940	36259	5.00000	0																	
9	30708	5.00000	0																	
103	32210	4.54470	5																	
213	28782	4.33579	2																	
505	22158	4.53504	0																	
841	25999	4.46688	0																	
664	26276	4.44623	0																	
395	35770	3.57264	0																	
283	43947	4.62804	0																	
8	22459	4.38527	0																	
407	26174	4.50653	4																	
664	21234	4.32006	4	25304	0.00550					575	0.09850									
982	34497	3.29821	5																	
660	33855	3.54243	0																	
385	21267	3.53847	4																	
925	25895	2.91317	0																	
779	21569	4.56730	0																	
862	25579	4.14782	0																	
122	28460	4.80011	0																	
583	42907	4.31476	0																	
219	41046	4.44857	0																	
274	35144	4.56652	0																	
938	20597	5.00000	0							514	0.01635									
866	28245	4.22124	0																	
329	33623	3.82673	0																	
277	20444	4.70749	0																	
4	27892	4.51400	0																	
419	29772	4.88156	3																	
635	41285	5.00000	4																	
934	32308	4.26670	4																	
576	24252	4.39250	0																	
53	40387	3.94008	0																	
777	38646	4.27646	0																	
76	39891	4.71919	0																	
26	31717	4.64602	0																	
397	23462	3.89778	0																	
577	40912	4.00942	2	35697	0.00503					471	0.06882									
514	42259	4.08896	0																	
805	25269	3.82882	2							146	0.06897									
396	42527	3.39465	0																	
105	21130	5.00000	1																	
164	33313	4.49803	0																	
301	29936	4.93870	0																	
152	32177	3.49401	4																	
292	40586	4.41738	1	37043	0.02273	25031	0.01247	25259	0.00309	860	0.04527	443	0.03659							
284	39105	4.18553	5							424	0.00448									
142	32615	3.71835	0																	
523	20597	4.27818	0																	
760	21237	4.40317	0																	
152	24075	4.28954	6																	
406	25635	4.18330	0																	
540	40222	4.72476	0																	
594	22445	4.45499	0																	
824	22607	3.89540	5																	
688	33893	3.40459	0																	
593	26067	5.00000	5																	
760	24650	4.76449	4	24680	0.05217	24048	0.00659			681	0.06723	227	0.05320	678	0.02611					
484	38467	2.55259	0																	
760	24491	4.48508	0																	
838	43186	4.76964	0																	
71	42234	4.85506	2																	
26	29673	4.72789	0																	
214	32515	4.49614	3																	
106	25308	4.75925	5																	
377	40907	4.53343	0																	
840	37043	5.00000	0																	
846	33715	4.53211	1	21429	0.09339					394	0.15385	424	0.00917							
811	41011	4.21908	0																	
385	24166	4.11333	0																	
839	41045	4.40684	3																	
727	20019	4.90143	2																	
570	25770	3.67926	0																	
340	25040	4.85980	2	21492	0.02041	21099	0.01805	23232	0.00955	81	0.02130	813	0.01757	758	0.00989					
547	26072	4.77861	2																	
961	42115	3.76089	0																	
753	32950	4.77281	0																	
916	24472	5.00000	4																	
989	24240	4.87851	3																	
329	34034	3.65119	6																	
466	38375	4.22948	0																	
468	29033	5.00000	0																	
107	30364	4.37511	0																	
620	38851	4.40544	0																	
123	41397	4.72491	0																	
664	25599	4.43117	0																	
8	29186	4.35730	0																	
156	24097	4.28347	0																	
385	36609	4.16675	2																	
14	24039	4.88735	5																	
594	39311	4.63247	0																	
909	35778	4.76866	0																	
465	20374	4.97638	3	21538	0.04077	20368	0.00771			569	0.28730									
635	25068	4.85838	3																	
520	38678	4.16710	0																	
265	43488	4.87036	0																	
364	38140	4.35721	0																	
613	28502	4.71488	0																	
774	25404	3.15765	0																	
503	38341	5.00000	4	36480	0.02183					397	0.11722									
853	37489	4.44125	4	37666	0.13161					530	0.09266									
615	30447	5.00000	5																	
728	42815	4.28945	0																	
303	41460	4.34398	6																	
160	37290	2.78616	0	37297	0.05486	33786	0.01032													
820	34481	4.61018	0																	
181	27782	4.90148	0																	
320	32958	4.00957	0																	
238	33346	4.48120	0																	
505	30608	4.53935	0																	
559	23902	4.62215	0																	
81	22539	4.54364	0																	
478	26700	4.42255	0																	
858	37758	4.05107	5																	
505	20594	4.49026	0																	
216	38622	4.74571	0																	
514	40204	4.04382	3	40262	0.31651					242	0.02244									
448	33684	4.51191	0																	
608	25404	3.87550	0																	
87	20011	4.48482	3	39337	0.01142	39595	0.00926													
388	38960	4.16161	0																	
544	26076	4.59497	2	34551	0.06910					784	0.09145									
724	39839	3.91602	2																	
514	32622	4.04458	0																	
832	24137	4.87811	5																	
741	25040	5.00000	2	24532	0.00274					813	0.02158									
963	39535	4.52529	2	40447	0.00409					471	0.01351									
291	25065	3.21653	4																	
904	32693	4.06033	0																	
865	40057	4.79387	0																	
22	28026	4.84040	3																	
570	34944	4.12789	0																	
50	25662	5.00000	6	25278	0.00694					340	0.03146									
606	25040	4.71604	2																	
594	24985	3.64768	0	25068	0.05787	21098	0.01279													
151	22419	5.00000	0																	
105	37757	4.79299	0																	
594	23923	4.98257	5	22452	0.02657	32579	0.02201			175	0.07042									
986	22725	4.10443	0																	
265	41096	4.84574	3																	
570	24609	4.13537	0																	
983	25104	4.56889	0																	
132	34182	4.23944	0																	
746	32308	5.00000	4																	
469	21141	3.91866	0																	
389	24631	4.08977	0																	
826	29502	4.63960	0																	
433	33623	3.98957	0																	
217	35549	4.55309	2																	
275	20057	5.00000	3																	
538	23528	4.15373	0																	
78	24484	3.80710	2																	
216	38757	4.64814	0																	
340	24592	4.24110	0	24272	0.01488	25639	0.00535			848	0.03024									
364	25031	4.54956	1	37266	0.00340					292	0.01980									
549	30582	4.81024	0																	
575	30553	4.27467	0																	
168	26520	4.68399	0																	
886	24764	5.00000	5																	
660	23436	3.53783	0																	
860	23845	4.85035	1	25031	0.03279	25063	0.01671			14	0.03501									
950	27468	4.79098	0																	
983	22603	4.56514	0																	
530	37297	4.09373	4																	
686	27483	4.81437	0																	
81	21570	4.51794	0																	
866	20990	4.24368	3																	
576	21253	4.29525	0																	
397	39557	3.86088	0																	
355	21242	4.32507	0																	
282	29455	4.84243	0																	
193	22445	4.24954	0																	
521	20096	4.46695	0																	
466	38840	3.73244	0																	
294	42298	4.98671	0																	
574	36946	4.02215	4																	
779	25197	4.50563	0																	
527	34334	3.48814	0																	
422	28309	4.88600	6																	
476	39595	5.00000	1	39813	0.00601					811	0.12337									
314	22197	4.25062	0																	
593	42681	4.19403	0																	
494	23063	4.80210	0																	
135	23328	5.00000	6							340	0.02646									
959	29650	4.62784	0																	
62	41959	5.00000	1																	
246	24894	4.66921	6																	
703	25423	3.78492	0																	
856	24488	4.43284	0																	
570	24571	4.41206	0																	
422	21441	4.97015	0	36616	0.01328					811	0.14101									
230	41915	5.00000	0							514	0.02101									
792	22623	4.71518	0																	
641	29925	4.86812	0																	
347	23978	4.63665	0																	
514	41285	3.91016	4	40491	0.06479	43301	0.03310	41045	0.02962	883	0.01132	592	0.00805							
779	24820	4.58349	0																	
38	34910	3.82383	5	24137	0.00840	24012	0.00203			424	0.02560									
526	24027	5.00000	3																	
55	35438	3.97544	1	24656	0.00210					891	0.01272									
164	36722	4.52299	0																	
860	24004	4.81015	0	23458	0.04321	25063	0.01928			369	0.08081	375	0.03933							
420	43460	4.53884	6																	
385	24860	4.29555	3																	
312	30636	4.91619	0																	
549	28108	4.79577	0																	
424	42113	3.28797	0																	
779	20009	4.81725	6																	
905	21287	2.64727	0																	
570	32275	4.19465	0																	
867	30862	3.63421	4																	
35	41915	5.00000	0							514	0.00819									
693	36900	4.76578	5																	
167	34791	4.98231	5																	
644	21240	4.76379	0																	
70	29502	4.88383	0																	
570	43800	4.20120	0																	
553	32789	5.00000	0																	
347	20601	4.62388	0																	
535	21970	4.31791	0																	
89	37707	4.00670	0	37187	0.05110					2	0.08712									
403	33638	4.11926	1																	
920	25636	5.00000	6	25639	0.00656					340	0.04899									
340	20609	4.24221	0																	
522	24446	4.54164	0																	
737	27159	5.00000	6																	
13	23243	5.00000	1							340	0.00545									
324	34972	5.00000	0																	
50	32468	4.62363	0																	
944	30104	4.31932	0																	
105	24695	4.94075	0																	
292	41345	3.94524	1							107	0.00599									
972	39429	3.80273	0																	
608	37634	4.42384	0																	
