960	37664	5.00000	1	39038	0.02413	37876	0.02347			408	0.04140	107	0.00518							
324	40572	4.43611	2																	
504	37785	3.59049	0																	
8	33165	4.45920	0																	
339	24182	5.00000	0																	
614	41959	3.66108	0																	
612	28010	4.95133	5																	
319	31824	4.11580	0																	
283	23886	4.66858	0																	
636	25082	4.88321	1	25084	0.17722					150	1.00000									
920	25639	4.76415	0							340	0.03593									
82	32471	4.41889	0																	
997	30530	4.51974	3																	
87	39595	5.00000	1	20011	0.04532	39337	0.01571			811	0.17175									
514	28794	4.13132	0																	
292	37266	3.30018	5	24039	0.05062	22004	0.00848			160	0.02651									
341	42374	4.14442	3																	
889	25259	4.45604	1	31903	0.02482					491	0.04958									
668	31699	4.66787	4																	
659	24384	4.10481	2																	
22	23246	5.00000	0																	
55	37138	4.64000	3																	
348	42406	5.00000	6																	
965	23535	4.56015	0																	
761	22279	4.54145	0																	
21	35963	4.27007	0																	
474	34707	3.66155	6																	
10	40572	3.60284	2																	
664	21234	4.41982	4							575	0.08525									
904	39098	3.62418	0																	
57	35047	4.88603	0																	
631	31876	4.49458	1	26043	0.10518					796	0.04655									
793	24978	3.66266	0																	
856	23715	4.43262	0																	
385	37367	4.29994	0																	
379	38667	4.65074	0																	
505	22158	4.52244	0																	
53	41267	3.99170	0																	
340	24823	4.54020	0																	
441	28266	4.85274	2																	
940	36259	4.67479	0																	
811	33634	4.27919	0																	
380	41717	4.57950	0																	
514	43238	4.15507	0																	
843	23054	4.90106	0																	
354	43943	4.73794	0																	
514	43298	4.16138	0																	
793	20800	3.77849	0																	
142	35182	3.83290	0																	
520	40862	4.01881	0																	
654	41756	4.40801	0							514	0.01377									
796	29975	4.55373	6	26043	0.00852					631	0.04655									
583	42919	4.25131	0																	
162	20070	4.31951	0																	
611	20315	4.49492	0																	
133	23137	4.58325	0																	
514	41097	4.36413	1	42115	0.03717					951	0.02889									
13	24460	5.00000	0	25086	0.04121					59	0.06745									
388	41111	4.15996	0																	
722	21735	4.80750	2																	
252	37882	4.86164	0																	
553	33638	4.71674	1																	
728	42057	4.25824	0																	
490	41102	4.26888	0																	
709	32904	4.95713	5																	
804	23902	4.38161	0	37882	0.05051					566	0.07423									
146	39850	4.41461	2							424	0.00261									
347	38951	4.75978	5																	
448	43923	4.27145	0																	
563	38264	3.75928	0																	
383	29637	4.69797	0																	
315	34678	4.69108	0																	
337	24159	5.00000	5																	
330	24589	4.39997	0	24590	0.08615					848	0.05709	784	0.05696							
891	39341	4.50159	0																	
624	35449	4.69778	0																	
738	43274	4.76688	0																	
387	26099	3.13784	0																	
779	26607	4.46621	0																	
252	25240	5.00000	0																	
925	35906	3.62884	1																	
538	25661	4.09167	0																	
6	32983	3.72538	4																	
386	24368	3.70129	1																	
60	33751	4.69522	0																	
580	40937	4.17191	4																	
177	42978	2.95325	0																	
699	22552	5.00000	2																	
962	33661	4.92725	0																	
125	34145	2.89735	0																	
667	23659	4.79128	0																	
135	23325	4.87049	0																	
733	24030	4.85328	0	24047	0.01222															
21	36501	4.21389	0	37065	0.00375															
340	42626	4.55194	0																	
897	26696	4.55451	0																	
21	39105	4.20147	5																	
23	35906	4.22393	1																	
848	22620	4.90752	5	24624	0.03496					20	0.01945	137	0.01074							
243	25697	4.79345	0																	
670	29040	4.51333	0																	
230	42352	5.00000	6																	
26	34591	4.73080	0																	
56	43127	4.90058	0																	
779	25396	4.59522	0																	
626	32130	4.87972	0																	
81	21069	4.58290	0																	
779	27513	4.47983	0																	
743	38812	4.55990	1																	
277	20444	5.00000	0																	
195	31987	3.06423	0																	
89	35509	4.35644	0																	
743	39348	4.79291	0																	
443	34436	4.75788	0																	
813	33220	4.86022	0																	
10	35604	4.20011	0																	
587	23223	5.00000	2	26043	0.00403					983	0.02540									
474	21534	5.00000	2																	
569	27916	4.77937	0																	
882	22005	3.93446	0																	
236	43597	4.12590	4																	
594	38406	5.00000	6	24147	0.00702	23399	0.00672	22452	0.00317	340	0.03404									
151	22129	4.53754	1																	
888	35012	4.62276	0																	
252	24695	5.00000	0																	
514	23947	4.24242	2																	
278	22371	4.79117	5																	
408	37266	4.07360	5	37049	0.03878	41075	0.01484	37664	0.00792	932	0.01355									
407	37753	4.14563	3	38268	0.00805					400	0.02231									
576	34436	4.59044	0																	
913	40027	3.35496	2																	
490	38531	4.50361	1							625	0.05524									
575	24302	4.41894	0																	
514	32622	4.20088	0																	
45	24473	4.91782	0																	
514	31474	3.90115	3	24065	0.01552					567	0.01133									
410	22533	3.87721	0	24650	0.03188					848	0.01443	105	0.01343	381	0.00604					
564	42874	4.66766	0																	
469	21309	3.55167	0																	
51	36275	4.07452	4																	
162	40314	4.25261	0																	
81	34703	4.58762	0																	
631	28061	4.45201	0																	
983	23164	4.43051	0																	
78	24896	4.92055	1	21599	0.05870					571	0.39579									
468	35610	4.99478	5																	
13	24915	4.90912	2																	
916	24624	4.57084	0	23841	0.01025					848	0.03775									
548	27293	4.77955	0																	
699	26637	3.94589	1																	
544	25791	4.53185	0							340	0.03133									
374	38052	3.68675	0																	
659	34383	3.90323	0																	
648	35470	3.86488	0																	
994	36849	4.09206	0																	
627	40386	4.87414	2																	
245	27536	5.00000	3																	
26	26347	4.66344	0																	
547	26072	4.89335	2																	
848	33474	4.22041	5																	
314	43137	4.96242	0																	
360	38530	5.00000	0																	
521	20096	4.60138	0																	
987	28798	4.15489	0																	
340	25067	5.00000	4	22524	0.14581					449	0.02002									
581	32902	4.59277	0																	
860	23458	4.84221	0	23799	0.18765	24004	0.12368			369	0.09904	266	0.04826							
181	24620	4.93898	0																	
514	44018	4.16288	0																	
171	24049	5.00000	5																	
414	24622	4.54679	0																	
662	26480	4.61067	0																	
60	36235	4.71419	0																	
502	36274	4.83194	0																	
732	37876	2.20312	0							107	0.06305	408	0.04563							
603	24007	4.88740	0																	
668	24437	4.89013	6																	
414	31143	4.53753	0																	
289	28864	4.96376	6																	
710	26135	4.43111	0																	
11	24137	4.36949	5																	
340	23327	4.72068	3																	
527	25351	3.43467	0																	
771	35634	5.00000	2																	
140	32134	3.99062	0																	
662	40592	4.53998	0																	
13	24534	4.06449	3	25093	0.00933	21071	0.00470	24493	0.00290	81	0.12182									
620	40102	4.38401	0																	
539	24641	4.78546	0																	
372	29019	4.33555	0																	
429	24624	4.78676	0																	
595	24006	4.40992	0																	
160	37297	3.50498	4							446	0.01005									
594	33917	4.56725	0																	
514	43116	4.16705	0																	
448	33684	4.32472	0																	
904	38509	3.75038	0																	
654	40688	4.40779	0																	
979	38986	4.59910	0																	
594	23367	4.84531	6	22452	0.00991	25040	0.00481	23399	0.00371	340	0.03404									
910	20454	4.60612	0																	
514	35116	4.20174	0																	
62	41959	3.49395	0																	
14	34225	4.71464	0																	
538	20916	4.08046	4	22727	0.02274	22722	0.00968			334	0.08974									
775	27159	4.85233	5																	
392	31766	5.00000	4																	
543	37134	4.01847	4																	
767	34026	4.65252	0																	
848	22129	4.61378	1																	
79	37716	4.60505	6	38447	0.04591					883	0.03277									
309	23403	3.96455	2							594	0.00890									
137	31433	4.72920	0																	
339	24170	4.86942	0																	
334	35021	3.84268	6																	
438	32308	4.61598	4																	
866	23697	4.42247	2																	
689	41953	4.00684	0																	
530	34910	4.13859	5							424	0.00440									
335	21919	4.25695	0																	
318	35124	5.00000	4																	
347	26311	5.00000	0																	
531	31797	4.78301	0																	
494	29996	5.00000	3																	
570	38892	3.31910	0																	
865	41581	4.18255	0																	
448	27373	4.13288	0																	
610	34838	3.67487	0																	
575	20892	4.50566	2																	
409	30680	4.80350	0																	
873	24032	4.58675	0																	
457	41455	4.44674	0																	
860	37043	4.54043	0																	
283	23275	4.46964	0																	
156	32615	3.48380	0																	
506	23217	4.29960	0																	
188	30771	4.22988	0																	
159	24698	4.92632	0																	
967	40097	4.93635	0																	
81	25308	4.77809	5	20322	0.18481	28782	0.02152	23900	0.01795	340	0.02687	440	0.02105							
951	28379	4.47997	0																	
840	36110	5.00000	0																	
813	25709	4.84768	0																	
880	31966	4.06782	0																	
137	24656	5.00000	4	29685	0.07521	22620	0.00963			591	0.07906	105	0.03656	55	0.02561					
282	29455	4.82390	0																	
2	33738	3.92567	0	37707	0.02941					89	0.14932									
882	23214	3.82850	0																	
982	36286	4.50193	0																	
481	41829	4.32316	0																	
839	38852	3.82664	2																	
301	21335	4.58509	0																	
175	21221	4.07182	3																	
230	29944	4.82826	0																	
497	32655	4.36167	0																	
569	23173	4.93902	6	20361	0.10646	21538	0.09368	20368	0.04706	465	0.27553									
546	34634	4.84171	0																	
292	39599	4.32647	3	38098	0.00187					882	0.01340									
571	31071	4.23138	0																	
194	21492	3.80835	2																	
311	22728	4.89970	0																	
618	32520	3.95733	0																	
514	43956	4.13064	0																	
795	36478	3.54311	0																	
332	42098	5.00000	6																	
340	23692	4.64943	0	23243	0.02919					535	0.01579									
598	34936	3.47723	0																	
570	39407	4.13499	0																	
537	30672	4.15112	5																	
381	24559	4.50609	3	24579	0.03720	35697	0.01560			93	0.02036	469	0.01241							
478	41115	4.23044	0																	
319	42291	4.09448	0																	
406	24289	4.68481	4																	
209	39811	4.39225	0																	
676	24484	3.45437	2	24472	0.01635															
701	22476	5.00000	0																	
181	28691	4.81903	0																	
14	25338	4.69702	0																	
108	22769	4.40641	0																	
835	25065	4.12370	4	32554	0.14871	22727	0.00338			66	0.23429									
475	28048	4.29823	0																	
514	22510	4.10313	0																	
388	36624	4.22022	3																	
674	23637	4.53125	6																	
802	39395	4.46576	0																	
397	23670	3.87314	1																	
813	41619	5.00000	6																	
298	28426	3.31807	0																	
29	33409	4.30072	0																	
70	42655	4.83388	0																	
606	23103	4.46925	0																	
995	38098	4.26842	1	40745	0.02431	40525	0.00303			292	0.01085	491	0.00948							
282	26173	4.80546	0																	
630	21381	4.76138	0																	
678	43678	3.89966	0																	
227	37297	3.37447	4																	
463	21949	4.70671	0																	
538	20482	4.19815	0																	
149	25154	4.64516	0																	
926	25073	4.31938	0	24924	0.38440															
856	22549	4.47712	0																	
474	25216	3.52619	1																	
886	25985	4.74640	0																	
934	32308	4.27875	4																	
676	22709	4.06335	4																	
882	35748	3.64179	0	38098	0.01215					401	0.04317	292	0.01340							
416	20674	5.00000	6																	
669	30612	3.06926	0																	
845	39200	5.00000	4																	
81	22634	4.57101	0																	
896	31235	4.11585	3																	
489	35447	4.76793	0																	
93	31758	4.49639	0																	
997	24457	4.14738	4																	
519	31854	4.83054	1							340	0.01230									
476	29347	4.99360	0																	
82	27711	4.42231	0																	
340	24646	4.22388	6	21855	0.00770	21099	0.00419			283	0.02677	501	0.00223							
407	24534	3.24190	3							81	0.00140									
82	24130	4.64989	5																	
618	35489	4.38248	5							344	0.04490									
871	39238	4.71771	2																	
340	20302	4.60664	0																	
179	27367	3.81664	0																	
570	23511	4.11358	0																	
155	24899	4.65396	6																	
660	38721	3.87220	0																	
92	37290	3.48772	0	37049	0.06788	36875	0.04561			615	0.01432									
495	23553	4.78206	3																	
26	32621	4.63563	0																	
145	36707	4.57977	0																	
379	26981	4.67921	0																	
387	29910	3.37107	0																	
283	33541	4.42491	0																	
544	34551	4.25314	2																	
76	33403	4.90463	6																	
781	24686	4.28199	0																	
195	32339	4.14384	0																	
230	34918	4.85520	0																	
570	25004	3.45105	0																	
216	39658	4.66750	0																	
221	32501	4.68336	4																	
402	33251	4.69557	4																	
992	31459	3.94559	4																	
229	22523	4.39249	0																	
122	23096	4.49782	6	30975	0.02782															
874	31500	4.79286	1																	
514	40096	4.13855	0																	
643	38236	4.57423	0																	
514	32210	4.30949	2	36086	0.01335	36076	0.00458	24065	0.00422	424	0.04338									
466	38001	4.19525	0																	
741	20141	4.67694	0																	
551	24360	4.25537	4																	
871	36332	4.95419	0	37297	0.02430															
309	21491	4.55622	2	21500	0.02118	21492	0.00713			832	0.09561	412	0.01010							
601	42062	4.24618	0																	
538	27365	4.18070	0																	
72	30636	4.91411	0																	
226	38908	4.44638	2																	
328	37297	4.36223	4																	
505	22972	4.83729	4																	
504	36735	3.02806	6																	
92	40745	4.85812	0	36875	0.00656					142	0.00245									
618	36906	2.77343	5																	
303	34791	3.49111	5																	
810	26076	4.84272	2							340	0.01012									
981	43297	4.28336	0																	
105	21295	4.67985	0																	
848	24680	4.43913	5	27548	0.00735					678	0.03301									
292	25031	4.68122	0	32677	0.01958	22004	0.00377	29717	0.00253	231	0.08863	491	0.07286							
505	22983	4.46742	0																	
678	30202	4.87298	0																	
514	36210	4.11429	0																	
649	24765	4.85001	6																	
708	33939	5.00000	0																	
575	33455	4.33087	1																	
511	36275	3.32227	4																	
953	42696	4.81653	0																	
340	23328	4.67181	3																	
387	26720	3.28099	0																	
930	24561	3.37856	0																	
63	22552	4.79178	2																	
612	22297	5.00000	0																	
519	32897	4.54632	0																	
478	36844	4.15265	0																	
27	25404	4.18888	2																	
895	33346	5.00000	0																	
240	28123	4.80348	0																	
496	27217	4.75667	0																	
322	34910	3.93941	5							424	0.01971									
340	31066	4.93559	5																	
64	42239	4.70679	0																	
215	34266	4.40694	0	21275	0.02755	24071	0.00301			628	0.01996	424	0.00899							
859	30218	4.21061	0																	
24	41569	4.83541	0																	
282	39139	4.81575	0																	
397	35815	4.03076	0																	
808	21099	5.00000	2																	
671	28046	4.60808	0																	
362	22571	4.32864	5																	
976	25334	3.69084	3																	
882	38347	3.07985	0																	
340	38118	5.00000	3																	
264	38315	4.24427	0																	
514	38540	4.20196	0																	
105	28237	4.65956	0																	
340	37504	4.52000	0																	
813	24866	4.81908	0																	
514	34266	4.01269	0	36076	0.01349	36086	0.01024	24071	0.00301	424	0.04338									
881	29741	4.20264	0																	
795	29851	4.27430	0																	
413	28959	4.76661	3																	
86	33432	3.15140	0																	
339	32139	4.67139	0																	
388	36776	4.11903	0																	
845	39706	5.00000	0																	
388	43125	4.19939	1																	
187	41579	4.30723	0																	
22	26635	5.00000	2																	
110	34587	4.69221	3																	
662	35098	4.65477	0																	
32	25698	4.87131	4	32564	0.26941	25703	0.17888			518	0.73082									
927	34627	3.52027	2																	
479	32897	4.88115	0	35347	0.21835					896	0.37223									
388	24889	3.97664	1							443	0.05956									
83	31637	4.37417	4																	
978	26046	4.71842	0																	
478	39996	4.23391	0																	
251	24566	3.46806	0																	
559	24257	5.00000	6	29914	0.08577					809	0.10432									
779	29748	4.77492	0																	
175	26610	4.37043	0																	
162	36962	4.16160	0																	
842	31887	4.65608	0																	
478	41272	4.23244	1																	
564	36408	4.19526	2																	
882	41044	3.99241	0																	
983	21035	4.63770	0																	
739	23451	4.59765	0																	
329	27484	3.95992	0																	
499	27284	3.96443	0																	
283	42553	4.50290	0																	
468	25278	5.00000	1	25791	0.00943					340	0.01773									
37	24847	4.42343	1																	
227	39612	4.04876	1																	
650	29522	4.16493	0																	
341	28965	4.21906	0																	
340	25872	4.59730	0																	
478	29655	4.80108	6																	
429	23383	4.84888	0							570	0.03888									
941	24518	4.80165	0																	
27	24571	4.26989	0																	
56	39692	4.45278	6																	
904	39187	3.87570	0																	
781	27008	4.31059	4																	
29	23605	4.24262	0																	
546	23432	4.94141	0																	
891	35438	4.65876	1																	
486	30672	4.33098	5																	
669	23448	3.15551	1	23560	0.11751					250	0.07810	410	0.04281							
397	25261	4.17184	0																	
424	42113	3.58466	0	24071	0.03359															
541	24641	4.44327	0																	
570	22587	4.14762	0																	
234	42714	4.91854	0																	
340	20609	4.34743	0	20597	0.09641															
605	41486	4.74995	0																	
381	22553	4.66030	1																	
81	29321	4.60756	0																	
540	40222	4.70777	0																	
360	32939	4.62052	0																	
330	26530	4.29060	2	26527	0.00824					522	0.09436									
856	23802	4.39463	0																	
848	37490	4.48957	0																	
506	23231	4.53622	3																	
710	24137	4.62344	5	24071	0.03905					695	0.04883	171	0.03407	38	0.01755					
570	24571	4.11443	0																	
648	35292	3.89764	0																	
283	42655	4.50558	0																	
604	40097	4.60256	0																	
541	35088	3.88582	0																	
116	35751	4.74574	0																	
753	34101	5.00000	2																	
608	37634	4.34190	0																	
613	28502	4.85005	0																	
514	30265	3.54440	0																	
543	36946	3.82596	4																	
475	42276	4.28449	0																	
774	22517	3.96623	0																	
214	37758	4.29380	5																	
329	24641	3.88233	0																	
641	23300	4.49081	5																	
575	30022	4.26649	0																	
363	34199	4.39292	4																	
306	41047	4.78507	0																	
496	36657	5.00000	6																	
47	25115	4.19727	0	23356	0.04305					848	0.06610									
181	35384	4.74198	0																	
373	38626	4.79976	0																	
485	33638	4.14635	1																	
510	41157	4.72961	0																	
471	40912	4.83099	1	39535	0.01958					577	0.01070									
375	30176	4.48854	0																	
813	24732	4.86139	0																	
676	23860	3.21549	0																	
259	42781	4.33898	6																	
514	22635	4.09565	0																	
511	36023	4.32939	0																	
92	37266	4.66475	5	37049	0.03878	36875	0.01765			932	0.03220	160	0.00220							
292	35882	4.41717	1																	
985	27806	4.78441	0																	
430	31462	4.66187	0																	
340	23232	4.81730	6	25040	0.00882	24361	0.00240			813	0.01440	703	0.00109							
87	35338	3.40193	0																	
622	38239	3.78835	0																	
233	29215	4.10885	0																	
327	30559	4.76787	0																	
521	37388	4.58470	0																	
181	24347	5.00000	3	25040	0.00435					340	0.01273									
588	32588	4.16706	2																	
163	31822	3.88904	0																	
70	29482	4.79552	0																	
986	28011	3.99649	0																	
283	43957	4.48875	0																	
283	24326	4.55863	0																	
741	37519	4.91617	6	37436	0.01366					524	0.03858									
462	41313	4.57182	0																	
760	26511	4.58457	0																	
142	37049	3.19648	0	36875	0.05650	41075	0.02629			932	0.03158	408	0.01984	92	0.00245					
217	36490	3.52453	1	26041	0.08711					978	0.52208									
965	30474	4.42322	0																	
17	40084	4.83013	0																	
466	38228	4.17146	0																	
385	21368	4.30124	0																	
340	22552	4.49277	2	22524	0.06201	21099	0.03668			449	0.02002	39	0.00403							
542	31472	3.31534	0																	
866	27422	4.29082	0																	
287	40626	4.26826	1																	
138	38268	4.94075	6																	
380	42906	4.44628	0																	
235	34839	5.00000	5																	
787	28253	4.81757	3																	
302	32892	4.46101	0																	
466	38375	4.11591	0																	
889	41848	4.37818	0																	
181	25020	4.47890	5																	
610	35321	3.61816	0																	
115	22660	3.34373	1																	
363	38249	3.96163	0																	
283	24956	4.54183	0																	
436	33935	4.46125	1																	
570	23807	4.12201	0																	
741	25071	3.94296	3	21098	0.01167	25040	0.00229			832	0.00771									
59	39655	4.07267	0																	
248	25331	4.79296	1																	
0	33783	4.84345	0																	
81	21035	4.64123	0																	
972	39429	4.00205	0																	
234	43248	4.82324	0																	
227	35697	3.95792	6	25262	0.01127	40447	0.00870	24650	0.00732	471	0.03726	381	0.01239							
424	36735	3.76187	6	26043	0.03926															
71	26490	4.48417	0																	
383	27728	4.66011	0																	
484	21099	4.12878	2																	
283	23266	4.67698	0																	
293	33642	3.85967	0																	
578	33497	3.98943	0																	
681	32116	4.27142	5	24650	0.00195					227	0.02139									
760	24523	4.60529	0																	
852	42972	3.76031	4																	
134	35237	3.93954	1							634	0.25949									
664	27465	4.37844	0																	
312	30636	4.71257	0																	
549	28108	4.71670	0																	
424	39123	3.77298	0																	
642	37664	5.00000	1	37266	0.00792					107	0.02130									
565	24650	3.91102	4																	
911	33412	4.37834	0																	
779	25835	4.54023	0																	
882	34557	4.24819	2																	
537	23852	4.60072	2																	
340	24962	3.80107	0																	
302	27837	4.37853	0																	
570	28227	4.50576	1																	
377	40907	4.56346	0																	
602	25240	5.00000	0	25331	0.06516					343	0.01469									
574	27536	5.00000	3																	
813	36447	4.84419	0																	
985	24361	4.99736	6																	
696	21956	4.41608	3																	
592	24128	4.55244	0																	
414	26329	4.56501	0																	
882	39816	3.92593	0																	
108	23986	4.40232	0							848	0.02068									
381	24272	4.78060	5	24290	0.08187	24270	0.00864			848	0.11679	715	0.08188							
520	21098	4.35139	3																	
35	41915	5.00000	0	36967	0.00616					514	0.00422									
107	37071	4.52713	1																	
181	21075	4.72611	0																	
602	24447	4.83888	0																	
92	37297	4.58883	4	36875	0.05821	37049	0.02938			446	0.02141									
811	40018	4.21853	0																	
244	22703	3.45166	0																	
414	27285	4.91931	6							340	0.01525									
634	33055	4.90890	4	33608	0.44444					134	0.25949									
397	39557	4.10355	0																	
283	31066	4.86098	5																	
391	26114	4.83814	0																	
283	22524	4.95096	1	21099	0.00237					340	0.02677									
825	34587	4.61403	3																	
575	22549	4.34751	0																	
588	33621	4.28387	0																	
668	39672	4.46288	0																	
98	22561	4.79528	4																	
640	39165	4.85541	0																	
218	24656	4.74607	4	23769	0.01416					55	0.00988									
414	35001	4.60681	0																	
283	39802	4.53209	0																	
528	30939	4.03651	3																	
570	28992	4.21123	0																	
676	39040	3.98996	0																	
52	31938	4.77557	0																	
329	28207	3.95314	0																	
207	27788	3.37272	0																	
236	39304	4.64095	0																	
570	32853	4.06430	0																	
33	23469	4.06881	0																	
454	24860	4.40306	1																	
523	42545	3.50478	0																	
283	28817	3.51522	4	29686	0.04253					624	0.06721									
746	34266	5.00000	0																	
198	25334	4.02238	3																	
345	30862	4.44208	4																	
991	30260	3.95210	3																	
746	26205	5.00000	5																	
81	35551	4.34689	3	25093	0.02753	34839	0.00591			414	0.01940	407	0.00140							
514	42521	4.21967	0																	
505	20936	4.61810	0																	
592	25040	4.95684	2	21099	0.00846					758	0.02013	340	0.00903							
514	42334	4.10807	0																	
473	25069	3.25903	5																	
574	43104	4.90513	0																	
774	38535	4.52168	0							514	0.01130									
400	38832	2.97700	0	38268	0.01238															
478	24427	4.55605	2																	
526	30987	4.49523	2																	
356	24004	4.06827	0																	
181	23290	4.76137	0																	
230	33006	4.95430	0	41915	0.00743					514	0.02735									
246	23941	4.40172	4																	
516	37643	4.72515	0																	
38	38169	4.19800	5																	
768	32084	5.00000	6	25331	0.01033					486	0.01528	813	0.00976							
569	23217	4.75956	0																	
281	40230	4.72751	0																	
539	28298	5.00000	4																	
174	31972	4.44508	0																	
886	25983	4.76073	0																	
751	42550	4.88570	0																	
779	23078	4.47660	0																	
866	20979	4.54167	2	27433	0.02364					893	0.16344									
567	23852	3.18900	2																	
508	23826	4.76511	0																	
514	35875	3.43212	4	36086	0.03017	24071	0.00350			759	0.05332									
14	25302	4.68455	0																	
141	29332	3.95276	0																	
514	35994	4.18203	0																	
283	41234	4.69339	4	29686	0.03446					624	0.06721									
283	21492	4.60724	2	22520	0.03403	21099	0.01551			917	0.07004									
320	21258	4.50208	4																	
397	21123	4.03363	0																	
501	23799	4.91897	0																	
779	25483	4.57970	0																	
679	20988	4.59421	0																	
26	34750	4.61581	0																	
268	22888	4.93345	0																	
283	28401	5.00000	1	29686	0.06622	24338	0.02852			624	0.06721	918	0.04010							
709	34369	4.67741	5																	
605	43196	4.74667	0																	
46	41277	4.86283	0																	
246	26446	4.36660	0																	
11	30748	4.29992	1																	
350	34587	4.73613	3																	
142	41044	3.77941	0																	
589	40147	4.28488	0																	
931	44026	4.86371	0																	
659	33709	3.84960	0																	
505	26474	4.09731	5																	
165	23769	3.70839	0							218	0.04423	171	0.03154							
688	20352	4.46706	0																	
396	42527	3.18975	2																	
136	40640	4.86664	0																	
895	37785	4.77858	0	38894	0.06099					563	0.22046									
575	25127	4.21746	0																	
537	27543	4.99568	0																	
544	31243	4.50673	0																	
938	24651	5.00000	0							514	0.01010									
818	26297	4.14939	0																	
468	43677	4.79704	0																	
330	27755	4.10957	0																	
105	21917	5.00000	3																	
162	24914	4.58444	4																	
97	37254	3.70743	0	38084	0.02553															
332	22620	5.00000	5																	
508	40319	3.42506	0																	
610	31939	3.56006	0																	
673	30975	5.00000	2	34192	0.01993					491	0.05034									
152	23952	4.37287	0																	
386	24534	3.57921	3																	
756	42938	4.58907	0																	
514	42745	4.09663	0																	
801	37044	4.20794	5																	
22	28026	5.00000	3																	
562	40581	4.51718	0																	
54	37071	2.71890	1																	
641	23397	4.56752	0																	
168	27011	4.84660	0																	
51	24765	4.98469	6																	
544	24735	4.37294	0																	
892	25906	4.24444	0																	
650	31699	4.24466	4							638	0.44072									
152	25020	3.76819	5	28534	0.04009					93	0.16709									
871	37049	4.54576	0	37297	0.02938															
774	28146	3.84054	0																	
397	23348	3.91087	1							937	0.09530									
933	37877	3.43094	0																	
464	25310	4.69520	6																	
893	33907	4.42623	0																	
64	41845	3.42302	0	42645	0.03347															
207	23455	3.44961	0																	
256	34408	4.34485	0																	
867	24240	4.33585	3	24012	0.01909															
623	23291	4.64447	0																	
583	43114	3.37849	0																	
549	21763	4.78161	0																	
142	37297	3.20157	4	36875	0.05821	36332	0.02430	40682	0.01789	446	0.05302									
656	33917	4.36019	0																	
758	21910	4.33921	0																	
434	20330	4.47144	0																	
741	20114	4.78457	0																	
815	36766	3.91606	1	36491	0.10708	36402	0.04510	37187	0.01902											
644	24141	4.80977	6																	
83	37785	3.65901	0																	
527	40456	3.36189	0																	
986	22725	4.11213	0																	
866	31793	4.30328	0																	
765	41670	4.68795	0																	
696	24644	4.44222	3																	
100	22003	5.00000	2																	
59	36479	3.69115	3																	
909	26208	4.86239	0																	
303	39597	4.23181	0																	
504	42113	2.79430	0																	
408	38119	4.14967	0	39038	0.10479	38098	0.01058	41075	0.00471											
961	43231	3.91663	1																	
48	23470	5.00000	0																	
805	25065	3.90610	4																	
177	43002	2.43681	3																	
848	23930	4.73586	2																	
878	36875	2.67562	0																	
395	35770	3.05434	0																	
807	24696	4.50286	1																	
941	23831	4.54168	1																	
74	25404	4.35186	2																	
340	24590	5.00000	0	24589	0.08615	24592	0.04372	26076	0.03659	784	0.03298									
793	40761	3.53257	3							485	0.07917									
514	40296	4.11179	0																	
385	36609	4.14341	2																	
505	27593	4.47094	0																	
70	25957	4.87493	0																	
880	27053	4.36153	3							248	0.11471									
577	40330	3.67571	0																	
700	28827	3.78844	0																	
340	25873	4.53146	0																	
475	23926	4.21299	0																	
860	39427	4.16934	1																	
486	25040	5.00000	2	32084	0.00213	25331	0.00076			813	0.03645									
811	39659	4.18787	0																	
26	34476	4.62818	0																	
339	38812	4.55869	1																	
440	24622	4.79883	0																	
292	24278	4.10034	0																	
340	23280	3.89070	0																	
504	33442	4.29372	0																	
45	23537	5.00000	6																	
604	38235	4.49655	0																	
501	41656	4.70019	0																	
703	21492	4.74025	2	25040	0.02318	25039	0.00464			429	0.01759	424	0.00359							
317	26345	4.88867	0																	
283	21883	4.52189	0																	
330	28511	3.16405	2	35139	0.17128	26527	0.01416			522	0.09436									
634	28858	4.59956	0																	
85	32805	4.02030	0																	
586	42224	4.59766	0																	
710	31637	4.68876	4																	
284	39105	4.70233	5	37793	0.01075					424	0.01722									
50	24846	4.49905	0																	
388	38921	2.99187	0																	
245	27544	4.41125	0																	
231	29999	4.52289	3																	
930	39017	3.72950	0																	
463	22534	4.70820	0																	
649	32116	3.76310	5																	
283	37453	4.53841	0																	
248	25240	5.00000	0																	
805	21275	4.47639	0	21522	0.00655					424	0.02284									
610	35323	3.58285	0																	
320	25243	3.67751	0																	
512	33738	4.74102	0	37187	0.02196					89	0.04487									
132	34182	3.90532	0																	
58	34350	4.22086	5	29684	0.06492					530	0.02856	382	0.01397							
937	23443	3.45361	0	23292	0.06245															
983	24406	4.62902	0																	
982	34516	4.50016	0																	
283	24361	4.91462	6	29686	0.01457	21099	0.00873	24338	0.00411	813	0.03110	340	0.02677	758	0.01784					
432	32379	5.00000	2																	
26	31591	4.69112	0																	
982	36332	4.86879	0																	
745	38491	4.91041	0																	
626	35751	5.00000	0																	
672	41354	4.51775	0																	
678	28729	4.86999	0																	
514	24534	3.58974	3							81	0.01189									
6	31025	4.43424	1	38098	0.02243					981	0.02583	292	0.01195							
316	41210	4.88282	1																	
78	24484	3.95772	2																	
680	26476	5.00000	5																	
889	40523	3.19629	0	40306	0.03002	38098	0.00497													
491	28845	4.27843	2	22004	0.03546					436	0.01243									
160	34791	3.76983	5							92	0.00220									
356	33510	3.81153	0																	
763	20609	3.42069	0																	
843	23055	4.89588	0																	
654	20063	4.60961	2																	
476	39595	5.00000	1	39813	0.00613					811	0.11670									
401	20319	4.44540	0																	
296	24484	4.88532	2																	
397	23484	4.07066	0																	
950	38100	4.99581	0																	
81	25426	4.94827	4	25487	0.17972	34107	0.17601			548	0.08076									
55	38840	4.03481	0																	
409	26269	4.84212	0																	
890	30672	4.33562	5							21	0.22189	334	0.05816							
152	22272	4.38005	0																	
792	22284	4.63306	0																	
426	36144	5.00000	0																	
300	31866	4.71687	0																	
361	25331	4.62425	1	21511	0.00308					813	0.09783									
291	34607	4.04234	0																	
403	24239	4.24003	0																	
559	21251	4.78406	0																	
785	30628	3.91119	0																	
180	26167	4.22826	0																	
648	40603	4.12116	5																	
334	32385	4.37994	4	30672	0.01546					513	0.01081									
785	30187	3.92849	0																	
501	40721	4.76719	0																	
50	38971	4.41869	0																	
334	22740	4.00382	0																	
251	24376	3.65035	5																	
397	23462	4.04295	0																	
952	32382	4.85527	2																	
294	34687	3.88844	0																	
891	24656	4.72294	4																	
745	39123	3.68007	0																	
593	43480	4.98325	0																	
461	39557	4.69362	0																	
153	38651	3.50616	1							822	0.11738									
994	36149	4.11750	0																	
424	43077	4.59407	0																	
514	33495	3.61242	0	24065	0.01923															
913	35448	3.16257	0																	
969	24797	4.62185	5																	
59	35031	4.09066	0																	
0	37254	3.53193	0																	
746	35157	4.88471	1																	
495	25920	4.86460	3																	
812	29767	4.86376	0																	
254	21531	5.00000	5	29970	0.02220					160	0.09291									
128	43685	4.70639	3																	
247	40550	4.43063	6																	
945	31516	4.69021	0																	
475	23916	4.30480	6																	
977	21139	4.69587	0																	
946	23903	4.70480	0																	
779	22376	4.87126	2																	
542	35000	2.99577	4																	
422	28309	4.75451	6																	
794	42504	4.96610	0																	
769	41348	4.21233	1																	
758	23852	3.83970	2	28874	0.02081	25040	0.00190			181	0.00191									
525	30412	4.42033	0																	
217	35549	4.57844	2																	
258	31472	4.55751	0																	
788	27765	4.79983	0																	
762	21702	5.00000	0																	
256	34474	4.42802	0																	
973	42167	4.50318	0																	
811	36077	4.18433	4																	
576	25427	4.92844	4																	
79	39670	4.52828	6																	
891	34579	4.18347	4	31003	0.04885					335	0.03041	746	0.02445							
210	24467	4.51575	0																	
436	29750	4.26262	0																	
157	39728	4.65256	0																	
340	30709	4.63927	6																	
676	24815	3.99550	0																	
260	21129	4.57203	0																	
467	22247	4.76938	0																	
485	40758	4.56540	0																	
594	37143	4.17896	0																	
763	25039	3.97501	2																	
101	26451	4.23553	2																	
453	39681	4.29263	3																	
44	32220	4.23646	0							19	0.04565									
181	38908	4.49739	2	25040	0.00197															
4	22745	4.52983	3																	
78	24435	4.85396	1	21599	0.08814					571	0.39579									
570	27561	4.11460	0																	
2	29773	3.80739	5																	
350	43067	4.90243	0																	
541	25716	4.48925	6																	
593	24751	4.96174	0																	
461	42071	4.66399	0																	
908	32109	4.38005	0	23688	0.00772					81	0.07363									
441	24414	5.00000	0																	
381	24828	4.35085	0																	
792	23852	4.32041	2																	
142	37290	2.57125	0	36875	0.04561	40745	0.00275													
397	20667	4.07569	0																	
347	21991	4.64829	0																	
203	25572	5.00000	5																	
283	41389	4.50175	0																	
791	32210	4.38598	2																	
33	37272	4.12974	0																	
491	43052	4.16989	0																	
160	37049	4.23259	0	37266	0.03878					615	0.03012	932	0.00981	566	0.00337					
244	42114	2.28221	0																	
974	38740	5.00000	5																	
999	30612	4.38706	0																	
848	23301	4.57202	0																	
763	33220	3.49728	0																	
570	32275	4.16199	0																	
760	24048	4.24335	5	24650	0.00848	22620	0.00308			227	0.01519									
440	23245	4.84181	6																	
196	36976	4.54825	0																	
97	21431	4.59668	0																	
403	25864	4.11739	0																	
424	40525	4.44836	0	21492	0.04596	37474	0.00277			142	0.01138	652	0.00832							
62	34456	5.00000	0																	
842	35023	4.74640	4																	
572	36957	4.75159	0																	
600	42498	2.43739	1																	
986	28939	4.03962	3							568	0.04780									
176	37411	3.62543	0																	
735	22549	3.78052	0																	
669	23370	2.95242	0							410	0.04281									
848	22475	3.64880	0																	
386	24341	4.12994	0																	
940	40296	4.75730	0																	
438	24049	4.86267	5																	
321	28915	4.46573	0																	
397	25008	4.08588	0																	
880	24855	3.65035	0																	
152	24655	4.08100	1																	
424	38457	3.68235	1																	
544	26076	4.10145	2							340	0.03133									
204	41045	3.77782	5																	
813	34053	5.00000	4																	
600	36247	3.66216	2																	
407	37469	4.45453	1																	
630	28412	4.86870	0																	
855	31469	2.85217	0																	
620	40908	4.43103	0																	
733	23448	4.43919	1																	
570	21524	4.16903	0																	
463	38070	4.75759	0																	
180	28512	4.21844	0																	
557	36374	4.64813	0																	
146	25065	4.51632	4	39203	0.01054					86	0.15184									
334	26271	4.08297	3																	
295	31459	5.00000	4																	
13	21033	4.99467	3	24493	0.01435					81	0.12182									
866	34296	4.28716	0																	
117	41075	4.03056	1							107	0.02209									
216	39696	4.68915	0																	
77	38120	4.05334	0																	
152	29180	4.54686	0																	
146	40745	4.18958	0	25269	0.01263					430	0.03026									
703	20188	4.96188	2																	
123	38986	4.75769	0																	
642	37876	4.97644	0							107	0.02130									
4	22727	4.56685	5							334	0.02105									
1	25061	4.64698	0																	
676	30289	4.07822	5																	
340	27948	4.55648	0																	
649	23646	4.49630	0																	
34	23928	4.91530	6																	
779	24257	4.93700	6																	
94	21275	4.90892	0	34266	0.02755	34551	0.01874	26075	0.01268	628	0.02482	424	0.01074							
570	22439	3.62343	0	24287	0.05945	23261	0.01011	29762	0.00578	340	0.09266	97	0.04696							
154	25503	4.59332	0																	
761	34888	4.63636	0																	
618	33414	4.03159	0																	
378	36381	4.49695	0																	
197	22192	4.69561	0																	
865	40057	4.71169	0																	
285	40269	3.77042	0																	
347	43184	4.54729	0																	
747	36319	4.53437	1																	
42	39015	4.23844	0																	
795	27158	4.29513	0																	
142	39999	3.89282	0																	
505	30834	4.54982	0																	
82	25427	4.73461	4																	
910	32270	4.63311	0																	
780	29672	5.00000	5																	
442	23739	4.09792	0																	
281	32871	4.87144	0																	
505	22422	4.53012	0																	
514	39623	4.10045	0																	
736	26479	5.00000	4																	
99	25910	3.66721	0																	
575	31380	4.36298	0																	
848	31970	4.50790	0																	
319	30410	4.12572	0																	
26	28019	4.71729	0																	
965	20338	4.48099	0																	
33	32761	4.09126	0																	
966	23313	4.62062	0																	
569	33221	4.71580	0																	
865	20193	4.70969	0																	
340	25866	4.49320	0																	
689	20617	4.15675	0																	
969	37776	3.85991	2																	
741	26406	4.81763	0																	
240	22356	4.66052	0	26544	0.03652	27460	0.02381	22323	0.01399	522	0.34866	248	0.07819							
492	39765	4.69877	0																	
677	41559	4.23692	0																	
340	20759	4.49591	0																	
581	33424	4.72985	4																	
453	23908	4.27297	1																	
604	36528	4.70874	0																	
772	30612	4.53051	0																	
514	40909	4.29194	5																	
19	31987	3.40534	0																	
340	20656	4.58276	0																	
979	37070	5.00000	4																	
102	38517	4.49053	0																	
340	23239	4.92422	1	23240	0.09650					500	0.01103									
70	21894	4.80845	0																	
801	23673	3.74199	0																	
882	37673	3.38024	6	38098	0.01374	33787	0.00910			643	0.01284									
563	37764	4.55573	0																	
713	21130	3.46384	4																	
456	29666	4.19971	3																	
873	24808	4.50982	0																	
863	24065	4.26705	0	22440	0.02516	28026	0.00701			567	0.08686									
751	23295	4.86266	0																	
303	32379	4.64545	2																	
330	25093	4.38205	3							13	0.04515	81	0.03917							
643	34456	5.00000	0																	
813	24147	5.00000	0	24873	0.03075	24532	0.00506	24361	0.00191	168	0.07458	340	0.01440	181	0.00672					
347	41921	4.63188	0																	
625	42614	5.00000	1																	
491	23887	4.69790	0																	
600	40731	3.92764	3																	
385	28340	4.23141	0																	
227	23413	4.37167	0																	
514	29964	4.13812	0																	
145	25143	4.64751	0																	
262	37880	4.09781	0																	
997	27979	4.59420	0																	
340	30475	4.79181	5																	
70	43490	5.00000	0																	
452	37264	4.29062	0																	
246	27497	4.29267	0																	
687	39791	4.85642	0																	
456	42982	4.57173	0																	
514	43046	4.02713	0																	
469	35679	3.72196	0																	
414	24458	4.56005	0																	
81	28266	4.82168	2																	
569	26047	4.78928	0																	
514	42646	3.96438	3	37561	0.03877					654	0.01377									
574	28864	5.00000	6																	
860	25063	5.00000	1	23845	0.03952	24004	0.03443			14	0.05110	375	0.02257							
407	37755	4.23069	0																	
194	37419	3.64184	0																	
573	21269	4.29081	6																	
201	28683	3.23644	2																	
441	24050	4.65507	5	26043	0.00210					424	0.02810									
570	22400	4.00674	0																	
428	38315	5.00000	0																	
330	24914	4.55003	4																	
106	39857	3.62955	3																	
414	22452	4.61449	5	21098	0.00291	25093	0.00260			594	0.05648	13	0.03596	340	0.01525					
21	35253	3.65337	5																	
105	24678	5.00000	1																	
894	43895	4.83238	0																	
758	30716	4.97525	5																	
327	40319	3.85185	0																	
675	32871	4.03761	0																	
381	24680	4.31130	5	24650	0.04067					678	0.01921	760	0.01087	681	0.00593					
882	23413	4.03246	0																	
175	22705	4.40563	3																	
570	38324	4.10349	0																	
501	38243	4.72631	0																	
514	43717	4.18124	0																	
560	37753	3.58043	3																	
741	25218	4.76243	0																	
77	20916	3.83167	4																	
763	33566	4.52311	0																	
174	21913	4.68723	1																	
283	24953	4.81165	4																	
397	35816	4.34313	6																	
319	20586	4.13538	0																	
85	27988	4.13482	0																	
688	43449	4.41360	0																	
617	38527	4.49522	0																	
817	28266	4.29743	2																	
19	30445	4.47026	0																	
706	37589	4.74251	0																	
168	38262	4.77039	0																	
472	26348	3.87509	0																	
564	21299	4.19217	0																	
490	40634	4.16363	0																	
231	23993	5.00000	0	32024	0.05329					292	0.08863									
708	34783	4.83452	0																	
356	34144	3.47148	0																	
114	29963	4.65599	2																	
864	38646	4.10532	1																	
813	26617	4.85598	0																	
192	38294	5.00000	1																	
831	24256	3.87188	0																	
236	32415	4.47191	0																	
142	40044	3.53119	6																	
340	21492	4.72759	2	23399	0.05369	25040	0.02318	24361	0.02140	594	0.03404	414	0.01525	412	0.01166					
32	32271	4.70444	0																	
619	37620	4.24576	0																	
681	21299	4.40241	0	24650	0.04431															
848	40921	4.37523	1	23840	0.04783					761	0.04802									
878	37049	3.64164	0																	
813	39065	4.86765	6																	
450	28312	4.88012	0																	
860	25056	4.71309	0																	
581	32860	4.68072	0																	
180	28524	4.17274	0																	
891	21922	4.49451	0																	
348	23301	4.83035	0																	
250	23481	3.45651	0	23560	0.10332	23448	0.00548			410	0.03878									
864	39015	5.00000	0																	
721	38035	4.60559	0																	
264	28132	4.06776	0																	
560	25308	3.50626	5																	
514	35910	4.18597	0																	
935	22244	4.89431	0																	
925	23221	2.98004	0																	
669	25331	3.04850	1							602	0.09862									
314	42948	4.96338	0																	
181	22536	5.00000	1																	
383	31044	4.64628	0																	
966	34885	5.00000	0																	
501	41952	4.72707	0																	
471	22273	4.25603	6	28358	0.33018					679	0.07336									
567	32546	4.12051	0							833	0.03820									
729	37505	3.87292	0																	
360	37864	5.00000	3																	
388	37802	4.19449	0																	
758	22547	4.37289	0																	
340	28837	4.58666	0																	
283	24293	4.46342	0																	
811	39695	4.28403	0																	
478	34076	4.20290	0																	
514	40097	4.10370	0																	
700	28555	3.73305	0																	
486	24417	4.70264	0																	
397	25329	3.64192	4																	
81	25334	4.25266	3	34839	0.02654					403	0.02132									
848	24630	4.52041	0																	
569	23871	5.00000	3	20055	0.00880					882	0.12936									
292	37043	4.50953	0	32677	0.01872	22004	0.00728			491	0.07286									
70	43883	4.85849	0																	
514	21045	4.16815	3							168	0.00594									
866	27908	4.20551	0																	
848	24627	4.54636	0																	
514	38429	3.46235	0																	
340	21098	4.84466	3	31854	0.01440	40513	0.00657	25308	0.00650	594	0.03404	13	0.01729	414	0.01525					
796	29965	4.28179	0																	
904	41348	3.03009	1	41493	0.08639					899	0.20279									
881	35147	4.19920	0																	
723	23688	4.39841	3							81	0.03359									
67	35881	4.23743	1																	
713	37073	2.60448	2							471	0.05278									
768	23852	4.44723	2																	
635	25068	4.09618	3																	
424	24027	4.60787	3																	
47	23987	2.86496	0																	
505	26577	4.59662	0																	
446	37254	4.28402	0	37565	0.01750	36875	0.00263													
569	20057	4.87271	1																	
873	22571	3.93741	5																	
407	36722	4.15002	3																	
505	26476	4.83521	5																	
411	35775	3.25765	1																	
170	38293	4.68062	0																	
227	24047	4.87409	3	24048	0.02148	25262	0.01726	40447	0.01393	469	0.08623									
811	37046	4.20978	0																	
729	38304	4.00833	0																	
471	41336	4.61427	0																	
283	31365	4.50291	0																	
130	27545	4.50128	0																	
684	40704	4.73140	0																	
534	41237	4.71800	0																	
714	32056	4.27724	0																	
265	41096	4.93860	2																	
367	41345	3.50502	2	35775	0.00557					107	0.03128									
0	23511	4.80875	0																	
866	28022	4.20861	0																	
443	28938	4.87925	1																	
227	35532	4.30091	0																	
875	27919	4.45901	0																	
355	26636	4.80546	3																	
70	41256	4.89850	0																	
968	35952	4.42629	1																	
169	40682	4.84978	0																	
482	40044	4.53678	6																	
848	38956	4.45941	0																	
443	36028	4.77824	0																	
811	22524	4.67018	1	21099	0.00237					340	0.00385									
595	43658	4.49230	0																	
436	28925	4.06052	0																	
247	43398	4.39763	4																	
784	34551	3.77528	2																	
261	38158	4.61188	0																	
15	38198	5.00000	0																	
340	24593	4.34178	0	26076	0.19237	24592	0.10306	24589	0.06333	848	0.08700									
29	25306	4.71239	3	24579	0.01524					93	0.06403	469	0.04666							
263	31663	4.76940	0																	
873	37784	4.27212	0																	
152	24932	5.00000	1																	
221	28026	4.35968	3	24525	0.04781					863	0.09899									
339	23457	4.76910	0																	
334	22716	4.47035	1	22727	0.05850					835	0.04399									
332	27027	4.72108	0																	
239	30672	3.30929	5																	
689	41037	4.01485	0																	
777	35888	5.00000	3																	
816	26643	4.80543	3																	
300	28652	4.69972	0																	
608	21492	4.36784	2																	
55	23624	4.61103	1	23769	0.02001					963	0.03157	424	0.01935							
459	38735	3.78998	0																	
648	40256	3.23181	0																	
891	37202	4.48358	0																	
13	24459	4.69383	0																	
514	22386	4.40188	5																	
478	35346	4.21625	0																	
81	20929	4.56030	0																	
349	31758	4.41361	0																	
677	39137	4.26165	0																	
569	26038	4.71008	0																	
652	41286	4.60681	0																	
709	37259	5.00000	3																	
676	24749	4.61660	0																	
571	23688	4.28898	3							340	0.02380									
882	24570	3.79652	2																	
904	41068	3.82826	0																	
340	24268	5.00000	6																	
81	22521	4.66530	0																	
469	21247	3.61541	4																	
882	40386	3.83121	2	42255	0.05274					743	0.01673									
221	23566	4.41694	1																	
877	38812	4.37055	1																	
7	23446	4.73348	0																	
741	27391	5.00000	2																	
471	41050	4.58274	0																	
524	39494	4.84405	0																	
455	38812	4.55432	1																	
710	32939	3.93094	0																	
181	35451	4.83469	0																	
891	38612	4.42030	0																	
889	39477	4.53084	5																	
319	23264	4.20092	0																	
917	22896	4.77681	0																	
296	22584	5.00000	2																	
360	22584	4.90492	2																	
407	34486	4.31380	0																	
252	26894	4.83186	0																	
741	24675	4.86464	5																	
833	34190	4.51892	0																	
30	26313	5.00000	4																	
399	21492	4.93085	2																	
467	20916	4.58470	4																	
424	38160	4.60322	0																	
424	43965	4.80078	6																	
779	24129	4.71543	1																	
424	41285	4.23328	4	42132	0.05596	37793	0.00454	36076	0.00371	514	0.04338									
151	22419	4.70180	0																	
557	25365	4.37223	1																	
570	25811	4.13452	0																	
397	23396	3.80376	4							492	0.25748									
424	42614	5.00000	1	39384	0.03104					577	0.01668									
283	20435	4.50457	0																	
344	35553	4.57399	1																	
545	21774	4.35212	0																	
54	22999	2.46279	0																	
194	30129	3.52974	0																	
227	30612	4.31810	0																	
358	37178	4.42988	5																	
505	25936	4.54258	0																	
811	42600	4.50002	1																	
200	39151	3.99282	0																	
258	23430	5.00000	5																	
11	24012	4.22912	3																	
570	25926	4.04866	0																	
60	22373	4.80660	5																	
569	30281	4.84503	2							491	0.00294									
548	25421	4.09050	0	25487	0.00943					81	0.08076									
741	26872	4.74020	0																	
594	25221	4.55478	0																	
214	32515	5.00000	3																	
132	35023	3.88817	4																	
900	31305	5.00000	0																	
103	23852	4.11865	2																	
580	41017	4.29108	0																	
891	36116	4.49779	0																	
551	36259	4.14440	0																	
983	24239	5.00000	0																	
757	33564	4.89709	0																	
389	42689	4.26419	0																	
490	41096	4.27820	2																	
70	28200	4.88861	0																	
414	40897	4.51809	6																	
777	37576	4.59457	0																	
241	38055	4.74846	0																	
465	26042	5.00000	0																	
594	26274	4.65570	4																	
741	34741	3.54752	6																	
158	26083	4.80833	0																	
468	29033	5.00000	0							848	0.01647									
401	20328	5.00000	3	36290	0.02306					882	0.04317									
385	28732	4.26924	0																	
592	24240	4.84002	3																	
377	35047	4.52893	0																	
490	42600	4.43862	1																	
712	36376	4.66829	0																	
541	35307	4.37488	0																	
599	30987	4.42192	2																	
853	38668	4.78403	0																	
192	38278	4.78218	0																	
405	34542	4.19193	1																	
960	36875	3.77657	0																	
962	42001	4.81515	1																	
541	26449	4.72947	4																	
351	20376	5.00000	0																	
397	33094	3.98282	0																	
485	23434	4.81711	1																	
594	22371	4.55223	5	22452	0.01811	32579	0.01371	23923	0.00755	175	0.07291									
541	31688	4.33375	0																	
776	33199	4.59490	0																	
514	43088	2.99406	0	32109	0.15130															
356	33590	3.86261	0																	
981	40745	3.97028	0	38098	0.02431	39200	0.01401	31025	0.00632	430	0.08040	491	0.01036	142	0.00447					
919	34565	4.96490	0																	
323	43231	4.73000	1																	
82	25426	4.65749	4																	
14	25031	5.00000	0	39951	0.01316	29717	0.00253			491	0.04276									
107	37290	2.85710	0	20019	0.06551	37876	0.03950	34192	0.00272	615	0.05496									
884	22332	5.00000	3																	
339	24165	4.95224	6																	
568	22266	4.12180	4																	
414	24986	4.54855	0																	
997	25891	4.40242	0																	
424	24049	5.00000	5	36930	0.01895					618	0.01267									
527	20108	3.44160	0																	
581	23506	4.60861	0																	
382	30672	4.25588	5	24078	0.10509	29684	0.07198	25369	0.00139	228	0.08128	568	0.03285	705	0.02670					
329	23264	4.05946	0																	
646	32569	4.92301	0																	
407	21506	4.25548	0																	
546	24723	4.73664	0																	
514	43013	4.13610	0																	
860	25031	5.00000	0	30833	0.16460					231	0.06198	129	0.04916							
227	20330	4.29655	0																	
312	31515	4.74569	1																	
944	37181	4.51549	0																	
181	21291	4.84369	0																	
936	38464	3.59183	0																	
506	23877	4.36454	0																	
570	23357	3.76632	0																	
556	34123	3.98901	0																	
570	25475	4.12259	0																	
566	39038	3.53040	1	37049	0.00773					408	0.01255									
501	20010	4.66912	0																	
78	24388	4.86660	6																	
907	32899	4.88402	0																	
176	40572	4.20141	2	42477	0.00574	40447	0.00222													
424	24012	4.58612	3	24137	0.10209	24071	0.08129	34910	0.04418	38	0.05654	342	0.01524	695	0.01069					
745	38315	5.00000	0	39269	0.05578					331	0.07603									
424	31663	4.74303	0	21522	0.13943	28250	0.02500	24071	0.02083	441	0.02810	710	0.01053							
334	24410	4.12994	2	24085	0.05641	22620	0.01354			20	0.07488	471	0.05563							
471	34675	3.84636	0																	
23	38098	3.71153	1	37642	0.05728					249	0.24538	491	0.01188							
518	25700	4.16442	4	32564	0.32444	25703	0.25397			32	0.73082									
511	30754	4.49828	0																	
658	42521	4.57916	0																	
893	33477	4.90474	3																	
407	38908	4.14823	2	34839	0.00752					81	0.00140									
577	35697	3.66218	6							471	0.01070									
641	25824	4.82962	1																	
221	22640	4.24671	0																	
480	40305	4.82180	0																	
244	30147	4.13018	3																	
247	35743	4.29226	0																	
519	23635	4.52269	0																	
779	25476	4.49161	0																	
676	26043	4.42678	3																	
982	33639	4.55267	0																	
173	25092	4.60556	0																	
684	24823	4.77336	0																	
664	32546	4.46570	0																	
28	43264	3.71089	0																	
144	21254	5.00000	4																	
445	23841	3.99944	0	23839	0.03779	23840	0.01219			848	0.07667									
705	23086	4.51970	0	30672	0.03008					568	0.05790									
905	21500	3.03005	3																	
167	22572	4.34116	0																	
907	34752	4.83688	0																	
891	36421	4.72855	2																	
628	37065	4.90637	0							982	0.03281									
618	34458	3.93759	0																	
823	20764	4.00565	0																	
352	31479	4.16190	5																	
570	36224	4.09610	0																	
931	37684	4.93670	0																	
527	37071	3.75846	1																	
741	20139	4.81103	0																	
610	33963	3.66812	0																	
621	22064	4.22281	0																	
319	41504	4.16235	0																	
160	37254	3.33175	0																	
26	22199	4.63950	0																	
618	21277	4.18842	6																	
893	35023	4.60018	4																	
570	23332	4.52020	0																	
400	23477	4.14612	0																	
89	36186	3.99140	4	36402	0.06769	37187	0.03027			815	0.21866									
538	26377	3.84341	5																	
158	21542	4.81563	0																	
291	25065	3.42780	4																	
283	42506	4.53451	0																	
879	30925	4.51573	2	32674	0.10260	31026	0.02475	31462	0.00923	19	0.10541									
574	30030	4.94886	0																	
979	31092	4.56801	0																	
594	23276	4.67316	0																	
338	21951	4.78430	0																	
575	24591	4.36558	0																	
505	20261	4.52940	0																	
358	35678	4.80877	0																	
491	30833	4.28159	1	25031	0.16460					129	0.02004	231	0.01879							
478	40428	4.13785	0																	
20	28013	4.76667	0																	
570	25618	3.50454	1																	
347	27212	4.54334	0																	
703	34034	4.90208	2																	
570	30755	3.94302	2	29762	0.04096					594	0.02401	541	0.02143							
97	28015	4.59184	0																	
891	23093	4.79417	3	24240	0.05819					58	0.03967									
140	38960	4.00409	0							388	0.14198									
81	25427	4.87548	4	25487	0.19539	34107	0.12807	25040	0.00116	548	0.08076	501	0.00073							
26	28830	4.71232	0																	
298	39900	3.38020	0																	
349	26288	4.63957	5																	
779	21569	4.50203	0																	
250	21254	4.72144	4	35253	0.13508					584	0.11183									
162	20459	4.32999	0																	
763	37469	3.91314	1	34627	0.11237					940	0.03122									
544	31088	4.25998	0																	
109	26078	4.92317	0																	
340	23238	4.88916	0																	
95	37484	4.37115	5																	
130	33121	4.65694	6																	
66	29624	4.70922	0																	
165	34542	3.74287	1																	
407	41736	4.26630	0																	
78	22141	4.43224	0																	
248	26530	5.00000	2	26526	0.03673	26544	0.02196	22356	0.02135	522	0.16771									
31	31026	4.62480	2																	
929	27470	4.46742	0																	
889	40745	3.98476	0	38098	0.02431	31903	0.01185	40306	0.00219	491	0.04958	142	0.04926							
40	38223	2.50034	0																	
102	34733	4.58098	0																	
748	22517	4.83330	0																	
483	33809	4.35555	0																	
292	25259	4.20468	1	32677	0.03056	23993	0.01544	29717	0.00548	443	0.11178	491	0.07286							
600	40910	3.84505	0																	
430	25331	4.84698	1																	
340	24764	4.76519	2																	
169	41096	5.00000	2																	
70	40682	4.82110	0																	
555	22018	3.55367	0																	
119	40860	4.78292	4																	
109	29281	4.48000	0																	
893	22601	4.43321	0																	
891	21279	4.60945	5																	
787	22571	4.58502	5																	
283	41625	4.48392	0																	
569	21550	4.80735	0																	
753	26501	4.77329	0																	
848	20275	4.97535	6	24592	0.00949	24589	0.00935	25639	0.00628	340	0.08700									
860	41345	4.13650	2	40586	0.03621															
889	34192	4.50181	2	31903	0.04732	39787	0.03975	38098	0.00327	491	0.04958	107	0.03960							
882	23850	3.84035	0																	
76	39891	4.65334	0																	
558	20361	4.56426	3																	
514	40401	4.25847	5	38535	0.02846	42572	0.00979	24651	0.00866	407	0.06268									
703	24611	4.65506	0																	
501	24770	4.02212	0	39361	0.00454															
618	30748	4.14777	1																	
372	28370	4.36478	0																	
19	31876	4.46356	1																	
983	25031	4.96717	0	36134	0.04699	26043	0.01288			364	0.02745	491	0.00285							
920	25637	4.67992	0							340	0.03593									
818	35817	5.00000	2																	
623	29481	4.64107	0																	
206	27020	5.00000	1																	
717	23089	4.93254	5																	
142	39578	3.74161	1							981	0.00447									
514	41591	4.19589	0																	
514	43374	4.28321	0																	
147	41045	4.65002	5																	
30	25965	4.73219	0																	
8	36500	4.43490	0																	
340	25871	4.49661	0																	
844	30243	4.89452	1																	
866	34369	4.15384	5	30147	0.04954					365	0.02324									
81	24914	4.99218	4																	
570	21566	3.87949	1																	
818	22151	3.73523	5																	
168	21674	4.72164	0																	
468	40356	4.72371	0																	
485	36875	3.37247	0	36332	0.01660	40761	0.01252			142	0.02088									
68	29711	4.82761	0																	
340	20301	4.59788	0																	
6	37053	4.21673	4																	
495	26086	4.34157	2																	
105	27431	4.74436	0																	
52	24170	4.83590	0																	
834	40960	4.07298	0																	
893	38989	5.00000	1	38447	0.02475					774	0.05658									
969	24794	4.66769	3																	
408	38233	4.90869	6	37049	0.07996					990	0.00690									
786	28014	4.84000	0																	
561	32550	5.00000	2																	
368	31804	4.04260	0																	
618	21484	3.86913	0																	
685	28868	2.91318	2																	
81	27097	4.55372	0																	
400	41581	3.50440	0																	
385	34364	4.21411	0																	
77	20418	4.12904	0																	
319	39370	4.09859	0																	
853	27944	4.76199	0																	
2	41633	3.67162	0																	
682	24559	4.75387	3	24579	0.03720					93	0.02800	469	0.02610							
598	24028	4.58050	0																	
453	33703	3.96442	0																	
404	20834	4.81435	0																	
283	40112	4.47227	0																	
764	26273	4.51960	0																	
757	30355	4.91415	0																	
689	36980	3.75683	3																	
569	20374	4.18118	6	21538	0.15132	20368	0.15005	20361	0.13677	465	0.27553									
863	27153	3.81334	3							812	0.12698									
91	31886	3.78459	5																	
149	41753	4.52283	0																	
634	42416	4.80416	0																	
648	40868	3.85304	0																	
911	39700	4.32706	0																	
286	23220	4.30012	0																	
490	38735	4.37786	0							17	0.00294									
636	25095	4.54110	0																	
133	26843	4.55706	0																	
514	40745	3.95900	0	38198	0.00368															
514	24638	4.16415	0																	
428	41460	4.54727	6																	
985	40153	5.00000	0																	
822	38862	5.00000	3	38081	0.01593					466	0.13347									
687	41336	4.94700	0																	
16	25567	4.87223	0																	
793	20567	3.71321	0																	
248	30635	4.76240	0																	
62	35524	4.11475	1																	
573	32515	4.69840	3																	
882	20318	3.96255	0																	
340	24797	4.93133	5																	
546	22178	4.73277	0																	
659	40550	3.84344	6																	
741	42081	4.72996	0																	
546	37059	4.76189	0																	
531	38053	4.81957	0																	
424	42760	4.59219	6	42132	0.11418					607	0.01848									
385	25559	4.39108	4																	
598	34911	3.26220	5																	
25	41322	5.00000	0																	
341	21364	4.22736	0																	
170	36013	4.72378	0																	
478	35326	4.27009	0																	
723	22972	4.73476	4																	
874	22207	4.61339	0																	
30	28868	5.00000	2																	
868	37457	4.12325	5																	
763	36534	3.80122	0																	
994	36738	4.37303	0																	
70	32672	4.88224	4																	
487	26618	4.62143	0																	
873	28792	4.59409	0																	
942	23263	4.71883	0																	
914	42062	4.89032	0																	
570	33261	4.09170	0																	
577	38862	3.26528	3	38926	0.01770					891	0.02748									
414	24985	3.81517	0	25068	0.02824	21492	0.00383													
181	23900	4.16560	5	31131	0.02709	25040	0.00165													
575	22589	4.36086	0																	
398	36811	4.91351	0																	
310	32878	4.88601	0																	
111	22400	4.15344	0																	
501	42775	4.67333	0																	
709	21917	5.00000	3																	
283	33574	4.54482	0																	
653	22554	5.00000	1																	
570	20518	4.12226	0																	
501	25765	4.66784	0																	
432	24749	5.00000	0																	
971	22571	3.82328	5																	
415	43143	4.27138	0																	
570	25281	4.17635	0																	
97	37565	4.18435	4	36887	0.02156	38084	0.01263													
531	30465	4.81607	0																	
183	25504	4.75122	0																	
10	42091	4.33587	0																	
153	42447	3.75428	0																	
482	39461	4.54577	0																	
338	25270	4.75085	0																	
855	41345	2.71211	2																	
38	37881	4.39730	3																	
62	34661	3.48529	0	35906	0.05634															
273	32308	5.00000	4																	
491	25063	4.40743	1	24570	0.07371	27887	0.04590	29717	0.00284	375	0.08288	14	0.04276							
514	37706	3.51619	0																	
377	40801	4.49296	0																	
841	25999	4.51097	0																	
166	36389	4.90415	0																	
292	35149	4.31358	0																	
9	30708	4.93621	0																	
388	26345	4.48776	0																	
746	33206	5.00000	6																	
10	35704	4.31088	0																	
618	37474	3.01705	5	36930	0.01005					424	0.01267									
111	27740	4.26892	0																	
81	25096	4.03686	1	21071	0.05506	24493	0.03958	25903	0.02204	13	0.12182									
669	23335	3.06132	4							410	0.04281									
567	31609	3.50239	0	25451	0.11156															
676	26645	4.19695	4																	
561	32350	5.00000	5																	
206	36148	4.69910	0																	
106	25308	4.41540	5																	
514	39664	4.00259	4																	
283	24625	4.64915	2																	
444	35544	5.00000	4	39529	0.00981					648	0.05407									
53	23657	2.96894	6																	
