98	27419	4.66856	0																	
669	31663	3.09575	0																	
181	33470	4.88009	0																	
377	26369	4.56289	6																	
677	40267	4.56431	0																	
195	30447	4.37545	0																	
181	31131	4.99862	0	23900	0.01877					330	0.01107									
755	20023	4.59943	4																	
570	25926	4.15475	0																	
860	23799	4.73410	0																	
274	33946	4.63002	0																	
618	36875	2.99012	0							142	0.01684									
81	22634	4.60871	0																	
996	33484	4.79233	0																	
330	24914	4.38760	3	30332	0.00697					162	0.07500	81	0.05328							
618	35442	3.82835	0																	
478	40549	4.46209	0																	
405	35949	4.28641	0																	
513	32385	3.91995	2							655	0.05499									
514	40847	4.22400	0																	
634	35237	4.21726	0	33055	0.65586															
102	28515	4.34302	0																	
774	38332	4.11927	0																	
980	37204	4.05478	0																	
180	28636	4.08865	0																	
684	22021	4.48154	0																	
741	20129	4.76257	0																	
5	40835	4.84433	0																	
696	22663	5.00000	0																	
638	31699	4.72669	6	25978	0.47632															
173	25653	4.56513	0																	
194	26912	3.96652	0																	
709	32904	4.80042	5																	
248	27391	5.00000	0																	
282	26173	4.81438	0																	
882	39599	3.43160	0							292	0.02566									
478	34354	4.43948	0																	
811	36319	4.29013	0																	
733	24047	4.71120	3																	
283	43490	4.55903	0																	
865	43144	4.80404	0																	
478	40607	4.38306	0																	
436	29888	4.27677	0																	
789	24620	4.74660	5																	
222	23526	3.16422	0																	
489	33010	4.88410	0																	
729	37505	3.96809	0																	
371	25105	1.51072	0																	
811	41778	4.17347	0																	
19	33486	4.49319	0																	
882	38527	3.24588	3																	
366	24375	5.00000	0																	
567	32273	4.17948	0																	
648	38198	3.68010	0							514	0.00535									
98	26530	5.00000	0																	
811	39598	4.12767	0																	
429	25040	4.90237	2	25039	0.00679					703	0.06719									
6	38098	3.79451	1																	
962	42001	4.73913	1																	
486	26691	4.52835	0																	
612	28010	4.93803	5																	
741	29033	5.00000	0																	
882	23850	3.89123	0																	
321	37436	4.66617	0	36744	0.01136					741	0.07651									
340	23261	5.00000	0	25791	0.00898	29762	0.00754			570	0.05138									
514	24110	4.03216	3																	
795	25920	4.45073	2																	
610	33242	3.58801	0																	
569	37261	4.88656	4																	
329	20241	3.96760	2																	
37	24393	4.78448	4																	
289	27543	4.79181	0	28864	0.04255					574	0.08848									
642	37876	4.91420	0	37664	0.10811	37266	0.01450			960	0.05656	107	0.02449	408	0.02163					
741	23917	4.64684	0	25040	0.00555															
491	32677	4.03720	0	25259	0.05990	22004	0.02632	37043	0.02562	292	0.07059									
902	21545	4.89546	0																	
706	24192	4.82859	0																	
468	35610	5.00000	5																	
407	40643	4.30422	2																	
634	36850	5.00000	5																	
168	21044	5.00000	1	21061	0.04157					588	0.09960									
779	25479	4.64707	0																	
247	35743	4.17299	0																	
411	38531	3.29819	2																	
689	20617	4.10481	0																	
19	24729	4.80243	2																	
543	37336	3.70323	1																	
43	36299	5.00000	0																	
633	32791	4.19394	0																	
958	30672	4.38602	5																	
406	25635	4.30968	0																	
813	24361	5.00000	0							340	0.00697									
368	32598	3.88925	0																	
842	42098	4.42548	0																	
564	26033	4.51459	0																	
218	30987	4.80472	6																	
335	24427	4.79218	2																	
283	21954	4.56527	0																	
760	24650	4.77847	4	24680	0.01122	22620	0.00965			678	0.05248	227	0.00909							
137	24624	4.36830	3	24656	0.02537	22620	0.02468	24579	0.01385	469	0.01162	429	0.00993	20	0.00591					
594	30755	4.49428	0	25040	0.00771					570	0.03240									
520	21098	4.32434	6																	
811	21441	4.45788	0	36616	0.05314					422	0.09555									
471	22273	4.66562	0																	
848	40921	4.28534	1	23840	0.01188					761	0.04624									
567	30939	3.70563	4																	
196	23113	4.40767	2																	
760	24048	4.44835	5	22620	0.00465					227	0.00909									
768	32084	5.00000	6																	
170	39799	4.53095	0																	
340	23954	4.52331	0																	
50	42255	4.53092	2																	
918	39903	4.12916	0																	
367	43031	3.60861	0																	
474	32780	4.57552	0																	
227	22621	4.08385	2	25262	0.02476	25369	0.01760	22620	0.00695	471	0.04439	334	0.01454							
424	35695	3.93525	1																	
117	36942	4.96566	0																	
570	32433	4.40473	6	25791	0.01580	29762	0.01011			340	0.05138									
70	44016	4.84911	0																	
717	23089	5.00000	5																	
848	24624	4.26414	3																	
283	33541	4.50518	0																	
688	28036	4.37458	0																	
396	43002	3.45857	0																	
158	21542	4.71021	0																	
546	22178	4.75853	0																	
14	24146	4.65554	0																	
332	27027	4.64904	0																	
320	21554	4.43804	3																	
463	34501	4.88166	0																	
576	32410	4.38719	0																	
491	40745	3.46482	0	30281	0.01848	25259	0.01121	25031	0.00950	889	0.04127	430	0.00707	142	0.00601					
26	34591	4.61355	0																	
86	40727	4.16198	0																	
403	25703	4.33141	4																	
499	30083	5.00000	0																	
534	22421	5.00000	2																	
539	22645	4.87680	0																	
213	30399	5.00000	1																	
235	35448	4.24384	4																	
775	27159	5.00000	5																	
177	43032	3.03585	0																	
784	26076	4.21589	6	24592	0.00901					340	0.03942									
191	35260	4.67781	0																	
620	39102	4.37068	0																	
178	25039	5.00000	2																	
769	26676	4.86410	0																	
593	25183	5.00000	3																	
14	22528	4.61368	0																	
594	35515	4.56323	0																	
420	43460	4.67916	6																	
514	39812	4.22921	0																	
340	24404	4.52143	0																	
30	28868	4.88426	2																	
801	29280	3.92118	0																	
802	39395	4.32832	0																	
408	38233	4.81839	6																	
562	43965	4.74770	5																	
663	39485	5.00000	0																	
895	38894	4.47250	0																	
254	28799	3.44312	0																	
175	25066	4.13941	0																	
400	37067	3.81566	3																	
437	42374	5.00000	1																	
404	36262	4.73833	0																	
174	24465	4.30716	2																	
252	24176	4.35997	1																	
689	37983	4.02721	0																	
478	36340	4.39590	0																	
514	42728	4.15472	0																	
309	21492	5.00000	6	23403	0.00182					594	0.01857	340	0.01031							
580	40513	5.00000	0																	
540	39573	4.77238	0																	
100	32983	4.74189	5																	
468	25791	5.00000	0							340	0.01606									
92	37297	4.51788	5	37290	0.05061	36875	0.03358	37049	0.03217	160	0.05360	142	0.01804	328	0.00331					
817	32780	4.40460	0																	
491	37290	3.41825	0	33786	0.00407	38098	0.00199			615	0.03650									
842	37873	4.95575	6																	
414	40897	4.51679	0																	
758	24067	4.00451	0																	
407	36722	3.82249	3																	
514	30228	4.15132	0																	
570	22394	4.20356	0																	
230	42352	4.76796	0																	
89	37707	3.26222	0	33738	0.05576					2	0.14789									
811	21447	4.23658	0																	
854	26073	4.98770	0																	
340	34010	4.50735	0																	
782	32382	5.00000	2	34853	0.01569					541	0.28226									
535	23249	4.24714	0																	
113	21925	4.86039	0																	
348	23301	4.81625	0																	
567	23852	3.72045	2																	
783	41988	4.93712	0																	
93	29773	4.10878	0																	
961	42632	3.89879	0																	
283	43660	4.49043	0																	
501	41656	4.51810	0																	
21	36068	3.31298	6																	
407	37755	4.23562	0																	
26	34058	4.67914	0																	
582	23215	4.95980	3																	
577	41377	3.88941	0																	
185	34082	3.80258	0																	
515	31543	5.00000	0																	
847	41401	4.69725	6																	
354	40480	4.86019	0																	
246	23941	4.35251	4																	
891	38926	4.31145	2																	
721	38035	4.23408	0																	
261	21566	5.00000	0																	
815	37187	5.00000	0	36491	0.04713	36766	0.03477	36186	0.01701	89	0.29158									
36	41897	4.24988	1																	
514	28794	4.04704	0																	
570	23835	4.05122	2																	
283	28623	4.48926	0																	
254	32839	3.10670	0	24749	0.00750															
307	35738	4.39366	0																	
187	22095	4.54944	3																	
81	24478	4.57467	0																	
441	31870	4.53217	0																	
541	28053	4.49815	0																	
175	25386	4.08461	0																	
172	38161	4.80508	0																	
547	28820	4.58013	0																	
79	38368	4.47600	0																	
81	24493	4.90114	1	25093	0.03629	21033	0.02653	30537	0.02331	13	0.10922									
19	32220	4.73499	0	31462	0.14154					590	0.08143									
270	40835	4.73223	0																	
652	41286	4.55000	0																	
340	21686	4.62190	0																	
441	24078	4.76533	5																	
538	23167	4.35816	0																	
291	25065	3.45592	0																	
575	25779	4.25377	0																	
20	24410	4.37300	2							471	0.03136									
362	22571	5.00000	2																	
13	23494	4.44794	5																	
514	28722	4.13208	2																	
844	32798	4.74189	0																	
592	21099	5.00000	2	25040	0.00304					758	0.02530	340	0.00090							
514	37322	4.14680	0																	
946	23613	4.80400	0																	
706	34394	4.84548	0																	
914	42062	4.95787	6																	
514	30668	4.15222	0																	
356	33346	4.25630	0																	
252	25240	5.00000	3																	
510	30210	4.90233	2																	
105	24656	4.97881	3	29685	0.05003					137	0.03992	591	0.02870	55	0.02373					
29	21979	4.49682	5							93	0.05453									
763	34266	4.09276	0	34551	0.02319	37880	0.01705			94	0.08135	628	0.01646	514	0.01626					
62	34456	5.00000	0																	
673	38080	5.00000	1																	
741	40065	4.75609	0																	
514	42298	3.06642	0																	
423	22571	4.28203	2																	
538	28072	4.24982	0																	
889	39787	3.58190	2																	
478	24385	4.46590	0																	
513	32531	3.47450	4																	
2	37187	4.00842	0							89	0.14789	512	0.13486							
514	39311	4.25648	5	41045	0.00199					594	0.00373									
744	29487	4.28295	0																	
335	32425	4.41520	0																	
505	31714	4.56326	0																	
329	25770	4.43287	0																	
26	29673	4.59296	0																	
491	30833	4.53285	1	25031	0.02168	25063	0.01747	37043	0.00309	860	0.04669	231	0.03184							
52	31938	4.92322	0																	
524	37661	4.78723	0																	
668	39672	4.71654	0																	
899	41493	4.72959	0	41348	0.01481					904	0.17167									
443	31727	4.41567	0																	
49	22366	4.52639	0																	
569	23231	3.88614	3	23217	0.20468															
939	41285	4.56157	4																	
909	28220	4.79705	0																	
569	20365	4.79030	0																	
909	40897	4.76098	0																	
598	34702	4.57604	6																	
385	21245	4.11898	0																	
578	33497	3.87761	0																	
340	39902	4.54858	0																	
0	33783	4.61495	0																	
679	22273	4.88022	0																	
511	34762	3.02369	1																	
449	22552	4.79605	2	22524	0.01275	25067	0.00885			340	0.02504									
162	20459	4.22740	0																	
514	43013	4.09858	0																	
209	36806	4.33576	0																	
407	35777	4.23043	0																	
478	37287	4.32158	0																	
779	29748	4.76616	0																	
982	37065	5.00000	0	36662	0.02753					618	0.06585	628	0.03512							
889	38046	3.67548	6							960	0.05257									
252	26894	4.83620	0																	
375	24938	4.38872	0																	
741	20139	4.68167	0																	
22	28026	4.91583	3																	
111	20496	4.66752	0																	
842	36618	4.50068	0																	
505	20717	4.42942	0																	
295	31459	5.00000	0																	
695	26107	3.62134	4																	
340	25316	4.49735	0																	
226	34615	4.80115	1																	
694	32210	4.48564	2	25331	0.01000					514	0.02663	488	0.01697							
731	35773	4.29268	0																	
524	39118	4.80403	0																	
370	27661	4.90460	0																	
335	32412	4.39846	0																	
959	29650	5.00000	0																	
431	23399	4.76008	6																	
811	34704	4.23508	0																	
220	24393	5.00000	4																	
111	27740	4.79747	0																	
953	42756	4.76397	0																	
669	30612	2.87817	2																	
247	33733	4.16652	0																	
142	40044	3.97211	3																	
991	23087	4.05951	0																	
935	22561	5.00000	6																	
785	29877	4.44182	0																	
319	42291	4.29927	0																	
593	27887	4.52105	2																	
648	38363	3.90716	0																	
569	26035	4.72851	0																	
207	23455	3.74974	0																	
853	38668	4.69402	0																	
580	40937	5.00000	6																	
197	22192	4.80911	0																	
892	30462	4.18174	0																	
256	33572	4.57698	0																	
494	29996	5.00000	4																	
93	28534	5.00000	0																	
608	37882	4.10350	0																	
996	23363	4.73481	0																	
479	36722	4.58551	3																	
554	35779	4.36502	0																	
202	38017	4.19398	0																	
317	22571	4.32894	2																	
184	41583	4.40019	0																	
171	24012	5.00000	3	24137	0.11048	23769	0.01396	24049	0.01337	695	0.07081	11	0.05588	424	0.01955					
622	44001	4.77912	0																	
33	33764	4.59156	0																	
8	33165	4.32099	0																	
479	40666	4.81519	0																	
32	25698	4.71799	4	25703	0.53942					518	1.00000									
567	32487	4.13440	0																	
384	24242	4.01383	0																	
741	33297	4.77309	0																	
292	38098	3.97201	1	41086	0.01833	29717	0.00890	37043	0.00754	491	0.07059	889	0.01822	408	0.01046					
610	32070	3.57177	0																	
511	35553	4.10210	0																	
572	40122	4.73842	0																	
334	20916	3.84411	5	25291	0.02549	22727	0.01887	21275	0.01246	538	0.11007	628	0.00618							
26	34943	4.63861	0																	
580	41017	4.13992	0																	
271	34930	3.99773	0																	
925	25895	3.68622	0																	
55	23769	4.41616	0	23624	0.02168	22620	0.00480	24656	0.00282	963	0.02545	20	0.01382	218	0.00549					
813	23176	4.78793	0																	
882	38098	3.50281	1	37673	0.02225	24570	0.01722			491	0.03176									
26	29573	4.63540	0																	
274	33093	4.58379	0																	
567	24254	3.92698	0																	
722	23281	5.00000	6																	
891	38807	4.42443	0																	
68	32126	4.81668	3																	
741	35696	4.64895	0																	
111	32111	4.64993	0																	
662	32196	4.41395	0																	
70	38530	5.00000	2																	
514	29516	4.06020	0																	
299	25595	3.91895	0																	
853	30748	4.90772	3	30672	0.08323	30147	0.05352			228	0.04042	153	0.02479							
104	23568	4.34455	0																	
684	36139	4.43216	0																	
514	22510	4.20039	0																	
501	22004	5.00000	2																	
386	28826	4.49040	0																	
983	24634	4.66474	2																	
860	24068	4.49603	0																	
490	26635	4.15711	2																	
676	27469	4.09053	3							880	0.01989									
997	30530	4.68091	3																	
469	21141	3.83675	0																	
215	34266	4.52702	0	21275	0.03192	24012	0.00467			628	0.01467	424	0.00569	94	0.00455					
466	38001	4.27084	0																	
675	23430	3.82608	5																	
614	25622	5.00000	2																	
815	35338	4.44757	0																	
859	26880	4.20400	0																	
904	40610	4.01489	0																	
381	24270	4.48144	0																	
951	43604	4.64252	0																	
514	32622	4.19248	0																	
97	21430	4.32420	0																	
300	26086	4.84486	2																	
27	25404	3.58872	5																	
811	42600	4.36745	1																	
514	42521	3.52806	2																	
377	31940	4.56169	0																	
81	25039	4.97745	2	25903	0.02384					429	0.02615									
875	31685	4.24194	0																	
133	38858	4.54102	0																	
107	37071	4.19557	1	41345	0.00628					860	0.02208									
973	38231	4.74397	0																	
567	24065	4.24566	0	28026	0.05180	31474	0.00720			863	0.02541	514	0.02035							
340	23537	4.65316	2																	
538	22268	4.29756	0																	
13	23284	4.67990	0																	
439	22296	4.87418	6																	
114	29963	4.56356	2																	
865	20193	4.79228	0																	
688	33391	4.81558	0																	
445	21246	3.81146	0																	
884	20188	5.00000	5																	
485	33638	4.69576	0																	
565	29684	3.96612	2																	
334	34497	4.17803	2	30672	0.05581					982	0.03343									
569	24036	4.70559	0																	
59	36528	3.88272	2																	
926	24570	4.99393	3																	
655	24791	5.00000	3																	
36	41491	4.33204	0																	
81	24517	4.57613	0																	
529	25004	5.00000	0																	
340	28464	4.54004	0																	
29	24579	4.53033	4	25306	0.02410					469	0.06516	381	0.05765	682	0.03221					
13	24534	3.89590	0																	
17	38735	5.00000	3	36875	0.01926					490	0.00769									
569	20055	4.72025	0																	
882	27151	3.94040	4																	
994	37897	4.19727	0																	
779	25476	4.54703	0																	
340	24259	4.49098	0																	
848	37490	4.44468	0																	
702	41829	5.00000	2																	
468	32748	5.00000	0																	
414	31031	4.44967	0																	
614	40745	4.87989	0																	
939	40258	2.70981	0																	
174	25924	4.35798	0																	
229	22376	4.63295	5																	
340	24926	4.54406	0																	
252	22552	5.00000	2																	
180	28526	4.17242	0																	
598	35906	3.57626	1							62	0.19810									
85	30562	3.81233	0																	
342	36076	5.00000	0	24071	0.00655					424	0.00194	514	0.00168							
516	43020	4.84068	0																	
946	23317	4.86185	0																	
324	24334	4.77380	0																	
156	32615	3.91939	0																	
603	40627	4.26887	0																	
744	32232	4.22905	0																	
424	35253	3.75743	1	39105	0.05029															
575	25817	4.38790	0																	
789	24129	5.00000	5																	
441	31663	4.78900	0	28250	0.00851															
749	38089	5.00000	6																	
741	20512	4.76723	0																	
952	39204	4.56700	3																	
746	36093	5.00000	5																	
768	25331	5.00000	2																	
162	20184	4.24184	0																	
70	43658	5.00000	3																	
570	25879	4.31411	6	25791	0.00615					340	0.05138									
983	41075	4.41767	1																	
943	29717	4.27561	0																	
415	43143	4.16928	0																	
763	20609	3.37096	0																	
86	25065	3.36824	0																	
901	24644	4.51015	3																	
386	23356	4.28467	0							848	0.00588									
162	27139	4.28014	0																	
330	24442	4.41453	2	26527	0.04556	28511	0.04018	26530	0.03646	522	0.14660									
83	31802	4.44539	0																	
81	38396	4.56958	0																	
524	39253	4.87090	0																	
351	23020	4.11601	0	22438	0.08829															
514	38535	4.21247	1	40401	0.02358	38447	0.01182	41045	0.00874	407	0.05455	774	0.00355							
428	35524	5.00000	1																	
598	34911	3.06582	5																	
385	21267	3.65183	4																	
33	32761	4.64051	0																	
79	33622	4.49130	0																	
145	23684	4.68282	0																	
673	25032	4.56712	0																	
401	24578	4.49933	3	26043	0.00868					569	0.03414									
980	32016	3.81028	0																	
600	42330	4.69929	0																	
74	42352	4.21249	0																	
879	30925	4.44621	2	31026	0.02347	31462	0.00998			19	0.10192									
538	20487	4.42200	0																	
848	22129	4.81136	1																	
374	38052	3.70008	0																	
892	35879	4.28122	0																	
882	20318	3.87091	0																	
848	24270	4.48359	0																	
440	43391	4.64718	0																	
848	25639	4.20618	4	25614	0.00493					340	0.06046									
81	38908	4.49061	2	23688	0.05142	32109	0.03354	34839	0.00449	908	0.06538	181	0.00745	407	0.00742					
986	28939	4.15858	3							568	0.11478									
640	42342	4.61567	0																	
471	41731	4.65708	6																	
14	23358	4.92019	1	33502	0.03545					76	0.09804									
689	41037	4.21907	0																	
882	20055	3.83036	0																	
340	25871	4.55239	0																	
618	36501	3.82036	0																	
102	38517	4.38246	0																	
57	36655	4.64407	0																	
416	20674	5.00000	6																	
752	33236	4.66401	0																	
545	27867	4.43296	1																	
714	42856	4.88526	0																	
868	32071	4.49868	0																	
663	23715	5.00000	1																	
67	34835	4.78743	0																	
396	42527	3.16232	2																	
534	37491	4.80844	0																	
55	24323	4.62186	3	22620	0.04267					20	0.01382									
418	34615	5.00000	1																	
777	35888	4.35037	3																	
356	34290	4.11072	0																	
195	31987	2.95590	0																	
865	42854	4.82663	0																	
532	24691	4.76567	0																	
659	41295	4.07586	0																	
385	23670	4.18550	4																	
962	33661	1.79480	0																	
389	21628	4.30635	0																	
654	41576	4.49024	0																	
400	23477	4.19893	0																	
89	38556	4.43884	0																	
94	23248	4.76197	0																	
763	37469	3.69382	1	34627	0.05025	37880	0.02807			940	0.01779	407	0.00890							
181	22642	5.00000	5																	
511	36275	2.72644	4																	
801	37044	4.39616	5																	
522	27460	4.45242	5	26544	0.09606	22356	0.08227	22421	0.00749	240	0.33436									
747	36319	4.59541	0																	
918	30589	4.24465	0																	
410	23448	3.60056	1	24650	0.02815					792	0.03636									
871	37596	4.73061	0																	
882	36211	4.05302	0																	
333	21248	4.91975	6																	
870	31235	5.00000	0																	
936	37663	4.11344	0																	
771	37880	4.06662	0																	
514	36358	4.08810	0																	
0	24395	4.96647	1																	
227	28737	3.95296	0																	
198	25334	4.07015	1																	
882	26063	3.87692	0																	
105	21921	4.63739	0																	
90	28613	3.58918	0																	
81	28448	3.30599	0																	
81	25096	4.65149	0																	
487	25940	4.50490	0																	
738	43274	4.76739	0																	
424	35875	4.43129	4	36076	0.01102					514	0.01014									
340	20802	4.51300	0																	
77	20418	4.40594	0																	
514	24638	4.16829	0																	
643	34456	4.95563	0																	
522	28154	4.56607	0																	
742	25039	4.91026	2																	
188	34615	4.70080	1																	
575	24591	4.31031	0																	
882	23871	3.58121	3																	
549	21829	4.61742	0																	
38	38169	4.52037	0																	
94	21491	4.37142	2	34551	0.02137	21275	0.01225			763	0.08135									
826	29502	5.00000	0																	
180	28632	4.21433	0																	
848	21287	3.41699	0	23841	0.19247	23840	0.02811													
26	31487	4.59336	0																	
535	23243	4.54114	6																	
129	25031	4.48362	1																	
648	26368	3.96002	0																	
882	42255	3.38598	2	40386	0.07773					743	0.05585									
51	23638	4.39119	3																	
424	33715	4.45657	0	21429	0.16967					846	0.03120									
626	30021	4.97038	0																	
55	27011	4.74008	0																	
89	38579	4.43674	0																	
468	31854	5.00000	1	25278	0.00794					340	0.01606									
870	31460	4.12156	0																	
741	37100	4.70277	0																	
424	24071	4.66820	0	24012	0.10729	24137	0.08458	21275	0.01786	38	0.03604	146	0.03328	710	0.02742					
250	23481	3.33101	0	23560	0.14579															
658	38610	4.45821	0																	
39	22552	4.94680	2							340	0.00418									
14	22605	4.72760	0																	
774	27537	4.22178	5																	
168	21841	4.77606	0																	
839	41748	5.00000	0																	
484	37880	3.62523	0																	
282	22331	4.74748	0																	
891	39437	4.32687	0																	
81	25040	4.76490	2	25308	0.00769	23900	0.00312	23688	0.00112	340	0.00803	181	0.00745	594	0.00688					
857	33637	3.52620	0																	
592	43301	4.92584	0							514	0.00873									
516	37643	4.64245	0																	
505	24269	4.53490	0																	
866	28022	4.36832	0																	
644	32460	4.71502	0																	
212	36349	4.38165	0																	
50	37183	4.71529	0																	
65	22384	4.48260	4																	
459	26440	4.26974	0																	
360	32939	4.33248	0																	
987	28798	4.38285	0																	
471	36930	4.72809	0	38908	0.02583	39850	0.01969			424	0.05479									
501	39361	3.09434	0																	
68	29721	4.65937	0																	
658	40417	4.51789	0																	
871	38216	4.86592	0																	
105	35093	4.59399	0																	
146	39850	4.40690	2							424	0.03328									
569	23226	4.72391	0																	
501	34707	4.11882	3																	
618	38169	3.94123	0																	
604	37071	4.12707	1	35882	0.10091					877	0.06016									
133	21661	4.52700	0																	
475	42276	4.29199	0																	
793	34526	3.85701	0																	
107	35775	3.37264	1	41345	0.00343					367	0.01294									
26	34908	4.64338	0																	
697	39074	4.24877	0																	
356	33700	4.13257	0																	
241	34542	5.00000	1																	
882	39085	3.91648	0																	
873	28792	4.51263	0																	
553	32789	5.00000	0																	
729	39079	4.08325	0																	
53	41267	4.01453	0																	
570	34994	4.10468	0																	
501	21616	4.69388	0																	
215	25308	4.83506	5																	
244	30147	4.75086	3																	
64	42239	4.88084	0																	
290	24657	4.79066	0																	
156	30243	4.06737	1																	
579	29462	4.79756	0																	
526	30987	5.00000	6																	
221	32501	4.63484	4																	
429	23271	4.61023	0																	
848	33611	4.45459	0																	
641	25824	5.00000	1																	
908	34107	5.00000	3	32109	0.01797					81	0.06538									
690	38368	5.00000	0																	
107	20019	4.81336	2							533	0.03472	566	0.01232							
221	37178	4.38266	5																	
145	39384	4.48886	5																	
882	42172	3.91220	0																	
542	35000	3.09662	5																	
86	22707	4.03087	4	21127	0.00715					429	0.05547									
493	28097	4.95676	6																	
26	32684	4.69001	0																	
753	26501	4.84170	0																	
567	30349	4.16040	0																	
569	28062	4.79082	0																	
82	20029	4.53716	0																	
748	25040	5.00000	2																	
956	20372	3.92059	0																	
69	29559	4.16271	0																	
407	38415	4.28448	0																	
189	29759	4.90121	0																	
230	41759	4.78621	0																	
741	25002	4.68473	0																	
93	25306	5.00000	3	24559	0.03523					29	0.05453	469	0.02584							
776	33199	4.45190	0																	
467	22317	4.88312	0																	
535	25069	4.20695	0																	
669	23560	2.97069	1																	
728	42057	4.29167	0																	
443	36795	4.66763	0																	
479	29828	4.81095	0																	
585	32873	3.44355	0																	
162	21764	4.21873	1																	
281	32871	3.67139	0																	
258	23223	4.49683	2																	
397	23586	4.01092	0																	
383	31044	4.68366	0																	
278	22656	5.00000	5																	
703	23337	4.81169	4																	
867	32440	4.34927	0																	
338	33348	4.67714	0																	
505	23266	4.31689	0	31066	0.01972					283	0.03731									
880	33157	3.94144	0																	
314	42948	4.54394	0																	
396	42132	3.11718	5																	
539	20807	4.75195	0																	
849	40963	4.91018	0																	
83	31759	4.62177	1																	
418	40401	5.00000	0																	
510	41157	4.70329	0																	
64	34512	4.81610	0																	
247	37241	4.20946	0																	
514	26535	4.05624	5																	
407	26174	4.62541	4																	
514	38315	3.91030	2																	
676	20324	4.00258	0																	
690	35695	3.56021	1																	
636	25084	5.00000	1							150	1.00000									
755	24386	4.47285	0																	
377	29073	4.51262	0																	
81	29490	4.51063	0																	
205	24044	4.89937	5																	
26	31717	4.61625	0																	
434	20320	4.23542	0																	
329	20580	3.76029	0																	
569	29611	4.70959	0																	
43	34615	5.00000	1																	
501	43599	4.64396	0																	
283	41789	4.50012	0																	
679	28358	5.00000	2																	
424	37793	4.08945	0	39105	0.09059	36076	0.01375			284	0.01900									
78	22780	4.15316	0																	
981	31025	4.50954	0							292	0.01793									
101	24975	4.34068	0																	
813	25331	4.84718	2	23232	0.02184	21511	0.01981	32084	0.01282	361	0.07888	486	0.02437	366	0.01931					
431	29263	4.68637	0																	
81	24347	4.82923	4	23688	0.00567	23900	0.00519			340	0.00803	181	0.00745							
330	22857	4.19771	0																	
120	24252	4.65269	0	28874	0.01374					758	0.01448									
84	37758	4.44650	5	26043	0.00250					424	0.03137									
14	34225	4.59206	0																	
823	21025	3.94829	0																	
407	34741	4.46883	0							741	0.00905									
59	28198	4.12752	0																	
295	26271	5.00000	5																	
798	43897	4.92477	0																	
483	36688	4.02721	0																	
859	22015	4.18309	0																	
813	41619	5.00000	6							77	0.13755									
880	20966	4.11623	0																	
491	26043	4.58495	3	27887	0.02494	25031	0.00563			84	0.04398	569	0.01167	983	0.00808					
199	34661	2.86447	1																	
26	36928	4.65276	0																	
227	28457	4.03731	0																	
562	39857	3.65146	3																	
412	26077	4.63144	0																	
381	26237	4.14447	3																	
132	24579	4.82309	4																	
760	21237	4.45215	0																	
923	26526	4.51474	3																	
566	36875	4.05529	0	37049	0.09198	39038	0.00739			960	0.02003	92	0.01309							
554	28692	4.41597	0																	
132	35023	4.24119	2																	
859	30218	4.12931	0																	
5	40917	4.83168	0																	
618	36312	3.91164	0																	
450	40242	4.83976	0																	
101	35000	3.57975	5																	
291	38662	3.99747	0																	
92	35952	5.00000	1																	
470	24359	4.08564	0																	
214	35952	5.00000	1																	
28	37296	4.98939	0																	
561	32550	5.00000	2																	
500	25345	4.22187	0																	
841	25051	4.51679	0																	
756	42938	4.84865	0																	
527	36839	3.23023	0							388	0.02219									
252	32588	4.96358	1																	
889	25259	4.29166	0	31903	0.02535	40745	0.01121	38098	0.00737	491	0.04127	292	0.01822							
340	25509	4.08674	0																	
944	34417	4.76336	0																	
499	35657	4.92943	0																	
698	43790	5.00000	0																	
664	25599	4.16389	0																	
929	24678	4.63961	4																	
893	40572	3.54031	1	36408	0.01569															
533	24530	4.29992	0																	
538	31024	4.47838	0																	
345	28939	5.00000	3																	
524	39494	4.90496	0																	
480	40305	4.79770	0																	
283	22543	4.57901	5	22544	0.04368					678	0.05993									
407	23323	4.26882	0																	
818	35817	4.11183	2																	
410	23335	4.02057	1	24367	0.05049	23370	0.02265	23481	0.00420	669	0.10573	676	0.07264							
312	30636	4.91429	0																	
44	34199	4.50698	5																	
514	33357	4.12242	0																	
751	42550	4.88684	0																	
501	20009	4.84651	5																	
594	24813	4.57175	0																	
39	29913	4.73386	0																	
676	22670	3.91602	0																	
282	26667	4.77910	0																	
276	24558	3.78381	0																	
705	29684	4.47863	2	24078	0.05247	23086	0.04223	30672	0.04182	382	0.06543									
510	20399	4.67775	0																	
501	42775	4.64430	0																	
138	21780	4.54192	0																	
808	26312	4.64787	0																	
380	30378	4.41065	0																	
702	40918	5.00000	0																	
766	42514	4.77917	0																	
81	21529	4.60188	0																	
550	40574	3.98793	0																	
601	30076	4.18781	0																	
283	24646	4.40323	6	21099	0.00308					340	0.05281									
50	29136	4.77161	0																	
811	39595	3.85780	5	39337	0.05135					87	0.25087									
471	40447	4.89280	2	39535	0.03654	24666	0.01881	25369	0.00183	227	0.04439	761	0.03713	176	0.01124					
866	27908	4.30290	0																	
833	32210	5.00000	2	32546	0.02809															
969	24794	4.63960	3																	
514	42678	4.28182	0																	
425	29357	4.60575	0																	
26	29603	4.68288	0																	
388	39371	4.04325	0																	
378	35882	4.51068	0																	
194	20757	4.23376	4																	
917	24631	4.62459	3																	
490	40634	3.96770	0																	
272	36987	2.85261	0																	
121	21091	4.71215	0																	
959	26656	5.00000	1																	
492	39765	4.59548	0																	
82	24424	3.01925	0																	
836	31472	4.31520	0																	
570	25475	4.09308	0																	
50	29132	4.71423	0																	
50	25662	5.00000	6	25365	0.00868					340	0.03517									
291	38109	4.19094	1																	
414	20060	4.39803	0																	
216	39658	4.68424	0																	
700	39968	3.87727	0																	
973	39127	4.74348	0																	
188	30672	4.16461	5	30147	0.01602					853	0.05745									
792	22623	4.57272	0																	
941	24518	4.87963	0																	
875	33726	3.12946	0																	
54	21557	2.52161	1																	
868	25024	4.42341	0																	
982	34425	4.43218	0																	
764	26273	4.48899	0																	
985	24361	4.99743	0							340	0.02063									
148	28050	4.82091	0																	
254	32076	4.63397	0																	
518	32564	5.00000	4	25703	0.23609					32	1.00000									
566	33726	3.70231	0	24030	0.03206															
441	29761	3.88762	2																	
175	22705	4.20183	3																	
758	36479	4.18596	0	28874	0.04665					120	0.01448									
283	21855	4.88512	6	24338	0.01417	22524	0.00496	28817	0.00364	340	0.05281									
429	21492	4.91643	6	21127	0.03416	25039	0.01067			703	0.06719	977	0.04911							
448	21795	4.41864	0																	
817	23090	4.57903	0																	
413	20531	5.00000	0																	
340	27999	4.58440	0																	
983	21198	4.49915	0																	
141	26331	3.82755	0																	
177	42978	3.17464	0																	
779	24987	4.54435	0																	
256	33507	4.58320	0																	
264	31007	3.97095	5																	
772	24365	4.42978	0																	
81	25522	4.04487	3	28026	0.04675															
842	33925	4.47248	0																	
443	28044	4.78934	3																	
189	30351	4.96235	0																	
545	40963	4.94012	0																	
606	25040	4.73971	2																	
283	43958	4.51612	0																	
594	33917	4.91557	1																	
424	21492	4.63436	6	37758	0.00300															
569	26290	4.74873	0																	
26	28830	4.60974	0																	
711	22155	4.08449	0																	
322	22264	4.82556	1																	
930	24372	3.38868	0																	
867	30862	3.33611	4																	
981	38098	3.79443	1	39578	0.01633					889	0.01467									
377	29717	4.83883	0							292	0.02846									
925	37642	3.41050	1																	
394	24317	5.00000	3																	
81	21262	4.85567	6																	
181	22536	4.92033	0																	
514	41187	4.14972	0																	
546	34422	4.91840	0																	
357	26804	5.00000	0																	
93	21978	4.58669	0																	
518	25700	4.31440	4	25703	0.45037					32	1.00000									
909	31277	4.20604	0																	
782	36190	4.84032	0																	
550	39069	4.46950	0																	
637	41482	4.47668	0																	
385	28605	4.21104	0																	
168	31776	4.72491	0																	
570	24620	4.23112	5																	
531	35150	4.83140	0																	
952	31661	4.31015	0																	
95	38107	4.64671	0																	
448	33684	4.36599	0																	
514	41606	4.08788	0																	
818	22151	2.90288	0																	
420	29517	4.94087	0																	
178	26451	5.00000	5																	
334	24101	4.21007	0																	
427	40501	4.79258	0																	
10	32177	4.43217	3	24620	0.01954					29	0.02329									
320	32958	3.33232	0																	
13	25081	4.59605	0																	
424	41285	4.20916	4							514	0.01014									
283	41945	4.55000	0																	
283	23886	4.75004	0																	
581	32902	4.60793	0																	
505	20709	4.57784	0																	
987	38429	4.51231	0																	
142	37049	2.93910	0	36875	0.09198	37297	0.03217	36332	0.02655	932	0.07021	92	0.01804	871	0.01380					
340	22452	4.43502	5	40513	0.01655	21492	0.01060	22592	0.01017	175	0.04180	594	0.03960	414	0.03690					
485	38687	4.67227	0																	
959	24309	5.00000	5																	
507	39053	4.02781	0																	
913	39852	3.65734	0																	
152	28534	4.40250	0																	
109	33470	4.48708	0																	
813	24532	5.00000	6							340	0.00697									
252	24695	5.00000	0																	
514	43717	4.17072	0																	
162	31307	4.27627	0																	
207	21491	3.52350	2																	
480	21667	4.81285	0																	
978	26041	4.65205	3																	
616	23557	5.00000	2																	
539	28298	4.64176	0																	
891	38129	4.40787	0																	
746	36331	4.16624	3																	
698	43398	5.00000	3																	
760	24491	4.57483	0																	
968	35952	5.00000	1																	
710	34512	4.65160	0																	
761	39532	5.00000	1																	
891	37259	4.49368	5	21917	0.06038					709	0.10323									
18	21410	4.93347	4																	
611	24231	4.44887	0																	
504	37363	4.12547	0																	
973	40603	4.63939	0																	
283	40947	4.60335	0																	
850	22898	4.80706	0																	
648	40603	3.90646	0																	
485	39851	4.75678	4																	
619	36421	3.71588	3																	
33	37272	4.68700	0																	
514	33968	4.16842	0																	
28	43264	3.59358	0																	
329	41771	3.96822	0																	
951	32706	4.54251	0																	
514	28572	4.18837	0																	
945	33786	3.93340	2																	
922	27386	4.30902	0																	
794	42504	4.59323	0																	
767	34762	4.04655	1																	
424	25321	3.92027	4																	
545	21774	4.90345	0																	
125	30672	4.17547	5																	
21	36501	3.53787	0																	
392	31766	4.80801	0																	
803	23692	4.95499	0																	
602	24447	4.94191	0																	
85	27988	3.72883	0																	
311	22728	4.64799	0																	
812	29767	4.84467	0																	
414	24986	4.49528	0																	
368	32228	3.77217	0																	
761	43520	4.52442	0																	
514	43055	4.15729	0																	
889	34192	4.64543	2																	
790	22269	4.71263	0																	
414	25068	4.47860	1	22452	0.00477					594	0.05637									
522	26526	4.87551	3	26527	0.03641	26544	0.01669	26530	0.01235	248	0.20679									
130	22541	4.20787	0																	
974	38740	5.00000	5																	
882	34557	3.73867	2																	
569	26047	4.77241	0																	
574	29010	5.00000	0																	
570	24571	4.36403	0																	
592	23213	4.86295	0																	
569	26056	4.71402	0																	
612	22817	4.71821	0																	
59	25086	4.18309	1	24460	0.02258					13	0.03764									
471	37073	4.01291	1	24410	0.05110					713	0.06387									
283	33919	4.64876	0																	
741	42920	4.75802	0																	
529	36296	5.00000	0																	
43	37094	5.00000	0																	
81	24534	3.88007	0							514	0.00923									
643	35906	3.82669	1	34568	0.05325					62	0.10120									
952	43989	4.34984	0																	
244	42114	3.62743	0																	
851	31987	3.55520	0																	
424	23624	4.68033	1							55	0.01663									
489	41984	4.75128	0																	
919	34565	5.00000	0																	
468	29033	5.00000	0							848	0.03612									
26	33808	4.65953	0																	
82	35884	4.56695	5																	
171	21279	4.71499	3																	
8	22447	4.38915	0																	
444	35079	4.83952	0																	
994	37425	4.18182	0																	
569	31677	4.77211	0																	
676	23105	3.12781	6	24046	0.03941	22476	0.01321			761	0.04570									
800	35852	4.60731	0																	
217	26121	4.13411	0																	
895	37785	4.62026	0																	
811	37333	4.25369	0																	
380	25522	4.02310	3																	
569	30390	4.79395	0																	
333	21265	3.88723	0																	
594	22412	4.80960	1																	
345	30862	4.17518	4																	
893	33692	4.52061	0																	
501	25454	4.65450	0																	
888	31900	4.54550	3																	
352	23215	5.00000	3																	
594	40998	4.39348	0																	
283	43395	4.58753	0																	
89	22205	4.30145	5																	
32	32271	4.60964	0																	
241	37276	4.65194	0																	
725	30835	5.00000	5																	
418	28821	4.95066	0																	
847	26274	4.86670	5																	
581	40010	4.56555	0																	
283	33502	4.64629	1																	
355	26636	4.62008	3																	
334	22620	4.35683	5	24085	0.03459	22615	0.02234	30672	0.00969	20	0.05725	471	0.04228	137	0.03622					
538	20492	4.27701	0																	
497	32655	4.53275	0																	
937	23292	5.00000	4	23443	0.12903					492	0.34256									
906	39112	4.49924	0																	
967	40097	4.87079	0																	
880	26992	4.13439	0																	
283	28521	5.00000	4																	
441	28266	4.84540	2																	
446	37297	4.94581	5	36875	0.03358	37254	0.02036			160	0.02105	142	0.01191							
763	34615	3.87069	1																	
784	24593	4.63963	0							340	0.03942	848	0.01934							
283	40463	4.58668	0																	
821	41440	4.53413	0																	
724	39501	2.79513	0																	
786	24075	4.86983	0																	
848	23839	4.91306	5	23841	0.11026	23840	0.06349			445	0.04426									
36	41246	4.36240	0																	
20	24765	5.00000	3																	
340	23692	4.46923	0																	
266	20563	4.67475	0																	
618	32520	4.11058	0																	
64	40937	5.00000	6																	
446	37565	4.96483	0	37254	0.05187															
146	25065	3.86145	0																	
860	33935	4.83206	2																	
30	26313	5.00000	4																	
848	22620	4.81759	5	24680	0.01189	22475	0.00910			227	0.03497	760	0.01910							
254	23773	4.52615	0																	
388	33376	4.09965	2																	
340	20609	4.19831	0	20597	0.04318															
340	25653	4.51289	0																	
811	40922	4.23274	0																	
632	23436	2.54364	0							848	0.08804									
504	38498	4.04429	0																	
683	35697	4.31118	6																	
316	41210	4.94793	1																	
21	30672	2.86974	5																	
524	40082	4.85061	0																	
570	23332	4.15208	0																	
602	25331	4.99687	2	21522	0.06055	25240	0.01571			343	0.05686	248	0.04147							
364	38140	4.32497	0																	
32	25701	4.70833	0																	
168	25492	4.72866	0																	
309	21491	4.63955	2	21500	0.01758					832	0.03721									
813	22418	4.78863	0																	
716	40506	4.26342	0																	
871	37297	3.86091	5	37049	0.03217	36332	0.01875			160	0.01783	142	0.01380							
397	23348	3.77466	1																	
430	25269	4.95764	5	40745	0.02133					146	0.00903									
142	38467	3.15050	0																	
576	32210	4.53972	2	24012	0.00908					424	0.00503									
233	24812	4.03842	0																	
12	28631	4.00748	0																	
340	20436	4.61123	0																	
929	22536	4.37616	0																	
911	36309	4.15545	0																	
329	25090	4.00377	0																	
696	23989	5.00000	0																	
162	23396	4.29862	4																	
303	32379	4.54290	0																	
873	24032	4.51957	0																	
661	29672	5.00000	4																	
733	24030	4.50866	0																	
462	24626	5.00000	0																	
519	32897	4.33219	0																	
13	21071	4.98682	3	30537	0.02059	25903	0.00548			81	0.10922									
550	40572	3.34205	1																	
873	28044	4.65445	3																	
283	24326	4.62033	0																	
105	35068	4.52593	0																	
12	40276	4.06565	0																	
196	43088	5.00000	0							514	0.00857									
544	34551	4.50899	2																	
456	33263	4.61964	6																	
594	38406	5.00000	6	23399	0.00504	21492	0.00243			340	0.03960									
567	22440	4.56240	1																	
703	25423	3.83416	0																	
666	21058	5.00000	2																	
19	31573	3.05219	0																	
625	38531	5.00000	2	39857	0.07251															
206	33626	4.46761	0																	
10	40572	3.33183	1																	
424	38105	3.85990	0																	
693	37877	3.50493	0																	
479	21018	4.79436	0																	
753	34101	5.00000	2																	
648	38369	3.94298	0																	
301	34978	4.66886	0																	
58	34350	4.37860	5	29684	0.06534					530	0.02448	382	0.00992							
424	24027	4.21235	4																	
283	40112	4.49977	0																	
334	24410	3.80689	2	22621	0.00979					471	0.04228									
958	31663	4.25022	0																	
655	32308	4.78199	4																	
385	24247	4.18579	6																	
102	29365	4.32475	0																	
81	24284	4.54676	0																	
678	27548	4.64135	0	24680	0.01855					848	0.01013									
105	21917	5.00000	3																	
91	23945	3.24317	0																	
45	42115	4.65682	0																	
321	39121	4.57017	0																	
824	31474	3.42873	3																	
938	41348	4.52030	1																	
687	39791	4.52186	0																	
838	43564	4.84012	0																	
949	24012	3.71022	3																	
620	40908	4.33257	0																	
117	24039	5.00000	0																	
410	24478	3.89759	0																	
659	23558	4.20888	5																	
514	43298	4.16348	0																	
367	40525	3.41518	0																	
485	41242	4.64076	0																	
179	28357	4.11408	0																	
123	38986	5.00000	5																	
882	20995	3.89341	0																	
570	25906	3.96854	0																	
13	23243	4.96669	6							340	0.00466									
904	41452	4.05494	0																	
23	37642	3.16927	1							249	0.02296	491	0.01332							
81	27195	4.52155	0																	
152	24075	3.81533	0																	
340	24645	4.54594	0																	
291	32603	3.93712	0																	
141	39654	3.87976	0																	
339	24182	5.00000	0																	
144	24700	3.90185	0																	
939	40948	2.46365	0																	
805	25269	4.45173	5																	
354	40759	4.80365	0																	
926	24924	4.51120	0	25073	0.50954															
519	22972	4.75844	5																	
873	37199	4.49888	0																	
721	40712	4.33151	0																	
394	21429	5.00000	0	33715	0.16967					846	0.19620									
81	37038	3.66714	0																	
982	35692	4.74914	5																	
505	21723	4.94367	1																	
40	35913	2.86447	0																	
181	21075	4.94779	0																	
283	43947	4.61369	0																	
865	38812	4.83443	1																	
194	23184	4.03319	1																	
330	32591	4.14467	0																	
412	27969	4.04155	0																	
81	23270	4.72801	5																	
228	24078	4.61438	5	30672	0.08203					124	0.10084	705	0.04618	382	0.00692					
514	34705	3.59696	0																	
882	22005	3.97410	0																	
514	22703	3.92774	2																	
26	27616	4.62274	0																	
193	38122	4.12319	0																	
127	32690	4.77257	0																	
741	25103	4.74900	0																	
465	21538	4.85919	3	20368	0.02389	20374	0.01703	20361	0.00704	569	0.37319									
189	38396	4.81289	0																	
886	26009	4.55445	0																	
188	35139	4.66066	0																	
948	37662	5.00000	0																	
181	27741	4.88764	0																	
319	30238	4.18727	0																	
340	24803	4.54118	0																	
340	20948	4.53216	0																	
871	37199	4.86656	0																	
283	42655	4.66086	0																	
867	24855	4.45973	3																	
563	38264	3.82846	0																	
855	31469	4.04288	0	41345	0.02218					860	0.03266									
334	22716	4.31581	1	22727	0.04000					835	0.03435									
82	23127	4.46416	0																	
157	39728	4.53412	0																	
358	24004	5.00000	0	23799	0.09940					369	0.08808									
602	29996	5.00000	4																	
570	24770	4.20425	6																	
86	34102	4.22378	0																	
51	34579	3.41058	3																	
610	31939	3.58374	0																	
479	33365	4.77800	0																	
400	21274	4.13412	0																	
571	24896	3.40503	0	24435	0.26580															
253	39578	5.00000	1																	
866	31430	4.28353	0																	
491	43052	4.17964	0																	
501	43702	4.57838	0																	
641	24115	4.68084	6																	
570	25072	4.18429	0																	
227	21081	4.08189	0																	
389	37048	4.20348	0																	
78	24388	4.34996	2																	
531	35071	4.71960	0																	
956	31637	4.23992	4																	
38	38297	4.65282	0																	
685	25308	3.42464	5							81	0.06354									
631	28061	4.61472	0																	
860	23845	4.90252	1	25031	0.02240	25063	0.01386			14	0.07830									
555	22018	3.54368	0																	
282	39139	4.73794	0																	
883	40491	4.22950	0							514	0.00617									
283	21860	4.56202	0																	
180	28343	4.21785	0																	
105	37276	4.08123	0																	
598	34975	4.24813	0																	
340	23327	4.56512	3	23328	0.34653					135	0.02305									
774	28146	4.21393	0																	
141	39246	3.83545	0																	
734	38130	4.90854	0																	
918	20595	4.48871	4																	
40	37758	2.71514	5																	
26	37318	4.68019	0																	
567	24377	3.69761	1																	
520	35597	3.98911	0																	
811	36582	4.28673	0																	
227	24729	4.13706	2																	
654	35557	4.54088	0																	
998	24254	4.96210	0																	
51	21089	3.90227	0																	
541	28707	4.51044	0																	
105	24720	4.65730	5																	
414	31388	4.57150	0																	
569	29785	4.73689	0																	
757	30355	4.60098	0																	
44	31858	4.47600	4																	
950	39099	4.85337	0																	
576	34436	4.78853	1																	
477	36735	2.37290	0																	
340	25507	4.53261	0																	
244	42305	4.53062	4																	
699	25404	4.31529	5																	
514	21045	4.07057	3	21061	0.02746					168	0.01240									
347	40848	4.51263	0																	
740	33266	1.00000	0																	
105	31506	4.50909	0																	
478	34076	4.38181	0																	
813	29686	5.00000	4																	
488	25358	3.93428	1																	
387	29910	3.59592	0																	
102	24687	4.46834	0																	
377	23109	4.54936	0																	
440	23900	4.10847	4	28782	0.00397	25308	0.00387			81	0.05378									
48	21956	4.46560	6	24644	0.02059					696	0.15122									
217	36490	3.47578	0																	
505	21758	4.50917	0																	
813	25040	4.94244	2	23232	0.01381	35594	0.01190	32084	0.00236	703	0.02817	501	0.02484	486	0.02437					
664	33802	4.03464	0																	
38	34910	3.81464	5	24012	0.01209	24137	0.00366	37474	0.00299	424	0.03604									
344	35553	4.51148	0																	
891	39341	4.43076	0																	
363	41976	3.98342	0																	
44	32220	4.57587	0																	
368	31804	3.84442	0																	
873	29666	4.66873	6																	
214	21517	5.00000	1																	
6	38539	4.56307	5																	
811	40006	4.28389	0																	
712	37468	4.55712	0																	
306	20385	4.98722	2																	
244	24388	4.69003	2																	
443	23993	5.00000	0	25259	0.01607	28938	0.01287			231	0.10129	292	0.03890							
443	40586	4.93699	0	25259	0.02036					292	0.03890									
484	33925	3.21423	0																	
763	34045	3.56396	6							813	0.01482									
860	24004	4.81603	0																	
669	23448	3.17009	1																	
71	42781	4.37413	6																	
514	39626	4.15276	0																	
340	25663	4.92816	0	25637	0.01796	24272	0.00787	20275	0.00673	848	0.06046									
81	25334	4.27449	1	34839	0.02433					403	0.02990									
581	23273	4.54111	0																	
128	39585	4.90721	0																	
491	34192	4.74098	2	30975	0.21478					673	0.03025	107	0.01779							
170	29908	4.52430	0																	
781	36943	4.14960	0																	
882	38362	3.86090	0																	
648	39529	3.41477	4	35544	0.13396					444	0.09049									
730	21816	4.79547	0																	
570	26725	4.20287	0																	
767	41133	4.91786	0																	
252	37882	4.61809	0																	
283	26539	5.00000	0																	
610	33552	3.55028	0																	
291	36766	2.59407	4																	
340	25645	4.55529	0																	
746	34283	4.68045	0																	
269	25040	5.00000	2																	
916	23841	4.11142	0																	
142	36887	3.93260	1							97	0.06242									
632	36523	3.07671	0																	
996	30910	4.81215	0																	
920	25637	4.74670	0	25638	0.02781					340	0.03758									
322	34910	3.93897	5																	
319	42769	4.24259	0																	
179	27367	3.97703	0																	
987	36527	4.52839	0																	
227	24365	3.89963	0																	
710	31524	4.53466	5																	
494	22151	3.50528	0																	
559	25518	4.53183	0																	
8	22459	4.36761	0																	
269	29845	4.86901	0																	
469	25262	3.66141	2	24047	0.01931	25369	0.00621			227	0.04961	471	0.00222							
400	38832	2.85441	0	38268	0.01225	37753	0.00875													
182	29421	4.12120	0																	
430	24761	4.97153	3																	
283	28614	4.54927	0																	
141	35524	3.78131	1																	
582	25622	5.00000	2	25643	0.01489					401	0.17233									
276	28592	3.88775	0																	
610	35322	3.58585	0																	
505	22386	5.00000	0	25936	0.02189					514	0.02390									
347	40401	4.56620	0																	
163	31822	4.02312	0																	
163	33080	4.05755	0																	
162	40718	4.22761	0																	
202	31029	4.22042	0																	
201	28497	4.49855	5																	
911	39700	4.09255	0																	
325	35912	4.51330	0																	
501	25273	3.90153	0																	
386	25564	4.45926	0																	
644	27543	4.88032	0	21238	0.04252	21241	0.02445			574	0.14702	105	0.06950							
834	21534	2.75116	0																	
541	27553	4.44796	0																	
70	43883	4.86869	0																	
604	39990	3.30120	6																	
137	33440	4.72429	0																	
457	20555	4.78160	0																	
420	24475	4.71629	0																	
211	23637	4.05547	0																	
746	34579	4.04871	3	31003	0.00949					335	0.02203	891	0.01179							
393	42172	3.79714	0																	
431	25254	4.77918	0																	
798	20513	4.93892	0																	
853	38246	4.60576	3	39130	0.02108	38862	0.01621			891	0.09728	466	0.04997							
848	23332	4.39772	0																	
911	24862	4.25102	0																	
493	32481	4.80528	0																	
403	33638	3.97749	0																	
485	36192	4.87641	1																	
26	30875	4.67763	0																	
424	36086	4.56650	0	36076	0.04509	32210	0.01840			514	0.01014									
587	26043	4.99451	3	23223	0.00585					983	0.05298									
564	21299	4.13878	4							681	0.07212									
475	23916	4.32227	6																	
997	24915	4.81603	1																	
860	23458	4.73490	0																	
424	40525	4.35993	0	40682	0.01411	37474	0.00532			142	0.01419									
514	24825	4.13064	0																	
479	34048	3.72474	0																	
172	36566	4.83610	0																	
125	32167	4.26414	0																	
410	23581	3.80901	0																	
514	43527	4.10544	0																	
397	31766	4.04610	0																	
648	32308	3.95484	4																	
983	25424	4.70531	0																	
388	24045	4.07448	4							944	0.13025									
569	24938	4.69556	0																	
134	33608	4.30002	1	33055	0.03409					634	0.30710									
16	24743	4.71565	0																	
283	38910	4.53470	0																	
676	22709	4.12986	4																	
350	34587	4.66792	0																	
95	38112	4.14905	0																	
433	29937	4.29425	0																	
547	30796	4.65128	1																	
570	23271	4.14694	0																	
93	24479	4.33551	0																	
608	25404	4.03976	5																	
332	42098	4.61591	0																	
636	25082	4.90726	1							150	1.00000									
600	40731	5.00000	3																	
813	37851	4.73308	0																	
491	41897	4.27738	1	38098	0.00922					408	0.01206									
984	26393	3.67219	0																	
264	32385	4.28391	2																	
375	24004	4.59668	0																	
648	36002	3.95500	0																	
142	34758	3.65305	1																	
547	23576	4.61285	0																	
25	41947	4.30651	0																	
471	39858	4.60790	0																	
397	39557	3.90212	0																	
283	41950	4.50429	0																	
437	43002	5.00000	0																	
996	24054	4.83237	0																	
570	23860	3.62602	0																	
525	33427	3.83392	0																	
618	21277	4.02225	6																	
577	38926	3.81089	2																	
963	36791	4.80530	0																	
304	40771	5.00000	0																	
11	21273	3.77999	0																	
377	30992	4.51565	0																	
130	33121	4.38671	6																	
514	23130	4.23201	0																	
826	25715	4.83279	0																	
789	24650	5.00000	4																	
856	23651	4.71408	5																	
710	32939	4.22630	0																	
165	27238	3.56374	3																	
334	34399	4.04038	0																	
356	33832	4.11526	0																	
811	39659	4.24213	0																	
50	43042	4.71550	0																	
338	20406	4.68393	0																	
648	34645	3.87745	0																	
514	24097	4.17016	1																	
129	30833	4.50461	1																	
54	22999	2.71361	0																	
388	43125	4.07607	1																	
779	24818	4.53870	0																	
989	40523	3.96230	0																	
854	35348	4.93422	0																	
381	24650	4.89079	4	22533	0.02377	24680	0.01122			678	0.04869	410	0.04812	227	0.00763					
302	32892	4.59412	0																	
410	23420	3.09028	0	24367	0.01418	24650	0.00877													
379	24261	4.45946	0																	
511	35274	4.24067	0																	
103	32210	4.89928	2	25345	0.01868					424	0.01652									
303	39597	4.13892	0																	
330	24271	4.25302	0																	
93	24579	5.00000	4	24559	0.06908					381	0.06081	682	0.03165	469	0.02584					
625	42614	4.02756	1																	
484	21099	3.72852	2																	
741	26872	4.69756	0																	
106	36980	3.24852	0																	
69	32518	4.25636	0																	
81	21038	4.55309	0																	
863	22440	4.30437	1																	
944	26514	4.75904	0																	
594	23276	4.54509	0																	
142	38084	3.49810	1							97	0.06242									
99	38733	4.01127	0																	
513	30672	3.54345	5							568	0.11111									
345	28023	5.00000	5																	
514	41163	4.21279	0																	
594	21501	4.52223	0																	
753	26498	4.80244	0																	
495	32354	4.51826	0																	
340	24639	4.58850	0																	
466	37703	4.31103	0																	
469	40447	3.92872	2	24047	0.00336	25369	0.00183			227	0.04961	176	0.04663							
606	30616	4.53912	0																	
168	37138	5.00000	3																	
894	43895	4.84421	0																	
67	35881	4.64521	1																	
466	39437	4.13043	0																	
181	28691	4.92550	0																	
517	21817	4.42911	0																	
828	34615	4.87870	1																	
504	30973	3.63999	5																	
813	24147	4.99872	0	24873	0.01732					168	0.06386	340	0.00697							
848	36747	4.48475	0																	
438	35932	4.50618	0																	
594	37143	4.19817	0																	
13	25096	4.69558	0																	
227	23481	3.36591	0	24650	0.02174	24367	0.01135	24472	0.00946	410	0.04760									
869	37784	4.66597	0																	
853	27944	4.77521	0																	
105	24650	4.92532	4	22533	0.02377	26645	0.00909			410	0.01967	792	0.01425							
416	24626	5.00000	0																	
363	38249	3.97469	0																	
593	26067	5.00000	5																	
966	24449	4.16381	0																	
102	37099	4.39860	0																	
538	25661	4.55182	0																	
408	37049	4.24710	0	37266	0.02468	37876	0.02334	37664	0.01536	566	0.01145	615	0.00542							
376	25335	4.74351	2																	
946	23903	4.91559	0																	
66	29624	4.80933	0																	
981	40673	3.98796	0																	
524	41887	4.86260	0																	
429	23383	5.00000	0																	
570	38471	4.53516	0																	
815	36402	5.00000	0	36491	0.06171	36766	0.03574			89	0.29158									
736	25364	4.33424	2																	
575	25807	4.21073	0																	
199	39569	2.82317	0																	
569	29338	4.73719	0																	
403	24268	4.41733	6							340	0.00549									
995	38098	4.34701	1	40745	0.00294	40525	0.00176			889	0.01113									
331	32531	5.00000	4																	
570	24609	4.08836	0																	
105	28023	4.73156	5																	
984	22998	3.75471	0																	
732	33787	3.70824	3							882	0.08784									
283	29686	4.89749	4	28817	0.03355	28401	0.03163			624	0.11664									
630	21381	4.79433	0																	
466	38185	4.22358	0																	
962	23197	3.34249	0																	
969	30103	4.43596	0																	
357	25360	4.72449	0																	
623	23385	5.00000	0																	
131	34557	4.18855	2																	
574	21265	4.08917	0	43231	0.12640															
657	24207	4.52969	0																	
886	25983	4.54846	0																	
681	24680	5.00000	5	24650	0.01122					678	0.01688									
538	27108	4.36551	0																	
986	22729	4.49237	1	22719	0.08766					835	0.11646									
78	21599	4.51370	1	24435	0.04710					571	0.11535									
528	35000	3.67086	5																	
758	21910	4.24314	0																	
719	38316	4.33243	0							514	0.00188									
659	40550	4.03255	3																	
348	42406	5.00000	6																	
227	32116	2.90285	4	24650	0.02304					681	0.00964									
490	39681	3.89327	1																	
315	34678	4.58118	0																	
318	26695	5.00000	1																	
162	33880	4.25589	0																	
514	41591	4.13404	0																	
71	22688	4.42054	0																	
500	23239	4.09148	1							340	0.01176									
903	43655	4.97771	0																	
559	23902	4.27725	0																	
33	30387	4.67005	2																	
452	37689	4.21249	0																	
14	22554	4.95073	5	29717	0.01033					340	0.01278									
534	27460	4.80401	5																	
714	32056	4.98562	0																	
848	23346	4.37119	0																	
178	26302	5.00000	0																	
431	20773	4.70958	0																	
677	39715	4.61601	0																	
340	20305	4.53755	0																	
193	22445	4.39388	5																	
400	41581	3.26822	6	36967	0.01040															
71	25993	4.54223	6																	
907	27507	4.77085	0																	
793	36050	3.87203	3							485	0.08691									
130	28298	4.16390	0																	
334	32126	4.05278	3																	
610	31024	3.57208	0																	
539	24641	5.00000	2																	
29	32016	3.81764	0																	
89	37332	4.36574	0																	
986	29684	3.47530	2	24078	0.05247					382	0.01970									
983	23340	4.51136	0																	
741	33636	4.71678	0																	
822	38862	4.93298	1	38081	0.00540					466	0.14421									
491	25105	2.95100	0																	
70	32672	5.00000	4																	
567	27752	3.80342	3	25451	0.00943					81	0.03305									
891	36825	4.83784	5																	
286	23220	4.21980	0																	
873	34403	4.48239	0																	
385	31011	4.09975	0																	
978	36490	3.92970	0																	
514	33210	4.14482	0																	
804	35634	4.97377	6																	
264	32297	4.21655	0																	
331	39269	4.41999	0	38315	0.01079					745	0.01858									
347	24673	4.51278	0																	
193	35079	4.13311	0																	
264	35692	4.55738	5																	
729	38304	4.09327	0																	
389	23259	4.39453	2																	
932	37266	4.78507	5	37049	0.02468					92	0.02716	160	0.01010							
49	24027	4.56024	4																	
541	29762	5.00000	0							570	0.06282	340	0.01102							
389	42689	4.26752	0																	
412	21492	4.85501	6	25040	0.01490	20063	0.00543			340	0.01344	594	0.00906	703	0.00875					
340	23246	4.60079	0																	
168	26382	4.75211	1																	
319	32565	4.25500	0																	
283	24308	4.55314	0																	
466	38105	3.65869	0																	
424	39104	4.40351	0																	
910	20452	4.65333	0																	
125	34145	4.19529	0																	
165	23769	3.47838	0							218	0.07156	171	0.04277							
435	29509	4.76054	0																	
285	40943	3.86390	0																	
347	30701	4.56437	0																	
75	24655	4.46025	3																	
40	22438	2.82308	0																	
353	34350	3.11078	5																	
618	31900	3.80837	3																	
81	24522	4.67218	0																	
81	25427	4.98351	0	25426	0.08160	25421	0.07417	25487	0.05278	548	0.13952	82	0.07581							
49	24254	4.56041	0																	
117	37266	4.27100	5	41075	0.00939					408	0.03360									
861	22436	4.81221	2																	
248	27053	3.78561	0	20975	0.12354															
461	39557	4.68121	0																	
429	38607	4.65324	0																	
434	20330	4.44089	5	29015	0.01444	20316	0.00738			227	0.09799									
648	38861	3.93074	0																	
879	32674	4.68059	4																	
873	24850	4.47264	0																	
827	25240	5.00000	3	25331	0.01571					343	0.01626									
779	24777	4.92424	0																	
848	24592	4.45028	2	24589	0.11801	25637	0.02493			340	0.06046	784	0.01934							
442	30387	4.23301	2																	
82	32471	4.45096	0																	
195	32905	4.31204	0																	
414	40244	4.52667	0																	
904	40126	3.65164	0																	
50	32468	4.76529	0																	
466	37973	4.36132	0																	
171	24071	4.74318	0	24137	0.08458	23769	0.04441			710	0.03327	38	0.01524							
595	43728	4.62852	0																	
811	33014	4.33027	3																	
570	24610	4.20468	0																	
157	33854	4.59733	0																	
380	42906	4.10902	0																	
704	32748	4.55042	0																	
897	43462	4.67898	0																	
81	35551	4.44564	3	34839	0.00527					414	0.02056	407	0.00742							
836	31573	3.89129	0																	
866	28145	4.36799	0																	
861	32140	4.54415	0																	
813	38513	3.59480	0																	
385	24749	4.36045	0																	
781	24703	4.17855	0																	
137	24666	5.00000	6							471	0.01023									
361	34792	4.39216	2																	
505	26580	4.29369	4																	
758	22547	4.08090	0																	
499	38858	4.95784	0																	
519	31699	4.16695	6																	
645	24559	1.96119	3																	
409	26269	4.80836	0																	
344	35489	4.85889	5	34877	0.00396					618	0.06133									
26	29726	4.59696	0																	
46	24755	4.79643	0																	
631	23014	4.70013	0																	
522	22323	4.88328	5	26544	0.14268	22421	0.09720	22356	0.09589	240	0.33436									
650	29522	3.87080	0																	
866	31945	4.34154	0																	
