751	22180	5.00000	4																	
514	37322	4.12550	0																	
514	37706	4.09670	0																	
105	21130	4.56697	0																	
26	34476	4.72212	0																	
996	33484	4.59834	0																	
44	31858	4.40422	4																	
524	38897	4.84593	0																	
662	39012	3.20035	0																	
668	37840	4.44124	6																	
55	37877	3.21102	0	23624	0.00443															
952	43714	4.78025	0																	
948	37662	5.00000	0																	
340	23907	4.56109	0																	
424	43077	4.53064	0																	
221	22640	4.36435	0																	
13	25618	4.64260	0																	
510	30210	4.90528	2																	
174	31972	4.23737	0																	
819	22139	3.77849	0																	
366	23232	4.48736	6	25331	0.00104					813	0.00697									
381	24680	4.84464	0	24650	0.06873	24290	0.01047	22533	0.00787	848	0.11431	681	0.01588							
327	34763	4.95953	0																	
90	25073	3.30126	5																	
64	24432	4.76983	0																	
137	22615	4.89616	5																	
319	31824	4.27527	0																	
74	28398	4.72183	0																	
26	37318	4.73792	0																	
570	30755	3.73564	2																	
408	41075	4.35676	0	37876	0.02589	37266	0.01407	37049	0.00645	107	0.04622	142	0.02312	117	0.00629					
504	37297	3.42582	4							871	0.03986									
401	36735	3.58827	6	26043	0.01136															
938	24651	5.00000	0							514	0.00744									
614	38812	3.29650	2																	
17	36875	3.48653	5	38735	0.02368															
475	23926	4.61454	0																	
494	29996	5.00000	3																	
570	39407	4.20181	0																	
252	37882	4.75927	0																	
319	42769	4.28730	0																	
492	39765	4.75166	0																	
230	42352	4.84542	0																	
593	24751	4.83315	0																	
579	38253	4.32829	0																	
876	38906	4.52854	0																	
340	25365	4.83290	1	25278	0.05415					50	0.01814									
813	34706	4.73247	0																	
505	20265	4.67549	0																	
724	37758	2.81523	5																	
398	22384	5.00000	4																	
970	39072	4.81988	0																	
570	23266	3.98871	0																	
385	23378	4.17091	0																	
514	43046	3.95392	0																	
56	39692	4.44435	0																	
431	25254	4.44181	0																	
146	40500	4.87135	0																	
479	28175	4.96109	0																	
488	40643	4.21222	5																	
963	41934	4.86796	0																	
466	38228	4.14314	0																	
669	21522	3.59014	3																	
848	24624	4.33213	3	23841	0.08167															
487	26618	4.55607	0																	
865	41670	4.68592	0							514	0.01447									
34	26078	4.78424	4																	
944	37181	4.29307	0																	
388	24434	4.30280	0																	
566	24749	5.00000	0																	
104	41971	4.55765	0																	
594	38406	4.66810	6	23403	0.01127	23399	0.00995	25040	0.00345	340	0.03296									
525	37543	4.05249	0																	
678	43678	3.68021	0																	
600	42498	3.09985	1																	
283	24737	4.54172	0																	
636	25084	4.91127	1	25082	0.03960					150	1.00000									
283	28623	4.64767	0																	
429	25921	4.85188	5																	
612	23974	4.65679	0																	
527	37826	3.86137	0	36839	0.03080					388	0.02670									
889	39787	3.20723	2	34192	0.03299					107	0.01638									
541	25716	4.43617	6																	
572	40122	4.81092	0																	
928	30790	4.74339	0																	
593	27008	4.23259	0																	
719	40893	5.00000	1																	
577	41377	3.97762	0																	
340	23243	4.56311	1	23692	0.04564					535	0.00726									
185	26593	3.54862	0																	
684	24664	4.54674	0																	
826	21998	4.63961	0																	
485	40266	4.62699	0																	
643	34702	4.53688	0																	
882	37288	3.96565	0																	
634	36850	4.67100	0																	
514	42802	4.14461	0																	
574	21248	4.93107	5	21265	0.29032					333	0.13761									
340	23241	4.60731	0																	
397	23586	4.02609	0																	
441	26043	4.85195	4							424	0.00854									
759	35875	2.36117	0																	
729	39079	4.19991	0																	
15	27473	4.50779	0																	
122	28460	4.23795	0																	
409	26269	4.78030	0																	
338	21951	4.78629	0																	
676	23481	3.62176	0	22476	0.02594	23370	0.01203			410	0.07643									
379	26981	4.70449	0																	
340	21697	4.70247	3	24147	0.02410	23553	0.01704			168	0.03250									
340	25509	3.88466	0	22452	0.04263	20609	0.02751													
77	26084	4.34915	0																	
227	37638	2.87575	0	40447	0.01319															
972	39567	3.59330	0																	
670	29040	4.37502	0																	
308	34492	3.05224	0																	
433	29937	4.42074	0																	
821	29992	4.60045	0																	
582	30539	4.59664	0																	
180	28512	4.34639	0																	
850	34445	4.73774	0																	
407	40216	4.17168	6																	
227	32587	4.15640	0																	
891	38769	4.31175	0																	
466	38001	4.05851	0																	
889	41456	4.18075	0																	
407	42572	3.73775	0							514	0.05321									
89	37332	4.31529	0																	
283	42275	4.59981	0																	
210	28277	4.56696	0																	
554	43726	4.40549	0																	
55	25369	4.57287	2							227	0.01337									
135	23325	4.75452	0																	
569	29785	4.72456	0																	
858	37758	2.71095	5																	
7	22596	4.82777	0																	
9	22642	5.00000	4																	
473	25069	3.87289	5																	
13	24098	4.69864	0																	
673	38080	5.00000	1																	
181	28788	5.00000	2																	
779	24987	4.58405	0																	
965	24729	4.92704	5																	
554	38525	4.49814	0																	
326	28272	3.06455	0																	
570	22587	4.12569	0																	
951	32308	4.60871	4																	
222	22190	4.82228	1																	
335	32425	4.25164	0																	
230	24665	4.86372	0																	
340	23367	4.77505	5	23403	0.02112	23399	0.01074	21492	0.00468	594	0.03296									
595	26183	4.69953	0																	
439	33482	4.71068	0																	
984	22998	3.57818	0																	
274	36186	5.00000	0																	
505	30608	4.57599	0																	
983	42188	3.94105	0																	
380	41121	4.54426	0																	
437	38223	4.06495	0																	
832	36946	4.22673	4																	
82	27711	4.40468	0																	
979	36623	4.66902	0																	
6	37838	4.18103	0																	
488	39451	4.00566	0																	
949	37981	3.13914	0																	
977	26398	4.48233	0																	
975	24847	3.70736	0																	
407	38535	4.46903	0	42439	0.01753	40401	0.00871			514	0.05321									
839	24646	4.86279	6																	
25	41322	4.91474	0																	
938	23600	4.27049	0																	
6	37525	4.19897	0																	
580	34839	3.98440	5																	
655	38294	5.00000	1																	
514	39664	4.10364	0																	
340	24592	4.68150	2	24589	0.10699	26076	0.06288			784	0.02866									
789	24650	5.00000	4																	
93	25306	4.83689	3	21979	0.02824	24559	0.02815			29	0.16430	469	0.01764							
746	36331	3.92860	4																	
311	22728	5.00000	0																	
173	25092	4.55441	0																	
230	29484	4.83947	0																	
100	22003	4.92567	2																	
491	29963	4.30999	0							117	0.04133									
810	21492	5.00000	2	23399	0.00627					594	0.03056	340	0.01345							
491	37642	3.28436	1	38098	0.10935					23	0.00698	249	0.00162							
40	35913	2.55782	0																	
368	32329	4.57755	6																	
997	38347	4.39194	0																	
429	24624	4.55196	3							137	0.02446									
747	23241	4.84934	0																	
703	34034	5.00000	2																	
541	34853	4.50475	4	32382	0.11388					782	0.35731									
162	23665	4.30522	6																	
421	32001	4.48848	0																	
882	37673	3.15208	6	33787	0.00970	38098	0.00708			643	0.01816									
526	30987	4.75370	2																	
957	21521	3.60991	4																	
811	33455	4.31868	0																	
655	24791	5.00000	3																	
841	25051	4.49682	0																	
569	26035	4.80785	0																	
548	25421	4.31810	1	34107	0.02356	25427	0.01168			81	0.07361									
973	43481	4.57270	0																	
391	21441	5.00000	0																	
746	35913	5.00000	0																	
319	30360	4.24889	0																	
728	42815	4.17864	0																	
316	41210	4.81414	0																	
469	40572	3.27548	1	24579	0.00325					893	0.04003	696	0.01172							
215	25308	4.24984	5																	
634	33609	4.77175	0																	
505	20253	4.63564	0																	
388	42487	3.42419	0																	
292	23993	4.55200	1	25031	0.04924	25259	0.02350	40586	0.01257	443	0.09493	231	0.01564							
475	23874	5.00000	1																	
173	40681	4.60666	0																	
34	26763	4.47746	0																	
546	34869	4.74043	0																	
75	34366	5.00000	0																	
171	24071	4.78178	0	24012	0.09621	23769	0.03763	24137	0.01609	710	0.05710	38	0.04383	342	0.04128					
518	32564	4.95694	0																	
231	28938	4.78708	1	23993	0.02130					443	0.06591									
269	24344	4.53230	0																	
448	21635	4.46566	0																	
48	28762	4.94105	0																	
218	23769	4.77073	0	23900	0.01670					165	0.05350	55	0.01708							
568	30672	3.95801	0	28939	0.05378	23086	0.04609			705	0.29202	513	0.06368	382	0.04531					
171	21279	4.74299	3																	
741	29220	4.70487	0																	
322	22562	4.50672	5																	
960	39038	3.98412	1	37876	0.03721					408	0.07081									
167	28466	4.51228	0																	
337	21764	5.00000	6																	
246	26781	4.44544	0																	
116	30640	4.26299	5																	
80	23566	4.95058	0																	
649	24559	4.61645	2																	
487	25308	4.72283	5																	
55	30147	4.99955	5	22620	0.01430					853	0.01598									
160	21531	4.19511	1	29970	0.09944	37297	0.00697			254	0.07294	227	0.00911							
81	30325	4.52605	0																	
368	31804	4.51241	0																	
106	24457	5.00000	2																	
494	22151	4.15734	0																	
511	35553	3.97612	0																	
50	25662	4.95186	6							340	0.01814									
899	40774	4.29791	0																	
387	26099	3.59639	0																	
514	34705	3.57822	0																	
224	24683	4.65422	0																	
81	22616	4.61201	0																	
514	22386	4.15828	0																	
618	31900	3.64547	3																	
772	24484	4.40180	1	24365	0.01891	30612	0.01725													
83	31637	4.39226	4																	
73	37065	5.00000	0																	
77	37737	4.45956	0																	
174	26142	4.26056	0																	
399	25118	1.41441	0																	
659	40550	3.75333	6																	
700	42612	3.86957	0																	
27	25216	5.00000	1																	
495	23553	4.75549	3																	
514	35379	3.09814	0																	
81	21529	4.51836	0																	
469	21247	3.41223	4																	
612	22817	4.79685	0																	
607	34615	4.70708	2																	
536	24071	4.28996	0																	
81	23270	4.75880	5																	
104	38201	4.56357	0																	
271	35542	4.28401	0																	
469	24048	3.27056	5	25369	0.01327	25262	0.01194			227	0.07986									
607	42760	4.81469	0																	
574	36946	4.43247	4																	
701	22476	5.00000	0																	
329	23675	3.62487	0																	
340	20301	4.60332	0																	
29	35697	4.21945	1																	
565	37070	3.70439	5																	
750	23835	5.00000	0																	
250	23448	3.71024	0	23481	0.01128					410	0.01418									
845	42065	5.00000	0																	
815	36491	4.12529	0	36766	0.12645	37187	0.06241	36186	0.04979											
180	28689	4.39889	0																	
652	40525	4.91133	0																	
577	42614	3.24057	3																	
723	23688	4.16864	3																	
406	24712	4.24966	0																	
902	23492	4.78427	0																	
925	25895	3.29425	0																	
10	40572	3.14124	1																	
695	22726	3.80264	5																	
540	34759	4.76364	0																	
570	27556	4.01979	3																	
481	41829	4.08885	0																	
635	41285	4.82095	4																	
769	26676	4.90415	0																	
733	24047	4.98494	3	24030	0.00563					469	0.07344									
571	24655	3.88261	1																	
803	23692	5.00000	1																	
227	22475	4.17682	0																	
195	30925	4.00925	4	32674	0.14702					879	0.18590									
340	32433	4.56944	0	25879	0.01695	25791	0.00489	22439	0.00402	570	0.04146									
572	33027	5.00000	3																	
424	21275	4.75544	4	24012	0.03743	24071	0.02747			215	0.01048									
340	25508	4.49051	0																	
822	38081	5.00000	0	38862	0.01702					466	0.05364									
193	35079	5.00000	6																	
779	20009	4.61548	0																	
173	25653	4.12666	6																	
399	24737	3.98081	0																	
648	37604	3.86927	0																	
560	37753	4.35627	3																	
283	24963	4.60288	0																	
614	41959	3.25212	1																	
101	23368	4.22097	1																	
441	31870	4.60326	0																	
37	35243	5.00000	5																	
378	37049	4.02851	0																	
164	26500	4.47000	0																	
176	37411	3.77959	0																	
391	23835	4.68614	0																	
340	23324	4.59249	0																	
485	36875	3.09791	5	40761	0.00164															
904	40436	3.77808	0																	
803	23916	5.00000	6																	
228	24078	4.49940	1	30672	0.05260					382	0.02709	124	0.02423							
813	25993	5.00000	6																	
501	41952	4.64971	0																	
634	21913	3.88470	0																	
860	37043	5.00000	0	25063	0.01865					491	0.03742									
333	24568	5.00000	0																	
993	31158	4.80706	0																	
888	27057	4.64965	6																	
858	34542	3.18818	1																	
813	22686	4.80175	0																	
981	40673	4.65612	0																	
340	43338	4.54430	0																	
678	22543	4.46218	0	22544	0.01478					283	0.04895									
283	21099	4.75769	1	21492	0.00255					811	0.01529	758	0.01188							
64	39851	4.44663	4																	
340	24590	5.00000	0	24589	0.06117	26076	0.05460			784	0.02866	330	0.00371							
424	34266	4.27047	0	24012	0.02688	24071	0.00863	36076	0.00543	514	0.03542	215	0.01048							
763	25039	3.99786	2																	
356	34456	3.73813	1																	
952	38852	4.36428	2																	
464	25310	4.89160	6																	
570	25926	4.21927	0																	
238	23086	5.00000	2																	
664	34137	4.52215	0	24237	0.12095					846	0.10729									
491	30833	4.40651	1	25063	0.01045					860	0.03742									
818	22151	3.85823	0																	
340	22646	4.59601	0																	
479	29828	4.84619	0																	
541	27553	4.55514	0																	
160	36987	2.14004	0	37297	0.00548															
624	41234	4.63180	0																	
52	30159	4.89992	0																	
454	34587	4.15349	4																	
388	23140	4.43984	2																	
583	42781	4.19847	6																	
601	29768	4.27616	0																	
395	36275	2.81870	1																	
432	24749	4.80623	0																	
330	30638	4.17376	0																	
483	36688	4.23032	0																	
74	25404	4.39995	2																	
235	34839	5.00000	5																	
982	34425	4.56592	0																	
891	39631	4.12156	0																	
240	22323	4.34283	0																	
340	25477	4.49208	0																	
881	24730	4.61061	3																	
675	23430	4.21921	5																	
385	34364	4.22311	0																	
969	24797	4.75614	5																	
546	34422	4.95245	0																	
847	26580	4.42597	5																	
873	22814	4.77723	5																	
514	36086	3.56216	0	35875	0.01189															
355	26636	4.72973	3																	
340	24803	4.59027	0																	
424	41285	3.86663	4							514	0.03542									
860	37336	5.00000	3																	
482	43023	4.82697	0																	
429	27483	4.69415	0																	
952	32382	5.00000	2																	
546	24723	4.77418	0																	
748	25040	5.00000	6																	
797	32036	4.55206	0																	
93	31140	4.62960	0																	
175	26610	4.06385	0																	
319	29439	4.22365	0																	
933	37758	4.15057	5							84	0.09375	424	0.02247							
171	23900	4.10672	4	23769	0.01670															
514	41683	4.11469	0																	
464	25229	4.55113	0																	
398	36811	4.88316	0																	
438	34813	2.90851	0																	
33	33764	4.04417	0																	
969	30103	4.25819	0																	
853	30748	4.51978	3	30672	0.04972					228	0.02896									
24	36590	4.86795	0																	
252	27841	4.85318	0																	
663	42906	4.47105	2																	
347	26311	5.00000	0																	
398	35789	5.00000	0																	
162	22582	4.20999	0																	
792	26128	4.26059	4																	
929	27471	4.56588	0																	
594	37297	3.73079	4	26274	0.00462															
564	36408	4.36019	2	21299	0.06972					681	0.06078									
805	29955	3.93300	6																	
348	42406	5.00000	6																	
13	23243	4.82183	1																	
848	22129	4.78888	1																	
32	32564	4.51782	0																	
624	28401	5.00000	0							283	0.05370									
882	39599	3.70660	0	38098	0.00895					292	0.01911									
81	24493	4.80497	1	25903	0.03457	25096	0.00565	24534	0.00282	13	0.09738									
569	24578	4.94434	6	26043	0.01261					401	0.01330									
745	39269	4.04922	0	38315	0.04398					331	0.03030									
193	22445	5.00000	5																	
388	43125	4.50272	1																	
652	23882	5.00000	0																	
911	36309	4.29280	0																	
730	20451	4.71601	0																	
212	36349	4.39245	0																	
761	25040	4.81019	6																	
168	29519	4.71445	0																	
831	24256	3.84910	0																	
426	35974	5.00000	0																	
742	26076	5.00000	6																	
282	26667	4.84958	0																	
984	24361	3.93346	6							340	0.01014									
787	27210	4.60343	0																	
449	25459	4.85091	0																	
589	23800	3.86115	0																	
273	41177	4.25419	0																	
22	28026	4.78806	3																	
978	26041	4.51973	3	36490	0.24199					217	0.29708									
0	39116	4.74335	0																	
159	23184	5.00000	1																	
466	38025	4.09573	0																	
227	27532	4.20110	0																	
86	34102	4.26746	0																	
964	33951	4.44643	0																	
130	27904	4.39446	0																	
741	27397	4.82273	0																	
813	39670	5.00000	1																	
347	41578	4.64597	0																	
622	38239	3.59410	0																	
611	25591	4.86178	0																	
473	27228	3.86268	0																	
806	34724	4.95355	0																	
227	23413	4.27363	3																	
283	21883	4.58282	0																	
706	24218	4.84441	0																	
279	35692	4.53555	6																	
874	32869	4.48698	0																	
349	32187	4.59209	1																	
940	36259	4.71796	0																	
419	29772	4.33656	0																	
501	25273	3.71888	0																	
186	24656	5.00000	4																	
685	28868	2.72140	2																	
611	42600	4.89042	1																	
882	36211	3.91789	0																	
40	34762	1.59894	1																	
13	21098	4.96082	6	25093	0.00896	22452	0.00860			414	0.08356	594	0.01473	340	0.00411					
120	35965	5.00000	2																	
644	24141	4.86339	6	26635	0.18234					22	0.13100									
961	41845	3.41587	4																	
105	21244	4.63605	0																	
237	41075	4.25255	0	40626	0.01408					142	0.08106									
388	32424	4.29954	0																	
904	39187	3.67068	0																	
760	24103	4.66610	0																	
951	43866	4.37522	0																	
663	23715	5.00000	1																	
880	27033	4.12227	0																	
760	24680	4.89327	0	24650	0.06873					681	0.02564									
594	35515	4.44063	0																	
142	37049	3.30528	0	36875	0.13535	37297	0.03222	36332	0.01416	408	0.02312	92	0.01633	871	0.01380					
388	41111	4.32383	0																	
399	23997	1.47835	0																	
18	37175	4.95329	0																	
770	42681	4.24664	4																	
741	23891	4.81496	0																	
912	23312	4.14652	0																	
648	34418	3.91473	0																	
431	20268	4.46601	0																	
925	23221	2.79649	0																	
701	24620	4.72974	0																	
501	24019	5.00000	0																	
340	21948	4.50436	0																	
430	25269	4.48810	5																	
530	36800	4.24015	0																	
581	40010	4.41576	0																	
848	31970	4.48699	0																	
359	37766	5.00000	0																	
51	24765	4.29095	3																	
634	21531	4.70386	1																	
325	26645	4.80163	4																	
741	26405	4.76052	0																	
995	40525	5.00000	0							142	0.01057									
621	23959	4.48248	0																	
950	39099	5.00000	0																	
81	39470	4.56720	0																	
334	22740	4.14168	0																	
431	20773	4.38434	0																	
486	30672	4.43282	0																	
272	38407	3.63554	0																	
76	39891	4.57457	0																	
176	42477	4.69537	4	39535	0.07289	40447	0.02982			346	0.06531									
723	22703	4.76927	0																	
385	28308	4.27958	0																	
511	34762	3.06301	1																	
719	38316	5.00000	0							514	0.00648									
319	30665	4.27768	0																	
866	20844	4.08644	0																	
159	24698	4.77301	0																	
381	35697	4.22042	1	24650	0.00368					227	0.01841									
292	35748	3.21352	6	24039	0.00955	38098	0.00469			401	0.02334									
377	30835	4.70389	3																	
14	23302	4.75026	0																	
451	24576	4.23268	0																	
162	31307	4.24651	0																	
547	33788	4.56997	0																	
160	24039	4.37900	6	37266	0.04318					401	0.02836	117	0.01167							
514	24097	4.29789	1																	
443	28080	4.69304	0	24889	0.01178					388	0.03226									
546	22178	4.81414	0																	
656	23713	4.52968	0																	
848	24272	4.71277	6	24290	0.09319	24270	0.02840	22533	0.02307	381	0.11431	340	0.06622	715	0.03400					
676	20891	4.30671	3	27469	0.02410					880	0.10757									
540	34501	4.94352	4																	
818	26297	4.83048	0																	
489	41984	4.80547	0																	
478	41115	4.42788	0																	
754	29885	1.14063	0																	
816	27372	4.77154	0																	
357	26893	4.50960	0																	
303	20019	4.85700	2																	
95	37457	5.00000	1																	
505	27599	4.61182	0																	
175	27537	2.77099	0																	
982	33206	3.63617	4																	
14	23927	5.00000	3																	
67	34835	4.23381	0																	
514	40117	4.14944	0																	
676	42701	3.97269	0																	
571	24896	4.42997	0																	
29	24620	4.17377	0																	
636	25095	4.49022	0																	
926	24924	3.89015	0																	
882	38347	3.90946	0																	
880	33157	4.29215	0																	
981	43297	4.64500	0																	
155	23089	3.90559	0																	
575	25807	4.20502	0																	
334	22620	4.70595	5	24085	0.02850	24410	0.01659	22621	0.01076	20	0.07179	471	0.02283	227	0.01230					
106	36980	3.96785	0																	
362	25351	5.00000	0																	
848	24592	4.63538	2	24593	0.13642					784	0.04645									
160	37178	3.89425	0																	
514	39368	4.14637	0																	
628	20916	4.61035	5							334	0.01510									
372	30375	4.86796	0																	
180	28525	4.32269	0																	
735	25638	4.76908	4																	
969	25213	4.43298	2																	
980	40967	4.49410	0																	
246	28236	4.37414	0																	
207	23455	3.36060	0																	
614	25622	3.43956	2																	
310	27112	4.82546	0																	
946	23729	4.78240	0																	
501	26652	4.65283	0																	
860	23458	4.81838	3	23799	0.16712					266	0.07229									
945	31516	4.64625	0																	
455	38812	4.70732	2																	
545	27867	4.32461	1																	
103	25345	4.58572	1	32210	0.00230					424	0.01094									
522	24442	3.90376	0	26527	0.01840	26530	0.01417													
175	24272	4.00900	6							340	0.04712									
386	23460	4.20899	0																	
631	26043	4.89691	4																	
463	38070	4.77237	0																	
829	26791	4.03315	0																	
467	20916	4.88134	5																	
674	21266	4.70626	0																	
865	20737	4.64509	0																	
205	31459	5.00000	0																	
571	31071	4.36552	0																	
710	32939	4.31082	2																	
92	35952	5.00000	1																	
160	37254	3.30074	1	37297	0.00420															
605	41486	4.87306	0																	
4	22745	4.46843	3																	
440	24622	5.00000	3																	
774	25404	3.66256	2																	
292	38253	4.25755	0																	
308	42952	2.19039	0																	
738	38957	4.83248	0																	
200	37914	4.03762	0																	
889	25259	4.07592	0	34192	0.02315	38098	0.00922			491	0.02180	292	0.00592							
415	25369	4.43179	2																	
455	35276	4.98079	0																	
312	30412	4.32700	0																	
964	41045	4.28766	0																	
403	23238	4.02812	0	24268	0.00734					340	0.01628									
1	36875	3.57598	5																	
11	21273	4.32333	0																	
570	23555	4.22017	0																	
9	30708	5.00000	0																	
92	37290	3.54062	0	37049	0.09259	37266	0.04859	36875	0.02998	615	0.00288									
944	29753	3.83803	0																	
602	24447	4.63734	0																	
534	27460	4.19236	5																	
424	35253	3.89681	1	39105	0.08138															
698	43790	4.88797	0																	
48	23470	4.99298	0																	
866	24674	3.50660	0																	
981	33676	4.59250	0																	
110	42119	5.00000	0																	
393	37043	4.44927	0																	
462	41313	4.48421	0																	
569	20055	4.72186	0																	
882	36394	3.97851	0																	
584	35253	2.74999	1	21254	0.08356					250	0.08783									
303	39597	4.03053	0																	
793	36050	3.93610	3							485	0.05799									
866	23615	4.12674	0																	
618	35442	4.05745	0																	
514	36367	4.11897	0																	
541	35088	3.73697	0																	
928	31759	4.56790	4																	
380	41717	4.59604	0																	
796	31876	4.51951	6	29975	0.07176					631	0.27461									
252	27659	4.87258	0																	
541	29644	4.60291	0																	
81	27096	4.51936	0																	
161	30620	4.80749	4																	
535	39625	4.11011	0																	
668	24752	4.63663	0																	
296	24484	4.67907	1	35697	0.00950															
874	26174	4.59170	5																	
329	22581	3.29799	0																	
514	42492	4.22779	0																	
896	31235	4.19477	0																	
621	27402	4.43112	0																	
963	39664	4.72523	0																	
289	26637	4.01826	2																	
93	29773	5.00000	0																	
471	39912	4.48344	5	39850	0.03888	36930	0.02187			424	0.04286									
981	31025	4.92141	0	38098	0.02545					6	0.03445	292	0.03344							
283	25005	4.55252	0																	
907	27507	4.78242	0																	
741	39436	4.81884	0																	
81	23900	3.98185	4	34839	0.06213	24914	0.01743	24347	0.01396	181	0.04090									
69	22203	4.23395	0																	
367	39038	3.28126	1							408	0.04752									
407	23323	4.04507	0																	
74	42352	4.68200	0																	
499	35657	3.99669	0																	
415	40899	4.12674	0																	
776	33199	4.48485	0																	
347	41921	4.67919	0																	
741	37436	4.80060	0																	
505	31714	4.57393	0																	
541	28053	4.62016	0																	
765	36075	4.71410	2																	
811	36001	4.27951	0																	
41	37967	4.76350	0																	
68	32044	4.95247	0																	
252	24695	5.00000	0																	
406	29887	4.05298	0																	
431	21582	4.42646	0																	
605	38432	4.86535	0																	
380	25522	4.30840	3																	
912	24914	4.56344	0																	
575	20892	4.26307	2																	
396	41045	2.33632	0							514	0.00962									
49	24317	4.97608	4																	
863	25522	4.00484	3																	
366	26635	4.80338	2																	
26	28830	4.70882	0																	
676	30290	4.05165	0																	
71	26490	4.68860	0																	
514	21372	4.16674	0																	
634	33638	4.40084	0																	
160	34791	2.97921	2																	
190	20371	4.16719	0																	
6	30367	4.11569	0																	
514	38152	4.14334	0																	
594	28109	4.76631	4																	
567	31744	4.34692	0																	
19	24729	4.88838	5	24650	0.01030					227	0.01264									
541	35307	4.46897	0																	
321	42402	4.34333	4																	
689	20408	4.03822	0																	
81	20929	4.69971	0																	
741	26891	4.73686	0																	
340	22554	4.68863	1																	
813	23176	4.74810	0																	
340	20305	4.54711	0																	
514	21199	4.14912	0																	
501	37826	5.00000	0																	
121	21091	4.89087	0																	
514	30228	4.17426	0																	
525	30412	4.21900	0																	
142	32615	3.40451	0																	
230	24697	4.86879	0																	
951	41669	4.34268	0																	
514	34965	4.17863	0																	
897	26696	4.38216	0																	
50	43042	4.59573	0																	
247	39125	4.50678	0																	
542	35000	2.78908	4																	
367	42852	3.94087	0																	
768	32084	5.00000	1	25331	0.02247					486	0.01384	813	0.00927							
793	26767	3.74584	0																	
26	34943	4.64576	0																	
514	41158	4.07218	0																	
397	35815	4.16746	0																	
688	38775	4.49045	0																	
483	34144	4.84698	0																	
981	40745	3.64160	0	38098	0.05243					995	0.02250	142	0.01588	491	0.00333					
659	24402	3.74764	0																	
621	21666	4.46614	0																	
424	21492	4.64823	2	21505	0.04497	37758	0.00244			309	0.04507	703	0.00169							
14	25658	4.68257	0																	
446	37254	4.53324	1	36875	0.00937	37297	0.00420													
491	37876	4.08817	0							107	0.03529	408	0.02024	615	0.01326					
830	37929	4.32910	0																	
813	40429	4.70088	0																	
654	37561	4.32659	0							514	0.01547									
986	22729	4.00930	0																	
241	34542	5.00000	1																	
801	37044	4.30291	5																	
303	38315	4.27537	0																	
303	41460	4.34949	6																	
496	36657	5.00000	6																	
297	38842	4.67079	0																	
175	22705	4.04699	4																	
763	21275	4.29056	4	34551	0.04234	21491	0.01112			94	0.05577	628	0.01743	215	0.00401					
811	39695	4.23471	0																	
175	22452	3.91482	1							594	0.09066	414	0.07583	13	0.06810					
403	24239	4.09085	0																	
692	36331	3.65427	4																	
676	22709	4.07746	4																	
501	30816	4.70120	0																	
788	27765	4.94033	0																	
981	39200	4.69147	4	39578	0.09155					617	0.33387									
605	39216	4.83898	0																	
410	42477	2.90948	4																	
861	27015	4.44698	0																	
679	21222	4.72099	2																	
81	37038	3.42542	0																	
383	28124	4.67804	0																	
953	43095	4.86273	0																	
478	26578	4.40520	0																	
26	22199	4.67882	0																	
26	32621	4.72283	0																	
357	25367	4.50444	0																	
517	22996	4.14891	0																	
340	24593	4.53910	0	26076	0.14267	24589	0.08983	25614	0.01586	848	0.06622									
377	29717	4.64352	0																	
321	37436	4.50429	0																	
848	23356	4.47909	1	23986	0.04522					47	0.01970									
569	21007	4.71992	0																	
597	24625	5.00000	0																	
342	36076	5.00000	0							424	0.00778	514	0.00143							
903	41460	4.84696	6																	
740	30281	3.09991	2							491	0.01342									
973	32350	4.60874	0																	
29	32016	4.10199	3																	
522	22323	4.60595	0																	
413	20531	5.00000	0																	
394	40584	3.34305	0																	
164	37067	4.77196	6																	
291	38109	4.30303	1																	
565	29684	4.12991	2																	
568	30619	4.12773	0																	
505	31039	4.54803	0																	
640	42342	4.72286	0																	
283	41234	4.55018	0																	
743	39951	4.11188	1																	
26	32149	4.68105	0																	
490	37297	3.87297	4							142	0.04999	871	0.03851	160	0.00717					
133	21661	4.68313	0																	
514	44018	4.12251	0																	
33	42078	3.92220	0																	
208	26233	2.03696	4																	
504	37363	3.98103	0																	
56	21565	4.45565	0																	
424	24050	3.13612	0	28250	0.01614															
78	24435	4.66813	1	21599	0.24457					571	0.22115									
689	20617	4.23027	0																	
983	22603	4.59443	0																	
529	21190	4.63284	0																	
882	20345	3.33810	2																	
79	38447	4.84596	0	37716	0.11614					883	0.16104									
339	23457	4.55469	0																	
890	34497	2.93991	2	30672	0.00271															
873	34403	4.60793	0																	
412	25040	4.84527	6	21492	0.01842					758	0.01812	340	0.01640	429	0.01040					
329	30265	4.09452	0																	
781	24776	4.42895	4																	
741	26375	4.85126	0																	
570	23357	3.67374	0	23301	0.00721					848	0.02549									
802	39594	4.29471	0																	
604	36528	5.00000	0																	
478	40201	4.35258	0																	
129	30833	4.76642	1	25031	0.07156					860	0.02320	231	0.01623							
33	43997	4.01196	0																	
484	37880	2.79312	0																	
48	30626	4.74349	0																	
562	41837	4.29640	5																	
263	24314	5.00000	0																	
514	33006	4.09292	3	41915	0.01835					230	0.00483									
473	20994	4.04171	5																	
620	38851	4.46275	0																	
616	25548	5.00000	6																	
102	32296	4.62344	0																	
274	36093	4.87764	4																	
485	33638	4.01465	0																	
710	31637	4.61279	4																	
127	32690	5.00000	0																	
550	40572	4.06951	1																	
695	24137	3.93529	5	24012	0.05069	23769	0.04521			171	0.07768	710	0.04771	832	0.01243					
866	33154	3.86922	3																	
26	31557	4.68244	0																	
773	31136	4.80650	0																	
26	36928	4.63719	0																	
676	22670	3.97050	0																	
247	35743	4.64685	0																	
951	34615	4.26743	2																	
325	35912	4.63218	0																	
271	35041	4.22622	0																	
650	31699	5.00000	5																	
811	40922	4.18926	0																	
81	21069	4.52514	0																	
491	24570	4.48673	3	25063	0.03436	38098	0.00273			375	0.02700	882	0.00483							
26	34558	4.70147	0																	
180	28633	4.41321	0																	
253	39578	5.00000	1																	
340	31854	4.74678	1	22164	0.04205	22452	0.03276	40513	0.01988	414	0.02437	468	0.01765	519	0.00353					
392	30796	4.51496	4																	
81	21071	4.81613	1	21033	0.02381	24534	0.01094			13	0.09738									
406	22703	4.39302	0																	
570	22394	4.17833	0																	
753	33279	4.80738	0																	
386	22704	4.32839	0																	
567	27536	4.24714	6																	
491	24973	4.21646	0																	
504	36967	4.24303	0																	
691	23404	4.05906	0																	
164	36647	4.91279	4																	
334	25369	4.66386	2	30672	0.02041	22621	0.00867			227	0.01230	382	0.00408							
292	35882	4.40829	3																	
596	37177	3.28571	3																	
514	22579	4.11283	0																	
92	34791	4.70866	2																	
157	42482	4.64340	0																	
440	23900	4.13925	4																	
132	35023	3.15410	2																	
9	31629	3.47437	0																	
89	33738	4.47620	0	37187	0.06784															
372	29019	4.91678	0																	
344	35489	4.68214	5	34877	0.03559					618	0.03381									
848	25115	4.22238	0	23986	0.09913															
50	22374	4.92355	0																	
880	27026	4.18266	0																	
295	29924	4.62795	0																	
866	31945	4.10042	0																	
211	23869	5.00000	0																	
514	43298	4.07418	0																	
160	33786	3.83452	2							491	0.01827									
659	33709	3.93565	0																	
119	40861	4.45935	0																	
880	30862	4.32822	5	24855	0.05651					867	0.23001									
287	40626	4.62871	1																	
82	25421	3.99764	1	25427	0.01168					81	0.04403									
721	28228	3.67711	0	28468	0.00840															
624	35449	4.58506	0																	
950	26884	5.00000	0																	
676	24749	4.50986	0																	
340	23261	5.00000	0	25879	0.01942	25791	0.01582	22439	0.00428	570	0.04146									
13	25129	4.58044	0																	
181	21075	4.87641	0																	
452	36738	4.24314	4																	
540	32098	4.80104	0																	
811	41694	4.26607	0																	
414	27285	4.80868	6	40513	0.01491	21492	0.00789	21098	0.00708	340	0.02437									
991	31573	3.19132	4																	
674	23637	4.68225	0																	
591	26119	5.00000	3																	
479	33365	4.86839	0																	
291	36766	2.99057	4																	
982	33639	4.47695	0																	
459	26440	4.61958	0																	
678	24650	5.00000	4	24680	0.06873					681	0.07682	227	0.01081							
873	24850	4.55923	0																	
388	24045	4.57592	4																	
893	25040	4.76707	6																	
78	24896	4.33697	0																	
19	30925	3.89113	4	31462	0.08299	31026	0.05855			879	0.05105									
848	23436	3.87094	0	23357	0.24739	23269	0.17417													
741	35663	4.76135	0																	
77	39835	4.30375	0																	
566	39038	3.95687	1	37049	0.02128					408	0.00630									
361	25331	4.31484	1							813	0.05123									
335	32412	4.40100	0																	
145	23753	4.85184	0																	
403	25334	3.65778	3	34839	0.00265					81	0.01749									
10	38908	3.74449	2																	
787	22571	4.91829	2																	
974	39692	4.87395	0																	
154	25503	4.52736	0																	
531	32692	4.80380	0																	
960	39427	4.31600	1																	
424	39384	4.12652	0	28250	0.05144	40682	0.01645			490	0.00929	380	0.00516							
330	32591	4.17596	0																	
985	33424	5.00000	0																	
510	29234	4.61216	0																	
478	32882	4.39546	0																	
303	34551	4.65050	0							763	0.06815	94	0.05299							
168	20179	4.76957	0																	
101	24975	4.14455	0																	
621	21735	4.41746	0																	
416	24457	5.00000	2																	
529	36296	4.66880	0																	
8	22459	4.43190	0																	
246	29950	4.41157	0																	
285	40943	4.00466	0																	
648	35469	3.76684	0																	
900	31305	4.88977	0																	
668	38842	4.67931	0																	
570	35531	4.16180	0																	
455	37682	4.87018	0																	
435	25168	4.72934	0																	
397	24238	4.10357	0																	
397	35816	4.39756	6	20063	0.02806					654	0.03111									
836	31472	4.23112	0																	
505	20709	4.57835	0																	
904	39156	3.75312	0																	
142	37663	3.28588	1	37297	0.01423					328	0.00580									
105	24678	4.89136	1																	
247	40550	4.69765	6																	
104	25556	4.47482	0																	
811	20363	4.51061	5																	
135	23327	5.00000	6							340	0.01690									
45	24465	4.68254	0																	
836	30969	5.00000	0																	
176	40572	4.56346	1																	
449	22552	5.00000	2																	
424	21522	4.19767	3	28250	0.07154					380	0.00516									
362	26165	4.52561	0																	
753	32950	4.75525	0																	
484	24579	3.27857	6																	
283	23526	4.29584	4																	
196	27543	4.60971	1																	
722	21735	4.71240	0																	
883	41285	4.22690	4							514	0.02112									
89	37916	4.27980	0																	
29	32177	4.32909	3																	
745	39331	4.67393	0																	
643	36968	4.34095	0																	
514	43347	4.06706	0																	
885	38457	3.30577	0																	
396	42527	2.44532	2																	
891	34579	4.24978	4	31003	0.02411					335	0.03239									
880	43205	4.28390	0																	
741	30313	4.74700	0																	
328	39612	4.99537	5	37297	0.03052															
774	39384	3.55897	0																	
248	22356	4.71844	0	26544	0.06796	26530	0.02584	26526	0.01213	522	0.21382	240	0.06682							
518	25700	4.57755	4																	
755	32717	4.85499	0																	
235	35448	4.05596	4																	
525	28812	4.05539	0																	
693	36900	5.00000	5																	
175	23675	4.21114	0																	
290	41342	4.88345	0																	
424	42760	4.40125	0																	
406	21099	4.45382	1																	
298	32823	3.51478	6																	
860	38437	4.86609	0																	
376	26645	3.89569	4																	
485	40758	4.65872	0																	
570	34944	4.30400	5																	
995	34760	5.00000	0																	
620	40102	4.49539	0																	
601	30076	4.34043	0																	
598	34702	4.26110	0																	
501	20009	4.66188	0																	
372	28371	4.92225	0																	
792	25941	4.41811	0																	
707	38050	4.01421	0																	
741	31277	4.92915	6																	
430	25331	4.72147	1																	
8	23955	3.94592	4	29186	0.01249					983	0.06851									
592	43301	4.90417	0							514	0.00557									
654	38578	4.84058	0																	
81	25075	4.57115	0																	
986	24078	4.07184	1																	
424	43669	4.16109	0																	
223	23184	4.95675	1																	
889	41210	4.06114	0																	
238	23769	4.66461	0																	
589	43920	3.92117	0																	
264	32297	3.89196	0																	
906	42774	4.29342	0																	
961	20600	3.83173	0																	
231	32024	3.86229	0	25031	0.01739															
779	23565	4.54222	0																	
594	22188	4.31375	0																	
89	35509	4.16729	0																	
889	40745	3.03086	0	38098	0.05243	40306	0.00721	34192	0.00340	142	0.07389	995	0.05112	491	0.02180					
602	25331	4.56906	1	25240	0.00185					248	0.02361									
998	23769	5.00000	0																	
570	38892	3.56062	0																	
571	23688	3.90739	3							340	0.01069									
92	40745	4.55921	0	36875	0.00148					142	0.01633									
181	24620	4.86933	0																	
594	25089	3.94489	1	22452	0.00592					13	0.01473									
982	36662	3.99367	4	37065	0.02364															
491	27887	3.95563	2	25063	0.09044															
388	33220	4.53564	2																	
362	22571	5.00000	2																	
169	41096	4.67050	2																	
418	40401	5.00000	5																	
407	35551	3.78435	3							81	0.01433									
105	21241	4.97230	2	27543	0.04089					644	0.03556									
367	41959	3.92193	1																	
611	31385	5.00000	4																	
848	23332	3.94529	0	23301	0.00559															
385	24319	4.22876	0																	
891	37518	4.31170	0																	
381	26237	4.15358	3																	
505	22386	4.58796	0																	
340	25812	4.61064	0	25791	0.03455	22439	0.01399			570	0.04146									
236	32415	4.48087	0																	
986	29684	3.17000	2	28939	0.03690															
340	28837	4.57171	0																	
51	23638	4.45145	3																	
12	40491	3.09133	0																	
179	22047	4.10459	0																	
664	24282	4.10293	0																	
779	24777	4.74698	0																	
480	24275	4.16305	0																	
30	28868	5.00000	2																	
162	23959	4.29388	0																	
248	20990	4.51638	0	29931	0.04751															
195	33246	4.41558	0																	
485	36332	4.83518	0																	
676	24497	4.04581	0																	
405	36528	5.00000	0																	
283	43987	4.52650	0																	
168	20183	4.65092	0																	
283	34934	4.55314	0																	
270	37520	4.78335	0																	
14	25063	4.86379	1	23845	0.02773	39951	0.02104	25031	0.01143	860	0.07051	491	0.04283							
960	38046	3.89175	0	37564	0.03393															
596	40502	3.50647	0																	
83	37785	4.12714	0																	
695	26104	3.95632	6																	
203	25227	4.70574	0																	
400	27503	4.54296	0																	
761	24046	4.69441	4	23105	0.01095					676	0.03253									
889	42136	4.12339	0																	
307	37178	4.87970	0																	
330	22771	4.25798	0																	
181	29043	4.77219	0																	
594	30755	3.94707	2	25040	0.01260					541	0.00177									
736	25364	4.31516	2																	
778	32182	3.63487	0																	
761	43520	4.61831	0																	
544	21315	4.74538	0																	
501	26275	5.00000	1																	
472	32975	3.96555	0																	
686	27483	4.88846	0																	
93	24479	4.50534	0																	
845	39706	4.97637	0																	
26	35146	4.62669	0																	
868	32071	4.36073	0																	
882	41044	3.95347	0	38098	0.00714					142	0.00188									
534	22421	4.66352	2																	
721	31202	4.39185	0																	
510	30645	4.60064	0																	
292	37043	4.72752	0	32677	0.00585	25259	0.00556	22004	0.00408	491	0.12373									
401	20319	4.67388	0																	
255	21275	5.00000	4																	
956	21558	5.00000	1																	
81	24517	4.61101	0																	
363	38249	4.04063	0																	
81	28782	4.56775	2																	
819	35579	3.78749	0																	
514	35116	4.15685	0																	
891	39130	4.48512	1	38246	0.06349	38862	0.03232			853	0.06225									
847	28571	4.03189	0																	
712	37468	4.68801	0																	
81	24538	4.59828	0																	
334	22722	4.63624	5	20916	0.03159	22727	0.01878			538	0.05204									
867	32440	4.09246	0																	
385	37367	4.21631	0																	
575	21234	3.69331	0	25304	0.12627															
792	24650	4.97681	4							105	0.03447									
327	35749	5.00000	0																	
787	32084	4.91323	1																	
813	32474	4.69085	0																	
334	34627	4.37142	0																	
598	34707	4.44134	3																	
514	42521	3.55241	2																	
721	23403	4.24833	3																	
377	35233	4.43789	0																	
973	38846	4.66379	0																	
580	40937	3.68143	4																	
655	39516	4.71379	3	32385	0.03455															
349	33477	4.65138	2																	
54	37297	2.40861	4							160	0.11672	871	0.03068	92	0.01985					
999	30612	4.62354	1																	
323	35791	4.04586	0																	
669	23448	3.42394	0	23370	0.03048					410	0.07451									
664	27465	4.14656	0																	
469	24559	3.56121	2	24579	0.05835	25306	0.02815			93	0.01764	381	0.01146	682	0.00905					
410	24478	3.46465	3																	
539	21098	4.96196	6																	
314	22197	4.22035	0																	
579	30540	4.38609	0																	
471	22273	4.14305	6	28358	0.32041					679	0.10027									
491	29717	4.48027	0							14	0.04283									
974	38241	5.00000	2																	
231	24606	4.68674	0																	
514	37300	4.20915	0																	
813	24866	4.73061	0																	
913	22440	3.88508	2																	
904	39424	3.71415	0																	
570	43800	4.13324	0																	
369	23799	5.00000	1	24004	0.09081					358	0.08535	860	0.02169							
744	27102	4.27302	0																	
524	41402	4.85281	0																	
142	39578	3.42677	1							981	0.01588									
835	22729	4.39400	0																	
697	39074	3.97799	0																	
556	29684	3.63160	2	24078	0.03893					382	0.05514									
486	34616	4.92649	1	32084	0.06857					415	0.06044									
484	37474	3.05705	5							38	0.04473									
219	40682	4.83559	0																	
825	21092	4.72508	3																	
570	33262	4.22115	0																	
88	29773	4.23013	0																	
514	41542	4.19780	0																	
79	38294	4.96483	1																	
26	34952	4.69789	0																	
414	24985	3.73182	0	25068	0.01448	21098	0.00630	22452	0.00626											
340	38118	4.92070	3																	
28	43264	3.71398	0																	
870	34434	2.69292	0																	
70	25516	4.92808	3																	
890	31003	4.21404	3																	
171	30986	4.63154	0																	
180	28526	4.34314	0																	
566	23902	5.00000	0	37882	0.11150					804	0.03222									
675	32871	3.92535	5																	
437	43002	4.30953	0																	
833	32210	4.85685	5																	
997	23930	4.45687	0																	
951	43604	4.36110	0																	
518	25703	5.00000	4																	
825	34570	4.56739	0																	
238	21275	4.84237	4	32520	0.01482					334	0.04920									
658	42012	4.59027	0																	
70	25957	4.84662	0																	
6	32983	3.95776	4																	
151	41328	4.39885	0																	
500	23240	4.01062	6							340	0.01722									
369	23458	5.00000	3																	
709	27445	4.50792	0																	
864	36930	4.32356	0	38908	0.00608					471	0.00480									
400	37293	4.41035	0																	
193	32501	5.00000	0																	
535	23390	4.47832	1																	
254	28799	3.50816	0																	
440	28782	4.60337	2																	
101	35000	3.66100	4																	
964	41943	4.63956	5																	
610	35322	3.56932	0																	
422	21443	4.19095	0																	
618	37474	3.60439	5	38169	0.03783	35489	0.02983			38	0.11968	424	0.01365							
594	32021	4.37047	0																	
512	33738	4.68910	0	37187	0.06784															
659	41295	4.03301	0																	
912	38208	4.06723	0																	
122	30975	4.55183	2	23096	0.01296					491	0.04997									
293	33642	3.58787	0																	
840	36939	3.48945	3																	
340	35227	4.55833	0																	
654	41756	4.78801	0							514	0.01547									
414	21793	4.51020	0																	
441	24414	5.00000	0																	
558	26042	4.32914	6	20361	0.01453					465	0.10878									
19	23228	4.20889	0																	
105	23706	4.68468	0																	
989	40523	4.23101	0																	
514	35994	4.15701	0																	
610	33057	3.44417	0																	
551	20447	4.22548	0																	
81	21517	4.79277	4																	
319	42120	4.18605	0																	
340	22524	4.43928	1	21492	0.00186					283	0.05447									
114	31469	4.37131	1																	
189	30351	4.79793	0																	
505	31198	4.65371	0																	
859	26880	4.40231	0																	
38	24137	4.77346	5	24012	0.05069	24071	0.01609	37474	0.00837	171	0.04383	424	0.03480	710	0.02342					
175	32579	4.21505	2																	
538	23425	4.38963	0																	
848	43242	4.61608	0																	
514	41606	4.09901	0																	
397	31766	3.97916	1																	
741	29966	4.77224	0																	
754	32459	3.63210	0																	
848	23930	4.57916	0																	
456	33263	4.59061	6																	
372	28365	4.90980	0																	
567	32210	4.77864	5	23852	0.01178					103	0.01118									
89	37707	3.52778	0	37187	0.07336					2	0.09621									
251	24821	3.98310	0																	
221	28026	4.36793	3	24525	0.07794					863	0.09614									
93	28534	5.00000	0	25020	0.01799					152	0.05613									
413	28959	5.00000	3																	
637	31002	4.37314	5																	
52	31938	4.92205	0																	
824	31474	3.88460	3																	
796	26043	5.00000	4																	
779	23651	4.22978	1																	
207	23244	3.51768	0																	
81	30537	4.29021	1	21033	0.02335	24914	0.02141	25903	0.00683	13	0.09738									
209	36806	4.48433	0																	
703	23232	4.68220	6							340	0.00579	813	0.00373							
989	37134	4.84489	3																	
575	24474	4.20849	0																	
447	40631	4.71563	3																	
891	38926	4.25148	0																	
873	42498	3.49490	1																	
340	24655	4.19367	1																	
356	33346	4.26881	0																	
881	21539	4.32871	0																	
32	25698	4.56367	4																	
505	21354	4.56160	0																	
713	30379	3.93011	0																	
236	39304	4.41757	0																	
705	24078	3.98154	1	30672	0.05260					124	0.05479	382	0.05416							
162	20070	4.17064	0																	
546	36919	4.79707	0																	
585	34647	3.31150	0																	
771	37880	4.30346	0																	
389	39204	4.03059	4																	
513	36442	3.41137	2	32385	0.05625					655	0.05133									
81	25308	4.74855	5	20322	0.25806	24347	0.00574			340	0.00816									
741	20123	4.83453	0																	
162	20377	4.31773	0																	
88	24479	3.87421	0																	
34	37232	4.41559	0																	
289	28864	4.82679	6																	
424	32701	4.58137	0																	
173	25663	4.97546	0																	
561	33637	3.41234	0																	
501	22004	5.00000	2																	
751	24267	5.00000	4																	
594	25221	4.55907	0																	
569	24005	4.70516	0																	
409	30680	4.70329	0																	
880	32818	4.06348	0																	
8	23279	4.30889	0																	
650	25978	5.00000	5																	
449	30018	4.82945	0																	
181	23290	4.94227	0																	
505	30607	4.53882	0																	
977	35549	4.58358	3																	
193	35594	5.00000	6																	
104	20549	4.49275	0																	
410	23335	4.11353	1	23370	0.06927	22476	0.03355	24367	0.01418	676	0.07643	669	0.07451							
577	41408	4.12747	0																	
265	28235	4.58894	0																	
827	25331	4.59893	1	25240	0.00185					248	0.00963									
594	41045	4.25286	0	25040	0.00405					514	0.01341									
410	24650	4.31610	4	22533	0.03192	23420	0.00700	24367	0.00671	227	0.08455	381	0.06976	681	0.05849					
889	40913	4.10597	0																	
979	38044	4.71419	0																	
592	21099	5.00000	1	25040	0.00207					758	0.01588									
153	42447	4.11927	0																	
388	34892	4.28116	0																	
570	23279	4.16145	0																	
594	25308	4.45189	5	23403	0.00788	22452	0.00536			340	0.03296									
853	39135	4.64601	0																	
334	35609	4.06711	0																	
353	34059	3.54511	0																	
68	34627	5.00000	0																	
950	26434	5.00000	0																	
805	21275	4.37224	4																	
746	31003	5.00000	3	34579	0.02411					335	0.04980									
799	24360	5.00000	0																	
216	41368	4.76845	0																	
570	25906	4.01414	0																	
81	21505	4.14569	3																	
524	37436	4.83355	0																	
309	21500	4.26780	0																	
145	39384	4.32997	0																	
519	31699	4.55139	5																	
89	36402	5.00000	0	36186	0.14940	37187	0.02963			815	0.22440									
936	37663	3.89904	1																	
896	32897	4.11393	4	35347	0.02796					479	0.39451									
163	30292	3.71315	0																	
308	40204	5.00000	0																	
493	28097	4.65414	6																	
266	41253	4.76333	0																	
89	38430	4.48726	0																	
317	23852	3.72089	2	26345	0.03426	28274	0.01458			103	0.11287	132	0.10511							
290	42365	4.77287	0																	
168	26382	4.80345	1																	
675	41756	4.34051	0																	
563	26324	4.39414	0																	
153	38651	3.51273	1							822	0.09287									
257	24979	4.88502	0																	
974	30472	4.73374	0																	
569	23977	4.78668	0																	
400	38253	4.44914	0																	
561	37542	4.31366	0																	
522	28511	3.79342	0	26526	0.17104															
486	29772	4.80792	0																	
456	27903	4.73400	0																	
713	21130	3.82620	0																	
676	23483	3.84362	4																	
740	33266	1.00000	0																	
888	31900	4.46465	3																	
479	41613	4.95804	0																	
177	42731	2.67073	0																	
388	38948	4.42101	0																	
61	21098	5.00000	6																	
575	31728	4.33768	0																	
181	33470	5.00000	4																	
400	37753	4.52649	3	38832	0.02269					407	0.01960									
953	23692	4.93618	1																	
21	36068	3.06564	6	30672	0.12011															
389	21630	3.98923	0																	
866	28148	4.20100	0																	
618	36930	3.61284	0	24049	0.00589					471	0.02801	424	0.01365							
561	32350	4.39073	0																	
87	39337	4.82929	1	39595	0.02247	20011	0.01463			811	0.12915									
575	33455	4.29325	0																	
320	33952	4.46938	0																	
154	43030	4.53999	0																	
227	25309	4.10804	0																	
779	25197	4.54089	0																	
980	39535	4.09998	2																	
718	27987	5.00000	0																	
524	40264	4.91605	0																	
709	34369	4.82004	3																	
920	25636	5.00000	6	25638	0.00922					340	0.08546									
791	24243	5.00000	1																	
505	20257	4.61042	0																	
524	40782	4.83864	0																	
832	26080	4.67239	0																	
374	41174	3.86108	0																	
343	30973	4.95838	2																	
343	25240	5.00000	3	25331	0.00185					248	0.01802									
848	24589	4.72098	0	24593	0.08983	24295	0.04213	25639	0.00672	330	0.08914	340	0.06622	784	0.04645					
340	24764	4.92113	2																	
648	36002	3.80646	0																	
397	30882	4.07345	0																	
292	37266	3.67489	5	24039	0.04318	25031	0.03088	22004	0.02286	364	0.03006	408	0.01107							
848	33611	4.50909	0																	
951	38694	4.39688	0																	
567	24749	4.72214	0							254	0.11791									
407	24535	4.12825	0																	
264	36662	3.08127	4							428	0.09357									
870	31460	3.92426	0																	
26	31591	4.70618	0																	
377	35047	4.52465	0																	
368	32598	4.38475	0																	
458	41820	3.88931	0																	
340	24797	4.94879	5																	
938	25588	4.22633	0																	
436	34936	3.78905	0																	
449	25067	5.00000	6																	
21	40339	3.42615	0																	
481	43000	3.75153	0																	
550	38926	4.38929	0																	
194	23478	3.20286	3	21492	0.00287															
140	32134	4.40743	0																	
577	38926	3.97983	0																	
666	24294	4.81906	0																	
243	33826	4.30464	0																	
563	38894	4.81160	0	37785	0.13333					895	0.03368									
835	22727	4.89757	5							334	0.05745									
127	21517	5.00000	4																	
312	24340	4.31447	0																	
162	24914	4.68470	0	30332	0.00826					330	0.04343									
440	22518	4.66724	0																	
583	42919	4.24202	0																	
521	23403	4.37839	3																	
478	26700	4.36751	0																	
181	31131	4.91061	0	23900	0.00363					330	0.01659									
567	27227	4.41939	3																	
448	36498	4.43872	0																	
46	31313	4.75022	0																	
659	41716	3.85610	0																	
336	34897	3.33831	0																	
254	32076	4.59281	0																	
645	29914	2.82318	0																	
81	28026	4.70227	3	27752	0.03202					567	0.07560									
844	32798	4.85652	0																	
917	24631	4.81183	3																	
673	30975	5.00000	2	34192	0.01992					491	0.04413									
19	30445	4.38282	0																	
925	35906	3.37415	1																	
457	41455	4.31574	0																	
89	36183	4.44401	0																	
813	34571	4.71314	0																	
81	25093	4.80892	0	24914	0.01903	25096	0.01550	25903	0.01315	13	0.09738	330	0.04840	414	0.04777					
340	37924	4.50282	0																	
628	22724	4.34169	0																	
408	38098	4.83369	0	38119	0.00812	41086	0.00251			491	0.02024	292	0.01107							
716	41661	5.00000	1																	
54	21557	2.38329	1																	
676	27011	4.17581	3																	
984	20595	3.26448	5																	
211	23637	5.00000	0																	
741	29033	5.00000	0																	
514	32210	4.53614	5	35875	0.01618	24071	0.01022	36076	0.00917	424	0.03542									
839	40216	5.00000	6																	
105	27431	4.54150	0																	
870	31235	2.39311	0																	
459	23900	3.96397	4																	
505	20707	4.53081	0																	
699	22552	5.00000	2																	
221	28602	4.38012	0																	
11	24137	4.52720	5	24012	0.05069					171	0.02505	832	0.00695	424	0.00260					
399	21492	5.00000	2																	
888	27026	4.54860	0																	
448	33684	4.43438	0																	
427	38782	4.88139	0																	
848	27548	4.58742	4																	
817	26645	5.00000	4																	
663	26243	4.77086	0																	
340	21099	4.83689	1	22552	0.04552	21492	0.00255	25040	0.00207	758	0.00885	39	0.00669							
37	41285	4.93914	4																	
424	35695	3.36312	1																	
340	31367	4.63180	0																	
514	43321	4.13768	0																	
340	29717	4.73994	0																	
171	31724	4.70904	0																	
464	25501	4.40714	0																	
153	30147	4.59846	5																	
424	43965	4.68331	6																	
331	24044	4.85944	4																	
532	24691	5.00000	0																	
711	26643	4.32413	0																	
189	38396	4.45411	3																	
26	27934	4.68310	0																	
344	35553	4.25159	0																	
548	25487	4.87809	5																	
514	38440	4.14444	0																	
678	36850	4.79420	0																	
514	38559	4.62112	1																	
629	42908	4.32820	0																	
648	40868	3.81760	0																	
753	34101	5.00000	2																	
848	37148	4.59649	0																	
405	35949	4.22883	0																	
811	41011	4.24504	0																	
161	32006	4.51580	0																	
358	23357	4.45033	0																	
658	29957	4.51296	0																	
89	22205	4.21688	5																	
397	24312	4.14610	0																	
15	38842	4.48011	0																	
246	26446	4.35871	0																	
14	22528	4.68663	0																	
748	21532	4.75117	0																	
489	33010	4.80725	0																	
117	20389	4.48849	0																	
397	23600	4.10188	0																	
79	42001	4.56538	4																	
359	22552	5.00000	2																	
694	25331	4.96671	1	32210	0.00557					488	0.02053									
289	27543	4.81040	1																	
867	32458	4.24384	0																	
400	36967	4.65062	0							514	0.01729									
758	24361	4.45706	6	24252	0.10622	25040	0.00514			967	0.06869	283	0.01188	340	0.00885					
110	41672	5.00000	0																	
274	26743	4.82760	0																	
81	23688	4.16506	3	32109	0.11135	34107	0.07207			908	0.06651	340	0.00816							
283	43947	4.53768	0																	
134	33608	4.09162	1	33055	0.03497					634	0.56695									
453	23908	4.46085	1																	
837	41320	4.74191	0																	
524	40336	4.82032	0																	
848	25637	4.19456	4	25639	0.13064	25614	0.01401			340	0.06622	920	0.02674							
40	22438	3.08835	0																	
394	24317	4.49852	4																	
78	22141	4.29102	0																	
832	21491	3.96881	2																	
440	23245	4.95283	6																	
865	43329	4.69272	0																	
37	24393	4.99771	2																	
907	32082	4.82325	0																	
744	29190	4.19140	0																	
462	23184	4.93281	1																	
514	35330	4.15539	0																	
407	32091	4.05893	0																	
625	38531	5.00000	1	39857	0.05714	35942	0.00571			411	0.03480									
848	22475	4.56770	0																	
319	28030	4.24413	0																	
44	32220	4.26486	0	31025	0.03077					19	0.04496									
648	34645	3.94923	0																	
716	40506	4.34162	0																	
969	37776	4.20297	2																	
999	24830	4.38999	0																	
657	21309	3.76029	0																	
701	30282	4.54906	0																	
219	39986	4.57727	0																	
812	27153	4.74980	0	21272	0.17236															
14	23350	4.70955	0																	
889	31903	3.42706	0	34192	0.01270	38098	0.00306													
882	20055	4.02927	0																	
332	20993	4.74234	3																	
120	28874	5.00000	1	36479	0.04172	24252	0.01664			758	0.08586									
434	29015	5.00000	5							227	0.10628									
534	41237	4.33396	0																	
195	31479	3.92818	1																	
320	21554	4.57301	3																	
107	30364	4.36744	0																	
727	20019	4.99224	2																	
713	37073	2.98524	2																	
407	38268	4.33500	6							400	0.01960	741	0.01875							
424	42501	4.39406	0																	
335	20891	4.75011	3																	
39	29392	4.71109	0																	
9	34210	3.74741	0																	
766	42514	4.96423	0																	
180	28342	4.37677	0																	
877	38812	4.39927	2																	
484	38298	3.58404	0																	
330	24271	4.19270	0																	
407	35777	4.07812	0																	
944	34417	4.41108	0																	
81	25487	4.62966	5																	
648	40603	3.98823	5																	
514	40262	3.83340	5	40204	0.35519					242	0.01869									
873	37199	4.05610	4																	
188	26753	4.43852	0																	
386	24368	4.05843	1																	
446	37565	5.00000	0	36875	0.01181	37297	0.00999													
522	27460	4.40364	5	22421	0.07850	22356	0.07483	26544	0.06739	240	0.25839									
963	40447	4.94233	2	39535	0.08858					176	0.12082	471	0.01614							
921	20892	4.82867	2																	
505	21943	4.61980	0																	
26	34588	4.74151	0																	
848	22620	4.96106	5																	
283	35584	4.51026	0																	
873	31744	4.55365	0																	
514	41032	4.09256	0																	
410	35801	3.93025	0																	
227	27868	4.21226	0																	
443	36795	4.70965	0																	
354	35993	5.00000	1																	
162	23485	4.92031	4																	
458	41551	3.90149	0																	
363	34199	4.45489	4																	
739	23690	4.09832	0																	
261	21580	4.47018	0																	
551	36259	4.22192	0																	
441	31663	3.47441	4	28250	0.00643															
813	29683	4.73831	0																	
313	23448	3.25433	0																	
984	28683	4.02899	1																	
610	33259	3.51459	0																	
428	35524	4.95155	1																	
490	41096	3.74507	2																	
546	36207	4.78210	0																	
594	32579	4.80029	2																	
347	42777	4.60211	0																	
54	36875	1.35991	5							92	0.01985	142	0.00776							
741	30042	4.79060	0																	
12	40276	3.98501	0																	
377	40907	4.39794	0																	
589	28694	3.92474	0																	
944	28669	4.37404	0																	
491	25031	4.71472	1	40745	0.01546	25063	0.01143	38098	0.00771	292	0.12373	14	0.04283	860	0.03742					
866	20981	4.29429	0																	
990	38233	5.00000	1	37049	0.01972															
385	23676	4.17386	0																	
897	43462	4.20687	0																	
793	20800	3.72519	0																	
832	21500	4.46809	0																	
835	25065	3.82426	4	32554	0.07707					66	0.33608									
763	34615	3.81452	2																	
624	38575	4.60102	0																	
19	20373	4.33676	0																	
84	27887	4.29634	2																	
497	23808	4.46368	0																	
697	42329	4.07213	0																	
665	25034	4.65698	0																	
882	38362	3.91326	0																	
504	36946	3.62635	4																	
664	33969	4.15157	0																	
965	24753	4.42647	0																	
648	39344	3.78637	0																	
904	39375	3.75064	0																	
292	29717	4.32705	0	25031	0.00172					14	0.02607									
773	23393	4.83705	0																	
204	41045	4.44594	0																	
531	35865	4.83779	0																	
55	38098	4.64335	0																	
594	33776	4.47968	0																	
471	25369	4.76985	2	25262	0.05370	22621	0.00867	40447	0.00852	227	0.05108	469	0.03427							
272	39038	3.09222	1																	
740	37065	3.70348	0																	
180	28634	4.37221	0																	
853	27944	4.60128	0																	
742	25039	5.00000	2																	
678	27548	4.91794	4																	
570	23365	4.24483	0																	
430	40745	3.69413	0							491	0.03164									
322	38664	4.10498	0																	
513	32531	3.60808	5							345	0.03255									
478	41649	4.41415	0																	
63	32028	5.00000	5																	
731	35874	4.24103	0																	
230	22705	4.72543	4																	
388	37802	4.30825	0																	
570	29762	4.60281	2	25791	0.00436					340	0.04146									
396	42132	2.37755	5																	
951	28379	4.40136	0																	
197	35629	4.86356	5																	
171	24049	5.00000	5	24012	0.01254					424	0.01634									
659	24384	4.06633	2	30289	0.00318					676	0.07299									
260	21129	4.52707	0																	
569	26061	4.75108	0																	
569	20356	5.00000	2																	
694	37706	5.00000	0																	
23	39007	3.82746	4																	
378	35882	4.71004	3																	
570	25519	4.22599	0																	
218	30684	4.52028	0																	
36	42477	3.69961	4																	
401	25622	4.90212	2	25643	0.09339					582	0.08250									
532	23091	5.00000	0																	
330	28511	3.45513	0	35139	0.11562															
957	25358	4.00023	2																	
563	37168	4.49146	0																	
377	28495	4.48498	0																	
312	31057	4.37165	0																	
471	24410	4.36384	5	22620	0.01659	22621	0.01288			334	0.02283	20	0.01422							
543	36946	4.14776	4																	
480	39639	4.24674	0																	
81	38908	4.42884	2	34107	0.06388	32109	0.02926	34839	0.00622	908	0.06651	181	0.04090	407	0.01433					
388	34891	4.28431	0																	
241	35888	3.65059	0																	
43	37094	4.34606	0																	
986	21277	4.90305	5																	
219	40745	3.63110	0																	
33	23469	3.90328	0																	
423	22571	4.46365	2																	
403	23852	3.63413	2	28874	0.00361					758	0.04552									
