443	31727	4.80105	0																	
356	33832	4.13044	0																	
357	20798	4.72888	0																	
871	38216	4.63582	0																	
951	42161	3.72966	0																	
948	41272	4.80040	3																	
146	39203	3.71531	0	25065	0.05354															
532	23091	4.37782	0																	
283	24361	4.86184	6	28817	0.00633	29686	0.00435			813	0.03952	340	0.03783							
591	26119	5.00000	3																	
389	21628	4.30300	0																	
380	25522	3.73789	3																	
387	20237	3.81849	0																	
292	41086	4.19454	1	38098	0.00426					408	0.01006									
747	31843	4.56813	0																	
866	26234	4.12125	0																	
366	23232	4.53550	6	25331	0.00112					813	0.02376									
400	38832	3.21199	0	38268	0.01713															
918	20595	4.32453	4																	
569	26290	4.80019	0																	
516	36050	4.62735	4																	
763	25039	4.16702	2																	
119	40860	4.94229	4																	
283	27933	4.60920	0																	
189	29299	4.82046	0																	
10	42091	4.01673	0																	
50	32468	4.84632	0																	
545	25162	4.24361	0																	
668	39672	4.74891	0																	
524	40082	4.85851	0																	
367	42731	3.32327	0																	
207	41511	3.46605	0																	
600	42330	4.73139	0																	
482	39869	4.90088	0																	
639	43102	4.60915	0																	
700	32454	3.79573	2																	
763	20609	3.60415	0																	
676	42701	4.01861	0																	
632	36523	2.94457	0																	
850	34060	4.79594	0																	
490	40761	3.22160	4							485	0.03312									
470	24359	4.28190	0																	
514	40097	3.99028	0																	
403	28806	4.05328	0																	
377	35047	4.50816	0																	
411	35952	3.58964	1																	
105	31506	4.73623	0																	
741	26405	4.68122	0																	
570	27978	4.13070	0																	
166	33555	4.86353	0																	
663	23715	5.00000	1																	
252	24221	5.00000	1																	
97	24281	4.34565	0																	
793	32550	3.43484	0																	
283	43958	4.55370	0																	
570	25883	4.26422	0																	
581	31316	4.32624	0																	
490	42600	4.04500	1																	
574	30030	4.94497	0																	
541	27553	4.57162	0																	
531	30776	4.79686	0																	
832	21098	5.00000	6																	
605	39216	4.82643	0																	
570	31860	4.21705	0																	
909	28220	4.89882	0																	
337	21729	4.93563	0																	
414	21492	4.74381	2	22452	0.00101					340	0.02561									
164	36647	4.28996	0																	
248	22356	4.76214	0	26544	0.07627	26526	0.00361	26530	0.00348	522	0.17416	240	0.11698							
397	35815	4.11087	0																	
7	33741	4.60265	0																	
141	35524	4.00564	1																	
894	21554	5.00000	4																	
464	24659	4.63054	0																	
251	24566	3.58877	0																	
184	41382	2.91416	0																	
834	21534	3.30577	0																	
886	25985	4.72021	0																	
532	24438	4.04301	2																	
720	25626	4.87660	0																	
283	43660	4.60753	0																	
904	35612	3.98443	0																	
610	31648	3.42663	0																	
973	34352	4.59955	0																	
763	23738	3.75445	0																	
932	36566	4.74279	0																	
665	24856	4.52048	0																	
865	43329	4.61261	0																	
300	28652	4.71919	0																	
111	32111	3.91940	0																	
448	41798	4.50569	0																	
296	22584	5.00000	2																	
10	38908	3.68132	2	24620	0.00146					181	0.01648									
891	21088	4.40859	0																	
569	23173	4.74473	0																	
974	39692	5.00000	6																	
236	38863	4.66480	0																	
81	22521	4.70431	0																	
326	23043	3.62215	0																	
193	32501	4.93061	0																	
597	26001	4.64354	0																	
465	23173	4.62623	0																	
848	37490	4.43083	0																	
29	24797	4.56184	1																	
789	23335	4.63078	4	24650	0.00680					410	0.04284									
540	34444	4.74711	0																	
466	38271	4.11137	0																	
397	27558	4.14471	0																	
552	37102	5.00000	0																	
123	38986	5.00000	5																	
171	24071	4.81037	0	24012	0.09362	24137	0.04323	23769	0.02209	38	0.06563	710	0.05650	342	0.03460					
639	43125	5.00000	0																	
222	33312	4.51775	0																	
636	25022	2.62164	0	25082	0.53918	25084	0.42568													
70	22168	4.81724	0																	
459	38735	3.42966	0																	
152	32177	3.72735	4																	
541	25716	4.59179	0																	
514	39538	4.18916	0																	
618	36501	3.09385	0	37065	0.05052															
34	28470	4.76226	0																	
478	34076	4.38675	0																	
321	37436	4.70038	0																	
780	29672	5.00000	5																	
223	26653	4.02287	0																	
763	37469	3.82648	1	37880	0.00157					407	0.00728									
292	40803	4.28734	0																	
432	35317	4.54884	0																	
72	38437	4.36720	1																	
792	23448	4.61392	1																	
53	23657	3.05940	6																	
40	36766	2.23458	1																	
327	34763	4.94543	0																	
490	37297	3.77833	5	40682	0.01331					142	0.03104	160	0.00681	92	0.00320					
681	24650	5.00000	4	21299	0.01834					410	0.04444									
175	23923	3.96861	5							594	0.03349									
572	22591	5.00000	0																	
259	41879	4.15672	0																	
424	34910	3.26165	0	34350	0.04916	23624	0.01774													
330	26527	4.32011	2	26530	0.05888	28511	0.01915			522	0.16696	248	0.02350							
854	35348	4.74037	0																	
514	26535	4.20486	5																	
342	36076	5.00000	4							424	0.01361									
81	30325	4.65905	0																	
764	26273	4.66735	0																	
171	26288	5.00000	3																	
117	31033	4.62309	0																	
124	24078	4.12147	5							382	0.01162									
230	29484	4.75754	0																	
676	30290	3.91010	0																	
812	21272	4.44150	4	27153	0.13101															
873	29728	4.65207	0																	
333	21265	4.38476	6																	
713	36275	3.18108	1																	
621	27402	4.28064	0																	
58	24388	5.00000	1																	
570	26269	4.28733	6																	
949	24012	3.52766	5																	
250	21254	4.34008	0																	
490	38735	4.06007	0							17	0.02404									
34	26763	4.73063	0																	
813	34706	4.82992	0																	
179	32704	3.79203	0																	
514	21045	4.22609	3																	
407	35551	4.18102	3							81	0.02975									
449	30018	4.24460	0																	
9	34210	4.73856	0																	
492	24521	4.54283	0																	
8	22459	4.50046	0																	
570	23266	3.91043	0																	
13	25081	4.67785	0																	
595	24006	4.95847	0																	
880	31966	3.70930	0																	
252	26894	4.84453	0																	
491	38098	3.43548	1	37642	0.05382	40745	0.05114	29717	0.00243	889	0.06103	292	0.02158	408	0.01913					
134	33055	4.39815	1							634	0.31074									
267	33558	4.78468	0																	
235	35448	3.87935	4																	
70	33649	4.82087	0																	
813	34542	4.34358	1																	
518	32564	5.00000	4	25698	0.19672					32	0.87445									
424	42113	3.15150	0	24071	0.03544															
72	34284	4.83046	0																	
602	25240	5.00000	0	25331	0.04091					827	0.02558	248	0.01140							
741	37100	4.68881	0																	
407	38889	4.24202	0																	
468	43677	4.73958	0																	
385	22360	4.20693	0																	
334	24085	4.13688	6	22620	0.04253					20	0.01140									
6	37794	4.41790	4																	
533	24530	4.53612	0																	
727	24460	5.00000	0																	
681	22584	5.00000	2																	
353	32968	3.81642	0																	
597	25499	4.75102	0																	
154	25503	4.65435	0																	
880	27469	3.71605	4	20891	0.05955					676	0.04545									
848	28238	4.97141	0	24295	0.02759					330	0.03639									
910	23434	5.00000	4																	
414	31854	4.67744	1							340	0.02561									
75	36587	4.89340	0																	
546	37059	4.84978	0																	
60	37054	4.78047	0																	
613	33874	4.75502	0																	
42	39015	3.05465	0																	
813	33220	4.72061	2	34045	0.00634					763	0.03718									
505	20265	4.56498	0																	
243	25697	4.87021	0																	
582	30539	4.59087	0																	
882	42255	3.31165	2	40386	0.08743					743	0.03283									
50	42255	4.42584	2																	
353	37263	4.23248	2																	
492	23338	3.67178	0	23292	0.06121	23396	0.02941													
70	28200	4.80582	0																	
529	21190	4.43675	0																	
741	26184	4.69064	0																	
512	33738	4.91482	0	37187	0.22597					89	0.01159									
55	38840	4.45146	0																	
385	24247	4.35132	6																	
514	31627	4.15189	0																	
340	24259	4.60958	0																	
983	23955	4.13767	0																	
860	41247	4.62928	0																	
419	35715	4.37110	0																	
214	21517	4.98952	1																	
347	40848	4.65736	0																	
89	37916	4.59684	0																	
662	32196	4.38084	0																	
338	26983	4.85993	0																	
659	40550	3.94741	6																	
70	37389	4.76222	0																	
268	23281	4.88339	6																	
283	27467	5.00000	1																	
841	25999	4.47882	0																	
524	40336	4.85892	0																	
631	31999	4.85226	0																	
367	41959	3.90097	1																	
683	30484	3.53934	0																	
151	22419	4.84106	0																	
514	38152	4.10760	0																	
598	34975	4.60126	0																	
193	22445	4.91635	5																	
164	36903	4.30801	0																	
653	28300	4.85157	0																	
120	35965	5.00000	2																	
207	31317	3.36505	1																	
966	34885	5.00000	0																	
168	27185	4.68480	0																	
648	40229	3.90560	0																	
510	30210	5.00000	2																	
761	40921	4.45036	0	23840	0.00805					848	0.03781									
618	35442	3.94369	0																	
356	34290	3.96193	0																	
14	26924	4.65064	0																	
81	21071	4.95103	1	21033	0.05172	25903	0.02597	30537	0.02278	13	0.10597									
417	34828	4.88608	0																	
519	32897	4.46372	4																	
385	29415	4.20673	0																	
421	28079	4.59946	0																	
168	21674	4.68793	0																	
401	36290	4.13048	0	35748	0.02094															
431	30877	4.26547	0																	
529	25004	5.00000	0																	
918	39903	3.98575	0																	
594	22188	4.53664	0																	
532	22705	4.62993	3																	
491	25259	4.06402	0	22004	0.01455	29717	0.00894	40745	0.00265	889	0.06103	292	0.02158							
110	41672	5.00000	0																	
456	33075	4.75941	0																	
397	31766	3.92814	1																	
362	26165	4.78267	0																	
105	27431	4.66871	0																	
428	38315	4.84961	2	36662	0.03636															
134	33608	4.63934	2																	
227	35532	4.18761	0																	
397	23600	4.01306	6																	
92	34911	3.90290	0																	
0	30279	4.72190	0																	
291	37321	4.22463	0																	
372	28371	4.25207	0																	
517	36413	4.34065	0																	
955	39062	3.38600	0																	
340	32433	4.58566	0	29762	0.03294	23261	0.01581			570	0.04460									
527	37826	4.11596	0																	
572	33027	5.00000	3																	
419	29772	4.79880	3																	
593	42681	4.23655	0																	
445	23839	4.33345	0							848	0.09191									
218	23769	4.70420	0	24656	0.01242	23900	0.01202			55	0.02478	171	0.02099							
279	35692	3.87041	6																	
896	32897	4.34310	4	35347	0.00510					479	0.41716									
654	37561	4.32744	0	41756	0.01549					514	0.03358									
570	26506	4.27699	0																	
569	29785	4.73376	0																	
252	25240	5.00000	0																	
893	33907	4.48175	0																	
26	27616	4.68977	0																	
652	41791	4.47118	0																	
489	35447	4.78253	0																	
340	25477	4.58774	0																	
514	40847	4.15574	0																	
248	27391	5.00000	0																	
293	34557	5.00000	2																	
194	23478	2.88077	3	21492	0.00232															
549	27276	4.62936	0																	
541	28053	4.61461	0																	
877	35882	5.00000	0																	
505	21758	4.45796	0																	
610	30158	3.63020	0																	
676	26233	3.04077	0																	
598	34936	3.95604	0																	
402	26637	3.99150	1																	
339	24165	4.73755	6	24170	0.21693					52	0.35857									
963	23769	5.00000	0	23624	0.00698					55	0.05010									
526	24534	4.31921	1																	
479	34577	4.91045	0																	
142	33738	3.66051	0																	
514	29430	4.13220	0																	
222	22190	5.00000	1																	
984	26393	4.06917	0																	
792	25941	4.69802	0																	
424	39894	4.48222	0																	
297	25240	4.91022	0																	
464	25229	4.69181	0																	
664	24282	4.21373	0																	
643	34568	3.49979	0																	
415	25369	4.51153	2																	
504	33442	3.99241	0																	
170	39456	4.68232	0																	
942	23686	4.71835	0																	
19	31026	4.51810	3	30925	0.09130	31462	0.03791			879	0.10987	882	0.01078							
637	41482	4.03588	0																	
848	22545	4.48647	0																	
567	32273	4.25364	0																	
604	40097	4.60201	0																	
659	24391	3.82484	0																	
989	24240	5.00000	3																	
227	21280	4.37763	3																	
528	29717	5.00000	0																	
618	25486	3.71973	0																	
63	22552	4.85638	2																	
495	24653	4.44203	4																	
671	21576	2.07980	0																	
380	42906	4.62544	0																	
321	36744	4.81652	0																	
514	33391	4.15681	2																	
227	40447	4.20714	2	22621	0.00243					471	0.02556									
723	22703	4.05652	0																	
514	43046	3.91621	0																	
722	21735	4.80354	2																	
760	24523	4.64816	0																	
818	22151	3.56771	5																	
325	38264	4.20308	0																	
935	22561	5.00000	6																	
165	23900	3.62639	5	23769	0.01202					171	0.01994									
880	22669	3.49954	4																	
234	43248	4.81784	0																	
430	30281	5.00000	5																	
43	34053	2.68994	6																	
669	21522	3.94742	5							602	0.03726	424	0.03518							
541	35307	4.61413	0																	
74	28398	4.21723	0																	
1	27518	4.50789	0																	
137	24666	5.00000	6																	
811	40922	4.18684	0																	
514	33078	4.08847	3																	
786	24075	4.94608	3																	
162	24914	4.68288	0							330	0.07673									
478	40201	4.35414	0																	
381	24650	4.34191	4	22533	0.04314					410	0.08172	105	0.04866	227	0.00408					
353	34350	3.62965	5																	
478	26090	4.41208	0																	
866	34145	4.04176	5																	
5	32418	4.84057	0																	
853	39135	4.78075	0																	
994	37733	3.92528	0																	
736	26472	4.95709	0																	
505	25936	4.42363	0							514	0.02018									
180	28632	4.10839	0																	
321	30620	4.91373	5																	
501	26275	4.86217	1																	
634	21531	5.00000	5																	
516	38445	5.00000	2																	
738	29048	4.83737	0																	
452	35913	4.62455	4																	
659	41716	3.85363	0																	
352	28947	4.86015	0																	
813	26617	4.70637	0																	
526	30987	4.93291	2																	
397	24238	4.01905	0																	
340	28464	4.63746	0																	
905	32223	4.04372	1																	
530	37297	3.50045	5																	
961	43231	3.32494	1																	
340	30475	4.90016	5																	
430	25331	4.58047	1																	
951	32706	4.50101	0																	
835	27172	4.58633	0																	
567	32210	4.82835	0	23852	0.00778					514	0.00884	103	0.00285							
367	40525	4.08889	0																	
475	23916	4.50950	6																	
713	21127	4.79998	4																	
968	41846	4.88065	0																	
994	36420	3.99909	0																	
283	21855	4.92359	6	28817	0.01768	21492	0.00251			340	0.03783									
514	21199	4.08637	0																	
604	37071	4.46830	1																	
853	22620	5.00000	5	30672	0.00354	30147	0.00197			55	0.01667	334	0.01277							
149	25154	4.60253	0																	
741	29220	4.70162	0																	
538	27108	4.39371	0																	
660	38908	3.85974	2																	
570	34525	4.25532	0																	
441	24414	5.00000	0																	
796	35906	3.98711	6																	
456	27903	4.85231	0																	
400	39990	3.33802	3																	
986	22725	3.92427	0																	
732	33787	4.07342	3							882	0.16519									
81	23688	4.39489	1	23900	0.07416	25308	0.00330	25040	0.00202	723	0.02011	340	0.01125							
57	39051	4.91065	0																	
170	36624	5.00000	0																	
194	23184	3.95918	1																	
637	31002	4.49601	5																	
168	21061	5.00000	1	21044	0.06430					588	0.14897									
594	29926	4.49943	0																	
522	28154	4.76724	0																	
45	24082	4.91831	0																	
123	41397	5.00000	0																	
26	34476	4.67552	0																	
882	21563	3.86707	0																	
866	21297	4.28013	0																	
965	20345	4.46369	0																	
989	40523	4.66278	0																	
441	31870	4.76316	0																	
38	34910	2.90459	0																	
13	23494	4.60163	0																	
688	26307	4.58316	0																	
541	29644	4.56780	0																	
848	23391	4.31815	0																	
81	24493	4.96211	1	30537	0.02757	25903	0.01717	24534	0.01588	13	0.10597									
873	32782	4.72002	0																	
514	44006	4.05442	0																	
334	34497	3.99144	2	30672	0.03443															
80	25626	4.55458	0																	
519	22972	4.70997	5																	
111	28930	3.85919	0																	
237	40626	3.10097	0	41075	0.01610															
23	38098	3.23453	1	37642	0.05382					249	0.17661									
953	43095	4.67018	0																	
926	24570	5.00000	2																	
449	22524	4.17158	1							340	0.01469									
569	23230	4.84255	0																	
833	32210	5.00000	0																	
162	31307	4.20508	0																	
407	37142	4.36046	0																	
161	23494	4.54601	0																	
130	22541	4.32373	0																	
528	30939	4.44290	3																	
440	28227	5.00000	1	24272	0.00918					386	0.06416									
81	21038	4.58134	0																	
696	25716	4.91766	0																	
100	22003	4.90062	2																	
569	24036	4.74699	0																	
505	21943	4.53363	0																	
13	24059	4.60698	0																	
891	37758	3.76380	5																	
209	36806	4.29337	0																	
560	23252	4.80888	6																	
82	24128	4.36327	0																	
331	39269	4.57589	0	38315	0.03237					745	0.03563									
548	34107	4.25157	3							81	0.05692									
604	36209	4.56163	0																	
55	27438	4.03731	3																	
93	28152	4.37737	0																	
3	37880	2.81872	2																	
763	26086	3.93897	2																	
661	31828	4.81321	2																	
176	40572	4.30684	1	40447	0.00755	42477	0.00243													
54	21557	2.78747	0																	
217	36490	3.78013	0																	
487	26618	4.72015	0																	
179	28357	3.97959	0																	
798	43897	4.69312	0																	
497	25040	4.39253	6																	
373	32695	4.83983	0																	
361	21511	4.75957	6	25331	0.00798					813	0.02783									
902	23492	4.88463	0																	
436	28845	4.18705	2	22004	0.01371					491	0.01376									
971	25331	4.65918	1																	
749	38089	5.00000	6																	
121	21091	4.89186	0																	
811	20363	4.46216	5																	
81	24542	4.60851	0																	
676	24484	3.47492	2	24472	0.01967															
853	28986	4.78795	0																	
175	25406	4.16857	0																	
448	21635	4.50525	0																	
466	39405	4.24013	0																	
892	35879	4.20794	0																	
741	29236	4.76343	0																	
218	21504	4.39635	0																	
848	22188	4.38602	0																	
931	37684	4.85356	0																	
99	33015	3.86008	0																	
793	41045	3.16663	3							514	0.01171	594	0.00599							
596	37177	3.16784	3																	
449	25067	4.70151	6							340	0.01469									
502	21208	4.67210	0																	
584	21254	3.47543	0																	
728	42815	4.26080	0																	
911	39523	4.28396	0																	
321	40259	4.52134	0																	
961	20600	3.71229	0																	
21	36029	3.58126	6																	
779	25483	4.61619	0																	
321	39121	4.37257	0																	
292	35748	3.40649	6	24039	0.03409	39599	0.01062			401	0.02622									
701	24620	4.78081	0																	
681	36408	3.95087	2	21299	0.04840															
882	20328	3.87014	6							401	0.04869									
710	31663	3.44817	4	24137	0.00964	24071	0.00790													
848	30662	3.93333	0																	
504	30973	3.72411	5																	
903	27542	4.97211	0																	
105	21921	4.64436	0																	
979	40366	4.31563	0																	
681	32116	4.20188	5																	
160	36987	3.82825	0	37297	0.00730															
24	41390	4.72669	0																	
145	20584	4.79715	0																	
228	30672	3.45707	0	24078	0.01280	30748	0.00780			382	0.05810	853	0.04491							
648	35470	3.79382	0																	
501	38243	4.65300	0																	
573	32515	5.00000	3																	
742	25039	5.00000	2																	
56	24388	4.52940	1																	
296	35697	4.73159	6	24484	0.01379					227	0.07057									
220	24398	4.88345	0																	
549	30582	4.69673	0																	
566	35678	4.99504	3																	
570	23375	4.18599	0																	
385	29427	4.23152	0																	
373	38626	4.79854	0																	
96	37405	4.58275	0																	
56	43127	4.97880	0																	
229	22376	4.93242	5																	
330	24589	4.56297	0	24590	0.04982					784	0.06341	848	0.03639	340	0.01564					
951	28379	4.57607	0																	
397	23670	4.01941	0																	
866	29931	4.17877	3							248	0.07869									
3	34266	3.83008	0																	
871	37049	3.95773	0	37297	0.02051					92	0.02147	142	0.00102							
436	29750	4.17899	0																	
844	30243	5.00000	1																	
832	28939	5.00000	2																	
377	30572	4.50663	0																	
403	21208	4.07163	0																	
746	41861	4.94039	0																	
139	32114	4.23871	0																	
14	24146	4.65544	0																	
340	25663	4.84727	0	25653	0.05833	25614	0.01494	24593	0.01015	848	0.05952	173	0.02666							
927	32603	4.54483	1																	
538	20482	4.33133	0																	
340	24803	4.63101	0																	
978	36490	4.36417	0																	
893	20979	5.00000	3							866	0.13609									
353	36657	2.89901	0																	
385	27544	4.26143	0																	
392	30613	4.69820	0																	
882	24570	3.80239	2																	
58	28010	5.00000	5																	
561	32550	4.72491	0																	
895	38894	5.00000	0																	
715	31160	4.02153	0																	
39	29392	4.73569	0																	
791	32210	4.27651	0																	
601	42062	3.84966	2																	
385	31011	4.23569	0																	
70	41256	4.79818	0																	
987	37514	4.20474	5																	
283	33502	4.75403	1																	
775	28864	4.86364	1																	
54	37297	2.15143	5							160	0.06626	92	0.05246	142	0.01821					
340	25662	4.72837	1	25278	0.08304	25365	0.02799			50	0.04553									
661	29672	4.89834	5																	
51	33239	4.33415	0																	
965	24729	4.95900	2																	
329	22588	3.66298	0																	
520	40862	3.75160	0																	
722	23941	5.00000	2																	
781	24754	4.27275	6																	
284	37793	4.23540	5																	
760	24650	4.83021	4	22620	0.00956					227	0.00967									
403	28874	4.39665	2							758	0.02013									
868	39649	4.92306	0																	
791	39203	3.04014	0																	
82	30891	4.46357	0																	
541	28707	4.56293	0																	
81	25427	5.00000	0	25426	0.09890	25487	0.04206	25040	0.01026	548	0.05692	82	0.04512	501	0.00651					
409	28024	4.86124	0																	
174	26142	4.26544	0																	
180	26167	4.08912	0																	
857	34392	3.73505	1																	
444	35746	3.95268	5																	
483	33806	3.99296	0																	
340	21686	4.55177	0																	
456	41401	5.00000	4																	
343	25331	4.54366	1	25240	0.04091					827	0.14099	248	0.04035							
982	36766	3.46459	1																	
331	22726	5.00000	2																	
680	26075	4.38180	0																	
882	39085	3.92619	0																	
648	34672	3.75299	0																	
575	21482	4.25780	0																	
717	23089	5.00000	5																	
299	25654	4.26475	0																	
414	21793	4.50378	0																	
917	24631	4.65134	0																	
377	29717	4.82350	0	41345	0.00895					292	0.04589									
613	40554	4.79530	0																	
407	37753	4.04053	3	38268	0.03937					147	0.01556	400	0.01049							
162	37833	4.25754	0																	
903	41460	4.16394	0																	
389	37048	4.23041	0																	
338	25270	4.72206	0																	
397	20667	4.01666	0																	
569	28134	4.84234	0																	
741	34741	3.56180	6	38268	0.01062															
881	29741	3.82984	0																	
514	43116	4.13888	0																	
547	21340	4.45733	0																	
612	22297	5.00000	0																	
362	24380	4.82986	5																	
644	21241	4.80466	0																	
793	21163	3.47379	0																	
514	43238	4.09534	0																	
893	33477	4.84501	3																	
570	34815	4.20289	0																	
618	36875	3.84714	0																	
230	27464	5.00000	2																	
522	26544	5.00000	3	22421	0.19790	27460	0.13430	22356	0.07627	240	0.22647	248	0.17416							
882	28437	3.89762	0																	
531	35865	4.79773	0																	
81	24503	4.62113	0																	
514	36076	4.39242	4	35875	0.00846	32210	0.00543			424	0.05239	485	0.00438							
60	33751	4.70903	0																	
434	20330	4.47490	0																	
452	37689	4.98676	0																	
551	22624	4.19509	0																	
180	27786	4.05116	0																	
340	20436	4.62109	0																	
367	35775	2.90241	2																	
218	28250	4.78912	5																	
238	23086	4.93889	2																	
397	39557	4.02616	0																	
274	36186	4.80884	0																	
101	35000	3.92510	0																	
950	26434	5.00000	0																	
621	21778	4.20083	0																	
275	36846	4.88830	0																	
943	21896	4.29807	0																	
393	38812	3.61645	1																	
283	40947	4.54344	0																	
202	38017	4.21461	0																	
118	33069	5.00000	0																	
227	24048	3.72188	5	22620	0.01539	25369	0.01435			760	0.00967									
192	28874	4.83019	2																	
813	33991	4.74986	0																	
748	22517	5.00000	1																	
891	37259	4.51434	5	21917	0.19747					709	0.04647									
484	33925	3.31511	6																	
180	28341	4.00813	0																	
14	22190	5.00000	1																	
424	36930	4.42432	0	24049	0.01483	39912	0.00943	37474	0.00450	471	0.02351	618	0.02202							
232	34440	4.54125	0																	
538	20487	4.40349	0																	
882	26512	3.97472	0																	
173	37999	4.64647	0																	
538	27995	4.41919	0																	
570	25791	4.28131	5																	
633	32791	4.15706	0																	
514	44015	4.18187	0																	
227	25262	4.74674	2	22621	0.00817	35697	0.00232			471	0.02556									
649	24559	4.56588	2																	
935	32674	5.00000	4																	
158	26083	4.68919	0																	
797	31445	4.50162	0																	
676	24749	4.33867	0																	
239	34978	5.00000	0	30672	0.00345					382	0.00683									
388	24045	4.73812	4																	
340	25791	4.81941	5	31854	0.03887	25278	0.03102			468	0.01937									
81	27768	4.64482	0																	
25	39965	4.95525	0																	
649	23849	4.42590	0																	
242	38646	3.30209	0																	
471	39839	4.33559	0																	
779	24257	4.44915	0	23882	0.01017					559	0.05617									
455	37682	4.50011	0																	
453	33703	3.86108	0																	
842	40905	4.48475	0																	
162	43466	4.25994	0																	
598	34702	5.00000	6																	
608	37882	4.13009	0																	
741	35648	4.76114	0																	
57	36655	4.94075	0																	
963	39664	4.86435	0																	
638	42748	4.94442	0																	
858	34542	4.14087	1																	
81	23270	4.72062	5																	
326	23427	3.52516	0																	
813	25040	5.00000	6	25331	0.00714	23232	0.00240	24532	0.00197	501	0.03839	340	0.02681	703	0.02124					
227	22715	4.48234	0																	
356	33590	4.04631	0																	
779	24818	4.58286	0																	
132	34182	3.83685	0																	
616	25548	4.79055	6																	
758	24252	3.80754	3																	
659	24384	3.96490	2	30289	0.03918					676	0.07386									
283	37452	4.61893	0																	
695	26104	3.89099	6																	
966	26449	5.00000	2																	
32	25703	4.55980	4	25700	0.23641	25698	0.11282			518	0.87445									
545	40963	4.11135	0																	
882	24599	3.93349	0																	
446	37297	5.00000	5	36875	0.02130	37254	0.01071			142	0.03954	92	0.02837	160	0.01402					
213	22095	5.00000	1																	
963	39200	4.75807	1																	
89	35509	4.52438	0																	
104	41971	4.36332	0																	
471	28358	4.46906	6																	
689	40548	3.92654	0																	
468	32748	5.00000	5																	
462	23184	4.17606	1																	
781	36943	4.32755	0																	
264	31007	3.62569	5																	
120	28874	5.00000	2	36479	0.02051					758	0.06880									
246	26340	4.37570	0																	
559	22408	4.57570	0																	
252	24176	4.64815	1																	
319	27556	4.12292	0																	
563	37168	4.42801	0																	
938	41348	4.55833	1																	
247	37241	4.46405	0																	
867	24855	4.72554	3	30862	0.02132					880	0.20486									
816	27372	4.95869	0																	
175	22592	3.64988	6	22452	0.01029	21624	0.00593			340	0.03644									
666	24294	4.95701	0																	
664	34137	4.22941	0	24237	0.14867					846	0.14571									
448	36485	4.53962	0																	
793	30732	3.66333	0																	
495	25920	4.48329	3																	
407	24534	3.58637	1	42572	0.00372					514	0.03866	81	0.02975							
763	21275	4.45223	0	21491	0.00174					94	0.11363	628	0.03290	424	0.00516					
875	31685	4.31646	0																	
624	35449	4.62338	0																	
359	37766	5.00000	0																	
251	24376	3.75728	5																	
283	24953	5.00000	4																	
385	23670	4.22357	0																	
867	24305	4.98609	0																	
710	31078	4.32252	0																	
866	27058	4.19940	0																	
779	24777	4.72429	0																	
888	30520	4.63156	0																	
524	37436	5.00000	0	37519	0.01121					741	0.09609									
866	21041	4.17789	0																	
283	43241	4.56573	0																	
340	39902	4.57641	0																	
569	23977	4.75048	0																	
276	43685	4.15619	0																	
370	31823	5.00000	1																	
688	32114	4.45950	0																	
815	36186	4.98800	0																	
946	23729	4.73759	0																	
893	40572	4.08662	1																	
999	27193	4.66427	0																	
681	24680	5.00000	5																	
181	21059	4.82233	0																	
142	32615	3.51629	0																	
880	27026	3.55588	0																	
82	35884	4.38040	5																	
283	34934	4.51450	0																	
592	41285	4.36140	5							514	0.01738									
594	22371	4.76425	5	21098	0.04233	22452	0.02327	32579	0.01193	175	0.03349	278	0.00579							
838	43186	4.78359	0																	
882	36211	3.92152	0																	
424	21505	5.00000	3																	
13	22452	4.63513	5	25093	0.02885					594	0.05463	175	0.03839	414	0.02077					
152	28534	3.39661	0																	
221	24700	4.41541	0																	
713	37073	3.57087	2							471	0.05987									
372	28370	4.28443	0																	
719	40893	5.00000	1																	
981	33676	4.58886	0																	
69	34538	4.18448	0																	
873	24850	4.69967	0																	
362	25351	5.00000	0																	
302	27837	4.37661	0																	
35	30708	4.04931	5																	
815	36766	4.46117	1	36491	0.15143	36402	0.03451													
514	21061	4.43394	1																	
377	29073	4.46238	0																	
584	24761	3.27870	3																	
514	41670	4.13919	6							865	0.02776									
982	33206	3.95807	4																	
540	34501	4.91023	4																	
132	28274	3.74793	0																	
832	21491	4.52136	0	21500	0.10851					309	0.05023									
107	28007	3.80394	0																	
466	38840	4.21042	0																	
415	43870	4.42011	0																	
240	22323	3.56115	0	27460	0.09508	22421	0.03344													
741	20139	4.76941	0																	
516	43020	4.87777	0																	
513	30672	4.10913	0	32385	0.00202					568	0.05671	334	0.01295							
404	42174	4.80322	0																	
751	29607	4.70744	0																	
452	38743	4.48828	0																	
307	37178	4.60805	5																	
570	41043	4.15428	0																	
443	36795	4.81313	0																	
152	25020	3.97883	5																	
192	34834	4.46121	0																	
678	28616	4.97026	0																	
190	25373	4.42983	6																	
110	34587	4.33028	4																	
340	23907	4.64441	0																	
385	28308	4.29766	0																	
441	24078	4.70782	5																	
490	41102	4.15259	0																	
162	34717	4.23622	0																	
192	38294	4.60439	1																	
805	26555	4.19983	0																	
97	21430	4.31878	0																	
170	38293	4.73034	0																	
569	20537	4.88125	3																	
514	40262	3.96975	5																	
420	21421	4.86105	0																	
388	42487	3.53698	0																	
909	33527	4.94419	0																	
957	25358	3.86832	2																	
528	25522	4.16823	3																	
746	42305	4.21207	0																	
350	43189	4.76540	0																	
142	37474	3.23183	5							424	0.01538									
450	26395	4.89115	0																	
951	32308	4.72959	4																	
601	27338	4.23445	0																	
471	22273	4.55846	0																	
514	32622	4.21625	0																	
628	36275	3.79699	1																	
640	39165	4.80501	0																	
349	32720	4.47644	0																	
19	32220	4.37673	0	31462	0.11886	31025	0.05222			590	0.05212	44	0.04777							
304	39241	5.00000	0																	
388	41016	4.35142	0																	
852	35863	4.15951	0																	
194	23657	2.49315	6	21492	0.00210					340	0.00333									
469	24050	3.94395	5																	
421	20597	4.89793	6																	
575	22589	4.23083	0																	
488	25331	4.06593	1																	
813	34571	4.78974	0																	
505	31617	4.56142	0																	
33	33764	4.28247	0																	
535	23243	4.51080	1																	
588	23840	5.00000	0																	
671	35600	4.88409	0																	
598	35919	4.54982	0																	
785	22205	4.24672	0																	
981	31025	4.99403	0	38098	0.03295					6	0.03201	292	0.01166							
284	39105	4.16984	5																	
741	20024	4.72821	0																	
570	23807	4.12295	0																	
514	39652	4.20316	0																	
562	40353	4.54239	0																	
799	23337	5.00000	6																	
563	36331	4.16880	4																	
472	31026	4.12687	3																	
289	27543	4.71516	0	28864	0.03381					574	0.14073									
424	21492	4.83379	2	37758	0.01671	40525	0.00588			652	0.01449	703	0.00214							
227	26275	4.51967	1																	
181	25040	5.00000	6	23900	0.00290	38908	0.00131			81	0.05392	340	0.01983	594	0.00709					
884	28658	4.82243	0																	
52	24193	4.73876	0																	
816	27374	5.00000	0																	
570	36224	4.18585	0																	
865	41870	4.29644	6																	
882	41837	3.69851	5																	
741	30313	4.72937	0																	
860	23845	4.84893	1	25063	0.03674	25031	0.01191			14	0.02835									
569	24946	4.72662	0																	
811	39695	4.16586	0																	
83	29996	4.55536	5																	
385	28340	4.27738	0																	
443	25259	4.85859	0	40586	0.02315	23993	0.00458			292	0.08242									
484	38467	2.91325	0																	
340	21948	4.57349	0																	
168	21841	4.76016	0																	
511	36875	4.52963	0																	
973	38846	4.59868	0																	
994	37930	3.96728	0																	
951	41151	4.54091	0																	
388	36839	5.00000	0																	
832	25071	4.50512	0																	
905	24646	3.62531	6																	
763	34551	4.03694	0	21491	0.03434					94	0.11363									
918	21292	4.08260	0																	
227	21531	4.59901	5							160	0.03463									
891	37588	4.44146	0																	
848	22533	4.56080	0	24270	0.06275	24290	0.02461	22476	0.01559	381	0.06574	410	0.01216							
107	20019	4.73021	2							533	0.03684	566	0.00399							
202	39012	4.05602	5																	
415	32084	4.60450	1	34616	0.01119					486	0.05976									
93	24391	4.31113	0																	
811	36077	4.27888	4																	
760	24424	4.25489	0																	
655	25615	4.62144	2																	
904	40126	4.00156	0																	
258	23430	5.00000	5																	
514	24065	4.51645	3	31474	0.01734					567	0.00884									
926	35882	5.00000	0																	
385	21558	3.51535	0																	
423	33363	4.29487	0																	
412	21491	4.36711	0	21492	0.03307					309	0.02502									
283	30204	4.56979	0																	
929	21557	4.31870	0																	
676	41635	3.98611	0																	
867	24240	4.80899	3	24012	0.01426															
570	42661	4.25279	0																	
630	28412	4.78924	0																	
839	38852	4.98037	2																	
853	38862	5.00000	3	39130	0.01276					891	0.08218									
618	36312	3.94758	0																	
355	21242	4.38999	0																	
50	43371	4.76019	0																	
784	34551	4.08918	0	26076	0.04819					544	0.15259									
471	39547	4.55926	0																	
813	32084	4.94473	1	25331	0.03105					486	0.01207	768	0.00313							
777	35888	4.55661	3																	
626	30021	5.00000	0																	
93	24508	4.30823	0																	
242	40204	4.49153	0																	
703	39300	4.25050	3																	
252	37882	4.64107	0																	
479	32493	4.78427	0																	
168	29519	4.73324	0																	
8	23505	4.44428	0																	
306	20385	5.00000	2																	
160	32013	4.37180	0																	
763	34627	3.12054	0																	
845	39200	5.00000	1																	
813	29683	4.77094	0																	
59	35031	3.94559	0																	
514	43717	4.15635	0																	
107	33266	3.57885	0																	
329	23675	2.87967	0																	
571	24896	3.45757	0	24435	0.19310															
436	27586	4.03226	0																	
230	28478	4.81468	0																	
650	29522	4.09383	0																	
79	38447	4.64088	0	37716	0.09010					883	0.11933									
721	38035	4.64884	0																	
162	30333	4.27663	0																	
441	22375	4.72140	0																	
334	22615	3.95259	4	22620	0.04428					137	0.01786									
44	38548	4.30167	0																	
107	41345	3.83532	1	37071	0.01917					860	0.01241									
909	40897	5.00000	3																	
145	25143	4.64066	0																	
641	23397	4.49527	0																	
895	39753	5.00000	0																	
69	32518	4.03146	0																	
575	29762	4.77598	0																	
788	27765	4.87068	0																	
848	21400	4.41181	0																	
848	37148	4.37532	0																	
569	21550	4.75201	0																	
435	25168	4.74835	0																	
439	33482	4.93658	0																	
167	28466	4.28338	0																	
638	25978	4.59279	0	31699	0.28169															
137	27025	5.00000	1																	
6	32983	3.99246	4																	
648	35469	3.83134	0																	
514	28794	4.20063	0																	
283	33574	4.58392	0																	
538	27365	4.51001	0																	
539	20807	4.65344	0																	
774	43431	4.12070	0																	
849	40963	4.60354	0																	
529	38433	4.09885	0																	
279	35913	4.85059	4																	
247	40550	4.83710	6																	
559	25518	4.52051	0																	
495	28722	3.49184	0																	
85	30562	4.00485	0																	
484	38298	3.23049	0																	
80	23566	5.00000	0																	
575	22549	4.26497	1	22583	0.04179					856	0.14833									
81	34839	5.00000	5	23900	0.08308	25334	0.01904	38908	0.00386	407	0.02975	723	0.02011	403	0.01692					
904	39156	3.83098	0																	
477	38112	4.27595	0																	
484	37880	2.54457	2																	
575	26274	4.46609	5																	
644	32460	4.82911	0																	
276	24558	3.94447	0																	
662	41803	4.32852	0																	
801	24688	4.78551	4																	
501	41656	4.69817	0																	
340	30709	4.69974	6																	
283	24006	4.94678	0																	
897	28782	4.33646	5																	
120	24252	4.72019	3																	
414	31388	4.45565	0																	
832	38606	4.81300	0																	
893	37784	4.37680	0																	
295	31459	4.91407	0																	
443	31762	4.78063	0																	
169	40682	4.82112	0																	
611	31385	4.79892	4																	
565	29684	3.62853	2																	
598	34707	4.91345	3																	
411	38531	3.32573	2																	
860	36481	4.59519	0																	
514	41606	4.10353	0																	
619	36442	4.43167	2																	
598	34911	3.12577	0																	
908	38908	4.36800	2	32109	0.00385					81	0.07311									
631	26043	5.00000	3																	
662	35098	4.20042	0																	
569	20057	4.91690	1																	
675	41756	3.87812	0																	
688	43742	4.51723	0																	
461	39557	4.52298	0																	
428	41460	4.35925	0																	
340	24608	4.62707	4																	
768	34762	4.25049	1																	
951	36647	4.45373	0																	
630	24957	4.70760	0																	
509	40042	4.17998	0																	
563	38894	4.62189	0																	
490	41096	4.04176	2																	
960	39038	4.84571	0	36875	0.01107					566	0.00491									
105	28023	4.76468	5																	
207	24985	2.34285	0																	
201	38144	4.20713	0																	
283	24746	4.51901	0																	
615	23826	4.90785	5																	
430	39200	4.89524	1	40745	0.04115					981	0.03406									
893	36656	4.56880	0																	
598	35906	3.72935	6																	
577	42477	2.82461	4							176	0.07880	346	0.06143							
340	23315	4.62414	0																	
623	23385	5.00000	0																	
182	37143	4.67614	5																	
22	26635	5.00000	2	24141	0.09058					644	0.21308									
203	25227	4.74488	0																	
334	22740	4.22613	0																	
752	33236	4.77176	0																	
78	24368	4.15307	1																	
792	22284	4.60694	0																	
140	32134	4.58076	0																	
724	39031	2.84337	0																	
779	25835	4.60792	0																	
168	31330	4.65656	0																	
569	23018	4.75781	0																	
8	29186	4.62349	4																	
412	26077	4.73551	0																	
283	33919	4.50319	0																	
136	41074	4.80912	0																	
340	36971	4.54575	0																	
443	36777	4.66273	0																	
173	40681	4.79920	0																	
93	25306	4.71461	3	24559	0.06460					29	0.05696	469	0.03552							
744	36502	4.26033	0																	
330	23900	4.17143	5	24914	0.00423	31131	0.00388			181	0.05255	81	0.02911							
340	23537	4.65141	2																	
462	21014	4.22490	0																	
345	32531	4.44479	5																	
340	25870	4.52932	0																	
479	22706	4.79652	0																	
664	25599	4.17732	0																	
45	24935	4.96243	0																	
153	39516	4.70904	3	38651	0.05151	32385	0.03765	30147	0.02023	822	0.09043	55	0.03596	655	0.02623					
741	33636	4.64542	0																	
300	24534	4.33772	1																	
952	38852	4.73733	2																	
154	43687	4.63517	0																	
19	30388	4.55418	0																	
178	26302	5.00000	0																	
678	24650	4.96325	4							227	0.02283									
469	25262	4.01554	2							471	0.01626									
204	26636	5.00000	5																	
950	26884	4.98394	0																	
860	43387	4.60465	0																	
574	27536	4.96742	3																	
966	25916	4.79033	0																	
578	33497	3.94972	0																	
108	22769	4.68201	0																	
388	38948	4.37582	0																	
584	22584	3.80871	2																	
505	28825	4.57956	0																	
522	24427	5.00000	3																	
340	25843	4.59590	0																	
848	24627	4.45219	0																	
389	24631	4.32373	0																	
910	27414	4.67506	0																	
216	41368	4.75450	0																	
594	21492	4.68812	2	23399	0.03085	25040	0.01380	25308	0.00207	340	0.04860	810	0.04273	703	0.00663					
26	33664	4.75060	0																	
4	31652	4.54468	0																	
126	36192	4.95561	4																	
594	23276	4.58270	0																	
501	31501	3.32304	0	25040	0.00998															
267	35866	5.00000	0																	
911	33412	4.35025	0																	
558	23831	4.75104	4																	
891	39437	4.33183	3	38246	0.01639	38862	0.00495			466	0.13140									
514	33495	3.61326	0	31474	0.01906															
55	36356	4.25690	0																	
729	32982	4.07602	0																	
188	30147	4.64165	3							853	0.02136									
808	21099	5.00000	2																	
351	23021	5.00000	0																	
581	32748	4.63919	5																	
659	24402	3.88379	0																	
811	33201	4.22249	0																	
478	36340	4.41872	0																	
360	33913	4.85578	0																	
24	41569	4.84714	0																	
523	38832	2.49205	0																	
698	42972	3.60955	4																	
671	28046	4.81972	0																	
693	36900	4.71325	5																	
527	37071	3.59757	1																	
856	33542	4.35721	0																	
889	38046	3.78226	6							960	0.03134									
72	34422	5.00000	2																	
324	24334	4.43722	0																	
283	41389	4.55892	0																	
81	25093	4.85882	0	30537	0.03951	24534	0.02455	24914	0.01889	13	0.10597	414	0.04023	330	0.02911					
416	28616	4.77091	0																	
505	20709	4.51141	0																	
340	23255	4.57561	0																	
104	38201	4.23979	0																	
806	34609	4.94762	0																	
973	40603	5.00000	4																	
469	21309	3.69152	0																	
848	36747	4.53686	0																	
81	24517	4.62371	0																	
864	38908	4.17149	2																	
694	32210	5.00000	0																	
388	38838	4.33066	0																	
505	27116	4.49307	0																	
570	38324	4.18957	0																	
784	24593	4.40728	0	24590	0.01996	24589	0.01164			340	0.06110	848	0.02160							
834	41065	4.54940	0																	
952	24137	4.68828	5																	
880	20966	3.61620	0																	
189	38396	4.43436	3																	
437	38223	4.42535	0																	
405	23813	4.37137	0																	
461	42071	4.70704	0																	
979	27909	4.49257	0																	
53	38471	4.83942	0																	
759	39064	3.50428	0																	
746	35157	4.89553	1																	
678	36850	5.00000	1																	
584	28097	3.36906	6																	
883	40491	4.32277	0							514	0.00861									
628	32531	4.15853	5																	
648	37996	2.91118	0																	
684	36139	4.78639	0																	
796	31876	4.49194	6																	
557	25365	4.45681	1																	
213	25411	5.00000	3																	
882	40256	2.73434	0																	
229	22451	4.72094	0																	
565	24650	4.46537	4																	
362	24373	4.72238	0																	
310	32878	4.85010	0																	
441	24237	5.00000	0																	
432	32379	5.00000	2																	
340	20674	4.40148	4	21492	0.01974															
913	40027	3.20214	2																	
957	21521	3.36982	4																	
721	31171	4.63819	0																	
130	26935	4.33590	0																	
81	25421	3.72814	0	25426	0.18918	25487	0.18161			82	0.04512									
654	31701	4.53732	0																	
733	23448	4.97866	1																	
317	28274	4.42819	0																	
514	42090	4.13871	0																	
14	23302	4.66138	0																	
769	30053	4.85427	0																	
546	32379	5.00000	2																	
813	22418	4.71121	0																	
62	35906	3.93818	6	34456	0.03170					643	0.16100									
643	33787	4.44310	3	37673	0.00969					882	0.03008									
514	40513	4.38054	4	20597	0.01889					340	0.00240									
921	20892	5.00000	2																	
850	22898	4.74967	0																	
161	23447	4.32644	0																	
291	38109	4.45343	1																	
853	38246	4.72328	3	39130	0.02281					891	0.08218									
340	20609	4.39797	0	20597	0.08148															
914	23349	4.24582	5																	
496	23769	4.49907	0																	
740	30281	3.21331	5																	
231	29999	4.88864	3																	
474	23765	4.74033	0																	
180	28524	4.03933	0																	
514	39806	4.13838	0																	
238	33346	4.13527	0																	
491	22164	4.30033	1																	
69	20295	3.97925	0																	
960	37664	5.00000	1																	
227	32587	4.46225	0																	
493	29149	4.36306	0																	
81	24478	5.00000	0																	
182	29421	4.14228	0																	
227	30612	4.73575	2	24365	0.10153	24367	0.03135			772	0.10480	669	0.03955							
77	42001	4.31297	1																	
951	42115	4.57697	0																	
501	37269	4.49364	4																	
102	38033	4.46895	0																	
54	36875	2.42943	0							92	0.05246	142	0.01821							
330	24271	4.28838	0																	
570	24707	4.23718	0																	
815	35338	4.97283	0																	
519	23635	4.33182	0																	
319	32537	4.26621	0																	
985	24361	4.90972	6							340	0.01223									
669	23448	3.72632	1	23560	0.15517					250	0.04574									
77	37737	4.33844	0																	
13	23417	4.59203	0																	
71	22688	4.61983	0																	
705	24078	4.02739	5	30672	0.01280					382	0.05992	556	0.04181	986	0.03869					
678	22607	4.88645	6																	
607	42760	5.00000	5							424	0.02709									
811	35241	4.26051	0																	
404	36262	4.77900	0																	
247	37864	4.52860	2																	
700	42612	3.72385	0																	
8	41316	4.40018	0																	
543	37266	3.17786	5																	
760	29397	4.60143	0																	
307	36875	3.97782	0																	
989	37134	4.86473	0																	
541	25040	4.93267	6	23834	0.00316	29762	0.00203			594	0.02872	340	0.02319							
679	22273	4.87387	0																	
585	32873	3.76837	0																	
892	30462	4.17481	0																	
173	20818	4.74434	0																	
568	30619	4.26919	0																	
13	21098	4.91735	6	25093	0.00950	25089	0.00492			594	0.05463	414	0.02077	340	0.00879					
981	39578	4.07457	3	39200	0.02317	38098	0.00519			617	0.14884									
605	43196	4.87883	0																	
504	38241	4.08127	6																	
953	42756	4.80673	0																	
946	23317	4.88829	0																	
825	34254	4.77363	0																	
18	23399	4.84591	6							340	0.02668									
947	39269	4.58750	0																	
848	24592	4.57120	2	24589	0.13823	25639	0.00739	20275	0.00412	340	0.05952	784	0.02160							
815	38086	4.99961	0																	
811	39021	4.26088	0																	
533	38346	3.79703	5																	
340	23327	4.71963	3	23328	0.25816					135	0.01946									
267	31805	4.84074	0																	
561	37542	4.75558	0																	
347	24673	4.61014	0																	
476	39813	3.34410	0																	
388	39770	4.30185	0																	
977	21146	4.67362	0																	
975	24688	5.00000	4																	
385	23378	4.20953	0																	
916	23841	4.10009	0							848	0.00804									
788	25369	4.92296	2																	
732	37664	3.49861	1							642	0.17087	107	0.03774	408	0.02987					
848	24630	4.43792	0																	
697	42329	3.95271	0																	
309	21505	5.00000	3																	
813	41302	4.74071	0																	
712	36376	4.59001	0																	
485	41558	4.49319	0																	
659	23426	3.83366	0																	
848	33611	4.41874	0																	
874	31500	4.46419	1																	
340	22164	4.99525	1	31854	0.07979	24655	0.04071	23688	0.02283	571	0.02047	519	0.01427							
726	38223	4.88558	0	39384	0.03046					380	0.06452									
319	35656	4.24671	0																	
491	32677	4.02030	0	29717	0.03303	22004	0.01653	37043	0.01268	292	0.02158									
259	42255	3.63192	2																	
825	34615	4.77485	2																	
848	24272	4.54445	6	24290	0.12543	24270	0.06097	25614	0.02038	381	0.06574	340	0.05952	715	0.04108					
891	38129	4.39645	0																	
790	22269	4.76413	0																	
105	21241	4.63631	0																	
948	37662	4.98711	0																	
763	22452	3.93719	5							340	0.01793									
673	38080	5.00000	1																	
921	39328	4.99569	0																	
101	23832	4.46525	0																	
424	43669	4.51704	0																	
80	22687	4.61403	0																	
157	38919	4.86179	0																	
721	23403	4.51672	2																	
447	37187	4.52598	0																	
816	31848	4.86268	0																	
779	26359	4.85917	0																	
82	27721	4.36642	0																	
364	36939	4.94439	0	37266	0.02913					642	0.02908	160	0.00562							
684	40704	4.82450	0																	
190	30403	4.33775	0																	
501	25454	4.69978	0																	
569	26047	4.84065	0																	
607	35936	4.89210	0																	
888	31900	4.38007	3																	
986	22729	4.12317	1	22719	0.10312					835	0.12055									
200	39054	2.91691	0																	
648	37604	3.85474	0																	
697	39074	4.06367	0																	
97	24287	4.11313	0							570	0.03503									
601	42345	4.16860	0																	
882	22005	3.89626	0																	
808	24888	4.69681	0																	
524	40837	5.00000	1																	
334	24410	3.94250	2	22620	0.01548					471	0.04076	20	0.01140							
815	37187	4.64287	0	36402	0.03433	36491	0.02030			89	0.26638									
588	32588	4.11166	2																	
106	24457	5.00000	2																	
481	38119	3.53330	1							408	0.02137									
385	27983	4.20392	0																	
340	31066	4.99059	0	24646	0.01372	21099	0.00857	22524	0.00289	283	0.03783									
629	42906	5.00000	0																	
881	24730	3.82399	3																	
102	28515	4.46700	0																	
967	24252	4.58532	3																	
761	37638	3.75395	0																	
779	25396	4.61919	0																	
401	26043	4.67646	3	26042	0.01829					569	0.04597	424	0.01773	84	0.01698					
81	28782	4.49904	5	25308	0.02485	23900	0.01668			440	0.02109									
397	33094	4.15820	0																	
684	24823	4.55927	6																	
86	40727	4.00236	0																	
162	26382	4.39319	1																	
81	32898	4.60648	0																	
340	23772	4.61595	0																	
960	37876	4.73982	0																	
329	24806	3.67444	0																	
188	30771	4.20955	0																	
505	21349	4.60846	0																	
414	26824	4.50698	0																	
618	38169	4.03426	6	35489	0.01231					38	0.08092									
340	27948	4.65301	0																	
254	21531	4.95597	5	29970	0.03724					160	0.08329									
625	35942	5.00000	1																	
225	42111	4.73380	0																	
904	41452	4.06027	0																	
758	24361	4.24767	6							340	0.00895									
881	28552	3.74868	0																	
11	24012	3.75228	5							695	0.10238	832	0.06975	38	0.04405					
498	33241	4.97467	1																	
534	27460	4.52115	2	22421	0.09157					240	0.36773	522	0.10631							
625	39857	4.10751	3	38531	0.09488															
358	24004	5.00000	0	23799	0.09288					369	0.07428	860	0.04709							
240	28123	4.61163	0																	
211	24115	4.85903	0																	
577	39532	4.24314	6																	
227	23420	4.59687	0	24650	0.02776	24367	0.02266			410	0.06934									
389	20686	4.27872	0																	
478	29655	4.75956	6																	
871	37596	4.56664	0																	
520	32762	3.86583	0																	
515	31543	4.89184	0																	
300	31115	4.81374	0																	
796	29975	4.97885	6																	
377	30993	4.42755	0																	
142	38084	3.38958	1	36887	0.04233					97	0.11477									
283	23526	4.27648	4																	
569	26273	5.00000	0																	
491	24973	4.15293	0																	
89	36186	4.41407	0																	
913	39852	3.65826	0																	
472	32975	3.32641	0																	
162	20639	4.23704	0																	
454	24860	4.53862	1																	
514	33306	4.13888	0																	
729	37505	4.12370	0																	
737	23566	5.00000	0																	
230	41573	4.80931	0																	
384	30796	4.27625	4																	
448	38464	4.80478	0																	
793	23140	2.86664	0																	
882	20345	3.83570	0																	
340	20759	4.58856	0																	
392	24377	4.37901	3																	
874	22207	4.47241	0																	
180	30574	4.10896	0																	
181	23852	4.51660	2																	
424	25321	3.76430	4																	
147	41390	5.00000	0																	
303	26075	4.34146	0	34551	0.06094					94	0.09302									
92	29012	5.00000	0																	
943	29717	4.41197	0																	
443	28080	4.58768	0	24889	0.05357					388	0.05834									
400	41581	3.53788	6																	
81	28026	4.65836	6	25522	0.05238	27752	0.01339	25451	0.00219	567	0.05563	863	0.03456							
514	39228	4.10362	0																	
746	34283	4.90407	0																	
573	34350	4.62527	5																	
882	39688	3.94507	0																	
755	20023	4.76213	4																	
636	25095	4.70399	0																	
340	23241	4.44039	0																	
340	20761	4.63499	0																	
59	36528	3.76245	2																	
460	22083	4.80086	0																	
91	31886	3.90021	5																	
279	34675	4.99631	2																	
13	25086	4.59933	0							59	0.06395									
231	25031	5.00000	0	30833	0.13100	23993	0.00651			129	0.14241	292	0.02830	860	0.02014					
885	21440	5.00000	0																	
6	37525	4.26625	0																	
107	32327	4.39565	0																	
51	34579	4.13611	3																	
679	20988	4.88482	0																	
347	42777	4.57088	0																	
853	38668	4.83167	0																	
407	42439	3.38407	0	40401	0.00451															
471	38908	4.17988	2																	
505	31817	4.58710	0																	
538	30421	4.38283	0																	
908	23688	4.71293	1																	
505	22979	4.56965	0																	
882	20318	4.04366	0																	
594	23403	4.27652	2	32579	0.05631					340	0.04860	521	0.04083							
889	42136	4.36087	0																	
478	39849	4.39859	0																	
256	34408	4.25612	0																	
180	28690	4.03551	0																	
483	26042	4.22206	6																	
403	24636	4.30683	0																	
81	25466	4.62636	0																	
371	39787	3.73138	1																	
570	27565	4.10395	0																	
594	38406	4.96198	6	23367	0.02472	24147	0.00497			340	0.04860									
765	41670	4.84908	6																	
424	32701	4.50031	0																	
168	21697	5.00000	6							340	0.01046									
92	40745	4.33445	0	37290	0.01182					142	0.01882	491	0.00825							
979	37078	4.48183	0																	
26	26347	4.71055	0																	
514	43680	4.11418	0																	
34	26078	5.00000	4																	
378	35882	4.34349	0																	
843	40709	4.87452	0																	
19	31781	4.53777	0																	
231	32024	4.09111	0	23993	0.05139															
488	41983	3.92093	0																	
282	30026	4.85978	0																	
592	24128	4.64063	0																	
945	31516	4.71607	0																	
742	26076	5.00000	6																	
813	25706	4.72715	0																	
871	36332	4.52252	0							142	0.00102									
706	24192	4.73932	0																	
246	26781	4.30211	0																	
176	37411	3.99034	0																	
601	30076	4.19616	0																	
502	34169	4.64346	0																	
70	40476	4.78181	0																	
872	40223	4.72287	0																	
87	35338	4.85683	0																	
362	24424	4.61216	0																	
925	25895	3.28237	0																	
448	33684	4.53685	0																	
513	32531	3.19579	5																	
546	34634	4.79327	0																	
215	34266	4.30378	0	21275	0.03105	24071	0.00346	24012	0.00249	94	0.05378	628	0.03123	424	0.02712					
505	31198	4.53511	0																	
181	25020	4.50772	5																	
811	37046	4.30934	0																	
110	42119	2.94228	0																	
594	26448	4.71455	0																	
969	23481	4.18077	0																	
79	31553	4.52379	0																	
882	23850	3.81821	0																	
893	31643	4.56818	0																	
631	36987	3.87228	0																	
586	42224	4.61747	0																	
535	23692	4.54903	6																	
594	24749	4.84476	0																	
813	25993	5.00000	6																	
594	41511	4.74995	0																	
811	34343	4.17119	0																	
55	25369	4.34684	2	22620	0.01313					227	0.00120									
292	40745	3.46039	0	38098	0.05114	29717	0.01052	25259	0.00265	889	0.04084	491	0.02158	995	0.00547					
832	21221	4.36794	0																	
511	35553	4.32610	5	36275	0.05559					344	0.02220									
665	25034	4.55067	0																	
464	25501	4.75694	0																	
933	37877	3.29648	0																	
889	36939	4.53197	0																	
340	23553	5.00000	2	24147	0.00206					168	0.01046									
488	31727	4.01288	0																	
882	27151	4.15103	4																	
514	41097	4.14097	1																	
335	21919	4.07289	0																	
748	21532	4.68861	0																	
78	24484	3.66381	2																	
634	33609	4.80712	0																	
388	34813	4.21653	4																	
664	25345	3.94430	0																	
499	27284	4.07944	0																	
741	23264	4.30426	3																	
485	40758	4.64656	0																	
385	25595	4.08675	6																	
162	26168	4.29326	0																	
501	20009	5.00000	5																	
510	24208	4.66778	0																	
675	37044	3.95966	1																	
93	31140	4.49793	0																	
137	24656	5.00000	3	29685	0.07645	24624	0.01723	22620	0.00340	591	0.04618	55	0.04597	429	0.03809					
422	21441	4.61736	0							811	0.10040									
820	24872	4.39953	0																	
419	21241	4.37733	0																	
817	29761	3.00030	0	28266	0.02656															
245	27544	4.77947	0																	
114	31472	4.08382	0																	
250	35253	3.76506	5																	
170	40130	4.72505	0																	
471	22620	4.67644	5	22621	0.01634	24410	0.01548			334	0.04076	227	0.02556	20	0.01962					
127	32690	4.74249	0																	
891	38807	4.36260	0																	
984	28683	4.32120	1																	
848	24680	4.27913	5	27548	0.04837	24270	0.04468	24290	0.01596	381	0.06574	678	0.02410	760	0.00725					
559	29914	3.94405	6	24257	0.10476					809	0.13572									
297	38842	4.43352	6																	
570	23279	3.84092	0																	
13	24459	4.56311	0																	
983	23164	4.48053	0																	
571	21599	5.00000	1	24435	0.14826					78	0.18605									
37	35243	5.00000	5																	
410	23448	3.74604	1	23481	0.09188					250	0.01324									
424	39850	4.12946	2	39912	0.02540	24071	0.00858			471	0.02351	146	0.00062							
277	37878	5.00000	0																	
388	32424	4.40600	0																	
721	31202	4.70604	0																	
491	25105	2.87054	4																	
575	25304	4.27632	1	21234	0.10913					664	0.18525									
414	40513	4.91341	4							340	0.02561									
743	38812	4.49059	1																	
758	20599	4.20397	0																	
485	39851	4.60837	4																	
793	27494	3.45980	4																	
423	22571	4.55705	0																	
540	32137	4.77829	0																	
38	37881	4.65908	3																	
933	41297	5.00000	3																	
216	38131	4.81760	0																	
570	28227	4.65810	1																	
162	23396	4.38976	4																	
772	23624	4.99132	1																	
913	22440	3.83517	2																	
562	43965	4.97401	5																	
575	20892	4.29202	2																	
567	31609	3.34476	0	25451	0.11496															
875	38336	4.43325	3																	
882	36394	3.89033	0																	
441	24050	5.00000	5	31663	0.02123	26043	0.00688	28250	0.00567	424	0.03780									
440	24622	5.00000	3																	
505	20255	4.54883	0																	
583	42919	4.28286	0																	
937	23292	5.00000	4	23443	0.16459					492	0.45814									
340	24338	4.84722	0	21099	0.00871	22524	0.00594			283	0.03783									
589	43920	4.00836	0																	
835	22727	4.88730	5	25065	0.01346					334	0.04661	538	0.04430							
546	34948	4.88969	0																	
193	35594	4.85311	6																	
334	20498	4.17930	0																	
340	25637	5.00000	0	25636	0.19362	25638	0.14230	25639	0.05742	848	0.05952	920	0.05307							
227	24047	4.73683	3	25369	0.01235					469	0.00073									
410	35801	3.91069	0																	
162	30250	4.33562	0																	
26	34943	4.63671	0																	
128	43685	4.90693	0																	
709	34916	4.66818	0																	
570	23271	4.07207	4	23383	0.00753					429	0.04651									
93	21979	4.81537	6	24559	0.04117					29	0.05696									
407	36722	4.09208	3																	
873	42498	3.67382	1																	
577	24932	5.00000	3																	
502	35705	4.63276	0																	
511	30754	4.48673	0																	
997	25891	4.58452	0																	
756	37703	5.00000	3																	
923	35139	4.20839	0							330	0.12213									
526	24027	5.00000	3																	
491	25031	4.51687	0	30833	0.13100	25063	0.01075	29717	0.00952	14	0.07042	129	0.04470	860	0.03713					
508	39597	4.12896	0																	
137	20987	4.93573	0																	
569	29338	4.77073	0																	
884	28683	5.00000	1																	
540	39573	4.83337	0																	
842	36618	4.44644	0																	
514	43347	4.21784	0																	
891	33362	4.34862	0																	
995	40525	5.00000	0	38098	0.00404	40745	0.00115			142	0.01899									
163	33432	3.76370	0																	
102	29365	4.50325	0																	
340	25879	5.00000	0	22439	0.01447					570	0.04460									
860	25056	4.53844	0																	
334	34897	3.15665	0																	
439	31183	4.76882	0																	
273	41177	3.92709	0																	
944	37181	4.38982	0																	
514	39502	3.52589	0																	
569	32025	5.00000	0																	
107	41075	4.07728	1	37664	0.02107	37876	0.01657			408	0.06694	117	0.03222	142	0.01575					
495	26086	4.38423	2																	
294	34687	3.84948	0																	
32	25701	4.43247	0																	
543	37134	3.81769	0																	
93	21978	4.39521	0																	
694	37706	5.00000	0																	
634	33608	5.00000	2																	
459	26441	3.62741	0																	
345	28939	5.00000	2																	
186	24656	5.00000	3																	
409	30680	4.82260	0																	
491	30281	4.41142	5							569	0.00934									
994	36149	3.92661	0																	
319	30360	4.15907	0																	
385	21566	4.39078	0																	
828	34839	4.62675	5																	
782	32632	4.27237	0																	
318	26695	5.00000	1																	
855	28799	5.00000	1																	
600	40731	4.91227	3																	
70	39874	4.58863	0																	
899	40098	4.15263	0																	
14	22605	4.71802	0																	
412	25040	5.00000	6	21492	0.01380					758	0.03651	340	0.01723	703	0.01183					
81	24284	4.57741	0																	
594	39311	4.77332	0	41045	0.00454					514	0.00684									
814	25331	4.88772	1																	
594	28109	4.89352	4																	
290	24657	4.84471	0																	
982	34877	3.27847	5	37065	0.01043															
514	28572	4.12650	0																	
424	36086	4.39186	0	34266	0.00204					514	0.05239									
544	25791	4.81969	5																	
569	23016	4.85014	0																	
762	31474	4.52266	3																	
319	43903	4.07018	0																	
948	39181	2.21005	0																	
388	29753	4.68734	4																	
320	25065	3.71176	1																	
846	21429	5.00000	3	33715	0.11042					394	0.10638	424	0.01122							
569	21538	4.99812	6	20374	0.12044	20368	0.07634	20361	0.03097	465	0.21639									
227	20330	4.17434	0																	
471	25369	4.42464	2	22621	0.01359	35697	0.00571			227	0.02556	469	0.01626							
131	43868	4.49681	0																	
333	21248	5.00000	6																	
918	34705	3.99025	0																	
634	40182	4.82599	0																	
611	42600	4.69023	1																	
488	40643	4.20507	5																	
