882	40631	3.51169	6																	
867	32440	4.36633	0																	
741	20110	4.76602	0																	
649	24559	5.00000	2																	
501	25454	4.55637	0																	
364	37266	4.05080	5																	
133	38858	3.79181	0																	
13	30537	4.07361	0																	
252	24176	4.53926	1																	
372	29019	4.40661	0																	
767	34026	4.75226	0																	
298	40212	3.46845	0																	
740	37970	3.02893	0																	
254	32839	4.54506	0																	
497	25040	4.33094	6																	
782	32382	4.52539	2	34853	0.03378					541	0.30585									
966	22854	4.17261	0																	
625	38531	5.00000	2	39857	0.05091															
777	38646	3.76273	0																	
427	40501	5.00000	0																	
268	23487	4.88902	0																	
480	24275	4.40443	0																	
648	20366	3.83518	4																	
514	22510	4.14570	0																	
456	33001	4.65415	0																	
117	29963	4.55787	2																	
514	43680	4.20358	0																	
179	22047	4.05132	0																	
585	35437	3.99038	0																	
570	25906	3.91305	0																	
471	41336	4.34908	4																	
748	25921	5.00000	4	25040	0.00877					429	0.01776									
407	38892	4.04844	0																	
29	30653	4.33097	6																	
414	31143	4.41414	0																	
137	33440	4.84493	0																	
188	26753	4.50014	0																	
436	34936	4.14649	0																	
853	39275	4.50401	0																	
227	24764	4.29766	2																	
692	31898	4.78640	0																	
306	20385	5.00000	2																	
779	24397	4.48036	0																	
366	25331	4.80382	1	23232	0.01779					813	0.05775									
676	39040	3.95774	0																	
50	24846	4.69356	0																	
331	39269	4.63695	0	38315	0.05512					745	0.07324									
540	34759	4.75519	0																	
763	37880	2.60787	0							315	0.03121									
78	22141	4.16003	0																	
999	30612	4.72939	1																	
381	24272	4.60437	5	24290	0.06322	24680	0.00297			715	0.10072	848	0.08095							
594	24243	4.63927	1																	
935	22561	5.00000	6																	
618	36765	3.91669	0																	
654	39798	4.50224	0																	
246	26779	4.33649	0																	
942	23263	4.96316	0																	
45	42115	4.52758	0																	
505	31066	4.95527	0																	
514	40096	4.04329	0																	
82	20030	4.43919	0																	
77	39065	2.77484	0	41619	0.02711															
709	32904	4.56256	0																	
344	34877	2.63590	0																	
895	33346	4.73427	0																	
322	27024	3.47863	0																	
805	26555	4.30604	0																	
472	33786	5.00000	3																	
466	37973	4.32027	0																	
746	34283	4.82519	0																	
230	42352	5.00000	6																	
601	26838	3.99613	0																	
281	40909	4.68584	0																	
794	27867	3.00970	0																	
201	38144	4.32949	0																	
297	27079	4.70530	0																	
925	25895	2.84393	0																	
678	43678	4.14030	0																	
641	23300	4.82379	5																	
594	37898	4.51546	0																	
108	32177	4.57031	3	23986	0.04195					47	0.38914									
577	39535	4.10794	2							346	0.08718									
513	36442	3.51388	2	32385	0.04238					655	0.03810									
231	22660	4.87002	0																	
493	29149	4.58307	0																	
283	41234	4.76821	4	28817	0.08908	29686	0.04790	28401	0.02351	624	0.11625									
191	35260	4.84306	0																	
70	43658	4.99727	3																	
849	23722	5.00000	4																	
340	22218	4.53772	0																	
559	23902	4.57188	3																	
60	20967	4.75867	0																	
181	28542	4.82922	0																	
154	43687	4.70099	0																	
230	41674	4.68340	0																	
483	33806	4.24121	0																	
504	37785	3.86265	0																	
19	31987	3.53004	0																	
514	37276	3.99454	3																	
974	23897	4.86514	0																	
461	37130	4.73600	0																	
570	33261	4.07537	0																	
772	24365	4.33843	5	24484	0.00796					227	0.05321									
811	40006	4.11703	0																	
848	38255	4.52344	0																	
70	42232	3.75980	1	24681	0.03032															
371	39787	3.70963	1							889	0.13713									
917	30372	4.87470	0																	
421	32042	5.00000	3																	
853	37489	4.66692	4																	
793	20800	3.63264	0																	
500	33220	4.41183	2																	
21	30672	3.07126	5							890	0.16925									
337	21764	5.00000	6																	
250	23481	3.57101	0	23560	0.31469	23448	0.01690			410	0.03537									
611	24231	4.38755	0																	
412	21492	4.68201	2	21491	0.02564	25040	0.01606	20063	0.00175	309	0.04783	340	0.01529	429	0.00916					
544	25791	4.72603	0	40153	0.00528					340	0.01366									
664	26276	4.23014	0																	
541	27553	4.55192	0																	
471	43699	4.58658	0																	
407	41045	4.07662	5							514	0.07018									
514	39652	4.16603	0																	
703	21492	4.74598	2	25040	0.01606	37758	0.00161			429	0.01685									
37	35243	5.00000	5																	
441	23864	4.38961	0																	
13	31229	4.58388	0																	
431	20773	4.40653	0																	
383	29637	4.46894	0																	
882	38362	3.91853	0																	
31	28950	3.54961	0																	
571	24896	3.81729	0	24435	0.22097	21599	0.08571													
859	30218	4.20494	0																	
117	20389	4.65684	0																	
514	41672	4.01806	0																	
397	24238	3.99897	0																	
566	36875	3.81029	0	37049	0.09885	39038	0.02330			960	0.04881	92	0.02470							
490	38735	4.51225	0																	
791	32210	4.78765	0																	
996	24054	4.27954	0																	
963	24317	4.79735	3																	
850	34060	4.81977	0																	
517	22996	4.20005	0																	
271	35041	4.52813	0																	
53	38471	4.67766	0																	
875	33319	4.31513	0																	
596	34114	2.74767	0																	
969	24797	5.00000	6																	
844	30892	4.54877	0																	
478	35326	4.35701	0																	
62	35964	4.58583	0																	
741	23891	4.75780	0																	
401	20328	5.00000	3	35748	0.02636					882	0.11691									
758	24252	4.41887	3	28874	0.07913					120	0.03280									
32	25703	4.43204	4	25700	0.28150	25698	0.17716			518	0.84039									
103	22356	5.00000	2																	
488	40643	4.04253	0																	
594	24749	4.88120	0																	
135	23327	5.00000	6							340	0.03124									
891	21088	4.33686	0																	
94	34266	4.83344	0	21275	0.00736					215	0.03791	424	0.00525							
488	39451	4.07914	0																	
84	26042	4.97311	6																	
839	41045	4.46624	5																	
429	23271	5.00000	0																	
873	24032	4.48562	0																	
45	24935	4.69685	0																	
439	31183	4.51460	0																	
175	21624	4.45276	6	24272	0.01529					340	0.00678									
501	41656	4.62943	0																	
490	26635	4.40869	2																	
563	26324	4.44795	0																	
448	43923	4.44317	0																	
714	32056	4.10190	0																	
107	39787	4.29222	1																	
490	41845	3.63355	4	42645	0.10507					64	0.07470									
836	31573	3.87727	0																	
888	27026	5.00000	3																	
648	38861	3.94814	0																	
928	31759	4.19787	4																	
835	22719	4.71922	6	22729	0.06997					986	0.10359									
162	20639	4.11885	0																	
394	21429	5.00000	0																	
540	39573	4.75205	0																	
160	21531	4.30438	1	29970	0.11652	37297	0.00363			254	0.12270	227	0.06431							
162	31307	4.15227	0																	
941	24518	4.73534	0																	
385	29427	4.21815	0																	
505	25936	4.52302	0																	
171	26288	5.00000	3																	
575	25817	4.31955	0																	
367	39038	3.56731	0																	
867	32458	4.38888	0																	
364	36134	5.00000	4	25031	0.00422					983	0.02691									
296	24484	4.84177	1																	
401	26042	4.87222	6	25622	0.07084					558	0.04583									
882	33787	4.10514	6	37673	0.01790					643	0.01205									
647	30287	3.60513	0																	
33	42078	4.27483	0																	
835	34987	4.41691	0																	
524	34656	4.90621	0																	
563	37168	4.49312	0																	
846	24237	5.00000	3																	
539	20807	4.85564	0																	
987	37514	3.98630	5																	
377	29073	4.52924	0																	
607	42760	5.00000	5	42132	0.02496					424	0.01943									
634	36850	4.78192	5																	
26	34908	4.64884	0																	
324	40572	3.90550	2																	
811	39708	4.23370	0																	
471	36495	4.37482	6																	
899	38845	4.18045	0																	
283	23275	4.51720	0																	
938	24651	5.00000	0	20597	0.01540					514	0.00426									
443	30583	4.74187	0																	
890	34497	3.35449	2	30672	0.00498															
399	21492	4.97048	2							283	0.05478									
718	36068	3.77503	0																	
187	22095	5.00000	3																	
811	34757	4.17274	0																	
375	24004	4.72695	0	25063	0.01504					860	0.03118									
525	24568	4.11312	0																	
102	39992	4.43097	0																	
163	30917	3.85888	5																	
930	24372	3.19495	0																	
779	23789	4.48945	0																	
917	30025	4.84076	0																	
61	33241	4.41180	1																	
733	24047	4.84062	3																	
485	36192	4.83822	1																	
367	41265	4.27125	0																	
811	41011	4.24411	0																	
55	39516	3.05907	2																	
628	34266	4.51333	0	21275	0.00736					424	0.00818									
175	27537	4.21080	0																	
153	30748	4.37866	1																	
45	24465	4.57114	0																	
385	25616	4.63171	2																	
387	20237	3.82327	0																	
6	37053	4.32284	4																	
539	28298	4.77115	0																	
926	23594	4.84480	0																	
621	23959	4.81213	6																	
592	36213	4.76853	0																	
811	36077	4.42479	4																	
70	38530	5.00000	6																	
573	32515	4.23978	3																	
520	40862	3.88126	0																	
766	43301	4.71742	4																	
503	33078	5.00000	0																	
300	31866	4.54357	0																	
183	25420	4.74282	0																	
500	23240	4.14572	6							340	0.01752									
71	25766	4.75780	0																	
388	34891	4.20678	0																	
468	35629	5.00000	0																	
985	24361	4.94135	6							340	0.02038									
790	22269	5.00000	0																	
505	21349	4.57169	0																	
792	26128	4.14657	4																	
478	40549	4.34104	0																	
335	21617	4.22744	0																	
195	32905	4.07809	0																	
491	33786	4.30502	3																	
505	26577	4.53754	0																	
571	22553	4.99161	6																	
676	24815	3.98627	0																	
81	22370	4.63583	0																	
480	21752	4.41339	0																	
746	42305	4.37205	0																	
853	30672	4.26141	5	30748	0.07744	22620	0.00727			228	0.11374	334	0.02092							
159	35746	3.35157	6																	
356	32905	4.24231	0																	
283	21870	4.50153	0																	
982	33639	4.79148	0																	
292	32677	3.68875	0	29717	0.02024	37043	0.01357	22004	0.00441											
471	41430	4.67364	0																	
569	21550	4.84693	0																	
621	23778	4.26223	0																	
518	32564	4.52805	0																	
524	41402	4.94708	0																	
407	34741	4.40209	0	38268	0.00836					741	0.01212									
864	38908	4.60653	2	36930	0.00208					471	0.04372									
803	38625	4.72010	0																	
142	39578	3.63461	1							981	0.02462									
987	36527	3.50314	0																	
982	34425	4.77771	0																	
424	36086	4.64120	0	24071	0.00282					514	0.03436									
451	29368	4.39964	0																	
540	34444	4.73248	0																	
407	37898	4.24191	0																	
772	23624	4.50624	1																	
278	22656	4.76572	0																	
292	35882	4.55429	1																	
67	35881	4.31963	1																	
775	41180	4.76796	0																	
153	42447	4.43130	0																	
800	42179	4.17167	0																	
802	39427	3.52915	1																	
659	34383	3.97858	0																	
145	36707	4.70266	0																	
107	24076	4.38626	0																	
340	24803	4.48731	0																	
29	37789	4.34041	0																	
686	21058	5.00000	5																	
55	23624	4.75214	1	23769	0.06462					963	0.01233									
979	40366	4.50202	0																	
811	40313	4.18988	0																	
334	34399	4.02570	0																	
825	21092	4.47806	3																	
238	23769	4.75351	0																	
26	26347	4.71284	0																	
570	25475	4.24439	0																	
330	24914	4.33359	3							81	0.03816									
571	22164	5.00000	2							340	0.00419									
105	21241	4.89801	2																	
834	21534	3.81946	0																	
363	34199	3.93181	4																	
848	23301	4.44717	0	23357	0.00260					570	0.02402									
32	25701	4.38540	0																	
0	32672	4.92560	0																	
676	23335	4.16071	1	23370	0.06371	22476	0.03753			410	0.13112	669	0.03448							
85	31002	4.68125	5																	
873	31744	4.30429	3	27227	0.07342					567	0.08258									
340	23238	5.00000	6	24268	0.07278					403	0.01026									
514	25240	4.31689	3																	
468	26273	5.00000	0																	
107	28007	3.89737	0																	
319	30856	4.26646	0																	
284	38223	4.45318	0																	
634	33638	3.73752	0																	
594	23399	4.45604	6	24147	0.00348	23367	0.00263	25308	0.00246	340	0.04979									
674	21266	4.35699	0																	
971	25331	4.92024	1																	
942	23246	5.00000	6																	
764	39798	4.41222	0																	
569	23208	5.00000	0																	
986	28011	4.28503	0																	
980	40967	4.30121	0																	
376	29761	4.53238	2	26645	0.03801					817	0.01175									
230	41573	4.67231	0																	
952	38852	4.39742	2																	
194	21492	3.95494	2							340	0.05583									
634	21230	4.70938	0																	
407	37142	4.31344	0																	
340	25636	3.55830	0	25638	0.29228	25639	0.18112													
478	34076	4.34752	0																	
530	29684	3.12213	2																	
152	25020	3.92206	4																	
242	40204	4.55625	0	40262	0.00987					514	0.02166									
848	25663	4.78576	5																	
760	29397	4.43851	0																	
865	20737	4.76905	0																	
418	40401	5.00000	5																	
77	25533	4.17409	0																	
81	35551	4.50407	3	34839	0.01240	25093	0.01128	38908	0.00773	407	0.01411	414	0.00720							
505	27599	4.59704	0																	
448	21635	4.29857	0																	
745	39331	4.69464	0																	
444	35544	5.00000	4	39529	0.01175					648	0.15145									
310	27112	4.81261	0																	
340	23243	4.42030	1	23692	0.03619	22452	0.01109	21098	0.00754	535	0.01096	13	0.00476							
227	25105	4.39619	2																	
787	27210	4.42359	0																	
221	24700	4.54181	0																	
487	36329	4.51315	0																	
407	21506	4.32513	0																	
652	41791	4.52536	0																	
944	37181	4.50364	0																	
813	21489	4.76996	0																	
514	33701	4.15680	0																	
179	27367	4.02068	0																	
594	32021	4.68898	0																	
860	41345	4.47829	1	31469	0.02321	37043	0.01152	37071	0.00450	855	0.08157	107	0.00875							
506	23231	5.00000	3																	
244	24388	4.21281	1																	
773	23393	4.80592	0																	
385	24166	4.19564	0																	
340	28817	4.54145	0	31066	0.02262	24646	0.00828			283	0.05054									
383	27728	4.41524	0																	
793	42427	3.75217	0																	
59	23556	4.08410	0																	
936	38464	4.13694	0																	
325	32084	4.82080	6																	
624	24353	4.75530	0																	
539	21098	5.00000	6																	
440	28782	4.55564	3	25308	0.00427	23900	0.00370			81	0.00756									
330	32591	4.11914	0																	
848	22545	4.39030	0																	
303	42906	4.44034	0																	
721	23403	4.64742	2																	
377	30992	4.58814	0																	
659	23560	3.62961	1																	
660	39502	4.41606	0																	
540	36258	4.75045	0																	
595	43232	4.91831	4																	
634	42477	3.81920	4																	
617	38914	5.00000	0																	
193	35594	4.83825	6																	
746	29674	4.87432	0																	
120	28807	4.77718	0																	
848	29033	4.70789	0																	
160	35000	3.41179	0																	
78	22780	4.18672	0																	
254	33653	4.57934	0																	
4	22734	4.35785	0																	
598	34936	4.24886	0																	
848	22129	4.78030	1																	
340	38217	4.54402	0																	
856	23802	4.41149	0																	
811	42740	4.22042	0																	
407	38889	4.27888	0																	
164	33313	4.31161	0																	
531	28936	4.75213	0																	
664	24237	4.26660	3																	
341	42374	4.25500	3																	
695	26104	3.71305	6																	
879	30925	4.47031	2	32674	0.12048	31026	0.02208			19	0.07923									
848	22546	4.41236	0																	
787	30259	4.32555	0																	
319	41504	4.27648	0																	
860	23458	4.81094	0	24004	0.12154	23799	0.07785			369	0.07985									
951	41097	3.99901	1																	
795	24794	4.30607	5																	
899	41348	4.08477	2	41493	0.00330															
348	23368	5.00000	5																	
386	24534	3.44064	0																	
866	30147	4.42852	6	34369	0.10388					365	0.08077									
863	24065	3.89236	0	22440	0.01698	28026	0.00918			567	0.04955									
711	26643	4.12028	0																	
164	35951	4.38156	0																	
868	39649	4.77298	0																	
340	22524	4.51619	1	22552	0.07831	31066	0.01609	24361	0.01169	283	0.05054	449	0.01165							
473	20994	3.55613	5																	
605	39216	4.83267	0																	
749	38625	4.72873	0																	
664	33802	4.23978	0																	
857	33774	3.82813	2																	
986	21277	5.00000	5																	
141	33642	3.72164	2																	
162	30250	4.11977	0																	
909	31277	4.77128	0																	
522	26556	4.47527	0																	
743	38812	4.50560	1																	
610	33057	3.73133	0																	
321	28915	4.57137	0																	
81	21035	4.83312	4																	
546	34422	4.96659	0																	
364	36939	4.50355	0																	
353	34350	3.39893	5																	
246	33077	4.18755	3																	
24	36590	4.73064	0																	
21	36029	3.11732	6																	
230	33006	4.76891	0																	
160	36987	2.51486	0	37297	0.00337															
559	23882	4.95899	5							779	0.08643									
549	28108	4.81294	0																	
644	32460	4.77099	0																	
321	39690	4.59670	0																	
624	23256	4.60574	0																	
514	43301	4.13174	4	41285	0.03355					592	0.00325									
385	24749	4.44431	0																	
227	22620	4.38129	5	22621	0.00980	25262	0.00966	24650	0.00312	471	0.04749	848	0.02644	334	0.01297					
741	20097	4.75317	0																	
992	31459	3.44800	3																	
567	32546	3.85269	0																	
424	23624	4.59514	1	34910	0.06165					322	0.02302									
595	43863	4.70084	0																	
514	36367	4.20182	0																	
611	20315	4.46634	0																	
442	22048	4.30347	0																	
664	24282	4.25689	0																	
882	38347	3.90179	0																	
725	42730	1.46026	0																	
750	23835	5.00000	0																	
162	41615	4.03846	5																	
449	25067	5.00000	6							340	0.01165									
360	24088	4.91143	0																	
560	23252	5.00000	6																	
357	26804	4.95913	0																	
160	32013	4.01980	0																	
570	23383	4.02387	4																	
87	20011	4.18519	0	39595	0.01994	39337	0.01751													
947	39529	4.51926	4																	
866	21041	4.23289	0																	
982	37268	4.55170	0																	
601	27338	3.92649	0																	
118	32173	4.95548	0																	
696	24644	4.68417	3	21956	0.10722					48	0.14125									
648	37604	4.02821	0																	
967	24252	5.00000	3																	
721	38676	4.70651	0																	
537	30672	3.90624	5																	
921	20892	4.74664	2																	
328	37663	4.12173	0							142	0.00544									
569	20346	4.74935	0																	
81	25451	3.99170	3	28026	0.01132	27752	0.00874			567	0.03387									
557	31783	4.85281	0																	
147	41390	5.00000	0																	
168	20179	4.67993	0																	
38	35489	4.71338	5	38169	0.01073	37474	0.00255			618	0.06413									
660	38721	3.78035	0																	
692	33652	4.75958	0																	
696	22639	4.89140	0																	
772	30612	4.13156	1																	
973	38231	4.56587	0																	
214	37758	4.35191	5																	
478	26700	4.35834	0																	
659	24402	3.88342	0																	
35	41915	5.00000	0																	
997	38347	4.64209	0																	
429	22707	4.25210	4	21127	0.01369					86	0.02484									
105	28237	4.61683	0																	
142	32615	3.74639	0																	
145	25040	5.00000	6																	
564	21299	3.85796	4																	
263	31759	5.00000	4																	
959	26656	5.00000	1																	
514	41341	4.05578	0																	
774	27537	4.35644	0																	
478	36844	4.20295	0																	
357	26275	4.79893	5																	
701	22476	5.00000	0																	
969	41684	4.16978	0																	
865	43438	4.85531	0																	
945	31516	4.58135	0																	
541	29644	4.58799	0																	
77	23160	4.25777	0																	
871	39238	4.86738	5																	
567	24377	3.83054	1																	
563	40491	4.47008	0																	
33	30387	4.29401	2																	
732	33787	3.68546	6																	
397	35915	4.08294	0																	
19	30445	4.42052	0																	
142	40745	2.84766	0	40525	0.04131	36875	0.01694	37297	0.00618	995	0.01941	92	0.01565	491	0.01556					
161	23447	4.62570	0																	
848	22476	4.51396	0																	
536	30994	4.12888	0																	
594	22371	4.61935	5	21098	0.04667	32579	0.01707	23923	0.00348	175	0.07460	278	0.00615							
323	43127	4.21188	6																	
105	27431	4.69064	0																	
456	27903	4.67636	0																	
190	20371	4.29229	0																	
227	23481	3.58344	0	24367	0.03960	24650	0.00812	24472	0.00388	410	0.07066									
160	34791	4.38546	2	37266	0.02178	37297	0.00613			92	0.04303									
688	38775	4.77013	0																	
676	22670	3.87632	0																	
389	21630	4.14586	0																	
578	30259	3.97711	0																	
881	28552	4.15235	0																	
340	24926	4.60178	0																	
944	28669	4.54091	0																	
624	35449	4.65767	0																	
848	24626	4.38972	4																	
741	24675	4.68273	0																	
866	20844	4.16576	0																	
111	22400	4.45343	0																	
382	30672	4.19036	5	34978	0.13102	24078	0.13050	29684	0.04824	239	0.14974	705	0.08631	334	0.02520					
407	34486	4.43073	0																	
933	37065	4.74178	1																	
59	30722	4.04086	0																	
501	26275	4.79711	5																	
648	40229	3.94743	0																	
116	35751	4.33170	2																	
471	25369	4.45666	2	24410	0.01494	22620	0.00917	25262	0.00602	469	0.05775	55	0.00857							
141	39246	3.91154	0																	
813	26617	4.71937	0																	
26	37258	4.63971	0																	
433	29937	4.24254	0																	
50	25278	4.87948	5	25365	0.00985					340	0.03716									
866	20977	4.14343	0																	
206	27020	5.00000	1																	
90	24924	3.08070	5							926	0.63609									
168	29296	4.68477	0																	
867	24305	5.00000	0																	
237	41075	4.60420	0	40626	0.03062					142	0.08009									
424	39912	4.54417	0																	
679	20988	4.56531	0																	
169	42865	5.00000	5																	
703	20188	4.86536	2																	
888	39069	5.00000	2																	
932	36566	5.00000	0																	
649	23849	4.33272	0																	
744	29487	4.46011	0																	
360	32939	4.07276	0																	
873	28792	4.57276	0																	
153	30147	4.55941	6																	
321	36744	4.78834	0							741	0.06932									
14	34225	4.70370	0																	
741	31277	4.80916	0																	
522	24443	4.67925	0																	
320	37269	4.71385	6																	
822	38651	4.48580	1																	
574	36946	4.48176	4																	
722	23941	5.00000	2																	
194	30129	3.65198	0																	
719	38316	4.91220	0							514	0.00505									
866	32128	4.11155	0																	
604	20792	4.37274	0																	
21	38081	2.67996	3																	
569	20356	5.00000	2																	
977	21492	4.60637	2	21127	0.00239					429	0.03537									
777	37576	4.32717	0																	
438	35932	4.24752	0																	
162	34717	4.20396	0																	
865	40216	5.00000	5																	
686	27483	5.00000	4																	
893	27433	4.71015	0																	
394	33715	5.00000	0																	
618	30748	4.01744	1																	
181	29043	4.87441	0																	
549	32618	4.80612	0																	
14	22605	4.66039	0																	
704	32748	4.29932	0																	
155	24899	4.75275	6																	
856	29635	4.35993	0																	
340	25843	4.62009	0																	
30	25965	4.81672	0																	
303	26075	4.79533	0	34551	0.05569					94	0.06134									
566	37857	4.38366	2																	
64	26107	4.63887	0																	
329	22581	3.21665	0																	
269	25040	4.84603	6																	
214	35952	4.87063	1																	
81	22521	4.63964	0																	
603	35427	4.51813	0																	
793	24978	3.60765	0																	
743	40386	4.50941	3																	
979	38986	4.71381	3																	
980	39535	4.36177	2																	
340	21099	4.87399	2	22552	0.01953	25040	0.01754	21492	0.01360	283	0.05054	758	0.00883	39	0.00299					
811	37046	4.15944	0																	
142	38467	2.69403	0																	
648	21889	3.84988	0																	
177	43002	2.36512	3																	
999	27193	4.71587	0																	
70	33649	4.77839	0																	
126	41882	4.76430	0																	
105	21239	4.66804	0																	
283	27564	4.56994	6																	
572	33027	5.00000	3																	
366	24383	4.70252	0																	
26	32149	4.72556	0																	
346	35288	4.93612	0																	
360	38530	5.00000	6																	
491	25259	4.28751	0	22004	0.02498	38098	0.00849	40745	0.00607	292	0.03252									
618	36930	3.50394	0							471	0.06290	424	0.02098							
221	37178	4.58575	5																	
866	34173	4.24243	0																	
514	29109	4.11182	0																	
616	23557	4.78862	0																	
17	29984	4.77757	0																	
540	32098	4.84886	0																	
211	24115	5.00000	0																	
260	28900	4.52697	0																	
889	25259	4.18161	0	38098	0.00849															
750	38961	5.00000	1																	
616	23908	5.00000	1																	
65	33476	4.78706	0																	
10	42091	4.19405	0																	
64	21272	3.81939	3																	
106	24620	4.26000	0																	
448	32845	4.41797	0																	
501	25273	3.51174	0																	
91	23945	3.32782	0																	
26	34943	4.74486	0																	
409	26269	4.87862	0																	
271	35357	4.53885	0																	
247	37411	4.63115	2																	
655	38294	5.00000	1																	
866	21918	4.21086	0																	
594	33776	4.63262	0																	
501	37826	4.65261	0																	
407	32091	4.15146	0																	
272	39038	3.81226	0																	
583	42524	4.27053	0																	
654	40688	4.51604	0																	
507	41775	4.26366	0																	
763	23364	3.74935	0																	
544	26076	4.26658	2	34551	0.14402					784	0.09375									
386	32057	4.53899	1																	
479	40666	4.90851	0																	
961	38433	4.50448	5																	
571	24655	4.68798	1	23688	0.00160					340	0.00419									
641	25824	5.00000	1																	
866	34145	4.14031	0																	
938	41348	4.77252	2																	
403	25334	3.86807	3																	
510	40383	4.81048	0																	
180	27786	4.26494	0																	
743	42255	3.51310	3																	
105	21917	5.00000	3	24656	0.00366					891	0.01634									
570	43738	4.16121	0																	
856	24488	4.39600	0																	
105	21295	4.56086	0																	
259	42255	3.37237	3																	
319	25798	4.24399	0																	
248	26526	5.00000	0	26527	0.04948	22356	0.02520			522	0.11607									
404	20834	4.84668	0																	
227	24048	3.77500	5	25262	0.02187	40447	0.01769	24650	0.01408	760	0.00431									
329	41771	3.75727	0																	
457	25052	4.55746	0																	
763	34266	3.39172	0							215	0.01403	424	0.00806							
430	25364	5.00000	3																	
706	34394	4.85373	0																	
562	43965	4.76233	5																	
983	23223	4.64090	5	26043	0.05762					587	0.01980									
490	36875	2.79689	0							485	0.02524	446	0.00580	142	0.00459					
848	25637	4.72198	4	25639	0.04703					920	0.01908									
864	39015	5.00000	0																	
470	25258	4.23121	0																	
891	38612	4.43406	0																	
582	30539	4.48361	0																	
488	27313	4.02598	0																	
924	21887	4.65899	0																	
660	40212	3.77612	0																	
616	40893	3.81042	0																	
499	27284	4.26171	0																	
207	21491	3.90835	2																	
471	34675	4.69872	0																	
312	28848	4.68429	4																	
848	33611	4.46221	0																	
983	24688	4.11165	1																	
822	39516	3.72100	2																	
629	39650	4.21414	0																	
514	25936	4.16578	0																	
319	30360	4.23214	0																	
784	24589	4.35944	0	24592	0.00716					848	0.03958									
362	26165	4.91176	0																	
577	24932	4.26335	3																	
741	35696	4.76433	0																	
645	29914	2.91601	0																	
848	25115	4.15293	0	23356	0.08007															
6	31025	4.37440	0	38098	0.00367					292	0.02439									
903	41460	4.43204	6																	
852	42972	4.08310	4																	
347	42483	4.56279	0																	
762	31474	4.75076	3																	
728	42057	4.30929	0																	
58	34350	4.09149	5																	
334	35609	4.24831	0																	
328	37266	4.24736	5	37297	0.00990					160	0.01817	92	0.00218							
221	23566	4.76036	1																	
21	37065	3.28990	1																	
813	34471	4.67617	0																	
522	24427	5.00000	3																	
657	23112	4.83394	0																	
142	38119	3.30491	1	41075	0.00910					408	0.00475									
160	24039	4.37479	6	37266	0.09830					401	0.00569	117	0.00504							
226	34615	4.62583	2																	
303	40443	3.71004	2																	
510	29234	4.82753	0																	
81	25466	4.61494	0																	
763	26075	3.73422	0	34551	0.05569	21491	0.05063			94	0.08336									
684	27565	5.00000	0																	
661	22656	4.71305	0																	
262	23232	5.00000	6																	
850	35145	4.76383	0																	
813	34706	4.71081	0																	
283	37452	4.57324	0																	
523	23321	3.68404	0																	
120	20433	4.68008	0																	
869	33653	4.07512	0																	
609	22412	5.00000	3																	
569	24938	4.79938	0																	
574	43231	4.09143	1	21265	0.17365					112	0.13219									
7	22596	4.74006	0																	
332	43193	4.75325	0																	
760	26511	4.42882	0																	
426	36144	4.84124	0																	
805	25065	4.85004	1							146	0.04339									
357	33448	4.68439	0																	
65	24247	5.00000	1																	
395	36275	2.27753	1																	
780	39336	4.85040	0																	
397	24312	4.17306	0																	
981	31025	4.61028	0	38098	0.00367					292	0.02024									
904	32693	3.67349	0																	
889	40745	3.00803	0	38098	0.02347	31903	0.00750			491	0.09046	995	0.02517							
830	37929	4.35595	0																	
173	21968	4.65558	0																	
506	23217	5.00000	0																	
570	24609	4.21810	0																	
567	32839	4.54782	0																	
490	40634	4.26590	0																	
170	36624	5.00000	0																	
873	37199	4.19324	4																	
114	29963	4.52897	2																	
23	38098	2.70319	1	37642	0.00213					491	0.01864									
227	20908	4.02873	0																	
811	40922	4.25718	0																	
73	40951	4.73312	0																	
880	43205	3.92347	0																	
874	32869	4.39469	0																	
591	22553	5.00000	6																	
872	40845	4.83758	0																	
648	40729	3.92245	0																	
241	35888	3.42354	0																	
866	27443	4.15941	0																	
882	20339	4.03355	0																	
514	36358	4.17435	0																	
19	24650	4.66354	4																	
266	41253	4.76271	0																	
357	20798	4.67977	0																	
424	35695	4.01202	1																	
601	42300	3.98877	0																	
572	25444	4.79650	0																	
523	31985	3.65823	0																	
130	28298	4.20291	0																	
172	36566	4.83768	0																	
998	24761	5.00000	3	24254	0.10024					49	0.25545									
848	22533	4.46983	0	24290	0.04937	24680	0.01807			381	0.08095									
406	25635	4.37071	0																	
813	37851	4.70798	0																	
866	24674	3.54377	0																	
340	25663	4.72137	5	25653	0.05313					173	0.03124									
926	27543	5.00000	1																	
181	28788	5.00000	2																	
400	38832	3.10492	0	37753	0.01797	38268	0.00436													
442	23739	4.33815	0																	
185	32983	4.37637	4																	
195	31987	3.17377	0																	
104	20549	4.48240	0																	
825	34615	4.41218	2																	
250	35253	3.64275	5																	
848	33800	4.52320	0																	
682	20744	4.77029	0																	
741	33636	4.75498	0																	
267	34546	4.82245	0																	
170	39456	4.62336	0																	
383	26314	4.43226	0																	
456	28388	4.79457	0																	
283	33502	4.70000	1																	
567	32210	4.88614	0	23852	0.00409					514	0.01999	103	0.00136							
514	34705	3.60800	0																	
947	39269	5.00000	0																	
893	38572	4.67634	0																	
168	21045	4.69769	0							514	0.01721									
570	25858	4.15132	0																	
848	23839	5.00000	5	23840	0.07229	23841	0.04969			445	0.07105									
781	24686	4.09328	0																	
532	23091	4.71881	0																	
491	23096	3.99988	4																	
904	39187	3.80921	0																	
867	24855	4.72678	3	30862	0.03869					880	0.10261									
811	37836	4.19118	0																	
509	22887	4.62002	0																	
58	28010	4.82095	5																	
514	24414	4.30873	3																	
466	38081	4.32957	3	38862	0.11474					822	0.07791									
617	39578	4.18213	1	39200	0.09410					981	0.14016									
376	25335	5.00000	2																	
442	31713	4.39876	0																	
784	24590	4.71355	0							340	0.01466									
753	34127	4.81333	0																	
710	32405	4.66833	0																	
951	43666	4.43846	0																	
381	35697	4.26357	6	24579	0.00502					29	0.01641	227	0.00198							
688	28036	4.37551	0																	
957	25358	3.57838	2																	
653	39516	4.05863	2																	
318	26695	5.00000	1																	
804	23902	4.62314	3																	
50	21257	4.64086	0																	
314	43137	4.66117	0																	
168	27011	4.89756	0																	
204	23280	3.66023	0																	
258	23223	4.50341	5																	
819	22151	4.89333	4																	
85	32805	4.36754	0																	
449	25510	4.44876	0																	
252	27841	4.76172	0																	
96	36695	4.31359	0																	
741	29748	4.67312	0																	
786	24075	4.72375	3																	
340	24589	4.70367	0	24590	0.01930	25614	0.01037	24592	0.00716	848	0.04650	330	0.02384							
422	21443	4.15949	0																	
634	33608	4.76840	2	35237	0.31783															
570	31014	4.09130	0																	
565	32614	3.86510	0																	
564	39877	4.57570	0																	
471	38223	4.49449	0																	
797	31445	4.75287	0																	
695	26107	3.48113	0																	
23	39007	3.93095	0																	
467	22247	4.84989	0																	
334	32126	4.31428	3							68	0.05809									
670	39292	4.58900	0																	
622	38239	3.68738	0																	
505	20257	4.56850	0																	
676	41214	3.94715	0																	
162	33905	4.16337	0																	
237	42966	4.98289	0																	
43	37094	4.38914	0																	
471	39912	4.61005	0																	
397	23600	3.99482	6																	
860	25031	4.95200	0	30833	0.03856	37043	0.01599	23845	0.01309	14	0.06291	231	0.03221	292	0.01081					
961	38059	4.07443	0																	
837	40447	3.93831	2																	
969	23481	4.40737	0																	
700	28555	3.58954	0																	
741	26900	4.73137	0																	
567	32487	4.50462	0																	
779	24820	4.47965	0																	
531	31415	4.77471	0																	
71	38268	5.00000	0																	
79	42001	4.56639	4																	
97	37565	4.10197	4	37254	0.04129	36887	0.03427	38084	0.01809	446	0.03297									
70	41857	4.79864	0																	
486	24878	4.47589	0																	
374	36331	4.14472	4																	
117	31033	4.42408	0																	
221	24525	5.00000	4	28026	0.01069					863	0.06780									
664	25599	4.10649	0																	
222	29579	4.61468	0																	
129	30833	4.47841	1	25031	0.03856					231	0.04858									
93	25306	4.84454	3	21979	0.02947					29	0.08093									
29	23605	4.32056	0																	
642	37664	3.88443	1	37876	0.09358	37266	0.01403			107	0.04980	408	0.04090							
459	26441	4.05011	0																	
405	23557	4.25829	0																	
541	25716	4.73617	6																	
283	24564	4.46274	0																	
501	41952	4.64519	0																	
59	25086	4.11267	1							13	0.03723									
963	39007	4.85048	0																	
795	25920	3.92617	2																	
142	34765	3.94466	0																	
492	40860	4.72101	0																	
940	34627	3.81355	0																	
283	24293	4.52624	0																	
340	25850	4.63425	0																	
798	20513	4.86112	0																	
570	23601	4.13059	0																	
471	35697	4.49543	6	40447	0.00298	40912	0.00238			227	0.04749	577	0.03078							
961	41845	3.58272	4																	
774	28146	4.27165	0																	
754	29885	1.96564	0																	
997	28868	4.65309	0																	
82	22530	4.47040	0																	
681	22584	5.00000	2	32116	0.07433					649	0.10725									
406	29887	4.48141	0																	
16	28807	4.76103	0																	
787	22571	4.24422	0																	
388	34813	4.24615	4																	
972	39429	3.84902	0																	
832	26080	4.84239	0																	
28	38112	4.30219	5																	
482	40044	4.29888	6																	
57	39051	4.73715	0																	
659	30289	3.83948	4	24384	0.02705					676	0.03672									
569	23231	4.98021	3	20055	0.05425					882	0.08789									
305	25243	4.54920	4																	
676	23860	3.20452	0																	
13	25093	4.93251	3	21033	0.02066	22452	0.01512	25903	0.00841	81	0.12657	414	0.02361							
618	32520	4.31778	5																	
254	24749	4.89674	0																	
329	23675	3.04005	0																	
833	32546	3.89087	0																	
377	41345	4.28814	1	29717	0.00487															
448	27373	4.47088	0																	
754	32459	3.45887	0																	
530	34350	3.56265	5							424	0.01883									
375	30176	4.19170	0																	
330	26530	4.43518	3	26527	0.01400					248	0.03614									
910	32270	4.66978	0																	
329	25770	3.69539	0																	
356	32025	4.49482	3																	
26	32027	4.67241	0																	
779	27513	4.50161	0																	
10	40232	4.20963	0																	
105	22669	5.00000	3																	
321	31391	4.53089	0																	
751	24267	5.00000	4																	
248	26958	4.70825	0																	
643	38236	4.33183	0																	
441	22375	4.27859	0																	
240	22421	4.68318	2	27460	0.07759	22356	0.05486	22323	0.01619	522	0.40309	534	0.16667							
93	24579	4.89285	6	21979	0.00183					29	0.08093									
883	40491	5.00000	0	41285	0.00313	38447	0.00195			514	0.00831									
891	38926	4.54971	1	38862	0.01248					577	0.01886									
973	43786	4.58501	0																	
567	24254	4.53400	3																	
854	35348	4.82771	0																	
128	39585	5.00000	0																	
904	39823	3.85675	0																	
575	23336	4.32868	0																	
283	41625	4.57594	0																	
448	38464	4.65119	0																	
805	21275	4.52968	0							424	0.01085									
909	23828	4.79894	0																	
283	21855	4.77442	6	21492	0.00733	24646	0.00402	24338	0.00300	340	0.05054									
52	24193	4.82026	0																	
436	36988	4.42145	0																	
358	35678	4.71603	0																	
618	37065	4.23081	1							982	0.05792									
703	23232	4.84686	6	25040	0.00284															
26	30579	4.69548	0																	
83	31637	4.67104	4																	
832	25071	4.38767	0	21098	0.00282					741	0.01386									
741	20139	4.72131	0																	
391	23835	4.42290	0																	
367	40525	4.04400	0																	
356	23852	4.26463	2																	
301	21337	4.01641	0																	
546	30248	4.82564	0																	
745	39238	5.00000	5																	
813	37795	4.95321	6																	
81	24493	4.76634	1	25096	0.03935	21033	0.03073	21071	0.01969	13	0.12657									
332	42098	4.80311	0																	
514	38315	3.94059	2																	
105	24720	4.86533	5																	
790	24666	5.00000	2																	
283	42073	4.44824	0																	
541	25040	4.78802	6							340	0.02840	594	0.01801							
424	42614	4.50830	3																	
252	24695	5.00000	0																	
41	28759	4.65936	0																	
633	31480	4.63759	0																	
610	34838	3.70892	0																	
152	23952	4.43559	0																	
606	30616	4.76724	0																	
82	30891	4.35872	0																	
984	25158	3.42468	0																	
505	20265	4.51709	0																	
81	38396	3.46649	0																	
351	20376	4.95777	0																	
205	24044	4.93384	5																	
26	24185	4.73885	0																	
219	39986	4.27844	0																	
863	21049	3.97348	0																	
166	34118	4.84584	0																	
14	23350	4.72854	0																	
330	30638	4.34494	0																	
571	31071	4.43502	0																	
570	43498	4.17372	0																	
566	37882	4.98268	2																	
471	39535	4.68796	2	40447	0.03642					963	0.04159	176	0.02101							
784	24593	4.57936	6							340	0.01466									
283	23266	4.66479	0																	
973	32350	4.91900	0																	
575	31728	4.41993	0																	
923	35139	3.91031	0							330	0.09746									
729	32982	4.05106	0																	
76	23656	4.62354	0																	
13	25079	4.72502	0																	
965	23223	4.58056	5																	
981	40745	3.17068	0	38098	0.02347	39200	0.00460			430	0.04262	995	0.01142	491	0.00896					
575	21956	4.29812	3																	
353	32968	3.70280	0																	
494	29996	5.00000	3																	
813	34493	4.77900	0																	
677	39400	4.38303	0																	
105	24705	4.62592	0																	
319	29439	4.31152	0																	
775	32419	4.79266	0																	
485	36076	4.64641	0							514	0.00459									
758	22440	4.24362	1	23852	0.02226					567	0.01089									
514	41551	4.08585	5																	
566	23902	5.00000	3																	
546	24723	4.88608	0																	
159	24675	4.50681	0																	
417	25331	5.00000	1																	
514	40847	4.20139	0																	
340	20656	4.59966	0																	
504	30973	3.41537	5																	
291	31558	2.98947	0																	
910	20452	4.59289	0																	
847	28571	3.86323	0																	
313	23448	3.50995	0																	
761	39532	5.00000	1																	
876	40416	4.77864	0																	
743	39348	4.48232	0																	
340	25812	4.69879	0	32433	0.02765	22439	0.01870	23261	0.01624	570	0.06376									
19	24729	4.93956	2																	
651	30672	4.26887	5																	
865	20193	4.92113	0																	
340	24962	3.76588	0																	
162	20459	4.05219	0																	
538	25065	4.87432	1	22727	0.01525					835	0.06548									
959	24309	5.00000	5																	
424	25321	3.57535	4																	
230	24665	4.74226	0																	
405	23813	4.20099	0																	
171	24137	4.92476	0	24012	0.07305	24071	0.04845	23769	0.01676	695	0.09657	38	0.03667	424	0.03140					
141	39654	3.97207	0																	
609	33845	4.93400	0																	
431	25254	4.40051	0																	
13	23494	4.24303	5																	
950	26884	4.87262	0																	
107	35729	4.23897	0																	
0	37254	3.85178	1																	
858	34542	3.55845	1																	
848	24593	4.84833	6	25639	0.00873	24272	0.00765	25614	0.00446	340	0.04650									
520	35597	3.98622	0																	
605	38432	4.85393	0																	
604	39489	4.36651	0																	
107	34192	4.44644	2							491	0.03086									
227	29015	3.31812	6	20330	0.21300	20316	0.20991			434	0.12231									
538	30421	4.48609	0																	
368	32228	3.92091	0																	
575	21234	3.71237	0	25304	0.10018															
808	26312	4.70250	0																	
811	37743	4.15443	0																	
891	39130	4.62313	1	38862	0.04964	38246	0.04357			853	0.05935									
741	20141	4.71796	0																	
340	37547	4.59295	0																	
69	34538	4.38631	0																	
594	21492	4.72463	2	23403	0.02314	25040	0.01606	38406	0.00398	414	0.07562	340	0.04979	309	0.01021					
13	23417	4.59651	0																	
535	30716	2.81266	0																	
335	32904	4.05409	0																	
332	38899	4.93175	0																	
402	33251	4.34228	4																	
350	34587	4.62212	0																	
296	35697	4.32530	6																	
123	41407	4.80464	0																	
172	38161	4.94706	0																	
340	24823	4.10585	0																	
955	39062	3.48727	0																	
59	39146	4.03621	0																	
816	27372	4.90130	0																	
815	35338	4.12756	0																	
994	36738	4.24909	0																	
26	29726	4.69727	0																	
320	21258	4.36927	4																	
76	39891	4.64081	0																	
466	38110	4.27196	0																	
758	36479	4.44419	0	28874	0.06548					120	0.03280									
60	31478	4.71410	0																	
107	33638	3.56377	0																	
29	36812	3.56980	0																	
121	32126	5.00000	3																	
893	20979	5.00000	3																	
329	34034	3.61687	6																	
188	30672	4.26965	5																	
471	39152	4.80419	3																	
986	24761	4.50686	3																	
994	36149	4.07967	0																	
676	24749	4.13801	0																	
142	40523	3.31061	0																	
415	40919	4.25886	0																	
301	34978	4.16314	0																	
882	24570	3.74608	2							491	0.00398									
801	23673	4.30201	0																	
573	21269	4.59165	6																	
590	31462	5.00000	2	32220	0.00755					19	0.12591									
283	35584	4.45252	0																	
424	21272	3.80545	3																	
530	36906	2.81463	0																	
926	23479	4.96677	0																	
145	23684	4.83006	0																	
958	24023	5.00000	0																	
170	38293	4.67217	0																	
761	42019	4.69698	0																	
514	41915	4.34708	0																	
86	40727	4.12845	0																	
514	43055	4.14926	0																	
388	43125	4.27083	1																	
774	29034	4.38286	0																	
450	33795	4.81744	0																	
173	25092	4.53525	0																	
206	35539	4.66235	0																	
962	23197	4.74853	0																	
162	30332	4.48711	0																	
403	21208	4.20353	2																	
983	24632	4.68392	0																	
162	23665	4.12843	6																	
570	25879	4.21717	6	32433	0.00683	25791	0.00612			340	0.06376									
160	33786	4.34804	3																	
793	23917	3.64207	0							741	0.02036									
469	24624	3.27692	4																	
774	38535	4.89280	0	38447	0.00935					514	0.01075									
503	40731	5.00000	1																	
424	24050	3.93710	0	28250	0.03241															
144	24700	5.00000	0																	
865	36995	4.91302	0																	
494	22151	4.88920	4																	
780	29672	5.00000	5																	
29	24559	5.00000	2	24579	0.15932	25306	0.03036			469	0.07428	682	0.02726							
996	31512	4.66550	4																	
9	31629	4.60301	0																	
388	23140	4.52544	2																	
468	29033	5.00000	0																	
287	37524	3.74802	0																	
514	39473	4.16547	4																	
247	33733	4.59193	0																	
541	26449	5.00000	4																	
465	25038	4.73099	1																	
367	41086	4.26356	0	41345	0.01026					292	0.01443									
125	30672	3.83177	5																	
360	37864	5.00000	3																	
535	22373	4.25585	3																	
164	36647	4.84754	4																	
347	23978	4.54516	0																	
115	30975	3.16441	2																	
927	39123	5.00000	2																	
649	23728	4.39927	0																	
283	40112	4.43844	0																	
475	28048	4.31015	0																	
671	28046	4.53517	0																	
1	27518	5.00000	0																	
514	33357	4.19970	0																	
700	42612	3.61614	0																	
569	23173	5.00000	6	20374	0.21756	21538	0.08491	20368	0.07377	465	0.33302									
443	28044	5.00000	3																	
635	41285	4.36811	4																	
475	20019	4.78576	2																	
375	24938	4.39860	0																	
576	32410	4.18900	0																	
142	33738	3.49127	0																	
471	42622	4.65314	0																	
252	22415	4.82702	0																	
688	25664	5.00000	5																	
191	35438	4.85246	3																	
556	29684	2.86478	2	24078	0.09056					382	0.00976									
334	26205	4.13924	4																	
175	22452	4.07387	1	23923	0.00758					594	0.07460	13	0.05193	340	0.00678					
805	29955	4.80209	6																	
765	41646	4.47764	0																	
848	23986	4.50490	3	23356	0.10474															
484	38467	2.89211	0																	
581	23273	4.63207	0																	
973	40603	5.00000	4																	
889	42136	4.09244	0																	
486	34616	4.50286	1	32084	0.00767					415	0.04177									
741	26769	4.67897	0																	
347	27212	4.56584	0																	
477	36735	2.56642	0																	
93	24479	4.48330	0	29773	0.23786															
370	23793	4.89597	0																	
269	31317	3.85481	0																	
479	30251	4.93167	0																	
969	24794	5.00000	5																	
340	23241	4.29339	0																	
1	36875	3.99621	0																	
601	38089	4.05581	4																	
291	37729	4.21023	0																	
866	33154	3.82128	3																	
142	37049	3.33137	0	36875	0.09885	37297	0.04824	36332	0.03406	871	0.02801	615	0.01962	92	0.01565					
107	37049	3.73822	0	37876	0.03859	37071	0.02080	35775	0.01719	408	0.05702	615	0.03805	871	0.02971					
865	38812	4.87961	1																	
221	28602	4.56527	0																	
568	30672	3.81085	5	28939	0.03132	23086	0.02474			705	0.17834	513	0.05510							
834	40960	3.80261	0																	
166	21575	4.43387	3																	
636	25095	4.29888	0																	
340	23987	3.23909	0																	
675	37044	4.26806	1																	
279	34675	5.00000	0																	
105	27543	4.88461	1																	
385	23676	4.13084	0																	
142	36566	3.86366	0																	
566	20019	5.00000	2																	
103	24020	4.77081	0																	
676	24497	4.00183	0																	
813	25993	4.97628	6																	
478	40201	4.30367	0																	
860	43179	4.64716	0																	
94	23238	5.00000	6																	
648	34645	3.92427	0																	
620	34314	4.54844	0																	
984	24361	4.02564	6							340	0.01714									
189	30351	4.24510	0																	
609	23205	4.87343	0																	
170	43341	4.67905	0																	
142	40306	3.71382	1							889	0.01556									
474	21534	4.40597	0																	
227	22715	3.99022	0																	
170	39799	4.63820	0																	
40	36766	1.74493	1																	
385	29415	4.13832	0																	
62	35524	4.15797	1																	
842	42098	4.34370	0																	
528	36946	4.13602	4																	
283	28623	4.47088	0																	
882	42172	3.74882	3																	
356	34144	3.88816	0																	
882	35398	3.92010	0																	
987	20885	3.60660	0																	
162	33880	4.13802	0																	
505	22972	5.00000	4																	
853	28986	4.65335	0																	
44	38548	4.34366	0																	
410	23581	3.97755	0																	
319	25326	4.26222	0																	
33	33764	4.28295	0																	
283	42308	4.55598	0																	
848	24624	3.94464	4	23841	0.10662	22620	0.01273			20	0.01345									
681	36408	4.35819	2																	
710	32158	4.45991	0																	
292	40586	4.32861	1	25259	0.04656	37043	0.02737	23993	0.02072	443	0.09927	860	0.01081							
389	21407	4.01415	0																	
929	22412	4.71601	3																	
274	33093	4.73950	0																	
570	21566	4.00122	1																	
59	36528	4.01870	2																	
873	42498	3.56029	1																	
951	42161	3.78921	0	42115	0.01922															
760	24103	4.42271	0																	
167	22572	4.83288	0																	
180	28512	4.24819	0																	
72	39156	4.16542	0																	
634	33055	5.00000	4	35237	0.40136					134	0.24132									
514	26535	4.15416	5																	
54	37290	1.09313	0							92	0.03987	615	0.03196							
414	21792	4.44009	0																	
362	24380	4.87636	0																	
983	23955	4.34394	0	29186	0.00595					8	0.07568									
868	37457	4.69477	5																	
424	43077	4.42597	0																	
195	31479	3.58719	1																	
853	37666	5.00000	5																	
575	25329	5.00000	4																	
246	24401	4.29012	0																	
60	33751	4.74423	0																	
542	31472	3.38180	0																	
575	29580	4.41239	0																	
928	31500	4.63596	4																	
582	25622	5.00000	2	25643	0.00662					401	0.08899									
452	36402	3.80058	0																	
774	22517	4.31500	5																	
873	32326	4.57983	0																	
860	41247	4.60160	0																	
174	38429	4.20415	0																	
744	32232	4.36838	0																	
385	25463	4.12906	0																	
230	25550	4.71742	0																	
213	23638	5.00000	6																	
283	24308	4.49430	0																	
657	27803	4.83133	0																	
569	23217	4.78146	0																	
563	38264	3.63793	0																	
903	43655	4.69407	0																	
146	24071	5.00000	0							424	0.02548	514	0.00610							
635	39163	5.00000	4																	
171	21279	4.67801	3																	
55	30147	4.61484	6	22620	0.01433					853	0.01061									
466	38001	4.28148	0																	
838	43224	4.79205	0																	
678	24650	5.00000	4	24680	0.02774					681	0.06888	760	0.05789	381	0.05537					
570	21524	4.11302	0																	
388	36776	4.24689	0																	
904	41068	3.94535	0																	
570	26506	4.17760	0																	
889	41210	4.16402	3																	
194	23908	3.76599	1																	
462	41313	4.79693	0																	
471	39839	4.34634	0																	
815	36766	4.20218	1	36491	0.05265	36402	0.03650	36186	0.03098											
42	39015	4.19885	0																	
65	42406	5.00000	1																	
385	23670	4.20067	4																	
259	42537	4.03751	0																	
93	29812	4.38791	0																	
388	42234	3.95085	2																	
944	30104	4.54924	0																	
50	22374	5.00000	0																	
173	25091	4.58106	0																	
137	24624	4.27752	4	22620	0.01273	24656	0.01120			429	0.03314	20	0.01191							
468	31854	4.99467	1							340	0.02480									
991	30260	3.95763	3																	
142	40682	4.15978	3	36332	0.01091	37297	0.00487			424	0.01635	490	0.00459							
748	21532	4.83652	0																	
334	20489	4.17107	0																	
940	37469	4.49386	1																	
168	26520	4.64970	0																	
795	27158	4.20786	0																	
145	39384	4.37903	5																	
574	21238	5.00000	2	27543	0.09984					644	0.04521									
266	23458	5.00000	0	23799	0.07785					369	0.18638									
491	23887	4.96235	0	40745	0.00336					514	0.00495									
175	21221	4.06573	3																	
53	41267	3.91905	0																	
340	23324	4.62758	0																	
144	24749	5.00000	0																	
600	42498	2.63928	1																	
589	24071	4.29583	0																	
40	35913	2.50148	0																	
779	20333	4.59217	4																	
794	24722	4.81400	0																	
893	33692	4.66055	0																	
735	25638	4.67006	4																	
81	24284	4.66047	0																	
575	29762	4.83784	0																	
336	34897	3.26656	0																	
385	21245	4.14844	0																	
941	23831	4.46739	1																	
848	40921	4.70518	1																	
227	24729	4.38412	2																	
761	37638	4.08114	0	40447	0.04945															
676	23105	2.89834	6	24046	0.01668					761	0.06028									
272	41258	4.32688	0																	
514	41756	4.69194	2	42646	0.02297	41045	0.01666			654	0.02043	793	0.00906							
334	24101	4.14473	0																	
381	24270	4.69455	0	24290	0.01789					848	0.08095									
151	41328	4.35511	0																	
181	26910	4.85588	0																	
388	32424	4.27187	0																	
882	37646	3.93229	0																	
70	40682	4.82348	3																	
598	35919	4.30545	0																	
561	33637	3.28547	0																	
42	40491	4.36534	0	41045	0.00444					514	0.01810									
602	25331	5.00000	1	25240	0.05574	21522	0.02540			343	0.05216	248	0.03394	827	0.01449					
511	35274	4.45679	0																	
422	36616	4.88170	1							811	0.03172									
246	29950	4.30015	0																	
937	23443	3.54819	0	23292	0.08742															
514	43013	4.12560	0																	
725	41199	4.39884	0																	
971	22571	4.51596	0																	
505	20595	4.31773	4																	
82	25427	4.73982	3	25421	0.08992	25426	0.03861			548	0.23733	81	0.05356							
710	31078	4.51360	0																	
576	32210	4.87372	0																	
5	40835	4.96057	4																	
283	28521	5.00000	4																	
181	38470	4.93462	0																	
990	37049	4.70872	0	38233	0.01022					408	0.07267									
982	36286	4.82816	0																	
337	23239	5.00000	3																	
631	27876	4.55800	0																	
393	36317	4.02046	0																	
774	25404	3.94068	2	25216	0.10395					27	0.22877									
335	30147	4.52219	6	31003	0.05131					365	0.11799									
677	41551	4.30308	5																	
318	26576	5.00000	4																	
604	36528	4.38128	2																	
167	34791	4.77856	2																	
340	20609	4.53953	2	20597	0.04155					763	0.00697									
72	34518	4.76038	0																	
125	34145	4.40840	0																	
19	31573	3.11195	0																	
379	24261	4.62167	0																	
474	23765	5.00000	0																	
648	37996	2.86751	0																	
264	31007	3.63323	5																	
176	42477	4.20615	4	39535	0.04588	40447	0.01524			346	0.14271									
799	23337	5.00000	6																	
292	35748	3.36470	6	24039	0.00328					401	0.00882									
175	25406	4.26107	0																	
298	28426	3.52564	0																	
892	43815	4.23087	0																	
567	33495	5.00000	0							514	0.01999									
340	27948	4.56855	0																	
697	42329	3.70842	0																	
873	41621	4.57213	0																	
505	31617	4.50969	0																	
180	28633	4.15935	0																	
706	24192	4.80099	0																	
414	31031	4.54243	0																	
354	40952	4.90813	0																	
813	33220	5.00000	2	34045	0.02006					763	0.01680									
874	22787	4.32103	0																	
672	41048	4.54916	0																	
813	25040	4.96785	6	32084	0.01092	25331	0.00980	24532	0.00804	501	0.02806	340	0.02681	486	0.02574					
678	30202	4.84886	0																	
523	38832	2.42278	0																	
921	39328	4.79383	0																	
760	21237	4.40165	0																	
514	42848	4.05677	0																	
514	22635	4.02882	0																	
4	22727	4.52768	5							334	0.03705									
584	35253	3.08095	5																	
983	21900	4.54810	0																	
95	38740	4.56514	6																	
813	24732	4.66140	0																	
428	36662	4.66652	4	38315	0.01160					264	0.06287									
866	27433	4.18362	0																	
514	42492	4.06764	0																	
64	24432	4.54251	0																	
478	26578	4.31463	0																	
334	22736	4.18025	0																	
891	37259	4.58340	5	21917	0.22345					709	0.10467									
416	20674	5.00000	6																	
546	36919	4.76957	0																	
818	35817	4.05292	2																	
900	31305	4.98068	0																	
570	25811	4.19379	0																	
624	37470	4.76010	0																	
676	27469	4.25918	3							880	0.06026									
531	35071	4.85945	0																	
385	24300	4.20221	0																	
147	41045	5.00000	5																	
800	28866	4.17966	0																	
168	20183	4.63830	0																	
319	30410	4.26772	0																	
999	36247	5.00000	1																	
227	35532	3.93488	0																	
514	33566	3.77755	0																	
570	36224	4.18240	0																	
458	41382	4.54344	1																	
58	29684	3.70832	2																	
570	25770	4.10923	0																	
403	34839	4.23084	5																	
340	22365	4.55255	0																	
733	24030	4.34376	0																	
677	39137	4.33667	0																	
407	36258	4.32537	0																	
81	21570	4.62890	0																	
279	35913	5.00000	0																	
577	42614	4.31232	3																	
301	21335	4.09523	0																	
25	41322	5.00000	0																	
882	40529	3.95672	0																	
486	24240	4.59078	4	25040	0.02372					592	0.01175									
258	23430	4.98498	5																	
654	38004	4.53529	0																	
111	28930	3.87807	0																	
672	34351	4.59992	0																	
304	39241	5.00000	0																	
146	38206	4.68494	0																	
13	24098	4.62860	0																	
953	43095	4.66930	0																	
988	26473	4.63716	0																	
549	30582	4.88683	0																	
763	25509	3.62504	6							340	0.00697									
411	38531	3.21317	2																	
340	25637	4.75348	4	25638	0.18452	25639	0.04703			920	0.04997									
979	37070	5.00000	4																	
779	29748	4.46374	0																	
72	30636	4.40717	0																	
808	29871	4.65854	0																	
618	36067	4.00662	0																	
893	22601	4.62691	0																	
108	24290	3.85929	0																	
848	32294	4.47796	0																	
81	30537	4.03646	0	23900	0.01340	25093	0.00962													
777	27530	4.40017	0																	
970	38445	4.81158	3																	
407	35271	4.48777	0																	
918	31269	4.11502	0																	
931	37684	4.88151	0																	
283	33919	4.56483	0																	
485	39851	4.81646	4																	
230	29484	4.74096	0																	
511	30754	4.24159	0																	
495	23553	4.68047	3																	
81	24542	4.65638	0																	
540	36202	4.81731	0																	
865	40057	4.80581	0																	
664	34137	4.41169	0																	
373	32695	4.80160	0																	
848	37417	4.46871	0																	
218	23900	4.03554	5	23769	0.04675					171	0.02541									
490	40761	2.98393	4							485	0.02524									
982	35390	4.69294	0																	
632	23269	3.05431	0							848	0.07229									
577	41408	4.07906	0																	
891	31003	4.63702	5	34579	0.02955					335	0.03427	746	0.02177							
604	39990	3.49522	6																	
717	40589	4.45142	0																	
93	25020	4.01821	4																	
546	27749	4.85717	0																	
298	37008	3.52320	0																	
340	26076	4.33800	2	24592	0.24189	21492	0.03544	23399	0.02157	784	0.01466	810	0.00599							
340	21686	4.59975	0																	
761	37394	4.62785	0																	
871	38216	4.52195	0																	
119	40860	4.78494	0																	
161	32006	4.64191	0																	
214	26134	4.81283	0																	
10	22860	4.12266	0																	
362	25351	5.00000	0																	
248	26544	5.00000	2	22356	0.06796	26527	0.01348			522	0.11607	240	0.09309							
725	30835	5.00000	5																	
641	24115	4.72072	0																	
410	24029	4.03913	0																	
33	23469	4.32994	0																	
514	21192	4.20609	3																	
648	37880	3.24685	0																	
407	40643	4.33424	0																	
424	26043	4.80773	3	37758	0.03679					401	0.02857	441	0.02653	84	0.01919					
932	37266	4.08982	5	37049	0.02999					160	0.01302	92	0.00753	408	0.00363					
504	41358	3.90135	0																	
340	22592	4.60513	0																	
58	24380	4.77448	0																	
960	37876	4.36523	0	39038	0.01978					107	0.08742	408	0.05562							
415	40899	4.51469	0																	
716	41661	4.85640	1																	
491	25031	4.53147	0	30833	0.03856	37043	0.01599	25063	0.01251	14	0.07108	292	0.03252	231	0.02223					
32	32564	4.31995	0																	
601	42062	3.57871	2																	
591	24656	5.00000	4	29685	0.01687					137	0.08526	105	0.07112	55	0.03003					
180	28689	4.19648	0																	
407	24534	3.48723	0	24651	0.00214					514	0.07018	81	0.01411							
145	27464	5.00000	3																	
7	23446	4.77557	0																	
637	33820	4.74466	0																	
286	23210	4.50885	2																	
541	28053	4.66907	0																	
522	26530	4.82684	3	22356	0.02861	26527	0.01400			248	0.11607									
691	20155	4.59434	0																	
332	27029	4.78488	0																	
530	36825	3.97508	3																	
968	38902	4.75927	0																	
530	37489	4.17025	4																	
543	37336	3.77976	1																	
119	40861	4.87359	0																	
16	25018	4.90235	0																	
761	40921	5.00000	1																	
418	39603	4.90801	0																	
415	25369	4.11870	2																	
914	22314	4.70686	0																	
793	26767	3.46720	0																	
235	42176	5.00000	0																	
26	32684	4.67566	0																	
35	24569	5.00000	0																	
873	20011	3.75642	0																	
882	26065	3.92507	0																	
679	28358	4.94710	2	22273	0.03727					471	0.10545									
238	32520	5.00000	5	21275	0.01889					334	0.00335									
828	33376	5.00000	0																	
380	28250	4.85577	2	21522	0.00498					424	0.01537									
998	23769	5.00000	0																	
519	22164	4.78590	2							340	0.01037									
81	34703	4.64377	0																	
950	38100	4.94137	0																	
362	24424	4.31813	0																	
381	24559	5.00000	2	24579	0.15932					682	0.05618	469	0.01572							
598	35634	4.44675	6																	
249	37642	5.00000	1	38098	0.00213					491	0.00447									
424	32210	5.00000	0	25345	0.01129	24071	0.00902	34266	0.00874	514	0.03436	103	0.00807							
133	20523	4.54905	0																	
514	28037	4.20895	5																	
187	42520	4.90313	0																	
466	38185	4.43647	0																	
444	35000	4.05258	0																	
77	38120	4.33939	0																	
342	24071	5.00000	0	24012	0.09451					215	0.04421	171	0.02689	38	0.01918					
703	25039	4.93303	2	25040	0.00557					429	0.01685									
292	37266	3.48968	5	24039	0.09830	22004	0.01270	38098	0.01180	408	0.03072	92	0.01275							
411	37071	3.39322	1							107	0.02222									
873	24850	4.66601	0																	
730	21816	4.68800	0																	
59	28198	4.08207	0																	
102	38517	4.47096	0																	
426	37178	4.76137	5																	
536	24071	4.15960	0																	
911	36309	4.28099	0																	
55	37138	4.31046	3																	
929	24678	4.62334	4																	
312	31515	4.56107	1																	
479	22706	4.80029	0																	
514	42298	3.10615	0																	
93	24559	5.00000	2																	
248	20990	4.16523	0	29931	0.03568															
122	30975	4.24849	2																	
10	35704	4.19464	0																	
26	32718	4.65799	0																	
175	22592	4.36525	0																	
340	34010	4.56968	0																	
227	25369	3.67808	2	25262	0.00602	22621	0.00525			469	0.08144									
505	31751	4.55850	0																	
505	21944	4.57901	0																	
252	26894	4.83732	0																	
538	23425	4.48782	0																	
783	41988	4.56946	0																	
514	41097	3.61563	1																	
466	39543	4.29073	0																	
926	24570	5.00000	2																	
24	41390	4.73610	0																	
307	36875	4.25336	0	37178	0.00533															
618	34458	3.99744	0																	
462	24626	4.77205	4																	
204	41045	4.62189	5																	
14	24619	4.62820	0																	
51	21089	4.03570	0																	
