0.18557
-0.74646
-0.19533
-0.10810
0.52743
0.46915
-0.53408
0.61874
0.17863
0.17910
0.38293
0.06315
-0.01614
-0.44005
0.49878
0.24726
-0.27280
0.17614
0.16118
-0.26888
0.60877
0.72255
-0.10236
0.25960
-0.20803
-0.45361
-0.64740
-0.20007
-0.21276
-0.41883
-0.19163
0.09967
-0.22426
0.20260
-0.29322
0.69492
0.67072
-1.19631
0.35338
-0.46391
0.04612
-0.43049
-0.58769
-0.13398
-0.43092
0.40592
0.58555
0.40950
0.79181
0.49128
-0.31803
0.30459
0.47042
0.63501
0.22095
-0.76887
-0.25963
-1.20272
0.36946
-0.15506
-0.33533
0.00725
0.45301
0.22857
-0.27546
-0.14585
0.30254
0.89458
-0.17064
0.49862
0.47620
0.64855
0.17083
-0.19719
0.09607
0.39191
-0.25365
-0.18403
-0.41500
0.21692
-0.17817
-0.16340
-0.02837
0.56247
0.72817
0.81561
-0.31919
0.17053
0.53101
0.37582
-0.03495
-0.15066
-0.13409
-0.03656
0.25301
-0.21794
-0.05055
0.32606
-0.15276
-0.06307
0.64737
0.27225
0.16098
-0.21188
0.05697
-0.29952
0.22998
0.46552
0.41047
0.24486
-0.98880
-0.64254
-0.37300
-0.33333
0.03787
0.09976
0.07862
-0.06358
-0.07164
0.22501
0.31217
-0.89443
-0.33314
-0.49790
0.38849
0.06574
-0.79168
-0.48765
0.59994
-0.10127
0.35365
-0.06569
0.07128
0.45591
0.35539
0.18058
-0.05104
0.32236
0.08829
0.70900
0.09803
0.21206
0.28872
-0.52430
0.14541
-0.21881
0.20462
0.25334
-0.09284
0.02947
-0.00813
0.01847
0.37772
-0.44397
-0.53103
0.42274
0.62100
-0.73617
0.41003
0.13601
-0.76319
0.21229
0.19217
-0.30955
-0.04210
0.42532
0.12361
0.05650
-0.30714
0.74111
0.91160
0.57218
-0.81397
-0.24238
-0.46093
-0.70256
-0.67808
0.42950
-0.05298
-0.51486
-0.54541
0.43236
0.71240
0.42222
0.05029
-0.16313
0.10899
0.46877
0.01267
0.39144
0.24450
0.16162
0.54711
-0.64661
0.02904
-0.11051
0.37921
-0.66756
0.48594
0.40678
-0.31750
-0.80074
0.84610
0.42317
0.21815
0.13023
0.09906
-0.32632
0.18961
-0.73053
-0.26283
0.40147
0.09111
-0.36414
-0.29501
0.52099
-0.75727
0.21797
0.39041
0.07183
-0.18651
0.10718
0.44389
0.28623
0.49164
0.52651
-0.04635
0.45775
-1.10820
-0.23592
-0.61047
-0.30029
0.10475
-0.19964
-0.36938
0.41079
-0.03724
-0.05478
0.56223
0.39409
0.53126
-0.13428
-0.27987
0.27687
-0.35476
0.04138
-0.48475
-0.26266
-0.28535
0.23980
-0.34116
0.00669
0.13525
0.34721
-1.13710
0.06154
-0.39355
-0.34767
-0.19614
0.06534
0.38280
-0.14492
-0.23627
0.36898
0.29392
-0.40778
-0.09540
-0.38154
-0.17329
-0.52925
-0.11814
0.16358
0.84650
0.14606
0.20671
0.44502
-0.09055
-0.86341
-0.12444
-1.09328
0.72709
0.26325
0.57255
0.67616
-0.20993
-0.23561
0.04902
-0.10019
0.13630
0.43987
0.13226
-0.27547
-0.36310
-0.00241
-0.68011
0.13666
0.15140
-0.44716
0.42772
0.03214
-0.63917
-0.51181
-0.72385
-0.11907
-0.30402
-0.16239
0.10897
-0.49375
0.08211
-0.69135
0.07486
0.38175
0.50881
-0.50685
0.11034
-0.02630
-0.72819
0.40130
-0.05345
0.11179
-0.04065
0.53297
0.56873
0.17318
0.44726
-0.21857
-0.58972
0.28938
0.44981
0.15516
-0.38504
0.18389
0.21062
0.55108
0.50712
0.33922
0.48627
0.33524
0.51524
0.02955
0.38568
-0.43099
0.08009
0.36476
0.57457
-0.09372
-0.43198
0.52849
0.57354
0.11871
-0.54737
0.35464
-0.16253
-1.38022
0.33351
0.41190
-0.09126
0.07447
0.31020
0.27590
0.10774
0.10244
0.27862
0.09651
-0.34118
0.21259
0.24180
0.47450
0.55156
0.67453
-0.58037
-0.67300
0.25189
0.69112
0.03294
0.20950
-0.32700
0.11737
0.01249
0.37625
0.04713
-0.68518
0.13099
-0.31618
-0.37267
-0.32243
0.06249
0.21306
0.71810
0.16854
0.00371
-0.48547
0.03297
-0.02761
0.12479
0.01567
-0.70749
0.63108
-0.49208
-0.04789
0.53021
0.20387
0.58076
0.22605
-0.17728
-0.39716
0.13623
0.23386
-0.07211
0.06883
-0.13462
0.05803
0.19571
0.18907
0.58132
-0.28412
0.01772
0.75785
-0.79372
-0.43486
-0.37647
-0.28391
-0.07737
0.76259
0.31443
0.14031
0.33165
-0.10663
-0.25008
-0.02256
0.09109
0.16460
-0.58063
-0.39651
0.23540
0.60540
0.33419
0.01862
0.35425
-0.76594
0.26071
0.37193
0.40460
0.00912
-0.11993
-0.23983
0.31576
-1.66366
0.33983
0.56128
0.23022
-0.00615
-1.43993
0.08129
-0.38961
-0.18182
0.02054
0.33158
0.25221
0.12576
0.29225
0.08502
-0.55254
0.49970
0.55544
0.23894
-0.48691
0.14615
0.16952
0.18361
0.38396
-0.50984
-0.34176
0.56675
-0.02241
0.36355
-0.41430
-0.73893
-0.06850
0.42390
0.15883
0.17525
-0.28429
0.09300
0.09910
0.29313
-0.06150
0.20419
0.06728
-0.19894
0.10724
-0.83633
-0.30697
-0.02397
0.55382
0.31746
-0.23336
0.30754
0.03272
-0.23244
0.19155
0.44491
-0.35576
-0.12471
0.21732
0.49507
-0.15061
0.05612
0.29607
0.65897
-0.06137
0.36091
0.31291
0.34117
-0.26134
-0.03360
-0.13095
-0.07589
-1.45672
-0.87328
0.87447
0.26619
0.50039
0.39127
0.33230
0.11938
0.01006
-0.01566
-0.35486
-0.46143
-0.58943
0.24438
0.26387
0.44024
-0.11808
0.53174
0.51457
0.68479
0.21696
0.24467
-0.28977
-0.46791
-0.25295
0.12766
0.16914
-0.24042
0.21909
0.40548
0.40662
0.33913
-0.17278
0.14405
-0.80747
0.16987
-0.26488
-0.84563
0.51529
0.32627
0.38682
-0.39040
0.40113
-0.22661
0.05142
0.15846
0.49456
0.28398
0.02494
0.17973
-0.29351
0.74813
0.28519
-0.07023
0.25547
0.33094
-0.06251
0.26078
-0.27611
0.09458
-0.61706
0.12831
-0.03134
-0.16325
0.43758
-0.17838
0.13814
-0.23517
0.23681
0.75226
0.33988
0.51529
0.38574
0.87078
0.14816
0.67695
0.13675
-0.11526
0.08841
0.73185
0.12480
-0.96003
0.61068
-0.02106
-0.25823
0.45164
-0.31845
-0.28184
0.08449
-0.02920
0.35200
0.11048
0.18493
0.18458
0.05364
-0.14452
-0.28718
0.11190
0.22463
-0.00242
0.88758
0.10248
0.40360
-0.13381
0.12308
0.08576
-0.40859
0.67419
0.16064
-0.55583
0.66401
-1.26756
-0.24699
0.33065
0.30483
-0.27613
0.05168
0.27917
0.19991
-0.10235
-0.06954
0.35215
-0.29230
0.05642
-0.62071
-0.04276
-0.66395
0.32161
-0.02631
0.36723
-0.56452
-0.16983
-0.17941
0.38311
0.18010
0.00783
-0.56150
0.19648
0.21968
0.12246
0.42162
-0.38637
-2.18425
0.35912
-0.07532
0.11414
0.50273
0.25104
-0.65847
0.76445
0.42577
0.19303
0.21467
0.04165
0.00287
-0.01192
0.02904
0.09436
0.32037
0.27499
-1.46697
0.69428
0.84136
-0.07915
0.54566
-0.05135
0.70756
-0.20374
0.18653
-0.23203
0.46636
-0.01648
-0.10415
-0.01664
0.58643
0.27638
0.17451
0.01568
0.03307
-0.16233
0.07439
-0.26864
0.36939
-0.14068
0.49962
0.63976
0.37300
-0.01380
0.23176
-0.17340
0.33355
-0.07349
0.48555
0.01112
0.16940
0.23445
0.75184
0.47376
0.57514
0.70046
0.11464
0.52358
0.43069
-0.08422
-0.63089
0.63318
-0.11642
0.13540
-0.41007
0.27611
0.13836
-0.05382
-0.74273
0.19476
-0.05248
0.55871
0.34952
0.35026
0.54009
0.15657
0.16462
0.20354
0.14792
0.49505
0.04320
-2.01772
-0.48394
0.13879
0.10625
0.39294
-0.21239
-0.21538
0.30957
0.50051
-0.10990
-0.51969
0.27268
0.46491
0.38783
0.21697
-0.19194
0.14910
0.58303
-0.40475
-0.27149
0.21809
-0.63629
0.15444
0.49198
0.59155
-0.17538
-0.00162
0.28088
0.01499
0.42578
0.26709
0.47937
-0.19219
0.17595
-0.27699
0.04894
0.55151
-0.74022
-0.33559
0.34239
-0.28597
0.56542
-0.20029
0.64355
0.48376
0.26426
0.07770
-0.28537
0.25441
-0.11647
-0.26529
0.06105
0.16739
0.75889
0.03019
-0.06086
-0.72354
0.18513
-0.05976
0.66685
-0.18128
0.09509
0.09017
-0.42543
0.16561
-1.27517
0.03263
0.48700
0.28324
0.45537
0.31204
0.84045
0.19103
-0.75216
0.36308
0.29210
0.74033
-0.20243
0.22079
-0.11697
0.26729
0.13031
-0.08693
0.44007
-0.32668
0.69942
0.12755
-0.06853
-0.59999
-0.04795
0.73597
-0.09288
-0.04704
-0.66529
0.17742
0.42534
-0.17052
-0.40927
0.39600
-0.09701
0.75396
0.09031
-0.09347
0.26250
0.38113
0.22353
0.57787
-0.16619
0.10406
0.37966
-0.02908
0.69703
0.50902
-0.56189
-0.27748
0.13633
0.00709
-0.36551
0.02245
0.52108
0.04699
-0.90318
0.09744
-0.15819
0.39735
-0.10396
-0.07445
-0.00686
-0.00740
-1.87799
0.10327
-0.21839
-0.50795
0.32943
0.30644
-0.20276
0.51659
0.26160
-0.00916
0.38958
-0.36052
-0.36249
0.60294
0.10726
0.56556
0.89431
0.59689
0.31400
0.29197
-0.75145
0.46835
-0.13409
-0.21784
-0.07895
0.25417
0.32438
-0.33301
-0.17236
0.20285
-0.06132
-0.66643
-0.47352
0.17630
0.30242
0.08890
0.19128
-0.15000
0.27358
-1.55712
-0.29875
-0.19250
0.22530
0.34335
0.67004
-0.28257
0.26571
0.14755
0.14463
-1.28491
-0.17950
0.22661
-0.21480
0.03080
0.43437
0.46542
-0.00392
0.84832
-0.10568
-0.32988
0.63131
0.16289
0.12239
-0.55370
0.54985
0.07749
-0.35155
0.04172
0.24751
-0.34443
0.26600
0.46959
-0.10763
-0.45364
0.34855
0.12600
0.12179
-0.36112
-0.64632
-0.27816
0.07342
-0.38750
-0.53807
-0.26769
0.12347
-0.09315
0.18446
0.64582
-0.04207
-0.08049
-0.49210
-0.23793
-0.02579
0.49585
-0.05757
0.47302
-1.06373
-0.20633
0.54971
0.21393
0.12559
-0.19961
-0.35807
-0.06965
-0.08233
0.15666
0.65278
-0.26490
-0.58966
-0.14131
0.66465
0.35248
0.26348
0.23885
0.13391
-0.08665
0.68434
0.66015
-0.22624
-0.30996
-0.80931
-0.36992
-1.13213
-0.47964
-0.05578
-0.03634
0.03366
-0.16143
0.44950
0.02043
0.16994
0.04683
0.62501
0.27063
-0.00040
0.30703
-0.29742
-0.84045
-0.02349
-0.38276
0.74362
-0.41918
0.57278
-0.19655
-0.27440
0.57467
0.30165
0.41524
-0.19117
0.42514
0.07398
-0.61653
0.14695
-0.57003
-0.16455
0.07327
0.24180
0.62694
-0.13576
-0.14185
0.14944
0.45951
-0.14121
-0.32259
0.18276
-1.02397
0.01621
0.17676
-0.24517
0.04509
-0.38641
0.32218
-0.20449
0.48715
0.45836
0.41945
-0.35511
-0.20326
0.13350
-0.32943
-0.93168
0.15422
0.49017
0.00256
0.39529
0.55844
-0.07006
0.49774
-0.05767
0.55353
-0.10132
-0.33251
0.59122
0.03929
0.09633
-0.39568
0.51400
0.15139
0.18872
0.17619
-0.22822
-0.77177
-0.15125
0.32142
-0.23602
0.61928
0.06569
-0.11307
-0.71810
0.20392
0.82426
-0.40620
0.65906
0.64236
0.00482
0.58422
0.47448
0.38551
0.12329
0.21649
0.25600
-0.63384
-0.64595
0.00909
-0.05054
-0.00453
-0.99765
-0.04180
-0.69477
0.50477
0.10095
-0.12777
0.12452
0.34891
0.58456
-0.17834
0.65354
0.61193
0.22850
0.30171
0.36216
0.16667
-0.21260
-0.38663
0.33579
-0.06559
0.39141
0.31507
0.18912
0.12265
0.36515
-0.57272
0.47473
0.27106
0.38117
0.62048
0.41027
-0.61759
0.06573
0.39215
0.31719
0.00425
0.83116
0.24323
-0.59440
-0.06161
-0.99951
0.00779
0.17353
-0.01028
0.07195
0.45039
0.02950
-0.47452
0.46745
-0.11684
0.53289
0.09726
-0.12750
0.59378
-0.07082
-1.05496
0.03681
-0.09530
0.38788
-0.03618
0.45896
0.52036
0.54150
0.45716
-0.74643
-0.64511
0.45955
0.07076
0.28931
-0.12176
-0.05712
-0.26100
-0.12455
-0.22639
-0.21633
0.33253
0.05845
0.37216
0.23054
-0.27243
-0.00387
0.05211
0.47629
-0.13947
-0.17814
0.15177
0.23508
0.69720
-0.16736
0.08519
-0.13105
0.55041
0.32682
-0.17781
-0.09904
0.71685
0.20666
0.23489
0.18561
-0.29002
-0.06190
-0.26064
0.11041
0.67762
-0.08208
0.61471
-0.31227
0.52361
0.42866
0.14414
0.13183
-0.52872
-0.25387
0.20700
-0.60514
0.24385
0.10368
-0.68744
0.06231
-1.45514
-0.04197
-0.18112
0.19015
0.45786
0.15620
0.08727
0.21533
-0.27215
-0.22857
0.23174
0.70094
0.05031
-0.44869
-0.37693
0.46263
-0.28464
-0.41515
0.24499
-1.19881
0.35090
0.45961
-0.01165
-0.06366
0.44409
0.11152
0.50273
0.00323
-0.18053
0.08794
-0.13290
0.32255
0.59428
-0.06518
0.40917
-0.41578
-0.43040
0.35789
0.33107
-0.11633
0.14488
0.06314
-0.46790
-0.03215
-0.11462
-0.28926
0.10751
0.19653
0.55636
0.27812
0.10994
0.27367
0.17217
0.12944
0.26962
0.13624
0.37801
0.43457
0.18064
0.05274
0.08037
-0.03647
-0.02789
0.57161
-0.23998
0.51895
0.41518
-0.99647
0.49005
0.04485
-0.03924
0.08004
0.26106
-0.27786
0.31699
0.39586
-0.18450
-0.12524
-0.93886
0.00932
0.40998
0.70921
-0.06779
0.41161
0.32780
-0.71585
0.58760
-0.25003
-0.68958
0.37829
0.66168
0.21610
0.02401
-0.31576
-0.12620
0.43258
0.78073
0.26462
-0.27092
-0.14243
0.13026
0.59542
-0.85493
-0.24089
0.51851
-0.44831
0.05079
-0.04040
-0.32623
0.21795
-0.56105
0.22041
-0.38068
-0.04379
0.34758
-0.18610
-0.61549
0.67591
-0.19769
-0.31507
-0.27592
0.05988
0.20126
-0.18335
0.51764
-0.16846
0.64620
-0.46194
-1.20580
0.36230
0.59672
0.26958
0.07171
0.38870
0.65309
-0.11366
-0.20819
-0.11189
0.11266
0.59808
0.36672
0.23742
0.21127
0.27139
0.60421
-1.15335
0.18610
-0.17475
0.18571
0.32235
0.38902
0.23516
0.00867
-0.15082
0.13699
0.24554
0.22183
-0.07324
0.12530
-0.95927
0.25454
0.26383
0.20935
-1.07941
0.84087
-0.47725
0.01620
-0.07656
0.01851
0.21277
-0.13743
0.06607
0.71865
-0.21435
-0.84661
-1.44371
0.10453
0.02950
0.15735
0.36437
0.58337
-0.26124
0.06462
0.52674
0.10712
-0.42497
-0.03018
0.25179
0.20340
0.63840
-0.48702
0.42472
0.47673
0.39164
0.46250
0.06820
-0.25096
-0.64044
0.30900
0.58888
0.70921
-0.41275
0.20063
0.07508
0.51934
-0.10662
0.21754
0.68626
0.16660
-0.47624
0.09924
-0.10240
0.50125
-0.00104
0.60366
-0.55632
0.43792
-0.41976
0.56216
0.40883
0.40759
0.18219
0.09976
-0.84181
-0.09187
-0.55143
-0.45790
0.23274
0.31165
0.81069
-0.06365
0.03190
-0.22346
-0.14541
-0.06743
-0.36001
0.58133
0.22507
0.00057
-0.26774
-1.07690
-0.04371
0.29631
0.39578
0.66228
-0.19426
-0.13711
0.52451
0.28520
-0.09455
0.57106
-0.13616
-0.34867
-0.72055
-0.43021
0.08072
0.21748
0.28250
0.06966
-0.00502
0.70641
0.35672
0.18702
0.60055
-0.06387
0.77946
0.04484
0.19876
-0.07877
-0.43957
0.24196
-0.81401
-0.56947
0.01841
0.32553
0.01180
0.06238
-0.64943
0.09285
-0.04898
0.06373
0.09532
0.17007
0.12286
0.19513
0.07765
0.16956
0.18577
0.00868
0.09611
0.05294
0.07527
0.14241
0.11715
0.01563
0.17077
0.12147
0.02201
0.04128
0.01668
0.00327
0.03611
0.19504
0.18310
0.04458
0.13299
0.18515
0.02380
0.14537
0.08579
0.02605
0.00984
0.18695
0.07990
0.02517
0.03991
0.03115
0.01377
0.01842
0.19857
0.03646
0.08433
0.12620
0.18661
0.20605
0.10877
0.05184
0.02517
0.18983
0.00888
0.19934
0.04006
0.06834
0.20739
0.11088
0.12962
0.12271
0.10150
0.05067
0.17622
0.15271
0.01274
0.16354
0.10498
0.04736
0.17485
0.11359
0.12127
0.05974
0.20709
0.09453
0.16389
0.15886
0.01244
0.20583
0.05859
0.11056
0.11699
0.14028
0.14838
0.11792
0.10741
0.20888
0.09468
0.08032
0.11798
0.01056
0.09700
0.08310
0.19190
0.02705
0.02412
0.04190
0.02275
0.01380
0.02030
0.14887
0.05294
0.18181
0.13984
0.05713
0.03509
0.04733
0.14843
0.01571
0.11753
0.17384
0.10168
0.03773
0.11210
0.00211
0.06753
0.12615
0.05145
0.20822
0.10300
0.05840
0.02234
0.16530
0.17710
0.03432
0.07172
0.05768
0.06647
0.00781
0.13710
0.11527
0.06525
0.07340
0.08354
0.02927
0.00693
0.10124
0.12821
-0.00842
0.07430
0.03785
0.02883
0.17695
-0.09153
0.05861
0.09733
0.25013
-0.18324
0.29930
-0.16558
0.17247
-1.14085
-1.00542
0.39280
0.11717
0.59232
0.67211
-0.12111
-0.53263
0.53099
0.12685
0.35285
-0.25411
-0.12694
0.75132
-0.40343
-0.27157
0.17395
-0.22041
-0.20068
0.03768
0.20597
0.77202
-0.22752
0.83636
-0.07609
0.28337
-0.73808
0.60019
0.49626
-0.73100
-0.51145
0.18046
0.03555
0.33900
-0.31542
0.66152
0.49562
0.72163
0.04902
-0.09559
-0.49243
0.58983
0.30733
-0.12614
0.80564
-0.27987
-0.23065
0.20705
-0.78572
0.55429
0.60625
1.47194
0.47016
-0.21604
0.53631
0.04343
-0.42225
0.02057
0.12155
-0.78923
0.20998
0.15803
-0.27734
-0.30691
0.15705
0.45564
0.04572
-0.09841
0.05201
0.39220
0.44794
-0.10835
-0.55103
-0.25375
0.23194
-0.29270
-0.25741
0.58534
0.62890
0.32201
0.86978
0.57687
-0.60630
-1.14277
0.19345
0.59233
0.21549
-0.27981
0.84657
0.13933
0.58553
-0.58758
-0.24376
0.50344
0.44021
0.18984
-1.27450
0.23690
0.33335
-0.80476
0.47545
0.63316
-0.63633
-0.04258
-0.04008
-0.30858
-0.00613
-0.41825
-0.87912
0.84681
-0.32617
0.27002
0.34235
-0.04104
0.05653
0.44881
0.27265
0.10202
-0.28612
0.56440
-0.61135
-0.30851
0.23340
-0.09440
0.06427
0.59066
0.03639
0.53500
0.54218
-0.53957
0.70039
0.09071
-0.14255
0.27888
0.54317
-0.34774
-0.33352
-0.08358
-0.21909
0.59424
-0.00704
-0.09204
0.56772
0.59988
-0.30045
0.33845
0.40969
-0.55773
0.59606
0.52567
-0.47868
-0.50457
-0.75760
-0.17514
-0.50733
0.57661
-1.14612
0.11981
0.55308
-0.85176
0.21623
0.42054
0.53140
-0.24091
-1.42313
-0.06593
0.45046
0.36805
0.73665
0.87191
0.14533
-0.12113
0.21622
0.35862
-0.27554
-0.25438
-0.01350
0.65500
0.18999
0.39613
-0.42055
0.01897
0.34229
0.13036
0.55780
-0.01861
0.11346
-0.15809
-0.48278
0.32239
-0.29298
0.08668
-0.13930
0.05151
-0.07753
0.30896
-0.05798
-0.02021
0.38966
0.05062
-0.11033
-0.28164
0.60402
-0.69994
-0.66420
0.21536
0.26650
0.75050
-0.45298
0.28758
-0.50005
0.03635
0.04801
-0.06322
-0.23798
0.08891
-0.66491
-0.63114
-0.03149
-0.21408
-0.11437
0.46030
-0.33195
-0.17665
-0.04525
-0.05080
-0.07777
-0.22317
-0.24553
0.12915
0.07057
-0.06911
-0.15003
0.01570
-0.12994
-0.33586
-0.22075
0.31814
-0.04052
0.13853
0.03799
-1.16097
-0.52277
-0.11913
-0.52111
-0.03612
-0.18115
0.42402
-0.22411
0.24314
-0.29988
-0.26607
0.45576
0.04386
-0.90597
0.31248
0.50227
-0.55426
0.15282
-0.33323
-0.42685
-0.22200
0.18899
0.63800
-0.14539
0.02978
0.34328
0.23514
0.24690
0.26777
0.23323
0.10416
-0.32320
0.40363
0.44823
0.39974
-0.72103
0.69787
-0.00529
0.19784
-0.17410
0.34771
0.50125
0.41354
0.28545
0.04333
0.54556
0.81565
0.14819
-0.06109
0.55150
0.72324
-0.21685
0.40241
1.86702
0.37218
-0.56200
0.34794
-0.41051
-1.60206
-0.35892
-1.77782
-0.47977
0.68040
0.68171
-0.14130
-0.13573
0.22277
-0.46247
-0.67237
0.53908
0.21809
-0.18032
0.60944
0.04163
0.27231
-0.58443
0.18069
0.06165
0.49590
-0.13986
-0.18909
0.17837
0.40588
0.39947
0.01406
-1.58206
-0.28865
0.17320
-1.00755
0.27605
-0.46238
0.36446
-0.32791
0.17362
0.02603
-0.44887
0.40604
0.42406
-0.58637
0.32360
-0.39583
0.68109
0.49767
-0.03719
0.29152
0.29232
-0.03710
-0.03425
0.03558
0.15647
0.25320
-0.41973
-0.02199
0.47936
-1.04723
-0.57022
-0.56858
-0.03109
-0.56799
-0.77876
-0.00257
-0.37335
-0.82782
0.20392
0.45701
0.11063
0.67472
0.02607
0.10430
0.44645
0.10887
0.18750
0.80988
0.35679
0.53996
0.20969
-0.30050
-0.69378
0.56792
0.25487
-0.53815
0.34663
-1.06390
-0.22727
0.77482
0.37977
-0.23956
0.60032
0.91421
-0.56682
0.32774
-0.36620
0.13252
-0.43366
0.26436
-0.36004
-0.76866
0.21771
0.35873
-0.05775
0.19564
-0.39247
0.22542
-0.04657
0.20128
0.37146
-0.41132
0.23083
-0.01812
0.17102
-0.03743
-0.39479
-0.07000
0.08450
-0.67727
-0.03771
0.29159
-0.07515
-0.20982
0.55886
0.11813
0.03526
-0.64354
-0.05948
0.56204
-0.47824
-0.60072
0.22519
0.18213
0.65639
-0.20700
0.37718
0.14147
0.50372
-0.89208
0.27242
-0.00106
0.77831
0.59343
0.49022
-0.73040
0.05680
-0.02952
0.14368
0.22203
-0.04684
0.18923
-0.84115
0.35911
0.41361
0.09927
-0.07875
0.58519
0.02341
0.09419
-0.44693
0.27293
0.60945
-0.18632
0.25998
-0.01523
0.10819
-0.42565
-0.70849
-0.37024
-0.07995
-0.16857
0.08818
-0.32805
-0.10875
0.17817
-0.35398
-0.27557
0.07831
0.25754
0.22970
0.32790
-0.46692
-0.03182
-0.67527
-0.51543
0.54864
-0.08751
-0.71052
0.39705
0.19962
0.69257
0.24855
-0.37041
0.27318
-0.20544
0.19905
0.31560
0.25372
0.47865
-0.08981
-1.21097
0.15212
0.73747
0.45527
0.04872
-0.11499
-0.54799
0.55146
-0.53626
-0.02023
-0.15214
0.55822
0.07533
-0.53990
-0.50717
0.18245
-0.16927
-0.73090
0.28274
0.39342
0.00055
0.34869
0.62986
-0.01902
-0.15203
-0.11816
0.22804
0.11471
-0.71655
-0.06584
0.47976
-0.11691
-0.49330
0.48072
-0.10776
0.23408
-0.28659
0.57256
0.68547
0.31174
0.48367
0.25039
0.16134
-0.94460
-0.30425
0.24520
0.50905
0.71897
-0.18501
-0.67858
-0.17127
-0.13415
-0.25179
-0.61024
0.42523
-0.31531
-0.08745
-0.08444
-0.20771
-0.31406
-0.90372
-0.94357
0.01370
-0.01450
-0.31658
-0.71885
-0.92569
0.01095
-0.68374
0.07609
-0.38515
-0.70092
0.06306
-0.46628
0.14381
0.10319
0.02915
0.07869
0.01360
-0.57460
-0.15291
0.46553
-0.13790
0.44358
0.23588
0.05290
0.48504
0.09543
0.04631
0.33793
0.44190
-0.15949
0.06216
0.02423
0.31174
0.18487
0.39640
0.21606
0.40916
0.25606
0.17515
0.09923
-0.45749
-0.20564
0.21619
-0.50516
0.40625
0.24567
-0.01591
0.38953
0.46696
0.66661
0.32093
-0.06803
-0.30090
0.08933
0.40065
0.11213
0.08265
0.01211
0.18235
0.38922
-0.03508
-0.13623
-0.21461
-0.40476
0.31280
-1.37233
-0.13487
0.46706
0.49579
0.49207
0.31793
0.22140
0.28629
0.19810
-0.48000
0.26633
0.10543
0.19061
-0.06444
-0.25947
-0.26037
0.37552
0.13640
0.15359
-0.04226
-0.38210
0.28454
-0.69293
-0.17846
-0.17499
-0.58523
-0.41576
-0.42188
0.22345
0.08891
-0.14397
0.25467
-0.40848
-0.71946
-0.70377
0.68381
-0.88461
-0.58314
-1.11494
-0.36199
-0.42329
-0.91666
0.36244
-0.14931
-0.89945
0.00611
-1.23389
-0.75923
0.36482
0.76400
0.51698
0.00530
0.14348
-0.72142
-0.21061
-0.27285
-0.24958
0.24218
0.13186
0.12190
-0.15601
-0.27645
0.30927
0.11396
-0.62354
-0.97703
-0.93391
-0.25405
-0.07701
-1.18065
-0.38667
0.37625
-0.83849
0.49368
0.29974
0.08376
0.15035
-0.86004
-1.60766
-0.16340
-0.16899
0.75764
-0.66494
-0.65694
-0.24608
-0.22382
-1.12019
-0.62350
-0.28968
-0.26611
-0.04567
-0.24790
-0.90537
-0.47803
0.33199
-1.47199
-0.21094
-0.01480
0.02462
0.12066
-1.14784
0.54347
-0.35451
-0.59736
-0.48410
0.60612
-0.40631
0.15382
0.13719
-0.52887
-0.77322
-0.28417
0.19831
0.53467
0.46450
0.30476
0.08621
0.35177
0.50046
-0.83638
-0.57630
-0.17657
-0.53148
-0.81507
0.03980
-0.11339
-0.35935
-1.03179
-0.08787
0.33880
-0.14673
0.29230
0.19590
-0.03781
-0.12008
-0.10747
0.20887
-0.43484
0.30125
0.51575
0.48672
0.10072
-0.12613
-0.06490
-0.44290
-0.16502
0.48909
0.57755
0.05472
-0.68574
0.22246
0.65581
-0.41614
0.34550
-0.51381
0.37541
0.53949
-0.39798
-0.63792
0.68742
-0.51053
0.30462
-0.61731
0.08264
0.47561
-0.60472
0.21006
0.48880
0.48780
0.42440
-0.12511
-0.99052
0.21758
0.40211
-0.93047
0.55596
0.74500
-0.07539
-0.79971
0.39185
-0.03754
0.27158
0.31544
-0.08143
0.43428
-0.32925
0.77327
0.12328
0.03719
-0.36150
0.48316
0.15674
0.18413
-0.64023
1.02475
0.24805
0.15084
-0.07672
0.48677
-0.18919
-0.58173
-1.00258
0.15535
-0.43584
0.76597
-0.14218
0.59273
0.47839
-0.14053
-0.60823
0.32017
-0.56492
-0.62858
-0.14266
-0.18101
0.05986
-0.93217
-0.10015
-0.07831
-0.67394
0.73420
0.01502
0.54156
0.99174
-0.50543
-0.27005
0.88372
0.20597
0.21983
-0.34732
-0.20292
-0.25292
0.19044
0.07532
-0.03957
-0.08933
-0.48263
-0.08836
-0.52106
0.07276
-0.41739
-0.44669
0.01491
-0.88024
0.16312
0.27506
0.20260
-0.13935
0.27713
0.02469
-0.10943
0.29808
-0.43742
0.08367
-0.66217
0.47077
-0.84574
-0.93310
-0.81703
-0.22891
-0.04005
-0.23911
-0.07550
-0.27230
-0.49733
-0.27816
-1.10561
-1.22282
-1.10675
0.36788
0.36730
-0.25561
0.31333
0.39005
-0.47953
0.12254
-0.33207
-0.61540
-0.45092
-0.23088
-0.30580
0.68022
-0.22166
-0.03323
-1.16773
0.10784
-0.13182
-0.68147
0.02293
-0.09786
-0.11105
0.06904
0.03079
0.04513
-0.43402
-0.03041
0.16428
-0.46461
0.08289
0.40405
-0.18286
-0.76500
-0.24708
0.35545
0.13959
-0.79471
-0.20275
0.01741
-0.54544
-0.31877
-0.82453
-0.06540
0.13406
0.15440
-1.39096
-0.38017
-0.46249
0.04275
-1.29042
0.34483
-0.15519
-0.77657
-0.19200
-0.22579
0.39789
0.12209
0.49090
0.21921
-1.44136
-0.15254
-0.50914
-0.02460
-1.04094
-0.25009
0.14432
-0.05005
-0.02088
-0.02106
0.59948
-0.44010
0.04586
0.34932
-0.33147
-0.61657
-0.91756
-0.89501
0.00490
0.08673
0.06582
0.46420
-0.44454
0.21603
0.04269
0.05592
0.14311
-0.10946
-0.44981
0.50767
0.24642
-0.50182
-0.26424
0.15677
0.30830
-0.13643
0.39751
-1.14924
0.16507
0.40677
-0.35745
0.31276
0.20081
0.65888
-0.77212
0.93894
0.58844
-0.17660
-0.71389
0.49725
-0.13479
0.09290
-0.15812
0.34985
0.03039
-0.21012
-0.07286
-0.59077
0.40932
-0.56905
0.67893
0.16678
0.33536
-0.18631
0.39626
0.17279
0.45482
0.42164
0.04323
-0.99812
0.53568
-0.02240
0.33437
-0.09233
-0.59038
0.07419
-0.25621
-0.30902
0.35207
-0.44419
0.34295
-0.45973
0.20526
0.55783
0.57837
0.31484
-0.41633
0.00179
-1.09691
-0.71278
0.45070
0.31643
0.46081
0.08082
0.14691
0.41899
0.20518
-0.26233
0.02344
-0.37409
-0.01547
-0.72612
-0.40943
0.77140
0.01843
-0.49639
0.63439
0.51046
0.23972
0.26857
0.72188
0.49358
-1.28309
-0.53989
0.26646
-0.62596
-0.81794
-0.48935
-0.08206
0.11174
-0.29925
-0.05345
-0.20539
0.41181
-0.18866
0.01463
-0.14053
0.37738
-0.34220
0.18646
0.48402
-0.51085
-0.31977
-0.47714
-0.12738
0.35637
-0.22936
0.10842
0.02683
0.22863
-0.22992
0.13853
-0.35014
-0.30608
0.13720
0.03064
0.51754
0.50993
0.07738
-0.39601
0.83963
-0.15360
0.24734
-0.58911
-0.64392
-0.80257
-0.54684
0.93479
0.47204
-0.75895
-0.19446
-0.18038
0.18950
0.50302
0.03428
0.49025
-0.26418
0.23182
0.85000
-1.25475
0.24926
0.46806
-0.66018
0.26439
0.38989
0.61460
0.46810
0.83933
-0.04305
0.59461
0.53775
-0.02200
0.00271
0.12474
0.48227
-0.61706
-0.01750
-0.76267
0.30955
0.36185
-0.01841
-0.32748
0.10029
0.31667
0.47445
-1.42217
0.27065
-0.12538
-0.04327
0.03375
0.42811
-1.18037
0.11804
-0.79770
0.17187
0.19851
0.39115
-0.19702
0.00300
-1.48395
-0.37230
-0.04994
0.33208
0.04468
-0.03562
0.17057
0.16373
0.14026
0.48038
-0.84980
-1.37351
-0.47732
-0.54048
-0.30290
-0.70973
-0.55762
0.50562
-0.18318
-0.23629
-0.66112
0.90434
-0.19125
0.35558
-0.43908
-1.13526
-0.56796
0.02420
0.11791
0.48919
-0.06373
-0.20237
-0.00532
-0.29422
-0.15860
-0.06387
0.44546
0.40289
-0.34833
-0.43290
-0.41263
0.20380
-0.25182
-0.36777
-1.18830
-1.47577
0.32451
0.22862
0.26733
-0.62413
0.30466
0.10667
-0.10883
0.22376
0.02559
-1.22995
0.41883
-0.66473
0.39962
0.19517
-0.27760
-0.02381
-0.52415
-0.06818
-0.23044
0.38325
0.45897
-0.00917
0.29841
0.39098
-0.27991
0.38843
-0.50235
-0.34099
0.13710
-0.32559
0.19216
-0.69533
0.12513
0.32621
0.31485
-0.29679
-1.20856
-0.69576
0.56181
-0.76578
-0.68370
-0.48060
0.51387
-0.60825
-0.48043
-0.69748
-0.27818
0.56019
0.44245
0.02984
-0.59152
-0.98171
-0.34382
-0.27875
0.13629
0.05739
0.35535
0.34149
0.42415
-0.33179
-1.46726
-0.07841
-0.44780
0.31367
-1.49212
0.43650
-0.08402
-0.00629
0.44491
0.49987
-0.31126
0.08767
-0.09762
-0.33515
-0.38499
0.03397
-0.90793
-0.23311
0.02192
-1.09901
0.19789
-0.21179
-0.15680
-0.08704
0.37151
-0.18378
-0.02970
-0.68665
-0.11950
0.06629
-0.18831
0.23540
0.06551
-0.00397
-1.06406
0.54087
-0.53626
0.54003
0.45794
-0.04996
-1.44624
-0.42186
-1.25057
0.33288
0.46731
-1.30928
0.50384
0.31029
0.54249
0.04717
0.05794
-0.90221
0.16953
0.58755
-0.75436
-0.54994
0.21392
0.15052
-0.02928
-0.05576
-0.15826
0.29090
-0.01681
-0.17528
0.52829
-0.39580
0.38923
-0.37724
0.44529
-0.11457
0.43590
0.36917
0.34695
-0.38917
0.03925
-0.09828
0.02387
0.01810
0.18862
-0.01586
0.01096
0.44240
-0.40021
0.35314
0.01888
-0.39879
0.51255
0.38423
-0.39936
0.39728
0.54432
-1.66695
0.65486
0.52313
0.27885
0.36533
0.24913
0.30949
0.68021
0.66511
-0.05001
-0.01867
-0.40131
0.60888
-0.79933
0.35566
0.31380
-0.09944
-0.05894
0.26660
-0.54693
0.31866
-0.02537
0.67400
0.26948
-0.39204
-0.79165
-0.06269
-1.16617
0.24820
-0.79011
0.36508
0.36626
0.21409
-0.09093
-0.03822
-0.13093
-0.44935
0.34970
0.56377
-1.89134
-0.43354
0.26138
-0.00333
-0.38207
0.06858
-0.02884
-0.02231
-0.28085
0.65825
0.60071
-0.06743
0.26227
0.13513
-0.03976
-0.04979
-0.65381
0.20883
0.00008
0.32857
-0.05771
0.63533
-0.27576
-0.61370
0.68592
0.24151
0.02836
-0.62071
-0.07453
-0.01300
-0.86540
0.19869
-0.12272
0.76620
0.10378
-0.44414
-1.14990
-0.06180
-0.26360
0.58212
-0.82783
-1.16640
-0.37552
0.52579
-0.53887
0.80766
0.13709
-0.21287
0.36572
-0.48652
0.72953
-0.12062
0.01485
0.53188
-0.07920
-1.26877
0.60340
-0.20291
-0.41298
-0.63953
0.52630
-1.36170
-0.42107
0.39114
0.19235
0.50915
-1.05307
0.45566
0.44154
0.50217
0.33106
-0.58862
0.36511
0.03121
0.36383
-0.48686
0.60983
0.16283
0.26909
-0.85355
0.18090
-0.47379
0.56049
0.36647
-0.40878
0.42737
-0.22964
0.40364
-0.22954
0.28488
-0.28756
-0.27985
-0.71684
0.29869
0.37404
0.08759
-0.88827
-0.06828
-0.80435
0.53198
0.28816
-0.61019
0.13342
0.67642
-1.31024
-0.08372
0.17733
0.13687
0.36781
0.09961
0.39871
0.57242
-0.02191
-0.08636
0.13990
-0.01216
-0.50482
0.11839
-1.12933
0.07879
0.67507
0.39445
0.39520
0.37977
0.09742
0.53866
-0.16053
-0.11937
0.29481
0.29884
0.39712
0.39592
-0.09299
0.47960
0.59259
-1.64673
-0.23966
0.18927
0.26766
-0.08396
0.14834
0.52328
-0.20160
-0.67618
0.14733
0.23684
-0.03172
-1.09527
0.28467
-0.24806
0.23554
-0.29304
-0.23916
-0.03976
0.12010
0.21814
-1.59267
0.36587
0.47448
0.00456
-0.02860
-1.12306
-0.09532
0.18545
0.23706
0.24583
-0.06825
0.15364
0.37568
0.24816
0.30807
0.19936
-1.08515
0.24443
-0.15149
0.16388
-1.13061
0.10037
-0.20010
-0.74488
-0.03809
0.13107
-0.22302
-0.58573
0.16552
0.43710
0.51485
0.11083
0.49704
-0.20624
0.63777
0.36252
0.16790
0.10834
-0.13186
-1.62688
0.52220
-0.28505
-0.65759
0.15452
0.23049
0.14246
-0.88122
0.16915
0.17211
-0.30391
0.09672
-0.41113
-0.19932
-0.52105
-0.23876
0.45143
-0.89487
0.09341
-0.16646
-0.19784
0.21460
-0.06255
-0.54766
-0.87354
-0.18270
-0.87543
-0.05916
-0.49416
-0.07451
-0.24004
-0.20432
0.43427
0.75913
-0.20770
0.18529
-0.51629
0.82494
-0.14440
0.12518
0.16416
-0.74010
-0.31677
-0.48282
-0.55166
-0.57373
-0.49896
-0.17539
0.33043
-0.10840
0.18830
0.15389
-0.11365
0.46438
0.16197
-0.49752
-0.58940
0.64428
0.28385
-1.07817
0.31141
0.64465
-0.99017
0.47534
-0.49991
0.54665
-0.56344
0.53872
0.52076
-0.74694
0.49383
0.51822
0.49389
-0.13676
0.56523
0.18862
-0.05068
0.12879
0.52324
0.10480
0.40794
-0.16456
-0.20618
0.39429
0.16187
-0.18286
0.11665
-0.15812
0.46275
-0.19057
0.19325
0.06425
0.34329
-0.00079
-0.01788
-0.13394
-0.10354
0.47684
-0.07989
0.17250
0.48610
-0.17073
-0.12462
0.23602
-0.10598
-0.14264
-0.30887
-0.05872
0.16668
-0.11342
-0.04482
0.17782
-0.43929
-0.66666
0.10338
0.39027
-1.65657
-0.48263
0.37932
0.07573
-0.09571
0.13364
-0.04075
-0.02892
0.42915
-0.93512
0.30308
0.27885
0.26463
-1.29380
0.62656
0.72494
-0.08865
-0.81491
-0.35518
0.74206
-0.10042
0.53994
0.46253
0.54552
0.46530
0.07585
-0.00136
0.37917
0.47662
0.14532
0.23469
0.02163
0.56197
0.53441
0.46813
0.62810
0.51133
-0.74522
0.54275
0.33695
0.47624
-0.22738
0.11899
0.86736
-0.21178
0.16777
0.11543
-0.56507
-0.16244
0.15678
-0.17968
0.45754
0.47470
-0.23855
0.09051
-0.56695
0.13627
0.19796
-0.18265
-0.19408
-0.13541
-0.18882
-0.16651
-0.15750
-0.20135
0.19545
0.08333
-0.23133
-0.48312
-1.31474
0.15177
0.17160
0.15061
0.16205
-0.17510
0.32768
-0.57519
0.31859
0.12255
-0.31153
-0.29603
0.03544
0.06725
0.56409
0.31349
-0.20567
0.10780
-0.98362
-1.01948
-0.73939
-0.12645
-0.32246
-0.66414
0.26657
-0.54507
-0.59408
0.02772
0.16450
-0.79813
0.62828
-0.38004
-0.54268
0.48679
-0.76548
0.81907
-0.26250
-0.60171
-0.21798
-0.18594
-0.19187
0.51351
-0.66610
0.06719
-0.01202
-0.13851
-0.42494
-0.75090
0.43453
0.32381
0.43813
0.13778
0.32275
0.08208
0.08916
0.02834
-0.17632
0.35704
0.31824
0.25458
0.45585
0.05843
0.04706
-0.09715
-0.02337
0.45248
0.22068
0.00676
-0.71986
0.18254
-0.69997
-0.25107
-0.80079
0.29924
-0.62957
0.30560
-0.39298
-0.60640
0.64555
0.47201
0.28595
0.20128
-0.51749
0.55319
0.37022
-0.01715
0.48979
-0.01163
0.24927
0.38786
-0.41400
0.26297
-0.14201
-0.51701
0.44422
0.00139
0.44721
0.28078
0.41875
0.17452
0.25119
0.40498
-0.22762
0.27898
-0.07589
0.50291
-0.68364
-0.41261
0.00734
-0.39923
-0.79418
-0.09948
0.35654
0.46213
-0.09529
-0.16041
0.43459
-1.04826
-0.03536
0.32514
-0.59325
0.28370
0.00496
0.43665
0.02808
-0.29510
-0.33088
-0.01768
-0.14581
