0.36979
-0.79377
-0.15547
-0.55464
0.53865
0.16234
-0.54440
0.69571
0.06821
0.28108
-0.07653
-0.15820
-0.08189
0.44746
0.10638
-0.40483
0.23505
0.17614
-0.24619
0.60336
0.66579
-0.05407
0.19533
-0.04312
-0.07811
-0.74868
-0.25820
-0.11658
-0.64860
-0.01204
0.15531
-0.33089
0.15648
-0.32021
0.73509
0.71958
-1.07489
0.37594
-0.51672
0.39597
0.08786
-0.48470
0.09209
-0.56378
0.42860
0.49772
0.43512
0.45067
0.44953
-0.30618
0.40516
0.40753
0.62113
0.30803
-0.52084
-0.73161
-1.16178
0.22392
-0.15103
-0.34848
0.02700
0.39510
0.27165
-0.17657
0.21388
0.06603
0.89848
-0.15468
0.45394
0.41428
0.54296
0.10977
-0.44576
-0.05720
0.37252
-0.27307
-0.26101
-0.34616
0.13160
-0.26832
-0.07314
-0.01398
0.55525
0.81028
0.81274
-0.60198
0.28184
0.54382
0.20692
0.01456
-0.17892
-0.15297
-0.06398
0.30606
-0.11816
-0.09412
0.18522
-0.14000
0.01387
0.41999
0.24225
0.04635
-0.14427
-0.06312
-0.26819
0.27836
0.44488
0.43300
0.23329
-1.04760
-0.60905
-0.41131
-0.29760
0.18459
0.17731
0.11997
-0.05627
0.15670
0.38853
0.20664
-0.69151
-0.46936
-0.62461
0.52868
0.08847
-0.37995
-0.50580
0.68954
-0.15040
0.29155
0.42646
-0.13469
-0.04073
0.26404
0.50897
0.17681
-0.06978
0.32489
-0.01198
0.40637
-0.06538
0.06891
0.18227
-0.45568
0.11514
-0.27180
0.30617
0.19455
0.11916
0.07562
-0.29582
0.18772
0.34281
-0.54067
-0.46650
0.28574
0.65517
-0.66469
0.36804
0.07287
-0.63594
0.19875
0.17818
-0.25889
-0.25557
0.33874
0.16181
0.00091
-0.38746
0.76900
0.91981
0.56606
-0.65646
-0.18488
-0.72050
-0.76608
-0.48994
0.16040
-0.20977
-0.54640
-0.04683
0.44164
0.72005
0.27407
-0.16931
-0.06173
0.59213
-0.19480
0.48091
0.18291
0.01529
0.53363
-0.65251
0.19950
-0.25214
0.38748
-0.64570
0.44720
0.27769
-0.30317
-0.87098
0.87944
0.36593
0.29095
-0.22685
0.12716
-0.11043
0.40697
-0.56821
0.00594
0.27781
0.24760
-0.11031
-0.14210
0.40467
-0.59760
0.18457
0.32419
-0.02873
-0.10163
-0.04471
0.36190
0.17633
0.44293
0.62837
-0.12000
0.34345
-1.07511
-0.38025
-0.32163
-0.22633
-0.10533
-0.36907
-0.50774
0.21433
-0.07201
-0.27712
0.50642
0.54714
0.06180
-0.04595
0.18528
0.15030
-0.36283
0.10803
-0.42529
-0.33252
-0.27321
0.24123
-0.41260
-0.06046
0.15716
0.17222
-0.68892
0.42002
-0.43400
-0.33251
-0.06744
0.08058
0.46845
-0.26330
-0.27421
0.44444
0.23899
-0.61626
-0.16937
-0.29830
-0.15598
-0.39590
-0.12541
0.10935
0.81854
-0.06755
0.29117
0.42623
0.58281
-0.01226
-0.85228
-0.06621
0.14232
0.61806
0.24207
0.61434
0.58344
0.30429
-0.40190
-0.36988
-0.07715
0.12795
0.49571
0.04127
-0.34925
-0.58250
-0.28727
-0.41731
0.10634
0.28555
-0.41995
0.29563
-0.08798
-0.55787
-0.61637
-0.53965
-0.30278
-0.21935
-0.23644
0.03555
-0.51973
0.28597
-0.77374
-0.38819
0.47489
0.57611
-0.50376
-0.03509
-0.22158
-0.89109
0.24722
0.00544
0.26204
-0.05366
0.52882
0.52166
0.16686
0.29296
-0.13450
-0.54715
0.02124
0.49833
0.21285
-0.17191
0.22311
0.15548
-0.08896
0.68563
0.30290
0.61178
0.14919
0.63990
-0.04299
0.14544
-0.30044
0.07911
0.46176
0.57131
-0.03593
-0.47324
0.44331
0.43796
0.15349
-0.49479
0.25760
-0.26765
-1.47560
0.33766
0.31517
0.48455
-0.05534
0.19702
0.19790
0.20189
0.06443
0.13689
0.29024
0.16764
-0.39418
0.00282
0.22943
-0.12877
0.78663
0.54099
-0.42069
-0.75089
0.04823
0.55066
0.00413
0.40667
-0.31713
0.03958
0.04331
0.41670
-0.19015
-0.49989
0.30390
-0.09765
-0.31770
-0.21667
-0.06409
0.17360
0.67941
0.12050
0.55815
-0.53236
0.00679
0.00184
0.11148
-0.34757
-0.61440
0.60177
-0.38825
-0.11058
0.54004
0.13094
0.44582
0.16409
-0.18926
-0.17036
0.24457
0.25265
-0.16609
0.20213
-0.10287
0.26424
-0.07869
0.13703
0.20028
0.62952
-0.26461
-0.07647
0.77213
-1.03012
-0.01880
-0.18328
-0.37041
-0.13330
0.76386
0.32185
0.18933
0.01902
-0.46177
0.18883
0.07427
0.05041
-0.49617
-0.25306
0.16180
0.62374
0.29437
0.03398
0.13642
0.34838
-0.53522
0.27310
0.25990
0.35482
-0.02673
-0.13096
-0.22049
0.28404
-1.62375
0.32367
0.55459
0.16255
-0.01816
-1.28237
0.08987
-0.42668
-0.36005
0.06768
0.39277
0.34281
0.08477
0.38934
0.02849
-0.32207
0.29822
0.52417
0.22208
-0.31096
0.07528
0.20558
0.08835
0.44207
-0.56784
-0.46748
0.32721
-0.46525
0.41802
-0.34060
-0.81660
0.34063
0.33115
-0.01318
0.19670
-0.19308
0.07274
0.12509
0.28595
-0.09375
0.25353
0.22664
-0.26891
0.37278
-0.79421
0.24321
0.11798
0.54418
0.37624
-0.30419
0.37707
0.00390
-0.30750
0.25843
0.32448
-0.28743
0.11568
0.06357
0.49572
-0.00762
0.09464
0.28836
0.82050
-0.13601
0.63804
0.35667
0.30738
-0.01422
-0.08457
-0.11736
0.19011
-1.59828
-0.79786
0.87783
0.23882
0.43003
0.43784
0.16132
0.19553
-0.10222
0.12955
-0.40074
-0.48894
-0.44285
0.18286
0.18835
0.39774
-0.11294
0.25926
0.15806
0.62626
0.09320
0.12544
-0.21736
-0.53951
-0.14371
-0.18688
0.07764
-0.37421
-0.23625
0.42137
0.45903
0.22803
-0.19048
-0.97667
0.17690
-0.20431
-0.57713
0.38636
0.19755
0.44735
-0.35585
0.42127
-0.55780
0.10967
0.12419
0.44540
0.10835
0.01773
-0.15613
-0.24721
0.71480
-0.06268
-0.11566
0.40191
0.14587
0.33535
0.29223
-0.19940
0.08753
-0.62726
0.25364
-0.13277
-0.11748
0.33658
-0.24760
0.22869
-0.11673
0.02313
0.85453
-0.06348
0.44746
0.25123
0.85205
0.18251
0.42454
0.22931
0.02853
-0.00083
0.76773
0.19927
-0.62287
0.57813
-0.04671
-0.44445
0.45644
-0.49107
-0.54820
-0.00341
0.14357
-0.05731
0.16658
0.19348
0.12433
-0.06749
-0.37053
-0.22820
0.06072
0.27914
0.19937
0.92933
0.19089
0.39202
-0.15191
0.10880
-0.01721
-0.37683
0.64224
0.20392
-0.58209
0.72695
-0.84941
0.10682
0.35427
0.28237
-0.32938
-0.04577
0.31963
0.34257
-0.00496
-0.20205
0.40063
-0.20599
0.03468
-0.51696
-0.08076
-0.42189
0.10757
0.24348
0.38907
-0.47140
-0.26769
-0.18402
0.06849
0.14009
0.10641
-0.69839
0.17096
-0.00186
0.10671
0.26678
-0.46488
-2.19019
0.39014
0.34409
0.14951
0.46982
0.46986
-0.55675
0.77198
0.45883
0.53288
0.17679
0.24159
-0.04516
-0.18072
-0.11598
0.10287
0.29369
0.22718
-1.38272
0.80550
0.84790
-0.09750
0.41842
0.03317
0.67299
-0.26206
0.31687
-0.20750
0.46126
0.02769
-0.07830
0.28465
0.64439
0.42050
0.14509
0.01388
0.14817
-0.11549
0.08676
-0.21809
0.36029
-0.12102
0.45053
0.57536
0.47021
-0.07455
0.26433
-0.02173
0.36560
0.00097
0.41794
0.13001
-0.04432
0.25527
0.65285
0.51038
0.52937
0.72047
0.13327
0.65266
0.43805
0.19761
-0.48899
0.71044
-0.27519
0.26005
-0.47922
0.22730
0.35051
0.12360
-0.82148
0.35183
-0.01164
0.54924
0.35725
0.29290
0.43896
0.09442
0.05363
0.25602
0.13207
0.32271
-0.21677
-2.08090
-1.47923
0.25748
0.06052
0.57995
-0.04197
-0.09835
0.18672
0.50668
-0.02030
-0.39920
0.29855
0.40536
0.40246
0.27308
-0.11748
0.22997
0.72530
-0.32985
-0.23543
0.13962
-0.41526
0.05778
0.45256
0.62556
-0.40439
0.20517
0.17766
-0.10435
0.38870
0.26722
0.49561
0.03676
0.15805
-0.14415
0.05767
0.21892
-0.58996
-0.06881
0.23020
-0.36389
0.52558
-0.18710
0.53529
0.42963
0.12890
0.18999
-0.41140
0.17873
-0.15782
-0.23424
0.04698
0.17920
0.73029
0.30378
0.09429
-0.79536
0.07304
-0.30472
-0.05516
0.23881
0.21416
-0.67974
0.24299
-1.22232
-0.06777
0.52350
0.26428
0.48107
0.09152
0.72998
0.24022
-0.73396
0.66478
0.29820
0.66860
-0.28500
0.23827
-0.04080
0.19209
0.28540
0.05606
0.44976
-0.01358
0.79638
0.04229
-0.10166
-0.51652
-0.03353
0.63394
0.00677
-0.08720
-0.67564
0.15799
0.40436
-0.35172
-0.20296
0.40544
-0.18792
0.63794
0.07249
0.01796
0.19302
0.51187
0.20125
-0.31646
0.10129
0.42652
0.07430
0.75494
0.54173
-0.52750
-0.25596
0.09958
-0.00659
-0.35971
0.12032
0.26334
-0.06438
-0.92279
-0.02842
-0.21406
0.33812
-0.44797
-0.08987
0.17316
0.12112
-1.57522
-0.05648
0.00559
-1.27850
0.45204
0.22781
-0.63946
0.49438
0.21729
0.18130
0.35790
-0.34386
-0.28931
0.66454
0.08679
0.62579
0.90781
0.32744
0.27699
0.39463
-0.75137
0.48209
-0.04320
0.05884
-0.06373
0.14895
0.39617
-0.71892
-0.33193
0.23867
0.00544
-0.57591
-0.45382
0.24434
0.32664
-0.04350
-0.00332
-0.03378
0.17815
-1.58146
-0.27775
-0.35786
0.27112
0.25440
0.47847
-0.26587
0.24688
0.07389
0.07461
-1.16100
-0.29464
0.22138
-0.00978
-0.08280
0.49573
0.49686
-0.08039
0.88499
-0.20212
-0.38852
0.66624
0.28365
0.44201
-0.51530
0.41502
0.06531
-0.17931
0.11448
0.19061
-0.44209
0.49916
0.44497
0.07979
-0.39463
0.52329
-0.05799
0.39295
-0.26340
-0.60565
-0.18373
0.25456
-1.27226
-0.42382
-0.13522
0.33188
-0.07037
0.25018
0.62283
0.01479
-0.06742
-0.22231
-0.34207
-0.01513
0.49730
-0.08124
0.39371
0.67904
-0.09934
0.21069
0.21825
0.19204
-0.06337
-0.20000
0.03802
-0.04644
0.07363
0.62767
-0.25483
-0.66429
-0.06826
0.61998
0.28571
0.43686
0.17775
0.03104
-0.21146
0.77839
0.60895
-0.29107
-0.45431
-1.08815
-0.33129
-1.22158
-0.53788
-0.02606
0.08826
-0.06662
0.01706
0.61006
0.19747
0.24414
0.25067
0.65046
0.16182
-0.20842
0.31034
-0.25221
-0.71631
-0.19141
-0.21343
0.67165
-0.34028
0.50422
-0.21913
-0.39222
0.54202
0.34148
0.36965
-0.15224
0.42849
0.19286
-0.51974
0.23411
-0.76981
-0.03965
0.18813
0.65620
-0.22369
-0.13998
0.03339
0.46374
-0.17142
0.12799
0.45926
-0.86006
-0.07923
0.16508
-0.34736
0.12783
-0.34021
0.32729
-0.39227
0.58512
0.53542
0.49143
-0.45668
-0.25795
-0.10309
0.05431
-0.29750
-0.96277
-0.00617
0.35781
0.05789
0.23326
0.56695
0.15274
0.34998
-0.00427
0.48621
-0.08160
-0.30808
0.61915
0.05148
0.12993
-0.09005
0.55151
0.15537
0.37282
0.18290
-0.32835
-0.47690
0.13644
0.48672
-0.06966
0.72680
0.05426
-0.18422
-0.75137
0.15404
0.75846
-0.26189
0.51526
0.67876
0.21132
0.63456
0.47446
0.47926
0.15611
0.25852
0.26837
-0.43579
-0.81097
0.04988
0.07108
0.05047
-1.18176
-0.14167
-0.66908
0.71071
0.18533
0.06842
0.10296
0.27003
0.56670
-0.09998
0.53171
0.53310
0.33305
0.14867
0.25278
0.33981
0.29264
-0.17321
-0.55934
0.40302
-0.24606
0.56983
0.40090
0.01099
0.08439
0.54996
-0.56093
0.33095
0.16855
0.34408
0.72392
0.42868
-0.54302
-0.04182
0.43651
0.22672
-0.20229
0.90389
0.43903
-0.40043
-0.11233
-0.85228
-0.00446
0.15752
-0.05104
0.11684
0.16990
0.05840
-0.33447
0.21845
-0.10745
0.51726
0.08662
-0.00762
0.65222
-0.11948
-1.24064
-0.04407
0.05046
0.35610
0.04787
0.35198
0.62811
0.28089
0.50289
-0.75185
-0.40585
0.42683
-0.19078
0.31116
-0.10130
0.18995
0.08267
0.06685
-0.25176
-0.11772
0.45320
0.07518
0.40229
0.10618
-0.26445
-0.04702
-0.05531
0.44642
0.06664
-0.26674
0.06304
0.64336
0.83414
-0.15351
0.11522
-0.16031
0.64024
0.34845
-0.03456
-0.13583
0.77556
0.28871
0.28426
0.21397
-0.28296
-0.01107
-0.08079
0.13336
0.35490
0.06191
0.30172
-0.43234
0.14203
0.50257
0.17826
0.05409
-0.51999
0.23793
0.26233
-0.32718
-0.05408
0.29190
-0.52077
0.15257
-1.31168
-0.12617
-0.21685
0.12237
0.40336
0.12804
-0.06786
0.16481
-0.36320
-0.11060
0.51083
0.64938
0.20341
-0.32193
-0.51295
0.52520
0.04986
-0.58123
0.45605
-1.14975
0.21509
0.59838
0.02634
-0.11083
0.62332
-0.01802
0.55059
0.08252
-0.11885
-0.57388
0.13134
0.04528
-0.10260
0.52576
0.11275
0.00029
-0.27635
0.56274
0.31709
-0.42294
0.22922
0.07990
-0.12390
-0.16759
-0.25679
-0.35580
0.20411
-0.11268
0.57491
0.28197
0.03996
0.08628
0.25432
0.02972
0.47702
0.29451
0.32748
-0.84970
0.24452
0.01263
0.04955
-0.13656
0.23313
0.53907
-0.45195
0.50295
0.25258
-0.86603
0.45671
-0.02018
-0.10637
0.26316
0.22992
-0.62660
0.33102
0.47432
-0.15734
-0.11077
-0.34855
-0.13460
0.40370
0.64859
-0.12313
0.36663
0.16465
0.31597
0.30132
-0.14737
-0.15246
0.31939
0.55263
0.35107
0.23597
-0.30663
-0.33456
0.42628
0.64934
0.08168
-0.60875
-0.08546
0.25802
0.55531
-0.40032
-0.28815
0.46989
-0.34832
0.27306
-0.17332
-0.24926
0.18373
-0.44581
0.26589
-0.48236
-0.20940
0.41495
0.03727
-0.32725
0.45188
-0.13466
-0.25464
-0.54740
0.07500
0.21457
-0.32937
0.51783
0.11102
0.72431
-0.40786
-0.86555
0.40172
0.56826
0.26670
0.14778
0.40009
0.35321
-0.07615
-0.50210
-0.16232
0.19874
0.53482
0.11900
0.09030
0.12964
0.03154
0.50808
-1.05304
0.12156
0.00181
0.10478
0.25312
0.19783
0.18688
-0.01470
0.47554
-0.07348
-0.02194
0.25631
0.36436
-0.21228
0.21475
-0.86882
0.03381
0.28243
0.34802
-1.03721
0.77276
-0.21657
0.38078
-0.02353
-0.10674
0.26775
-0.07502
0.01276
0.61787
-0.32227
-0.90288
-1.37468
0.08036
-0.09054
-0.03874
0.49416
0.69182
-0.36113
0.26059
0.56172
0.24081
-0.35909
-0.03453
0.28791
0.13623
0.46734
-0.31320
0.34561
0.64461
0.23274
0.46111
0.11816
-0.32771
-0.75046
0.26341
0.63496
0.65544
-0.72119
0.38015
0.08637
0.56383
-0.43213
0.31708
0.64676
0.20317
-0.42586
0.09060
0.10247
0.46617
0.21833
0.64448
-0.76119
0.47548
-0.66383
0.47689
0.43248
0.37235
0.48024
0.18457
-0.67125
0.04255
-0.53087
-0.42985
0.27617
0.41226
0.72719
0.01743
-0.07858
-0.17715
-0.12907
0.24136
-0.44749
0.58692
0.26693
-0.03542
0.04452
-1.25841
-0.13155
-0.01339
-0.22769
0.08141
-0.58577
-0.20838
0.54604
0.30506
-0.26499
0.61106
-0.11725
-0.45168
-0.24505
-0.43526
-0.04263
0.17503
0.40777
-0.00264
0.14355
0.82459
0.25058
0.04835
0.56932
-0.18916
0.71450
-0.16683
0.13357
-0.45220
-0.43652
0.11160
-0.57693
-0.45984
-0.01844
0.25195
0.09204
-0.03200
-0.36590
0.17326
-0.13645
0.19059
0.15436
0.20158
0.03121
0.08192
0.02644
0.15250
0.06644
0.04226
0.02901
0.08113
0.07160
0.18666
0.03064
0.03497
0.16204
0.01304
0.07941
0.13748
0.05250
0.18063
0.16919
0.11587
0.09254
0.05285
0.11922
0.04748
0.01644
0.19223
0.20363
0.19635
0.17663
0.14010
0.00692
0.15109
0.01446
0.19168
0.19989
0.00530
0.09979
0.07511
0.15645
0.12201
0.13035
0.08508
0.13093
0.09607
0.03277
0.15111
0.05608
0.06713
0.00794
0.14485
0.02576
0.08393
0.16536
0.01698
0.20622
0.17322
0.00596
0.01709
0.09021
0.14897
0.03186
0.17161
0.10722
0.08663
0.05910
0.15050
0.19359
0.04857
0.17553
0.06470
0.05436
0.00697
0.09218
0.17456
0.18467
0.17030
0.17163
0.20375
0.20116
0.16534
0.03962
0.18655
0.10316
0.06555
0.12202
0.10920
0.14676
0.13465
0.01365
0.01967
0.17907
0.16757
0.07367
0.08887
0.19642
0.05172
0.16727
0.17754
0.12517
0.15983
0.16176
0.13190
0.15342
0.02662
0.15376
0.09877
0.03751
0.20151
0.12939
0.07617
0.06044
0.18389
0.00194
0.04256
0.03850
0.18609
0.04805
0.11949
0.16097
0.04954
0.02689
0.09564
0.13681
0.07707
0.10123
0.19858
0.17362
0.17278
0.20546
0.03107
0.05724
0.04130
0.03434
-0.11485
0.02309
0.17766
-0.01313
0.03486
0.12571
0.11117
-0.03878
0.26180
-0.11265
0.18414
-0.46409
0.38805
0.06058
0.51364
0.06144
-0.19235
-0.56138
-0.39613
0.13219
0.15021
-0.39080
-0.07761
0.71366
-0.28646
-0.03565
0.47698
-0.24954
-0.40911
-0.02673
0.00732
0.75467
-0.97181
0.75237
-0.00831
0.50409
0.09050
0.51286
-0.42367
0.64775
0.71588
-0.21892
-0.89366
-0.51062
0.51809
-0.03300
0.40331
-0.26827
0.82470
0.16748
0.74300
0.04057
-0.30963
-1.13597
0.54683
0.39592
0.25049
-0.44307
0.09528
-1.05233
0.34660
-0.04702
0.49073
-0.30688
1.21726
0.34455
-0.19896
0.25151
-0.00891
-0.08802
-0.05004
0.08331
-0.77095
0.11960
0.06530
-0.21343
-0.12474
0.41993
0.54285
-0.25146
-0.03948
0.19359
0.34846
0.38486
-0.41841
0.19409
-0.02594
0.21797
-0.50191
0.17874
0.18184
0.81919
0.74579
0.92421
0.40372
0.21594
0.43518
0.14451
0.56136
0.16623
-0.23830
0.59591
-0.41413
0.66938
-0.71374
-0.27748
0.52339
0.43817
0.20904
-0.87397
0.66065
0.33537
-0.77253
0.25381
0.72172
-0.37348
0.20306
-0.08056
-0.04097
-0.08476
-0.08253
0.78117
-0.56285
-1.08276
0.29776
-0.05116
-0.17552
0.72403
0.18050
0.30948
0.72553
-0.12586
-0.58029
0.20063
-0.14732
0.30236
0.68796
-0.22886
0.74528
0.29949
-0.32364
0.25203
-0.05846
-0.57116
0.11941
0.22931
0.49874
0.06718
-0.37779
0.20709
-1.26202
-0.48168
-0.26240
-0.22158
0.38943
0.19997
0.56724
-0.28131
0.32481
0.63651
-0.68102
0.33662
0.19380
-0.22838
-0.06515
-0.96153
-0.32787
-0.56804
0.26593
-0.87861
-0.12049
0.03406
0.60052
-0.16201
0.08697
0.57432
0.13439
-0.28108
-1.59391
-0.03348
0.46286
0.31020
0.72791
0.70650
0.10376
-0.02124
0.56655
0.13596
-0.21648
-0.27246
-0.16287
0.66474
0.00968
0.39650
-0.85861
-0.17325
0.12518
-0.67484
0.20384
-0.02622
0.06426
-0.09912
-0.48039
-0.27758
-0.11146
0.09885
0.01381
0.04388
-0.12709
0.26016
-0.12270
-0.12220
0.36731
0.10121
-0.18389
-0.32644
0.71749
0.38882
-0.76830
-0.72451
0.26984
0.48015
0.86918
-0.56547
0.52056
-0.53414
0.42859
-0.03750
-0.14196
-0.34939
0.08902
-0.42378
-0.04085
-0.04757
-0.13647
0.32526
-0.16265
-0.22175
-0.08201
-0.01632
-0.09472
-0.32959
-0.21154
0.15244
0.04786
-0.20575
-0.16617
-0.05192
-0.11598
-0.14079
-0.16454
0.40253
-0.13882
-0.93497
0.42210
-0.11162
-0.45273
-0.34412
-0.19194
-0.76115
-0.15609
-0.00124
0.43349
-0.14324
0.21782
0.22577
-0.18205
-0.29137
0.39981
0.02004
-1.07359
0.40662
0.35923
-0.82590
0.28010
-0.55067
-0.26382
-0.05582
0.20369
0.67480
0.08977
-0.06175
-0.05093
0.46263
0.32272
0.48453
0.34493
0.28954
0.15441
-0.10166
0.34568
0.54775
0.47851
0.44744
-0.90408
0.58081
-0.02521
0.20119
-0.31172
0.48823
0.22657
-0.07300
0.35446
0.51063
1.07938
0.22154
-0.11750
0.63188
0.68282
-0.12525
0.27094
0.78252
0.67165
-0.40296
0.14397
-0.40299
-0.81420
0.00022
-1.25845
0.00377
-0.57069
0.42014
-0.23935
-0.01312
0.59938
-0.40430
0.20585
0.57022
0.07496
-0.10557
0.51866
-0.00962
0.04590
-0.56231
0.31930
0.04192
0.39977
-0.06123
0.42707
0.42506
0.25175
-0.21978
-1.32264
-0.26468
0.19915
-0.91962
0.46999
-0.04571
0.43000
-0.27080
-0.06211
0.05283
-0.33058
0.39827
0.33656
-0.85185
0.34633
-0.49925
0.59665
0.16080
0.48877
0.33021
-0.07809
-0.24594
-0.03789
-0.22518
-0.20518
0.12912
-0.52954
0.07908
0.50884
-0.89906
-0.42774
-0.74371
-0.06534
-0.74172
-0.26580
-0.58607
-0.04274
-0.47583
0.09347
0.46265
0.08400
0.64341
0.31483
0.11930
0.45638
-0.01109
0.25312
0.74839
0.48517
0.18857
-0.05282
-0.57620
0.56618
0.20432
-0.07245
0.11112
-0.84723
-0.07049
0.60832
0.46250
-0.59854
0.73195
0.87908
-0.55160
-0.06660
-0.25106
0.14807
0.23584
0.28390
-0.70931
-0.86431
0.03245
0.31200
0.01908
0.27780
-0.56820
0.25174
0.19383
0.31522
0.19047
-1.17893
0.30286
0.09478
0.10020
-0.51085
-0.28784
0.19570
0.00238
-0.61077
-0.04766
0.34526
-0.09691
-0.58407
0.68354
0.20064
0.43467
-0.11372
0.16974
0.32716
-0.27136
-0.79774
0.14150
0.20464
0.63933
-0.17037
0.58984
0.00470
0.51582
-1.33701
0.32206
-0.23563
0.98811
0.40513
0.43302
-0.35421
-0.09478
0.06964
0.00005
0.22020
-0.24156
0.43075
-0.66036
0.01481
0.43166
0.01997
0.06227
0.61702
-0.08662
0.30461
-0.61512
0.22409
0.67676
-0.04567
0.14259
-0.00176
0.25369
-0.43656
-0.51782
-0.35297
-0.13850
-0.23077
0.01763
-0.33229
-0.11050
0.18450
-0.28379
-0.29598
0.19456
0.17096
0.38061
0.32194
-0.70747
0.04559
-0.67599
-0.27855
0.59564
-0.21248
-0.65761
0.54173
0.09015
0.45387
0.38604
-0.31951
0.46797
0.18176
-0.16945
0.42448
0.20337
0.41362
-0.19157
-1.13296
0.06559
0.77242
0.72432
0.19020
-0.16606
-0.39070
0.68534
-0.30043
0.02976
-0.60610
0.58456
-0.20654
-0.16931
-0.17181
-0.29338
-0.11529
-0.09919
-0.87347
0.47933
0.23535
-0.07904
0.22897
0.70174
0.14568
-0.09937
-0.18499
0.18458
0.07284
-0.24054
0.13469
0.42059
-0.16880
-0.49303
0.33309
-0.54216
0.21893
0.31270
0.79093
0.03032
0.34360
0.06594
-0.08285
-1.11471
-0.33249
0.08674
0.43361
0.46011
0.31184
-0.20847
-0.70221
-0.22737
-0.17295
-0.26486
0.32044
-0.58513
-0.21907
0.25159
-0.27178
-0.47204
-0.77856
-1.31469
0.20591
-0.10711
-0.20742
-0.79869
-0.99332
-0.27528
-0.72781
0.11301
-0.31933
-0.50683
0.02590
-0.27499
0.17133
0.10498
0.08438
0.02997
0.02263
-0.14723
-0.11140
0.05335
0.37940
0.03916
-0.09123
0.30811
-0.00545
0.15722
0.15089
0.42787
0.09994
0.24927
0.14200
0.22788
0.79097
0.33299
0.07454
0.31659
0.33722
0.21980
0.25089
-1.12373
-0.16887
-0.51056
0.05200
0.34290
-0.09438
0.05097
0.36153
0.38614
0.74497
-0.00077
-0.38816
-0.43773
0.03774
0.34076
0.16633
0.02390
-0.07309
-0.21670
0.33606
0.03978
-0.12886
-0.25286
-0.53880
0.37837
-0.98008
-0.06835
0.47587
0.40662
0.42356
-0.12615
0.22342
0.08105
0.08106
-0.63713
0.13439
0.11088
0.30692
0.12383
-0.22682
-0.31498
0.42054
0.16457
0.41613
-0.41682
-0.35751
0.30971
-0.75466
-0.16004
-0.31384
-0.53769
-0.16379
-0.31159
0.13727
-0.01594
-0.22335
-0.52043
-0.59471
-0.67411
-0.69651
0.69238
-0.38149
-0.81759
-0.46011
-0.20853
-0.88498
-0.75255
0.26676
0.38788
-0.68166
0.07542
-1.29287
-0.58864
0.27863
-0.65826
0.04741
0.55759
-0.05251
0.17976
-0.76261
0.02066
-0.66468
-0.04957
0.31631
0.09795
-0.07542
-0.20961
-0.19721
0.17476
0.04690
-0.89370
-0.98506
-0.68792
-0.76924
-0.29254
-1.57724
-0.25188
0.36012
-0.71591
0.53209
0.27356
-0.05573
0.19949
0.47372
-0.40986
-1.74935
-0.17478
0.16706
0.63865
-0.58669
-0.36843
-0.02267
-0.54610
-1.11086
-0.37600
-0.36383
-0.34122
0.13601
-0.43707
-0.77279
-0.74535
0.11492
-1.45945
-0.32365
0.02698
-0.15963
-0.08637
-1.10381
0.28411
-0.19460
-0.63084
-0.39379
-0.62119
-0.30691
0.06869
0.24709
-0.14427
-0.72358
-0.21184
0.08515
0.77289
0.34507
0.55499
0.22772
0.52978
-1.08239
-0.31970
-0.07891
-0.48608
0.23261
0.02294
-0.12958
-0.40674
-1.12752
-0.11855
0.23182
0.02163
0.32730
0.06153
0.08407
-0.50095
-0.11853
0.33258
0.31213
-0.35370
0.28052
0.41063
0.21192
-0.19232
0.10078
-0.37686
-0.16991
0.12697
0.52794
0.04839
-0.58156
0.22018
0.50952
-0.55246
0.45474
-0.26030
0.25205
-0.00987
-0.43832
-0.19596
0.65075
-0.22908
0.52568
-0.78293
0.42194
0.47570
-0.64818
0.50039
0.21703
0.49121
0.40749
-0.11164
-0.94908
0.12414
0.38402
-0.78404
-0.27815
0.63917
-0.01337
-0.36245
0.50945
0.08155
0.52536
0.32472
0.51053
0.41517
-0.74542
0.71104
0.17726
-0.25523
0.37506
0.26241
0.16179
0.04936
0.52271
-0.68986
0.95868
0.13388
0.49049
0.19739
-0.05035
-0.17246
-0.09379
-0.52245
-1.15179
0.06527
-0.45458
0.05380
0.91884
0.57618
0.48719
-0.51800
0.26290
-0.60970
-0.63474
0.27799
-0.25522
-0.19553
-0.79901
0.02261
-0.29848
-0.50177
0.62363
-0.63532
0.08476
0.50811
0.97064
0.11935
-0.27477
0.80007
0.22374
-0.01224
0.85612
-0.44410
-0.23212
-0.44211
0.28582
0.22065
-0.08155
-0.51551
-0.06380
-0.52819
0.09063
-0.45052
-0.45783
0.00391
-0.72590
0.17905
-0.05293
0.20960
0.06727
0.42430
0.07152
-0.19217
0.51335
0.47978
-0.67525
0.05461
-0.24068
0.38410
-0.90288
-0.89728
-0.61839
-0.07368
-0.54895
-0.26006
-0.32936
-0.59519
-0.51364
-0.59798
-0.99784
-1.09668
-1.12310
0.42846
0.27807
-0.37812
0.31935
0.63832
-0.87135
0.16488
-0.06317
-0.60421
-0.97749
-0.29263
0.40128
-0.26009
-0.17393
-0.77017
0.58873
0.07081
-0.12127
-0.54605
-0.20446
0.19843
-0.29546
-0.35436
-0.48909
0.02458
0.43462
0.17338
-0.42358
0.08208
-0.69819
0.09991
-0.50327
-0.01622
-0.14612
0.41401
-0.12007
-0.67158
-0.18527
0.46625
0.13989
-0.85472
0.19981
-0.17386
0.05745
-0.46713
-0.10768
-0.65684
0.10881
0.09277
0.20911
-1.23343
-1.14349
0.19298
-1.28059
-0.64756
-0.12753
-0.12993
0.37343
0.15175
0.60999
0.12963
-1.25244
-0.34161
-0.58506
-0.36872
-0.98217
-1.02448
-0.14520
0.07567
-0.11057
0.03568
0.18046
0.60314
-0.38749
-0.15815
0.22170
-0.27928
-0.44206
-0.88775
-0.86958
0.01642
0.10737
0.09726
-0.19929
0.47613
-0.52012
0.18782
0.02731
0.12378
-0.03884
0.42739
-0.52082
-0.02869
-0.06776
-1.06542
-0.16244
0.20624
0.32927
-0.16382
0.39862
-0.77657
0.24532
0.37615
-0.44760
0.16929
0.27891
0.57928
-0.86063
0.92503
-0.02987
-0.33272
-0.84383
-0.12204
-0.05878
-0.23224
-0.11169
0.25856
-0.27395
-0.31386
-0.00269
-0.48256
0.41018
-0.53655
0.89927
-0.32529
0.12704
-0.50830
0.16633
0.13386
0.47468
-0.19908
0.11812
-0.21160
0.59499
-0.03133
-0.27182
-0.03427
-0.79155
0.26502
-0.66837
-0.39486
0.41013
-0.54068
0.17739
-0.45957
0.13754
0.25783
0.75916
0.50255
-0.00268
0.17340
-1.09282
-0.82159
0.34305
-0.24168
0.50985
-0.13186
0.08733
0.23145
0.21809
0.25538
0.10039
-0.26148
-0.30098
-0.87271
-1.04407
-0.49129
0.73077
-0.43250
-0.45747
0.65816
0.42821
0.02490
0.16688
0.75705
0.10034
-1.33789
-0.47453
0.11982
0.21339
-0.58715
-0.23737
-0.31137
-0.08270
0.01764
-0.52360
-0.04358
-0.16463
-0.17112
-0.39571
0.06981
-0.12385
0.46856
-0.16189
0.01825
0.49780
0.21821
-0.32692
-0.42684
-0.17410
-0.18541
-0.14541
-0.67888
0.02748
-0.78004
-0.19989
0.08418
-0.34885
-0.29733
0.19744
0.06652
0.51601
0.22526
-0.33248
0.79781
-0.13239
-0.63034
-0.30048
-0.63198
-0.73569
-0.76956
0.53121
0.44312
-0.86328
0.19218
-0.37072
0.24536
0.54573
0.13907
0.32239
-0.01200
0.17769
0.80944
-1.23179
0.17215
0.50750
0.14132
0.40343
0.18303
0.50207
0.57776
0.39999
0.80340
-0.06927
-0.12797
0.44750
0.50816
-0.01636
-0.16733
0.06255
0.41230
-0.50555
-0.73736
0.12425
-0.87588
0.37627
0.26480
-0.00112
-0.30281
0.23861
0.43909
-0.90950
0.21214
-0.17909
0.32413
0.15821
0.38007
0.03723
-0.86682
0.10254
0.20799
-0.26382
-0.38721
0.29800
-0.94569
-0.43358
0.00685
0.22690
0.27006
0.01715
0.08055
0.19161
0.02611
0.21668
-0.79482
-1.38229
0.07556
-0.54899
-0.29801
-0.90055
-0.53353
0.48031
-0.06659
-0.58263
-0.28789
0.86359
-0.21491
0.30974
-0.42666
-1.13152
-0.71490
0.07873
0.20669
-0.04589
-0.95915
0.12346
-0.06425
-0.19556
0.65301
0.45881
0.03468
0.58772
0.51332
-0.31934
-0.38714
-0.41972
-0.31403
-1.11650
-1.06015
0.33145
0.09740
0.06489
-0.97239
-0.04384
0.14204
0.09898
0.27869
-0.19352
-0.35455
0.45395
-0.39541
0.03405
0.32684
-0.52734
-0.22525
0.00203
-0.54151
-0.04674
-0.26802
0.13470
0.64520
-0.00230
0.16517
0.43515
-0.39449
0.42818
-0.07379
0.22518
-0.03088
-0.29380
0.10251
-0.91964
0.00104
0.26967
0.29694
-0.23927
-0.88895
0.39060
-0.88753
-0.97898
-0.63459
0.33131
-1.41388
-0.53533
-0.94191
-0.33589
0.57952
-0.09153
-0.34136
0.16350
0.40309
0.36409
-1.37184
0.23784
-0.26029
-1.27943
-1.18442
-0.07594
0.24161
0.37190
-1.56059
0.49671
-0.04123
-0.09225
0.38726
-0.14311
-0.02264
-0.08731
-0.12773
-0.47435
0.47445
-0.80969
-0.25086
0.45141
-1.06556
-0.11407
0.25416
-0.03698
-0.14538
-0.03304
0.59184
-0.16101
-0.26479
0.36400
-1.07861
-0.32236
0.44136
-0.09095
0.20183
-0.17659
-0.04081
-1.08792
0.53184
-0.47334
0.46331
0.35283
0.01376
-0.83415
-1.45567
0.00251
-1.13885
0.25062
0.41192
-0.99493
-0.08798
0.27088
0.48344
0.18615
-0.37835
-0.03021
0.65808
-0.86322
-0.55743
0.25193
0.16538
-0.20112
0.27297
-0.09092
-0.19465
0.30396
-0.00181
-1.06909
-0.38431
0.76910
-0.38682
-0.16457
0.45333
-0.40418
0.40934
-0.34043
-0.15607
0.04940
0.43438
0.41195
-0.35103
0.44613
-0.36924
0.01716
-0.03549
0.13404
-0.02374
0.20006
0.04630
0.05198
0.39026
0.42000
0.71152
0.41957
-0.36254
0.46366
0.48219
0.73057
0.65213
0.29219
0.20000
0.43008
0.19905
0.64009
-0.03229
-0.35400
0.62360
0.35727
0.33241
-0.07074
-0.08279
0.32525
-0.31226
0.28176
0.49054
-0.01011
0.55548
0.28467
-0.35933
-0.04719
-0.94751
0.26270
0.25980
0.26936
0.30431
-0.06553
-0.01083
-0.20183
0.07594
-0.11396
0.41971
0.14518
-1.64550
0.13607
0.11729
-0.35409
0.22053
-0.06898
0.56576
0.25873
0.66417
-0.07140
0.25206
0.13624
-0.09637
-0.10604
-0.92082
0.20792
-0.03005
0.27931
-0.03489
0.37298
-0.13010
-0.44720
0.71038
-0.48659
0.03015
-0.22494
-1.14961
0.11565
-0.11448
0.79499
-0.42827
-0.54045
-0.02623
0.06452
-0.62611
0.49087
-0.33188
-0.85245
0.37409
-0.60020
0.59935
0.16025
0.16097
0.29856
0.29261
-0.38730
0.60299
-0.09774
-0.09331
0.50400
0.01124
-1.11292
0.31339
-0.35290
0.23988
-0.92047
0.42950
0.56757
-0.48171
-0.50552
-0.01286
0.53884
-0.96516
0.39332
0.59372
0.56907
0.39851
-0.55740
0.23294
0.01765
0.31774
0.01951
0.21902
0.04325
0.30448
-0.96402
0.02811
-0.57978
0.53420
0.46636
-0.52624
0.46285
0.79083
0.33571
0.21599
-0.17040
-0.33457
-0.01322
-0.24315
0.31539
0.46413
0.17696
0.00283
-0.55277
-0.07651
-0.76191
0.48803
-0.10041
-0.03626
0.40506
0.11968
0.59048
-1.36975
0.00361
0.13288
0.12015
0.25767
-0.00354
0.41204
0.63190
0.18330
-0.14003
0.29686
-0.06081
0.26188
0.13712
-1.39297
-0.92634
0.35352
0.22547
0.22546
0.08250
0.43161
-0.21203
-0.20437
0.33685
0.23559
0.35046
0.28398
0.40589
-0.37375
0.46228
-0.04745
0.15423
-0.86228
-0.19995
0.11384
0.37953
-0.16700
-0.11035
0.11665
0.55170
0.51638
-0.31228
-0.44872
0.52067
0.14721
-0.03276
-0.97796
0.24252
0.24797
0.18739
-0.23489
-0.00884
0.09806
0.27831
-1.65122
0.40632
0.47440
-0.34557
0.09712
-0.70600
-0.14364
0.15340
0.26226
0.23311
0.10964
0.26423
0.25119
0.26024
-0.84433
0.12141
0.12245
-0.83257
0.27000
-0.10721
0.60370
-0.62152
-0.04841
0.15742
-0.10607
-0.52910
0.12805
-0.19043
-0.18493
-0.88575
0.12977
0.44385
0.12161
0.44156
-0.20828
0.75759
0.79360
0.10543
0.17012
0.11890
-0.19064
-1.63461
0.52983
-0.36872
0.20497
0.05146
0.21198
0.14749
0.85149
-0.89701
0.15100
0.07267
-0.20816
0.10653
-0.44791
-0.17146
-0.16336
0.49931
-0.86817
0.11341
-0.19935
-0.23869
0.18128
-0.10930
-0.98742
-0.15611
-0.89666
0.01074
-0.55593
-0.48949
-0.08475
-0.15080
-0.14720
-0.53853
0.51005
0.83089
-0.19590
0.17135
-0.51758
0.80657
-0.15103
0.18550
-0.25420
-0.13736
-0.24496
-0.53189
-0.56471
-0.50582
-0.57382
-0.22144
0.01666
-0.21712
-1.11930
0.16240
-0.16791
-0.42725
0.40186
0.19385
-0.55136
0.11777
0.23060
0.29883
-1.00487
0.37383
0.60652
-0.76609
0.54491
-0.92350
-0.50097
0.56267
-0.48353
0.55184
-0.64434
0.59245
-0.04938
0.58258
-0.35132
-1.02772
0.17397
-0.15316
0.10052
0.18595
0.46411
-0.23963
-0.08368
0.11748
-0.03711
-0.03417
0.18530
-0.11179
0.41943
-0.05632
0.20854
0.11581
0.33938
-0.11936
-0.09362
-0.03295
-0.06922
-0.14694
0.14458
-0.02514
-0.02686
0.03142
0.24285
-0.08515
-0.32250
0.18879
-0.13475
0.26623
-0.74637
0.23801
-0.18482
0.37914
-0.19357
-0.58945
-0.73195
-0.94604
0.59391
0.06223
0.39118
0.38143
-0.09200
-0.33275
0.27457
0.20900
0.17864
0.37002
0.23394
0.30065
-1.23661
0.09306
0.55941
-0.00871
0.54450
-0.42222
0.45373
0.80481
0.50541
0.24689
-0.20148
0.41723
0.08765
0.64414
0.51041
0.16450
0.29695
0.13473
0.44773
0.35152
0.40773
-0.65133
0.42611
0.31788
0.47569
0.46195
-0.14261
0.10448
0.85016
-0.20777
0.17387
-0.57846
-0.15617
0.07950
-0.17064
0.53435
0.45139
-0.23709
0.05725
-0.57756
0.06568
0.07151
0.15878
-0.25869
-0.27980
0.08950
-0.22863
-0.19037
-0.23996
-0.23375
0.16009
0.09727
-0.18628
-0.57161
-0.25549
-0.54975
0.09140
0.13889
0.17467
0.25093
-0.54339
0.25864
-0.00779
-0.29548
0.18763
-0.15958
0.63577
0.37510
-0.17161
0.00207
-0.83898
-0.67471
-0.41329
-0.14677
0.07806
0.00454
-0.49884
-0.15977
0.24377
-0.70045
0.38984
0.46372
-0.56415
0.73415
-0.56149
-0.51820
0.62089
-0.87660
-0.22672
-0.75864
-0.20130
-0.34809
0.16591
-0.72802
0.01405
-0.02652
-0.84150
0.37457
0.30142
0.44697
0.02385
0.09330
-0.33756
-0.36354
0.50104
0.28512
0.05663
-0.12460
0.45365
-0.14001
-0.07389
-0.07786
-0.15004
-0.41893
0.48099
0.11015
-0.17289
-0.34021
-1.03477
0.14400
-0.15164
0.40833
-0.26373
-0.10736
0.35587
0.13699
0.33392
-0.62095
-0.80971
0.62297
0.48613
0.33544
0.14440
-0.64520
0.56729
0.33248
-0.19669
-0.14963
0.65102
-0.11841
0.31352
0.15632
0.32142
-0.60199
0.09802
-0.30346
-0.30237
0.37310
0.24432
0.36573
0.35700
0.31405
0.28938
0.52199
-0.17374
0.21949
0.19708
-0.17653
0.28467
0.54831
-0.68563
-0.47846
0.06372
0.51582
-0.44604
-0.28639
-0.07753
0.35464
0.58462
-0.07725
-0.19375
0.09304
0.55540
0.16692
-0.97545
0.00988
0.37219
-0.03773
0.46015
-0.13371
-0.15911
0.26833
-0.18499
