0.15322
0.19105
-0.09045
-0.68576
0.47635
0.46387
-0.36269
0.69756
0.29043
-0.55508
0.38669
0.09984
0.03899
-0.48892
0.31572
0.20155
0.17385
0.03055
-0.27421
0.55703
0.80816
-0.17209
0.17042
-0.11847
-0.41255
-0.73363
-0.06931
-0.17526
-0.66694
-0.21324
0.11636
-0.38802
0.52252
-0.12788
0.75207
0.62092
-1.13478
0.46903
-0.45449
0.08739
0.00416
-0.32043
0.14420
-0.39250
0.43849
0.53170
0.44852
0.68969
0.34518
-0.05478
0.45512
0.54080
0.26790
0.30984
-0.43143
-0.44192
-0.90488
0.24136
-0.22655
-0.42473
-0.02943
0.39328
0.21752
-0.25222
-0.16367
0.18984
0.95077
-0.26429
0.44606
0.57854
0.50956
0.00877
0.08479
0.21313
-0.30221
-0.30617
-0.28826
0.12796
-0.33516
-0.09792
0.04019
0.55277
0.82226
0.77121
-0.45028
0.07239
0.55192
0.29231
-0.00173
-0.24586
-0.14805
0.02722
0.34062
-0.18925
0.00498
0.37286
-0.17871
-0.06148
0.58861
0.16542
0.00142
-0.16661
-0.01832
-0.25049
0.44898
0.46120
0.42145
0.24922
-0.96110
-0.58914
-0.23195
-0.42268
0.13258
0.06433
0.05581
-0.01583
-0.17470
0.28122
0.29710
-0.76782
-0.60876
-0.51172
0.54761
0.10686
-0.60624
-0.49807
0.63339
-0.17206
0.27171
0.48847
-0.13462
0.06148
0.26154
0.43326
0.24658
0.04881
0.21649
-0.26126
0.42622
-0.04885
0.01901
0.26209
-0.43282
-0.00142
-0.14801
0.27112
0.17625
0.19177
0.27818
0.10434
0.06605
0.44393
-0.42907
-0.59547
0.24762
0.70675
-0.51900
0.51290
0.04192
-0.02674
0.10412
0.12921
-0.23789
-0.35146
0.41151
0.12715
-0.03420
-0.44734
0.61103
0.89878
0.28465
-0.84103
-0.24000
-0.83215
-0.63821
-0.49408
0.10775
0.16826
-0.59843
-0.96125
0.41394
0.58927
0.27310
0.10837
-0.14874
0.09143
0.56949
-0.10543
0.49391
0.16572
0.09077
0.45972
-0.52168
0.02798
-0.26487
0.38303
-0.60839
0.39263
0.41836
-0.12474
-0.71137
0.87783
0.38553
0.28373
-0.05508
0.12107
-0.19855
0.30653
-0.22173
-0.17228
0.19437
0.28352
-0.29853
-0.04646
0.57893
-0.51347
-0.05944
0.26229
0.05285
-0.30614
0.02735
0.34045
0.19347
0.47376
0.51834
0.03823
-1.14913
0.14060
-0.45708
-0.29762
-0.46358
-0.28508
-0.25525
0.12855
-0.18716
0.02657
0.59634
0.47042
0.50785
-0.16311
-0.22571
0.31246
-0.45805
0.11827
-0.33992
-0.22526
-0.28319
0.27705
0.11276
0.01341
0.19964
-0.92976
0.31339
-0.55641
-0.35456
0.14556
0.23745
0.34231
-0.18027
0.04802
0.39896
0.26279
-0.40827
-0.12155
-0.41167
-0.22137
-0.61359
-0.02082
-0.01887
0.83782
0.06181
0.05279
0.35370
0.51647
-0.05834
-0.84231
0.05768
-0.98367
0.50304
0.29692
0.53476
0.63191
-0.09786
-0.28357
-0.57514
-0.10485
0.28289
0.58000
0.23926
-0.21354
-0.33457
-0.22933
-0.41337
0.10668
0.29561
-0.39062
0.36191
0.08724
-0.90356
0.04146
-0.61818
-0.09558
-0.20483
-0.25003
-0.23457
-0.52932
0.13934
-0.76047
0.00088
0.25599
0.55718
-0.45320
-0.00580
-0.11926
-0.92887
0.30383
0.03729
-0.07453
0.02407
0.56770
0.44379
0.08507
0.30293
-0.18096
-0.54836
0.31783
0.43434
0.14203
-0.12945
0.11490
0.23204
0.05534
0.40258
0.29255
0.57008
0.15041
0.63644
0.07279
0.22486
-0.56131
-0.04905
0.35777
0.70096
-0.06837
-0.31828
0.53846
0.71295
0.12304
-0.47166
0.32694
-0.17699
-1.44619
-0.28597
0.28324
0.38318
0.07736
0.06007
0.12350
0.21203
0.19323
0.06723
0.25489
0.07994
-0.10019
0.21982
0.34042
-0.03872
0.73661
0.61462
-0.38226
-0.83246
0.43195
0.77442
0.08375
0.37930
-0.12644
0.00386
0.09992
0.26720
-0.03687
-0.55604
0.38565
-0.37444
-0.37269
-0.45802
0.11051
0.06815
0.80372
0.19713
0.48061
-0.31995
0.06766
0.04188
-0.11379
-0.44772
-0.63296
0.61176
-0.61699
-0.19101
0.55913
0.10779
0.48478
0.26821
-0.00572
-0.27042
0.09065
0.31190
-0.06989
0.32475
-0.00339
0.29852
0.07454
-0.12395
0.11948
0.56900
-0.27296
-0.09249
0.63177
-0.68711
-0.11332
-0.29321
-0.41413
-0.07657
0.75495
0.32060
0.21857
0.01247
-0.16048
0.11774
-0.02381
0.15808
-0.57455
-0.18419
0.10424
0.66899
0.33403
-0.03174
0.19602
0.29600
-0.67445
0.28423
0.31927
0.39751
0.25695
-0.09096
-0.18337
0.29290
-1.66475
0.44657
0.43927
0.10167
-0.10081
-1.19414
0.16130
-0.57938
-0.34980
-0.12830
0.47159
0.27319
0.11702
0.28284
-0.03865
-0.62786
0.30182
0.52556
0.24815
-0.37592
0.12730
0.16672
0.17997
0.64865
-0.59561
-0.63974
0.04143
-0.30261
0.35930
-0.34072
-0.86630
0.04158
0.32671
0.03623
0.03149
-0.22844
0.00908
0.16010
0.25580
0.03447
0.20200
0.07684
-0.12888
0.36017
-0.65232
-0.21310
-0.13362
0.44479
-0.35009
0.33883
0.02672
0.04039
0.15334
0.37033
-0.19872
-0.02496
0.05374
0.52703
0.40702
-0.21137
0.16393
0.35847
0.74626
-0.05479
0.34800
0.49677
0.36654
-0.41361
-0.00447
0.06519
0.15718
-1.46789
-0.64981
0.59679
0.13583
0.49084
0.48712
0.36942
0.17880
-0.00039
0.02737
-0.52300
-0.58508
-0.43750
0.22121
0.33613
0.47898
-0.10411
0.27024
0.34935
0.66399
0.12375
0.25342
-0.04173
-0.33790
-0.36607
0.08995
0.21518
-0.23202
0.15100
0.46665
0.41142
0.30047
0.07627
0.13217
-0.84607
0.16562
-0.04960
-0.70563
0.05823
0.24268
0.29845
-0.38571
0.45726
-0.28188
0.24074
0.16263
0.50089
0.13233
0.07131
-0.13840
-0.24117
0.75207
0.53201
-0.19475
0.36193
0.43769
0.27733
0.26521
-0.08792
-0.04973
-0.57834
0.16328
-0.18901
-0.29030
0.54579
-0.20152
0.34683
-0.15984
0.01681
0.84174
0.22380
0.46537
0.30413
0.83440
0.16167
0.34952
0.20621
0.08768
0.77803
0.18983
-0.85153
0.60886
0.13314
-0.38272
0.55587
-0.31642
-0.26907
-0.14272
0.02799
0.16608
0.00420
0.21964
0.16335
0.13502
-0.19861
-0.22976
0.02186
0.23877
0.07003
0.88981
0.07146
0.33323
-0.03792
-0.03503
0.21006
-0.53155
0.65583
0.27101
-0.57625
0.65306
-0.87656
-0.20361
0.30696
0.22587
-0.24433
-0.03668
0.19281
0.23944
0.21490
-0.16098
0.44100
-0.22884
0.18935
-0.29140
0.00562
-0.73633
0.49747
-0.04069
0.25652
-0.52761
-0.15592
-0.16395
0.08187
0.08834
0.05229
-0.55253
0.21696
0.14724
0.13182
0.27004
-0.48047
-2.17898
0.39403
-0.11564
0.22147
0.33718
0.27142
-0.72384
0.60099
0.47357
0.11737
0.31470
0.26736
-0.11217
0.18814
0.00943
0.14050
0.24467
0.27603
-1.55861
0.87791
0.74038
-0.08258
0.43279
-0.20208
0.67030
-0.12445
0.07211
-0.30668
0.44901
-0.07651
-0.01138
0.15770
0.65899
0.30692
0.16197
0.07940
0.20402
-0.46139
0.06274
-0.37168
0.45253
-0.04958
0.34440
0.76835
0.43252
0.07057
0.34060
-0.26847
0.32094
-0.05697
0.38157
0.15167
-0.14016
0.26334
0.71202
0.57752
0.29605
0.68952
0.05500
0.61442
0.41385
-0.09560
-0.54422
0.69963
-0.21798
0.10947
-0.34988
0.33588
0.18158
-0.35661
-1.07052
0.18674
-0.07458
0.58769
0.38393
0.34902
0.52231
0.20689
0.11624
0.32338
0.31373
0.24209
-0.50131
-2.03999
-0.28688
0.33221
0.17360
0.49659
0.14767
-0.16166
0.04502
0.42115
-0.06596
-0.35754
0.31102
0.45305
0.42693
0.21571
-0.11743
-0.00319
0.74546
-0.39274
-0.22891
0.12911
-0.21221
0.11065
0.39845
0.55514
-0.26156
-0.02580
0.39727
-0.05442
0.39233
0.19819
0.49389
0.01364
0.16029
-0.32593
-0.06272
0.47459
-0.63693
-0.15187
0.44767
-0.36350
0.52767
-0.19275
0.65916
0.51296
0.11599
0.21745
-0.21739
-0.16833
0.58244
-0.24657
0.16037
0.23897
0.84436
0.18826
0.22355
-0.66784
0.19955
-0.55641
0.81421
-0.09662
0.20334
-0.00751
-0.33787
0.22597
-1.31883
0.03835
0.45168
0.31159
0.44566
0.32047
0.77235
0.08581
-0.69475
0.49400
0.28971
0.75267
-0.30620
0.31007
-0.11962
0.20183
0.29330
-0.00973
0.17778
0.17818
0.76717
0.21016
-0.07567
-0.65137
0.01059
0.67727
-0.23170
-0.22492
-0.68680
0.23215
0.41845
-0.38759
-0.14061
0.31859
-0.09893
0.42986
0.23287
-0.13448
0.28690
0.52065
0.55706
-0.17416
0.11526
0.41555
0.05508
0.71969
0.47425
-0.43358
-0.09894
0.07924
-0.31120
-0.27455
0.03684
0.06265
-0.14983
-0.98276
0.33657
-0.22713
0.35398
-0.24882
-0.20973
0.01102
-0.08961
-1.66464
0.09267
-0.22301
-0.79968
0.35259
0.24018
0.16960
-0.28343
0.52740
0.16403
-0.06667
0.34253
-0.30743
-0.39684
0.74481
0.24165
0.63689
0.92452
0.41766
0.24068
0.32627
-0.70424
0.37808
-0.28206
-0.17485
-0.00520
0.36865
0.34469
-0.51291
-0.35119
0.18991
0.00350
-0.54535
-0.65485
0.23123
0.24495
0.19876
0.03756
-0.09394
0.29489
-1.41989
-0.11292
-0.36511
0.14911
0.31801
-0.18141
0.01990
-0.00050
0.13823
-0.95083
-0.24871
0.14731
-0.08364
0.11566
0.51719
0.55143
-0.05389
0.91310
-0.10084
-0.45306
0.62598
0.34847
0.24126
-0.78480
0.44167
-0.01443
-0.14130
0.15884
0.25672
-0.30090
0.37904
0.54664
0.11019
-0.71408
0.43436
0.09736
0.35690
-0.32134
-0.71243
-0.13423
0.23561
-0.52068
-0.33787
-0.18308
0.11450
0.05523
0.37622
0.66911
-0.08050
-0.09476
-0.19487
-0.20482
-0.10461
0.28296
0.19752
0.47596
-0.30653
-0.21286
0.64326
0.14267
0.08246
-0.12869
-0.25201
0.57480
-0.15814
0.00161
0.58579
-0.17026
-0.62766
-0.15180
0.62240
0.31912
0.20084
0.55155
0.07922
-0.20802
0.85204
0.41628
-0.07224
-0.34325
-0.99606
-0.42668
-0.89627
-0.61310
0.04175
-0.04101
0.02168
-0.28140
0.58407
0.12432
0.28942
0.05334
0.63200
0.18227
0.01996
0.11927
-0.20439
-0.64277
-0.19187
-0.26651
0.89118
-0.25036
0.54547
0.03022
-0.21631
0.68654
0.39043
0.22408
-0.05419
0.30613
-0.43651
-0.62295
0.16194
-0.59421
-0.10479
0.14672
0.22999
0.72506
-0.26534
-0.21772
0.04990
0.41950
-0.01389
0.12010
0.35434
-0.96175
0.00356
0.19189
-0.38084
0.09899
-0.32136
0.39623
-0.09586
0.64568
0.45395
-0.46296
-0.34112
0.07768
-0.17408
-0.63266
0.20747
0.38008
0.04526
0.30400
0.53832
0.17079
0.30548
-0.08174
0.53523
-0.17569
-0.35524
0.62200
-0.15995
0.02959
0.43200
0.54277
0.07304
-0.00789
0.13476
-0.34664
-0.35596
0.19219
0.31426
-0.21458
0.66420
0.08846
-0.23353
-0.62581
0.26467
0.77250
-0.27971
0.59238
0.71759
0.12121
0.68531
0.36115
0.42344
0.10643
-0.00471
0.08736
-0.40772
-0.41328
-0.00874
0.01195
-0.03349
-0.90404
-0.32688
-0.66793
0.30513
0.09643
0.02802
0.06107
0.32296
0.33568
-0.25150
0.47166
0.55168
0.32514
-0.06883
0.38087
0.34559
0.03145
-0.20075
-0.36088
0.29325
-0.11336
0.47271
0.53669
0.16063
-0.01175
0.38425
-0.40243
0.29209
0.19000
0.50026
0.46284
0.38441
-0.56954
-0.17203
0.41647
0.20913
-0.03819
0.76367
0.19329
-0.60896
-0.06252
-0.87712
0.02839
0.12541
-0.18540
-0.02888
0.25295
0.48574
-0.32040
0.14276
-0.12808
0.53023
0.03060
0.03966
0.57596
-0.16799
-1.19461
-0.13437
-0.10282
0.31192
0.18439
0.42203
0.51795
0.48222
0.27604
-0.62172
0.31059
-0.12324
0.04230
-0.08564
-0.01810
-0.34609
-0.25455
-0.21580
-0.00081
0.25201
0.09779
0.67834
0.37728
-0.20257
-0.03270
0.13245
0.29254
-0.00342
-0.47105
0.12599
0.52507
0.55189
-0.17890
0.00616
-0.11937
0.56350
0.33407
-0.10751
-0.22009
0.72878
0.19438
0.41226
0.10348
-0.34900
-0.12661
-0.23579
0.17891
0.51796
-0.01356
0.18920
-0.21783
0.24407
0.43830
0.17503
-0.04126
-0.57076
0.14069
0.28030
-0.28839
0.16327
0.11408
-0.52412
0.11692
-0.95092
-0.23353
-0.24355
0.13916
0.36768
0.14996
-0.13390
0.09450
-0.26618
-0.36748
0.49207
0.67950
-0.01529
-0.36153
-0.43735
0.55692
-0.34739
-0.38719
0.46603
-1.16346
0.34065
0.60453
0.10149
-0.25810
0.56601
0.01181
0.41874
-0.28296
-0.03230
-0.42579
0.17359
0.16417
0.05579
0.59486
0.03696
0.37168
-0.39341
0.27538
0.54843
-0.41238
0.22178
-0.07178
-0.40403
-0.10772
0.01960
-0.21868
0.26110
-0.09989
0.64296
0.16858
0.26794
0.09785
0.16297
0.38292
0.20839
0.24457
0.35328
-0.62615
0.22549
-0.05396
0.27500
-0.11298
-0.01575
0.59658
-0.56352
0.42555
0.27528
-0.81622
0.40605
-0.12555
-0.52529
0.08697
0.29525
-0.21625
0.32581
-0.05121
-0.08531
-0.96138
-0.05385
0.44444
0.62423
-0.08656
0.35977
-0.04240
0.49481
-0.24091
-0.65205
0.03972
0.56650
0.35452
0.41679
-0.32301
-0.15552
0.55435
0.65706
0.12066
-0.26047
-0.01227
0.15058
0.49486
-0.69957
-0.30857
0.37947
-0.42466
0.14678
-0.31017
-0.22432
0.31346
-0.58568
-0.23973
-0.46316
0.01327
0.29063
-0.12377
-0.26371
0.67890
-0.26554
-0.29684
-0.46843
0.08032
0.20520
-0.44260
0.43182
0.18876
0.67418
-0.13615
-1.06532
0.55793
0.58356
0.23070
0.29060
0.23198
0.95323
-0.09372
-0.63721
-0.04136
0.02935
0.67519
0.26685
0.20696
0.18149
0.18299
0.48947
-0.18151
0.15627
-0.29533
0.06813
0.31054
0.28249
0.32037
0.20293
0.56786
0.10259
-0.00773
0.46688
-0.03507
0.04560
-0.88722
0.18955
0.24615
0.11183
-0.63717
0.79215
-0.81784
0.28121
-0.02793
-0.07091
0.23220
-0.07830
-0.22806
0.45936
-0.46219
-0.88004
-1.60948
0.14807
0.08209
0.18810
0.40073
0.65462
0.19725
0.24353
0.56653
0.13828
-0.41753
0.00946
0.33041
-0.07289
0.56804
-0.18690
0.49653
0.73716
0.01392
0.56043
-0.01571
-0.46091
-0.68992
0.28291
0.63283
0.58528
-0.62716
0.18647
0.06481
0.48784
-0.31338
0.21583
0.54244
0.01602
-0.70406
-0.10013
-0.08358
0.52948
0.52639
0.69794
-0.69099
0.50507
-0.38968
0.48353
0.31184
0.49274
0.23758
0.10010
-0.77468
-0.05778
-0.63592
-0.46089
0.37329
0.34163
0.76892
-0.09766
0.03843
-0.19789
-0.05848
0.04041
-0.24986
0.58841
0.39658
-0.01115
-0.27525
-1.17899
-0.09126
0.01835
0.45022
0.04281
-0.41203
-0.24098
0.50673
0.40720
-0.27194
0.62309
-0.32805
-0.61144
-0.55003
-0.39700
-0.03036
0.25475
0.26380
-0.18092
0.00879
0.71263
0.33482
0.14899
0.59594
-0.17317
0.84321
-0.14409
0.20142
-0.29739
-0.35169
0.16760
-0.71537
-0.26952
-0.09429
0.37861
0.10437
0.01964
-0.89515
0.10270
-0.20625
0.08933
0.15724
0.01656
0.11431
0.00938
0.13485
0.00839
0.09983
0.07573
0.05856
0.13137
0.01416
0.10093
0.11211
0.02895
0.12759
0.17729
0.02212
0.14096
0.09497
0.02449
0.17260
0.20272
0.03692
0.01612
0.04601
0.16976
0.09726
0.08376
0.07847
0.13236
0.05351
0.03269
0.09909
0.07094
0.09122
0.17891
0.17135
0.00145
0.04259
0.09498
0.15931
0.14032
0.14283
0.03068
0.07310
0.05324
0.19771
0.20283
0.18954
0.03292
0.10832
0.11173
0.13866
0.19391
0.07107
0.16072
0.09862
0.02740
0.01017
0.20941
0.12617
0.01540
0.18321
0.07982
0.17423
0.16930
0.15420
0.16692
0.15729
0.01353
0.09681
0.03705
0.06052
0.05087
0.11081
0.12135
0.09669
0.04166
0.18317
0.15007
0.18271
0.05983
0.12571
0.03626
0.10498
0.12691
0.00311
0.02408
0.01268
0.14316
0.05828
0.04204
0.05853
0.13890
0.05649
0.20495
0.11466
0.04122
0.00158
0.13645
0.08080
0.17691
0.05523
0.04736
0.07511
0.02709
0.21173
0.19610
0.16061
0.05581
0.04667
0.13272
0.02187
0.12479
0.06185
0.10427
0.08867
0.21176
0.07475
0.17375
0.00101
0.05861
0.11892
0.04637
0.02680
0.14913
0.19214
0.06932
0.14971
0.17704
0.15763
0.08122
0.03622
-0.03894
0.05368
0.09149
-0.02150
0.29121
0.08203
0.15911
0.17536
0.12174
-0.14240
0.31005
-0.17863
0.09069
-1.03777
-0.11622
0.41359
0.02042
0.11977
-0.28478
-0.39729
0.08189
0.16031
0.11009
-0.36485
-0.05792
0.50829
-0.23803
-0.33472
0.22429
-0.32269
-0.71441
-0.00665
-0.10651
0.54013
-1.16776
0.13146
-0.14149
0.61726
0.08686
0.21123
-0.73863
0.53648
0.63502
-0.09071
-0.86678
-0.54170
0.52493
0.12308
0.15930
-0.44111
0.59287
0.08032
0.69688
0.02689
-0.18455
-0.80370
0.49011
0.37553
0.59921
-1.01320
-0.24193
-0.89248
0.66385
-0.87004
0.47356
-0.27437
1.28907
0.31988
-0.22467
0.36230
-0.08053
-0.49658
-0.01913
0.41519
-0.83299
0.16733
0.11660
-0.28141
-0.21937
0.42087
-0.31590
-0.18923
0.11064
0.35529
0.37882
-0.27604
-0.54051
0.09308
0.20162
-0.29745
-0.43410
0.31929
0.57369
0.38487
0.91039
0.17304
-0.50962
-1.07686
0.14231
0.73862
0.38084
-0.27276
0.12949
-0.10769
0.46340
0.29705
-0.33163
0.48985
0.64910
0.22079
-0.82386
0.17666
0.35277
-0.84241
0.47819
0.51964
-0.75555
-0.00199
-0.09493
-0.31194
0.08189
-0.78119
-0.00123
0.69648
-0.01045
-0.70083
0.31142
-0.12548
0.00511
0.69459
0.30650
0.11323
-0.35445
0.66898
0.03857
0.17152
-0.01244
0.11231
0.58596
-0.21674
0.60874
0.54635
-0.34596
0.49717
-0.05616
-0.22478
0.34712
0.18664
0.36861
0.14528
-0.26948
0.51461
-0.49512
-0.42446
-0.66012
-0.01712
0.31170
0.55610
0.89177
-0.32775
0.31585
0.34344
-1.10487
0.66872
0.53686
-0.46942
-0.89270
-0.87613
-0.01172
-0.44969
0.33018
-1.25466
-0.03921
0.10319
0.61056
-0.93949
0.03119
0.67951
0.19375
-0.23660
-1.30503
-0.01068
0.15295
0.23030
0.67656
0.48346
0.33438
0.00196
0.11989
0.37968
-0.20290
-0.28373
-0.24577
0.69581
0.20931
0.43134
-0.40449
-0.05341
0.15840
-0.60634
0.20485
-0.02914
-0.00976
-0.09579
-0.47906
-0.88023
-0.12116
0.08770
0.07885
0.01761
-0.11941
0.15996
-0.11619
0.15600
0.24419
0.03552
-0.22974
0.11746
0.56966
0.62069
-0.87509
-0.77225
0.23990
0.43046
0.77252
-0.54433
0.39791
-0.56434
0.37524
-0.06211
-0.10162
-0.26553
0.01241
-0.74649
-0.69906
-0.02510
-0.24315
-0.18828
0.33795
-0.22676
-0.27534
-0.05453
-0.18459
-0.05844
-0.11983
-0.05921
0.07771
0.08817
-0.16814
-0.06542
-0.16062
0.08797
-0.24002
-0.29055
0.31734
-0.04403
0.18206
0.17433
-1.17250
0.01001
-0.07575
-0.61120
-0.26533
-0.00531
0.42024
-0.07725
0.20299
0.23996
-0.15458
-0.14812
0.43480
-1.03210
0.26347
0.47902
-0.51266
0.25094
-0.37666
-0.31427
-0.07797
0.15291
0.62908
0.01504
0.02806
0.01780
0.29177
0.26581
0.16747
0.25054
0.25583
0.16762
0.00039
0.35828
0.57799
0.39664
0.35872
-0.90023
0.11929
0.21064
-0.14674
0.45087
0.44080
0.31539
0.13292
0.42459
0.45861
1.21620
-0.01426
-0.18866
0.45856
0.59561
-0.29678
0.41234
0.43680
0.22931
0.06421
0.22529
-1.01066
0.29212
-0.38657
-1.86242
-0.56465
-0.30734
0.22277
-0.01423
-0.24102
-0.00771
-0.49708
-0.51920
0.64061
0.03506
-0.07793
0.71950
-0.04167
0.30532
-0.31873
0.43489
0.11685
0.41596
-0.04679
-0.10824
0.28580
0.42060
0.32626
-0.21756
-1.23132
-0.26373
0.16592
-0.98314
0.24837
-0.22236
0.52638
-0.64765
-0.05693
0.08207
-0.51125
0.47490
0.37869
-0.68354
0.19537
-0.34152
0.41698
0.53605
0.23160
0.38862
0.26015
0.16816
0.06144
-0.28704
-0.01369
-0.08572
-0.39620
0.02373
0.61475
-0.98725
0.66093
-0.48003
-0.05890
-0.79397
-0.76599
-0.49740
0.11307
-0.48501
0.25591
0.43539
0.07224
0.57777
0.04024
0.01132
0.29216
-0.08196
0.26916
0.74861
0.43306
0.71694
0.20914
-0.10967
-0.76524
0.57421
0.17527
-0.22879
0.33390
-0.27951
-0.19347
0.75939
0.35224
-0.58154
0.68634
0.87357
-0.56717
0.41166
-0.82440
0.10953
-0.64993
0.33290
-0.67017
-0.29999
0.35621
0.47245
-0.10440
0.25616
-0.50267
-0.11136
-0.07885
0.30451
0.31088
-0.64510
-0.05257
0.11524
0.20702
-0.11119
-0.19877
-0.04274
-0.00229
-0.55371
-0.13845
0.19776
0.05541
-0.33419
0.38756
0.12553
0.00608
-0.84559
-0.08841
0.48677
-0.31230
-1.12492
0.15250
0.38750
0.42032
-0.59451
0.39422
-0.01972
0.55639
-0.81962
0.33237
-0.30536
0.79132
0.59566
0.37781
-0.36503
0.15348
0.04897
0.31381
0.21987
-0.31566
-0.08576
-0.17927
0.51151
0.38657
-0.09327
-0.03421
0.69309
-0.01909
0.06112
-0.42425
0.20868
0.66302
-0.41372
-0.07270
0.30475
0.23037
-0.66160
-0.53768
-0.33279
-0.21955
-0.34766
0.18317
-0.11812
-0.14916
0.28041
-0.31330
-0.13575
0.73150
0.11000
0.22640
0.35978
-0.87452
-0.19941
-0.62839
-0.60463
0.73051
-0.24681
-0.73966
0.20588
0.20602
0.71136
0.23563
-0.25691
0.23463
-0.17059
0.04683
0.29326
0.39093
0.35040
0.21752
-1.28351
0.02642
0.62938
0.55025
0.24934
-0.22324
0.16369
0.70805
-0.32927
0.04959
-0.27706
0.61755
-0.22763
0.11454
-0.36061
-0.45416
0.28708
-0.10294
-0.40495
0.42996
0.23113
-0.09147
0.40102
0.62198
0.06205
-0.56106
0.27099
-0.04430
0.10226
-0.10402
-0.62564
0.00308
0.57763
-0.07739
-0.61475
0.35955
-0.52901
0.18967
-0.07238
0.46438
0.80235
0.16211
0.61218
0.15341
0.43686
-0.89644
-0.41079
0.15863
0.55340
0.41018
-0.08214
-0.16431
-0.64351
-0.20098
-0.59664
0.33786
-0.37063
-0.51017
-0.14596
-0.24772
-0.32878
-0.66543
-1.23236
-0.07590
-0.12595
0.01484
-0.58671
-0.98326
-0.12805
-0.70802
-0.09886
-0.28592
-0.54657
-0.09226
-0.60225
0.17827
-0.02728
0.08087
0.02681
-0.62098
-0.05176
0.02539
-0.61461
0.17946
-0.25321
0.13544
0.54701
0.12805
0.20975
0.46975
0.44455
-0.30214
0.17902
0.11790
0.26228
0.65669
0.38918
0.30441
0.25649
0.12056
-0.07886
-1.17182
-0.20571
-0.13481
-0.68320
0.37581
0.13027
0.11797
0.34347
0.42027
0.62306
0.20693
-0.35091
-0.15467
0.07687
0.40721
0.07360
0.08389
-0.07308
0.35981
-0.34223
0.37384
0.12432
-0.05595
-0.11379
-0.47249
0.32229
-0.73761
0.01527
0.60777
0.43196
0.46132
0.02013
-0.05629
0.02709
0.17149
0.31336
0.18199
0.14494
0.35129
-0.03570
-0.30192
-0.11564
0.16161
0.06071
0.11206
0.06584
-0.05311
0.25539
-0.57076
-0.21124
-0.59886
-0.72084
-0.33582
-0.25743
0.14851
0.10742
-0.19115
0.12315
-0.62137
-0.66734
-0.47954
0.75544
-0.77441
-0.72995
-0.51188
-0.52950
-0.99924
-0.83639
0.34196
-0.11061
-0.62009
0.07584
-1.60583
-0.02217
0.69838
-0.70047
0.04387
0.55527
-0.10202
0.11287
-0.63768
0.02614
-0.75894
-0.53946
0.23541
-0.04936
-0.27038
-0.25552
-0.07864
0.31581
-0.04803
-0.66982
-1.02294
-0.92820
-1.16332
-0.29423
-1.29635
0.14693
0.30940
-0.78728
0.63036
0.17280
-0.00012
0.18562
0.22061
-0.50960
-1.63258
-0.12720
-0.18120
0.60738
-0.10073
-0.49164
-0.31731
-0.57805
-1.25917
-0.55281
-0.35738
0.02010
0.15021
-0.47681
-0.83664
-0.91788
0.09456
-1.46984
-0.46836
-0.11060
0.14616
-0.06891
-1.06366
0.50599
-0.20657
-0.35587
-0.38876
-0.11379
-0.41089
-0.09485
0.13597
-0.79402
-0.07023
0.66463
-0.19886
0.10222
0.36651
0.38622
0.42134
0.47849
0.51019
-0.69121
-0.26246
-0.54096
-0.44150
0.01580
-0.34452
-1.33558
0.35022
0.12383
0.28727
-0.16886
0.15369
-0.47282
-0.20190
0.03473
0.23219
0.29972
0.45108
0.65598
-0.11339
-0.63071
-0.19203
0.93806
0.45314
0.04788
0.30019
0.27156
0.58332
-0.37808
0.46011
-0.58235
0.28558
-0.22492
-0.54338
-0.26743
0.60813
-0.42970
0.33770
-0.76075
0.30649
0.02248
-0.64099
-0.05179
0.16083
0.53205
0.12321
-0.19523
-0.95812
0.12792
0.48426
-0.94940
0.43659
0.57555
-0.00116
-0.18250
0.46447
0.00013
0.28270
0.35343
0.05523
0.58273
-0.70903
0.65243
0.23424
-0.36825
0.33582
0.19919
0.09882
0.14629
0.20682
-0.83707
0.79725
0.13362
0.06178
-0.01506
0.61265
-0.06027
-0.56568
-0.70000
-0.06902
0.39633
0.71392
-0.16138
0.95688
0.34849
-0.05662
0.56416
-0.32989
-0.61737
0.21094
-0.79247
-0.20939
-0.02960
-0.25461
0.27192
-0.85206
0.11602
-0.18765
-0.74026
0.63281
-0.15054
-0.05462
0.42665
0.95780
-0.44293
-0.40071
0.64861
0.28677
0.50349
1.02937
-0.46523
-0.37050
-0.17060
0.36897
0.22295
-0.01063
-0.06431
-0.60688
-0.13909
-0.51470
0.41302
-0.70699
-0.70638
0.13058
-1.06323
0.32404
-0.70837
0.46119
0.30611
0.35957
-0.01675
-0.17801
0.39301
0.33580
-0.55941
-0.00588
0.53886
0.55462
-0.94041
-0.83547
-0.63760
-0.06826
-0.79040
-0.07212
-0.17719
-0.62454
-0.27442
-0.25557
-0.85443
-1.19528
0.40474
0.35373
-0.28501
0.41494
0.43106
-0.70753
0.23680
-0.21717
-0.63205
-0.12211
-0.16393
-0.36637
0.68285
-0.48333
-0.11655
-0.78811
0.58449
0.06435
-0.17544
-0.71019
-0.21315
0.16233
-0.13868
0.39225
-0.46796
0.02026
0.41735
0.07312
-0.16176
-0.43989
-0.07840
-0.77623
0.24623
-0.30230
-0.02091
0.34730
-0.74573
-0.25690
0.15161
-0.86517
0.00123
-0.22315
0.02460
-1.14518
-0.58899
-0.19904
-0.09866
-0.11574
0.07155
-1.36077
-0.43287
-1.17643
0.12814
-1.37403
0.33768
-0.18971
-0.74750
-0.15472
0.38088
0.16909
0.33090
0.09201
-1.34513
-0.40450
-0.44182
-0.14579
-1.08265
-1.08450
-0.14612
0.09233
-0.19091
0.11918
0.02360
0.63008
-0.59739
-0.23642
0.36918
-0.34777
-0.42521
-0.76436
-0.41981
0.26066
0.19276
0.16293
0.00114
0.25737
-0.45731
0.28585
0.11952
-0.04898
0.25191
-0.08040
-0.00342
0.05870
0.29360
-0.56504
0.00179
0.19093
-0.79769
0.42878
-0.68911
0.32278
0.36787
-0.40024
0.32675
0.54300
0.53938
0.02743
0.02950
-0.40038
-0.53128
-0.03566
-0.08740
-0.29319
-0.07230
0.25668
-0.42199
-0.20452
-0.09574
-0.44432
0.31623
-0.41461
0.30657
-0.17180
0.18725
0.17803
-0.58027
0.22326
0.03699
0.44113
-0.31919
-0.00659
-0.20255
0.24010
-0.07416
-0.32290
-0.13075
0.61276
0.55902
-0.69117
0.43486
0.20592
-0.57461
0.34872
-0.05581
0.24382
0.60636
0.47957
-0.02229
-0.06232
-1.09980
-0.74956
0.18455
0.05656
0.31496
-0.07088
0.01118
0.25893
0.43529
0.17488
0.08660
-0.33828
-0.07428
-0.78227
-0.69677
-0.02967
0.78269
-0.74053
-0.41734
0.65570
0.47339
0.34125
0.18172
0.59423
0.43980
-1.17753
-0.20403
0.08576
0.20150
-0.55795
-0.34987
-0.32219
0.50582
0.32830
-0.19633
-0.10517
-0.22218
-0.17936
0.32295
0.03263
-0.17281
0.49207
-0.25007
0.13404
-0.47787
-0.36061
-0.55891
-0.38423
-0.22801
-0.28894
-0.73638
0.02393
0.24019
0.03926
-0.29800
-0.33847
0.19839
0.40158
0.02328
-0.34354
0.83830
0.31458
0.30958
-0.58132
-0.28263
-0.95375
-0.60091
-0.87845
1.07967
-0.00003
1.06044
0.33612
-0.51772
0.21934
0.53254
0.08920
0.23936
-0.16586
0.11537
0.49948
-1.33461
0.19620
0.43372
-0.62952
0.54637
0.52027
0.51470
0.50531
0.84035
-0.03518
-0.01049
-0.13042
0.38706
-0.03900
0.06651
0.52250
-0.70181
-1.00519
0.21635
-0.89324
0.40492
-0.01017
0.04500
-0.16043
0.18788
-0.78398
-0.08585
-0.21589
-0.18315
0.03868
-1.26336
0.16769
-0.75954
0.11043
0.04759
0.27962
-0.41130
0.39679
-1.01670
-0.59198
-0.36446
0.14033
0.22716
0.00671
0.04943
-0.26896
0.13832
0.28501
-0.86928
-0.49564
-0.50196
-0.33141
-0.70854
-0.57017
0.48259
-0.25086
-0.50679
-0.63130
0.88749
0.38544
-0.46055
-1.32787
-0.64204
-0.05468
0.08311
0.39862
-0.07321
0.08348
-0.06195
-0.18395
0.06437
0.46035
0.01090
0.42357
0.43083
-0.22216
-0.33356
0.11430
-0.40083
-0.37977
-0.60307
-1.29339
-0.84350
0.35474
-0.00695
0.32003
-0.45048
0.42131
0.20423
0.08834
0.26408
-0.32820
-1.15723
-0.04151
-0.59423
-0.50530
-0.18052
0.02116
-0.55989
0.01390
-0.25628
0.19974
0.63871
0.10697
0.39099
-0.25515
0.48876
-0.01592
-0.39929
-0.01260
0.17287
-0.58458
0.19281
0.36694
0.33055
0.28979
-0.98250
-0.60117
0.60940
-1.02787
-0.32999
0.44661
-1.06759
-0.45829
-0.59188
-0.28196
0.46114
0.52461
0.05691
-0.70593
-0.12899
-0.14082
0.10168
0.41590
0.36093
0.28467
0.43231
-1.46341
0.48883
-0.40998
-1.82294
-0.30761
0.14209
-0.40070
-1.45516
0.54073
0.05593
0.58872
0.40346
-0.32876
0.09305
-0.18438
-0.49763
-0.13329
-1.09288
-0.41405
-0.06241
-0.82029
-0.07663
0.17400
-0.04070
-0.00784
0.80235
-0.06944
-0.02425
0.37935
0.02210
0.24567
-0.14138
0.26719
-0.15207
-0.02833
-0.09303
-1.17963
0.44054
-0.57022
0.28823
0.39312
-0.09900
-1.42990
-0.28644
-0.90015
0.23598
-0.35253
0.04580
0.27749
0.43149
-0.01630
0.30330
-0.44246
-0.02162
0.56888
-0.07270
-0.74615
0.23801
0.09123
-0.06354
0.22517
-0.19156
-0.17086
0.26222
0.03732
-1.14563
0.61228
-0.37210
-0.18670
0.42171
-0.42240
-0.14854
0.46183
0.39253
-0.39223
0.44549
-0.31043
0.69780
0.07354
0.05847
0.03457
0.00623
0.05017
0.20625
-0.04476
0.00866
0.43527
-0.39723
0.40138
0.01178
0.56237
0.37613
0.44001
0.54057
-1.57387
0.44489
0.57822
0.30639
0.09545
0.33551
0.23394
0.39983
0.62751
0.05442
0.24949
-0.22590
0.60476
-0.57865
0.35081
0.27521
0.26580
-0.48561
0.26773
0.22622
-0.35867
-0.73065
0.11685
-0.97595
0.34386
0.29212
0.26473
0.34175
0.54647
-0.02905
-0.10247
-0.06479
0.02146
0.43278
0.52605
-1.58926
-0.31785
0.01110
-0.40526
0.36010
-0.11172
-0.23013
0.63161
0.28584
-0.05082
0.36087
0.23552
0.00730
-0.12974
-0.90328
0.17713
-0.06009
0.29478
0.30796
-0.06307
-0.40294
0.65527
0.30271
0.08902
-0.55229
-0.02453
0.11210
-0.87054
-0.18297
0.66343
0.11522
-0.30172
-0.62943
0.02658
-0.20255
0.59163
-0.46689
0.48479
-1.40207
-0.38958
0.39640
-0.35585
0.57073
0.06008
0.46584
-0.33301
0.31337
-0.21794
0.79642
-0.30475
0.06183
0.45330
0.00384
-1.24956
0.62581
-0.28229
-0.35896
-0.61775
0.11078
0.53324
-0.30397
0.12760
0.03231
0.53073
0.36888
0.62367
0.46474
-0.01230
0.45064
-0.55016
0.36566
0.04870
0.31310
-0.27283
-0.26814
-0.12948
0.09725
0.23571
-0.24732
0.19277
-0.65860
0.46538
0.27370
0.46361
0.26511
0.26550
0.35025
-0.38847
-0.27440
-0.02421
-0.07768
-0.89764
0.24949
0.37910
0.12493
-0.21101
0.35815
-0.20372
-0.67465
0.54137
-0.10936
0.39258
0.40972
-1.46292
-0.18586
0.09327
0.34982
0.33736
-0.10233
0.38737
0.63830
-0.03126
-0.36595
0.03735
-0.07631
-0.51115
0.14135
-1.37825
-0.93304
0.64048
0.40741
0.36099
0.37592
-0.21722
0.54037
-0.50358
0.43545
0.36970
0.28633
0.31303
0.53031
-0.17649
0.60208
0.90960
0.18771
-0.75383
-0.15651
0.45634
-0.05757
-0.10119
0.27101
0.54520
-0.24935
-0.60604
-0.32700
0.58611
0.21963
-0.03205
-1.09340
0.32141
-0.00131
-0.27770
-0.20692
-0.06822
0.11363
0.18696
-1.54535
0.52125
-1.03847
-0.03591
0.10031
-0.90203
-0.06733
0.09789
0.33279
0.31780
-0.07980
0.41852
0.20945
0.24411
0.19553
-0.07886
0.17205
-0.89719
0.31850
-0.09164
0.69633
-0.17459
0.07293
-0.35436
-0.57364
0.08066
-0.22715
-0.29753
-0.92709
0.28664
0.10089
0.41567
0.13112
0.45184
-0.24978
0.63968
0.72253
0.06907
0.13129
-0.17845
0.55949
-0.15443
0.14992
0.10842
0.12207
0.12737
0.79058
-0.99396
0.12013
0.12925
-0.39003
0.14139
-0.20765
-0.20452
0.48903
-0.57110
-0.20664
0.45028
-0.97747
0.09678
-0.21968
-0.22620
0.10882
-0.08193
-0.51245
-0.92133
-0.20406
0.74862
-0.58854
-0.63005
-0.08651
-0.24577
-0.58330
0.44706
0.82349
-0.25447
0.15693
-0.55654
0.78995
-0.27893
0.09496
0.10382
-0.24816
-0.10908
-0.34294
-0.57260
-0.53561
-0.52577
-0.54494
-0.30311
-0.11094
-0.52641
0.04546
-0.39836
0.46773
0.12185
-0.56656
0.10144
0.58696
0.18677
-1.02934
-0.00476
0.52916
-0.99823
0.48634
-0.52692
-0.60849
0.54927
-0.83658
0.48059
0.56797
0.44048
-0.07721
0.53810
-0.67922
-1.12901
-0.16199
0.22432
0.12355
0.37362
0.33074
0.18715
0.38226
-0.53058
-0.06854
0.34192
0.16321
-0.06221
0.14559
-0.17450
0.45337
0.08673
-0.09253
-0.00214
0.55952
0.00911
0.03643
0.02829
0.06157
0.44391
-0.04456
0.28640
-0.04718
0.07878
0.45407
0.02952
0.00609
-0.27011
0.07753
-0.01032
0.26388
-0.27507
-0.47104
0.23342
-0.34431
-1.47562
0.40107
-0.33776
-0.12974
-0.55606
-0.37290
-0.75808
0.56942
0.08324
0.37140
0.34261
-0.04077
-0.30072
0.26706
-1.03346
0.33731
0.09846
0.40386
0.20667
0.29449
0.14130
0.59480
0.59683
-0.15276
-0.78523
0.81047
0.42074
0.24080
0.53347
0.43969
-0.27715
0.43061
0.09128
-0.01347
0.36380
0.64773
0.15111
0.36357
0.15549
0.47178
0.59760
0.48823
0.52998
0.52293
-0.62116
0.41322
-0.72335
0.46669
-0.22183
0.11175
0.87861
-0.21278
0.17407
0.17494
-0.54568
-0.17095
0.08661
-0.22604
0.46172
0.44597
-0.27099
0.15007
-0.48568
0.17742
0.11818
-0.18564
-0.16694
-0.23549
0.19659
-0.24220
-0.16293
-0.22115
0.13336
0.12177
-0.17563
-0.53734
-0.17304
-0.73879
0.15248
0.15365
0.12208
0.13110
-0.23499
0.30808
-0.42436
-0.48041
0.00522
0.40153
-0.05181
0.59558
0.39177
-0.22502
0.19412
-0.92560
-0.82319
-0.67793
-0.02756
-0.22885
-0.20340
0.25073
-0.07115
-0.20040
-0.02019
0.21301
-0.35468
0.49118
0.39839
-1.04409
0.38190
0.66523
-0.31852
-0.51012
-0.81716
-0.36641
-0.32215
-0.34338
0.52798
-0.76428
-0.04424
-0.05866
-0.24553
-0.67746
0.62396
0.23854
0.50000
0.00874
0.22932
-0.28263
0.44323
0.36518
0.26876
0.35828
-0.04492
-0.46574
0.71652
-0.04075
-0.01249
0.01503
-0.26337
0.56060
0.23413
-0.17366
-0.85320
0.11147
-0.61357
0.41460
-0.16350
0.13386
-0.82911
0.40398
-0.57650
-0.59307
0.16967
0.42935
-0.32176
-0.66314
0.69088
0.61400
0.33665
-0.50462
0.63196
-0.02359
0.63898
-0.02057
0.37134
0.40731
-0.42126
0.20170
-0.26776
-0.33017
-0.48194
0.33752
-0.04811
0.35109
0.47022
0.42753
0.47331
-0.15296
0.13283
-0.12471
0.16256
0.76237
-0.78497
-0.53575
-0.03043
0.50321
-0.35716
-0.68720
-0.06341
0.50190
0.05141
0.01204
0.31389
0.83986
-0.08862
-1.08262
-0.01941
0.17925
-0.47036
0.28467
-0.04046
0.50006
0.20623
-0.12586
-0.07222
0.16572
-0.13589
