0.22282
0.11023
-0.10021
-0.68633
0.53325
0.42317
-0.34944
0.61165
0.28432
0.70762
0.35398
0.28539
-0.01291
-0.46582
0.52453
0.15805
0.00068
0.22513
0.14952
-0.14306
0.66446
0.65528
-0.09857
0.39687
-0.13205
-0.35341
-0.60246
-0.14834
-0.08056
-0.58764
0.10182
0.11960
-0.10957
0.14863
-0.09423
0.71702
0.63257
-1.10018
0.51885
0.19339
0.05812
-0.53762
0.29708
-0.37190
0.38140
0.52893
0.49726
0.65240
0.49672
-0.45223
0.12750
0.46545
0.65262
0.22815
-0.54381
-0.64939
-1.19526
0.23891
-0.28028
-0.52126
0.02006
0.46081
0.13596
0.05027
-0.01091
0.21518
0.93370
0.03086
0.50692
0.51231
0.50524
0.11517
-0.44925
0.17037
0.44093
-0.01956
-0.22321
-0.54765
0.13757
-0.21753
-0.16703
-0.05880
0.54371
0.82499
0.80397
-0.45528
0.22488
0.35426
0.30801
-0.05076
-0.10364
-0.09672
-0.10916
0.17731
-0.08814
0.05336
0.27212
-0.31151
0.11683
0.60076
0.24087
0.25499
0.02619
-0.05401
-0.22343
0.36381
0.60758
0.36375
0.14767
-1.02327
-0.60008
-0.14685
0.19514
0.08138
0.12621
-0.06573
0.00316
0.26446
0.33190
-0.84791
-0.27594
-0.54087
0.48913
0.20459
-0.34807
-0.39319
0.62528
-0.18445
0.19218
0.39626
-0.17138
-0.01536
0.45928
0.38857
0.31519
0.04193
0.37204
-0.02942
0.36814
0.15248
0.21027
0.24815
-0.26077
0.11760
-0.19417
0.09988
0.23800
0.07901
0.01353
-0.09105
-0.03417
0.33836
-0.48930
-0.51727
0.32772
0.74576
-0.63387
0.38040
0.01976
-0.52015
0.23707
0.17802
-0.20521
-0.14921
0.39092
0.04917
-0.06755
0.04518
0.64175
0.90419
0.30968
-0.56335
-0.29939
-0.80088
-0.83409
-0.55706
0.23798
0.00551
-0.65909
-0.52400
0.39547
0.72397
0.27600
0.01552
-0.11963
-0.02188
0.39166
-0.03294
0.36858
0.08393
0.02138
0.62437
-0.58475
-0.00185
-0.41646
0.53154
-0.80073
0.39269
0.25268
-0.37023
-0.81016
0.88526
0.47125
0.23735
0.25695
0.14460
-0.06240
0.26132
-0.64780
-0.36339
0.10708
0.31580
-0.15041
-0.23992
0.51350
-0.46199
0.18025
0.34848
-0.08346
-0.16417
-0.16396
0.50664
0.29811
0.45830
0.56980
0.18963
0.32109
-1.10479
-0.17606
-0.36063
-0.19631
0.06535
-0.34678
-0.47476
0.32490
-0.22478
-0.08737
0.56829
0.24855
0.54698
-0.10523
-0.26785
0.23449
0.05836
0.00292
-0.33843
-0.26653
-0.18622
0.18750
-0.42890
0.12480
0.08145
0.18316
-0.42822
0.46297
-0.45796
-0.39178
-0.41813
0.05644
0.35435
-0.08054
-0.18283
0.45455
0.27910
-0.61600
0.09380
-0.34408
-0.15216
-0.36696
-0.15204
0.10263
0.88028
-0.00518
0.32239
0.31431
0.52750
0.03932
-0.85339
-0.02154
-0.67023
0.58792
0.34351
0.54184
0.63302
-0.45093
-0.27895
-0.33143
-0.11412
0.24578
0.45195
0.01141
-0.29237
-0.52388
-0.12604
-0.66634
0.20204
0.10499
-0.46537
0.38902
0.03585
-0.82788
-0.40305
0.11904
0.10623
-0.04128
-0.32005
-0.07783
-0.50145
0.15162
-0.87953
-0.12368
0.43656
0.43315
-0.88709
-0.03677
-0.13503
-0.74194
0.30253
0.02599
-0.02892
-0.03567
0.44137
0.51724
0.20529
0.21642
-0.22086
-0.54574
0.25342
0.54229
-0.03108
-0.14628
0.30846
0.22613
0.09387
0.49988
0.37569
0.59712
0.12134
0.63487
0.14887
0.38160
-0.40620
-0.04400
0.34712
0.56257
0.04192
-0.22269
0.43632
0.46551
0.07143
-0.43237
0.26548
-0.31701
-1.10255
-0.14523
0.42000
0.45686
0.12334
0.04347
0.27513
0.16991
0.11438
0.19204
0.25008
0.08485
-0.18248
0.23690
0.22162
0.09347
0.98294
0.66886
-0.18113
-0.43848
0.34675
0.67035
0.20361
0.47509
-0.19295
0.12793
0.01026
0.22095
-0.15551
-0.75500
0.13889
-0.12908
-0.23104
-0.29650
0.26731
0.20841
0.66318
0.13126
0.04478
-0.44857
0.06394
-0.12050
0.31320
-0.32084
-0.60561
0.57315
-0.42399
-0.18515
0.52587
0.14432
0.42219
0.12845
0.05567
-0.20261
0.02057
0.12557
-0.08791
0.14569
-0.17663
0.35919
-0.17340
-0.02665
0.07520
-0.33929
0.05351
0.67215
-0.84305
-0.35628
-0.28351
-0.43054
-0.06417
0.73253
0.33629
0.24213
0.19707
-0.19996
-0.62924
0.20005
0.39881
0.11612
-0.52491
-0.15335
0.26092
0.57951
0.30461
0.03638
0.19411
0.29799
-0.41919
0.31598
0.28083
0.33215
0.12491
-0.12305
-0.29087
0.35273
-1.64124
0.33527
0.51106
0.25225
-0.15756
-1.28303
0.03774
-0.46445
-0.36301
0.09217
0.44426
0.28885
0.04722
0.51357
0.06755
-0.53246
0.38407
0.59152
-0.07146
-0.42016
0.19161
0.11217
0.45083
-0.52811
-0.59072
0.35945
-0.27919
0.37508
-0.36507
-0.56184
-0.13898
0.38892
0.06939
0.13487
-0.32268
0.03026
0.08420
0.15634
-0.08688
0.17382
0.17505
-0.13087
0.31051
-0.80093
-0.28295
0.19437
0.42497
0.34421
-0.26546
0.35357
0.03789
-0.36357
0.18007
0.36056
-0.39849
-0.04219
0.02358
0.50293
0.55821
0.01705
0.07761
0.29645
0.67771
-0.08055
0.41537
0.46117
0.32719
0.06548
0.01062
-0.08283
0.10313
-0.65095
0.64855
0.20745
0.53431
0.44074
0.35633
0.26063
-0.03683
0.21236
-0.40428
-0.72382
-0.51663
0.38581
0.22820
0.43682
-0.12039
0.46676
0.48189
0.54086
0.27742
0.06905
-0.14398
-0.70161
-0.27392
-0.16071
0.41971
-0.43658
-0.17149
0.46297
0.45275
0.20664
0.03717
0.15769
-0.83429
0.23530
-0.07551
-0.74759
0.13055
-0.00505
0.31288
-0.29388
0.48897
-0.36597
0.08497
0.08657
0.44947
0.07760
0.07914
-0.07388
-0.19731
0.70220
0.15051
-0.20483
0.29270
0.28186
0.36663
0.29197
-0.36658
0.16062
-0.58414
0.06170
0.01418
-0.31196
0.44567
-0.12598
0.36819
-0.18387
0.26572
0.75645
0.10075
0.51227
0.35705
0.87142
0.20378
0.20698
0.07053
0.01195
0.07168
0.71286
-0.00295
-0.74649
0.60669
0.08659
-0.25659
0.46997
-0.34464
-0.82073
0.00942
-0.09492
0.15890
-0.08527
0.05526
0.16776
0.09765
-0.22538
-0.26425
0.15371
0.58478
0.08618
0.90754
0.20891
0.38833
-0.26448
0.02762
-0.01321
-0.38265
0.68931
0.18832
-0.58158
0.60487
-0.72009
-0.14017
0.31190
0.38638
-0.27220
-0.28007
0.18941
0.34206
-0.09376
-0.16423
0.54122
-0.14220
0.20500
-0.45323
-0.06777
-0.66161
0.11037
-0.03566
0.31680
-0.57063
-0.27134
-0.46530
0.28206
0.11055
0.07053
-0.71853
0.13375
0.12411
0.23324
0.30715
-0.53342
-2.17526
0.42191
0.04995
0.27215
0.42969
0.32910
-0.51115
0.64531
0.48274
0.22844
0.20482
0.13918
-0.04608
-0.05292
-0.18579
0.19059
0.26829
0.25581
-1.35976
0.91260
0.89366
-0.08892
0.46063
-0.00199
0.68839
-0.19890
0.19786
0.03852
0.40932
-0.05651
-0.05876
-0.49079
0.65631
0.15044
0.11741
0.20731
-0.36131
0.01813
-0.38547
0.40003
-0.35706
0.48114
0.53784
0.44632
-0.02655
0.31789
-0.11622
0.32717
-0.03284
0.45034
-0.02448
0.03250
0.07463
0.68146
0.48092
0.38955
0.66923
0.26350
0.51607
0.34616
-0.01705
-0.45549
0.60815
-0.11627
0.14261
-0.54359
0.34123
0.03965
-0.10696
-0.84468
0.32924
-0.09973
0.62465
0.43657
0.52013
0.51524
0.05382
0.10708
0.30016
0.27853
0.38261
-0.24924
-1.95396
0.02473
0.36504
0.11766
0.48171
0.02077
-0.17686
0.05414
0.44347
-0.06410
-0.60485
0.11250
0.39543
0.44738
0.28801
-0.23054
-0.04950
0.56099
-0.28019
-0.28359
0.19632
-0.22066
0.03206
0.43127
0.44540
-0.26801
0.20698
0.22510
0.45871
0.44004
0.45223
0.45237
0.08343
0.14342
-0.14220
0.14535
0.15724
-0.54893
-0.10719
0.28018
-0.33059
0.52659
-0.13566
0.51269
0.52847
0.12992
0.27987
-0.29115
0.24229
-0.37329
-0.30509
0.14231
0.83992
0.16505
0.16073
-0.72114
-0.02160
-0.22148
0.60146
-0.12153
0.10346
0.13396
-0.53969
0.25915
-1.34626
0.07466
0.37755
0.23821
0.30861
0.22991
0.72807
0.11298
-0.83333
0.44302
0.43224
0.76532
-0.15248
0.20966
-0.09813
0.37810
0.22833
-0.00073
0.51303
-0.06306
0.77560
0.14296
-0.15276
-0.78427
-0.17335
0.69748
-0.12330
-0.12024
-0.70516
0.24150
0.44608
-0.33403
-0.13355
0.34862
0.04657
0.61510
0.07819
0.01495
0.22838
0.36318
0.64308
-0.11306
0.13695
0.33678
0.06655
0.69565
0.54868
-0.41340
-0.17229
0.09479
-0.13313
-0.29898
0.01253
0.02820
-0.01935
-0.97999
-0.08254
-0.14531
0.40747
-0.00833
-0.34597
-0.17217
0.02921
-1.50175
-0.03600
0.00020
-1.10259
0.36759
0.29939
0.22745
-0.22014
0.58333
0.21855
-0.13292
0.39603
-0.34424
-0.27968
0.71612
0.17873
0.68160
0.89890
0.36799
0.16873
0.35745
-0.76465
0.27632
0.08001
0.08637
0.24594
0.22459
-0.49662
-0.23508
0.37945
0.03891
-0.24809
-0.45427
0.18675
0.30671
0.17549
-0.29329
-0.19379
0.16537
-1.22809
-0.47008
-0.43036
0.19922
0.42531
0.51302
-0.11604
0.20737
0.00396
0.22471
-1.27342
-0.16644
0.21553
0.03168
0.12630
0.51529
0.02140
0.91452
0.00469
-0.26749
0.64762
0.25281
0.34069
-0.41729
0.62891
0.00478
-0.21277
0.36551
0.03752
-0.31118
0.31826
0.53893
-0.32261
-0.33762
0.41400
-0.06548
0.48533
-0.26326
-0.89080
-0.16740
0.21224
-0.37014
-0.22473
-0.30236
0.22292
-0.16159
0.11828
0.70297
-0.05464
-0.03654
-0.16234
-0.20879
-0.08352
0.32817
0.01170
0.43723
-0.37157
0.06710
0.55185
0.24269
0.09535
-0.17301
-0.24539
-0.04212
-0.23076
0.17191
0.73385
-0.12383
-0.66477
-0.14416
0.63525
0.31928
0.34222
0.40044
0.09497
-0.20818
0.67904
0.58168
-0.28986
-0.32366
-1.15938
-0.33874
-1.13874
-0.52841
-0.12656
0.29664
-0.03599
0.01117
0.62236
-0.12124
0.12021
0.15836
0.62422
0.15289
-0.14644
0.35555
-0.18004
-0.56188
-0.05381
-0.38214
0.71393
-0.28007
0.60857
-0.20280
-0.40593
0.32086
0.36265
-0.19177
-0.00454
-0.35247
-0.35838
0.22610
-0.55565
-0.10537
0.14540
0.26577
0.64309
-0.17770
-0.14021
0.04714
0.45751
-0.04631
0.35962
-0.70008
-0.05773
0.14339
-0.25375
-0.05972
-0.23559
0.32117
-0.31753
0.57225
0.36680
0.61510
-0.47407
-0.15841
0.06445
0.06499
-0.45698
-1.19324
0.23420
0.38371
-0.06819
0.31623
0.55821
-0.05747
0.46397
0.01389
0.45206
-0.16740
-0.49876
0.59231
-0.03231
0.09170
-0.21458
0.55694
0.15147
0.12116
0.10551
-0.33330
-0.44393
0.20251
0.26977
-0.08760
0.70751
0.08330
-0.02160
-0.76793
0.28349
0.78179
-0.37285
0.44959
0.74862
0.11811
0.48692
0.19608
0.02318
0.16606
-0.56539
-0.89535
-0.00340
0.08024
0.24662
-1.05521
-0.40596
-0.67267
0.41438
0.12324
-0.13163
0.15532
0.26914
0.72677
-0.25838
0.61682
0.55412
0.23600
-0.09776
0.31935
0.38472
0.09732
-0.24420
-0.47786
0.26488
-0.05869
0.05479
0.43118
0.08351
0.02436
0.34437
-0.35529
0.34880
0.42267
0.27785
0.66195
0.37563
-0.52493
-0.04283
0.39000
0.41453
0.06872
0.71154
0.34171
-0.40507
-0.10246
-0.80048
-0.00436
0.03477
-0.10103
0.00350
0.25633
0.00815
-0.43533
-0.00477
-0.17379
0.50993
0.07959
0.09815
0.62006
0.07078
-1.06469
-0.18175
-0.08846
0.42581
0.01403
0.47414
0.56932
0.41566
0.50511
-0.42449
0.45911
-0.13054
0.14167
-0.07607
-0.08520
-0.17306
-0.15087
-0.17658
0.35029
0.17290
0.34567
0.23920
-0.22696
-0.08592
-0.02335
0.52529
-0.04204
-0.25027
0.22569
0.25833
0.69889
-0.13705
0.03290
-0.12593
0.59917
0.40758
-0.04087
-0.01451
0.74688
0.24807
0.30676
0.15431
-0.02272
-0.06582
-0.18204
0.11407
0.41836
0.00998
0.25153
-0.29239
0.54941
0.54968
0.20644
-0.01088
-0.75413
0.33543
-0.01426
-0.24875
0.06290
0.39059
-0.60179
0.15219
-1.21793
-0.23328
-0.03736
0.13166
0.35076
0.00046
-0.07465
0.21878
-0.34700
-0.26760
0.58824
0.57191
0.23438
-0.43443
-0.33804
0.50603
-0.22288
-0.54869
-0.14336
-1.32907
0.25216
0.43930
-0.03412
-0.17294
0.54723
0.09469
0.57910
0.06045
-0.01799
-0.38690
0.30762
-0.11149
0.04281
0.67234
-0.07370
0.40891
-0.43113
-0.42345
0.38136
0.53951
-0.12968
0.18806
0.08449
-0.62283
-0.12267
0.00135
-0.37721
0.20694
-0.22842
0.56287
0.30961
0.10904
0.23408
0.02132
0.15639
0.27688
0.34848
0.34236
-0.53588
0.17006
-0.02735
0.13806
-0.20086
0.24887
0.56037
-0.24884
0.29272
0.47676
-0.87218
0.46403
-0.01802
-0.11460
0.13390
0.35573
-0.01542
0.36926
0.34913
-0.07861
-0.10482
-0.52294
-0.18556
0.33575
0.62159
-0.20028
0.30269
0.15930
-0.78293
0.54886
-0.23112
-0.61292
0.30110
0.50787
0.36314
0.46709
-0.31670
-0.22062
0.71199
0.18494
-0.47539
-0.14367
0.27966
0.61112
-0.42046
0.06826
0.46812
-0.38645
0.06606
-0.11460
-0.27800
0.14724
-0.62701
0.32291
-0.55467
-0.16846
0.55234
0.01051
-0.17247
0.43120
-0.34886
-0.35925
-0.44169
0.11938
0.17681
-0.62816
0.46485
0.08496
0.73682
-0.25057
-1.00190
0.47744
0.53444
0.15029
0.19891
0.38535
0.67559
0.03682
-0.01107
0.08853
0.49926
0.26780
0.03217
0.16950
0.18905
0.56546
-1.04480
0.20539
-0.31723
0.14611
0.30974
0.28761
0.36456
0.01657
0.47135
-0.07444
0.13980
0.33555
0.27215
-0.01253
0.11508
-0.86240
0.28120
0.46293
0.38371
-0.93506
0.74272
-0.35698
0.03029
-0.20151
-0.05170
0.29420
-0.07970
-0.24512
0.54869
-0.15744
-0.74863
-1.45037
0.09449
0.10271
0.05941
0.66138
0.58142
-0.19132
0.15850
0.58511
0.31952
-0.23893
0.10684
0.35916
0.35306
0.63414
-0.26684
0.48649
0.92035
-0.37567
0.52823
0.03579
-0.27052
-0.85689
0.28256
0.60325
0.72022
-0.71725
0.18273
0.02259
0.53140
-0.32351
0.33151
0.76402
0.04268
-0.61825
-0.06219
-0.13966
0.38939
0.26702
0.64524
-0.38317
-0.46961
0.49687
0.34470
0.41499
0.52133
0.09826
-0.65237
-0.14311
-0.64383
-0.41039
0.27566
0.38990
0.72026
-0.06505
-0.00575
-0.27276
0.05048
0.09607
-0.36561
0.51184
0.16727
-0.07066
-0.19436
-1.22736
-0.13214
-0.03875
0.07543
0.17673
-0.26097
-0.18300
0.51219
0.33383
-0.18664
0.61016
-0.16974
-0.03519
-0.27243
-0.49041
0.01477
0.23361
0.38841
-0.05081
-0.01541
0.79801
0.20830
0.13627
0.55350
-0.29190
0.82317
-0.28484
0.23347
-0.26467
-0.29695
0.27391
-0.86642
-0.42846
-0.01695
0.33153
0.06447
0.19513
-0.77916
0.32870
-0.24237
0.09573
0.19249
0.03456
0.09410
0.00993
0.17320
0.10603
0.17387
0.08664
0.13840
0.02611
0.01524
0.19248
0.04850
0.06678
0.11576
0.10900
0.20065
0.20498
0.08971
0.08479
0.10876
0.15865
0.08656
0.04958
0.01931
0.19535
0.03144
0.05659
0.08188
0.14713
0.06208
0.01530
0.06973
0.20022
0.08108
0.00953
0.00957
0.21023
0.16264
0.20872
0.06354
0.20481
0.15033
0.19874
0.19638
0.12085
0.09471
0.12467
0.08350
0.05960
0.17093
0.13772
0.19187
0.08910
0.16524
0.19808
0.06338
0.05313
0.00978
0.14736
0.12390
0.09857
0.00022
0.19878
0.04130
0.09894
0.13013
0.01667
0.11054
0.02602
0.04203
0.19376
0.07874
0.02613
0.14997
0.03338
0.11219
0.07289
0.09540
0.20485
0.21103
0.03296
0.16428
0.20174
0.20187
0.12883
0.08063
0.03930
0.05981
0.01832
0.18201
0.14333
0.17523
0.11314
0.17600
0.08220
0.18786
0.03536
0.17159
0.16634
0.20762
0.00073
0.09849
0.20614
0.03090
0.09338
0.16661
0.03384
0.13539
0.06639
0.00328
0.01284
0.16369
0.08067
0.19199
0.13277
0.15729
0.17768
0.10892
0.01115
0.08495
0.02208
0.04637
0.15379
0.11488
0.09043
0.00208
0.10754
0.15223
0.09239
0.08067
0.14270
0.08823
0.02516
0.05014
-0.03517
0.05677
-0.03594
-0.07481
0.03349
0.10438
0.10362
-0.05393
0.25120
-0.12496
0.24706
-0.69707
-0.25609
0.41521
0.01070
0.47699
0.60903
-0.31293
-0.37278
-0.37369
0.15905
0.27879
-0.55119
-0.16102
0.59022
-0.13011
-0.19470
0.45790
-0.18810
-0.57676
0.03897
-0.10875
0.73650
-0.94054
0.17772
-0.17512
0.20861
0.60697
0.26119
-0.04192
0.37008
0.52356
-0.18082
-0.85064
-0.53084
0.51486
0.14174
0.30393
-0.32284
0.84083
0.50032
0.57133
0.07175
-0.21276
-0.77680
0.51133
0.09774
0.20419
-0.42267
0.03885
-0.34194
0.28543
-0.87357
0.46227
-0.18829
1.26175
0.35183
-0.54018
0.38836
-0.04470
-0.46231
0.04882
0.04274
-0.85680
-0.07244
0.03534
0.09838
-0.33556
0.41938
0.33064
0.33601
-0.14059
0.12096
0.31250
0.33656
-0.39150
-0.59785
0.09974
0.23649
-0.37106
0.14361
0.44951
0.56343
0.52460
0.90049
0.08762
-0.66457
-0.60404
0.18892
0.75914
-0.04963
-0.23293
0.85560
-0.24466
0.78243
-0.59331
0.12024
0.51745
0.50544
0.30121
-0.83380
0.15446
0.51957
-0.94954
0.46754
0.65833
-0.63205
-0.03868
-0.15611
-0.41161
-0.00850
-0.60964
0.77896
-0.60561
-0.73709
0.26428
-0.23181
-0.03058
0.74745
0.29171
0.20403
-0.42965
0.71668
-0.67280
-0.27066
0.12600
0.14843
-0.09288
0.69698
-0.39558
0.38934
0.48678
-0.61935
0.46139
0.15262
-0.50688
0.81414
0.20594
0.44744
0.13017
-0.37594
0.18332
-0.58033
-0.24806
-0.71919
-0.32815
-0.14395
0.56051
0.63458
-0.36836
0.35161
0.37641
0.56738
0.37979
0.50062
-0.52264
-0.42110
-0.80921
0.15120
-0.55898
0.38056
-1.29310
0.35814
-0.18062
0.66620
-0.78089
0.10337
0.69316
0.38772
-0.21936
-0.76462
-0.09982
0.46114
0.31411
0.56470
0.67596
0.48538
0.63631
0.36934
-0.32207
-0.49885
-0.27628
0.79543
0.08998
0.45031
-0.86351
-0.15610
0.11293
0.15266
0.29367
-0.06554
0.00039
-0.09231
-0.49396
-0.33982
-0.15741
0.02027
-0.05685
-0.00188
-0.19958
0.16104
-0.07472
-0.05642
0.41898
0.16026
-0.24645
-0.31915
0.66878
0.65244
-0.82934
0.20097
0.23626
0.42948
0.80793
-0.57537
0.41296
-0.55711
0.44910
0.03110
-0.16352
-0.23114
0.08895
-0.51626
-0.63000
-0.03231
-0.01445
-0.02097
0.39131
-0.32735
-0.31497
-0.00947
-0.07096
-0.12346
-0.18581
-0.16034
0.16556
0.03519
-0.17283
-0.04544
-0.09204
-0.03319
-0.19057
-0.23215
0.06636
-0.10099
-0.66192
0.37547
0.02228
-1.00164
-0.20904
-0.07842
-0.55883
-0.02043
-0.07726
0.35985
-0.13458
0.34622
0.23958
-0.19737
-0.33950
0.34620
-0.05029
-1.04710
0.31210
0.53310
-0.86090
0.17414
-0.44198
-0.49026
-0.05309
0.70882
0.08631
0.00454
-0.26794
0.45681
0.33650
0.02580
0.18110
0.31300
0.11955
-0.54465
0.42791
0.63382
0.40910
0.40535
-0.83851
0.56784
-0.06987
0.45797
-0.04850
0.37126
0.48341
0.43620
0.10878
0.25165
0.51074
1.05916
0.00078
-0.03593
0.73017
0.70261
-0.13121
0.46073
0.41089
0.85174
-0.50588
0.30684
-0.47757
0.52266
-0.08827
-1.73486
-0.50140
0.84688
-0.20393
-0.23752
0.72706
0.14874
-0.48853
-0.31715
0.56947
0.25843
-0.07698
0.73159
-0.06569
0.07321
-0.47011
0.22099
0.05131
0.51759
-0.00558
0.24889
0.51366
0.14519
0.01788
-1.22188
-0.22917
0.27374
-0.98945
0.56037
-0.54318
0.51166
-0.26978
-0.03337
0.08919
-0.18131
0.40448
0.57674
-0.84217
0.38688
-0.45080
0.55912
0.50021
0.21835
0.18971
0.09860
0.17934
-0.16998
-0.03189
-0.00835
0.09389
0.01327
0.07038
0.63549
-0.92103
-0.43863
-0.37539
-0.28837
-0.49183
-0.37756
-0.82898
0.04766
-0.56241
0.07539
0.41768
0.24493
0.67828
0.07944
-0.04445
0.47035
0.09111
0.13975
0.70376
0.39984
0.70787
0.33124
-0.18743
-0.67991
0.55120
0.16485
-0.01945
0.31017
-0.47737
-0.08755
0.45149
-0.19939
0.44763
0.65761
0.12106
0.25536
-0.80519
0.20732
-0.35240
0.25823
-0.61686
-0.97488
-0.03049
0.43850
0.07358
0.19073
-0.66436
0.17541
0.27962
0.33637
0.15412
-0.86185
0.09451
0.13513
0.14349
-0.06091
-0.39762
-0.48501
0.05526
-0.68274
-0.09908
0.14720
-0.09365
-0.16954
0.54273
-0.00836
-0.00924
-0.58420
0.20603
0.05052
0.01824
-0.70301
0.17574
0.27272
0.36629
0.30193
0.44198
-0.16466
0.51085
-0.77575
0.28206
0.57141
0.96844
0.65213
0.58031
-0.27714
0.16674
0.12813
0.28412
0.17517
-0.24715
0.26775
-0.76694
0.29998
0.44538
0.07226
0.06121
0.74825
-0.01323
0.07674
-0.35053
0.14810
0.59333
0.02088
0.25379
0.59233
0.26355
-0.39903
-0.52709
-0.30214
0.19451
0.36278
0.16882
0.21957
-0.23875
0.18395
-0.19074
-0.30404
0.11833
0.27220
0.28776
0.35089
-0.15076
-0.06099
-0.43560
0.28457
0.57582
-0.25943
-0.60784
0.60130
0.10265
0.29671
-0.31315
0.34884
-0.13694
-0.07870
0.47391
0.38018
0.37716
-0.01155
-1.33044
0.03747
0.61896
0.66761
0.19794
0.22805
-0.37630
0.58719
-0.33429
0.12129
-0.46435
0.53162
-0.23473
-0.31029
-0.35022
-0.33461
0.16478
-0.03151
-0.44166
0.45751
0.02497
-0.22111
0.33407
0.70455
0.10267
-0.22031
0.61921
0.02896
0.21802
-0.02576
-0.62995
-0.03538
0.33330
-0.62507
0.53943
-0.47924
0.17115
-0.26610
0.53506
0.89964
-0.06407
0.18538
0.19246
0.20932
-0.87795
-0.21486
0.24873
0.43504
0.66316
0.42161
-0.07208
-0.51523
-0.20772
0.05616
-0.21200
-0.37994
0.31263
-0.19058
0.08796
-0.32191
-0.38752
-0.61957
-0.89589
-0.07970
0.08136
0.00536
-0.46257
-0.88157
-0.53828
-0.44906
0.07139
-0.38034
-0.74864
-0.21482
-0.72509
0.11591
0.01763
-0.00693
-0.20200
-0.02100
-0.00691
-0.58775
0.39177
0.10714
0.07851
0.08345
0.00488
0.07958
0.38141
0.46464
-0.37590
0.32439
0.48590
0.63627
0.37419
0.13084
0.36503
0.27443
0.25857
-0.02284
-1.65371
-0.47548
-0.22457
-0.44128
0.37086
0.29169
0.07013
0.40680
0.39523
0.62228
0.18895
-0.36738
-0.19592
-0.07806
0.35895
0.13189
0.07430
-0.04072
0.34915
-0.02854
0.36760
0.08470
-0.02933
-0.27133
-0.47937
0.36654
-0.87051
-0.06029
0.67658
0.36626
0.42187
-0.09915
0.40384
0.38449
0.27497
-0.03665
0.20882
0.06025
0.39494
0.09934
-0.10650
-0.05583
0.32691
0.15789
0.33570
-0.22867
-0.27717
0.18616
-0.54200
-0.13298
-0.42157
-0.70286
-0.13818
-0.36226
0.16949
0.05815
0.01429
0.14620
-0.96909
-0.97276
-0.41941
0.79178
-0.31228
-0.86538
-1.08894
-0.00491
-1.14035
-0.90303
0.32937
0.40613
-0.75350
-0.17471
-1.28927
-0.43022
0.48834
-0.71040
0.06921
0.58432
-0.18893
0.10965
-0.70754
0.03424
-0.79213
-0.23316
0.29961
0.30043
-0.13281
-0.37018
-0.30010
0.34285
0.05904
-0.92233
-0.87868
-0.98681
-1.06280
-0.15853
-1.69347
-0.30541
0.46310
-0.73666
0.54020
0.24960
-0.08601
0.42161
0.27075
-0.40620
-1.49210
-0.09789
-0.32573
0.64393
-0.51683
-0.49572
-0.27974
-0.50226
-0.94384
-0.76796
-0.29576
-0.45401
0.11468
-0.58297
-0.12766
-0.39209
0.16794
-1.35629
-0.26593
0.00090
0.01728
0.05937
-1.08643
0.48119
-0.36424
-0.26591
-0.36132
0.20456
0.45914
0.05008
-0.87973
-0.61600
0.42359
-0.07315
0.12546
0.81978
0.25539
0.57908
0.23491
0.55224
0.46374
-1.43602
-0.27603
-0.11925
-0.78946
-0.37770
0.03862
-0.14049
-0.50001
-0.88927
-0.14026
0.18010
0.03324
0.28681
-0.13162
0.14738
-0.24959
-0.03954
0.07645
-0.42583
0.19816
0.34084
0.32336
0.08189
-0.24323
-0.05558
-0.49287
-0.33535
0.90073
0.61239
0.12137
0.18808
0.19847
0.54383
-0.43363
0.32333
-0.56183
0.16355
0.53294
-0.41116
0.57846
-0.45711
0.25561
-0.83555
0.21688
0.15744
-0.63517
-0.03924
-0.21034
0.42908
0.37335
-0.08762
-0.84421
0.16233
0.53237
-0.72776
0.14670
0.69003
-0.11957
0.11822
0.54923
-0.01932
-0.03575
0.30947
0.22238
0.55398
-0.62836
0.74267
0.16166
0.17100
-0.15246
0.29965
0.17629
0.30734
0.12425
0.27871
-0.78917
1.01018
0.05313
0.50411
0.22911
-0.08841
-0.20749
-0.07058
-0.46181
-0.74144
0.04780
-0.76319
0.62407
-0.24686
0.94031
0.00822
0.61976
-0.18055
-0.59231
0.19544
-0.52759
-0.74222
-0.16941
-0.38247
0.59089
-0.92409
0.01406
-0.08683
-0.71225
0.65550
0.04479
-0.03947
0.24252
0.94067
0.18980
-0.24115
0.66576
0.21723
0.21797
0.82030
-0.37865
-0.21446
-0.42646
0.14089
0.08115
-0.08945
0.01042
-0.42183
-0.02696
0.31601
-0.35332
0.11024
-0.89142
0.37543
-0.21488
0.16267
-0.04253
0.04863
-0.15587
0.07533
0.46013
0.42322
0.10672
-0.54998
0.42218
-1.02713
-0.88553
-0.79211
-0.04028
-0.33919
-0.20834
-0.10389
-0.61234
-0.35367
-0.67438
-0.59486
-1.03673
0.40677
0.14573
-0.22525
0.53412
0.53886
-1.05161
0.14214
-0.10870
-0.74877
-0.36627
-0.14756
-0.30782
0.45032
-0.42060
-0.17384
-0.63370
0.77308
0.11338
-0.13226
-0.51040
-0.11791
0.06539
-0.07877
-0.15237
0.12029
-0.08057
0.43769
0.03181
-0.11921
-0.32688
0.15511
-0.60829
0.33862
0.43364
0.11388
-0.16676
-0.12772
-0.22012
0.34641
0.16108
0.10739
-0.13760
0.06911
-1.01359
-0.44599
-0.08240
-0.73431
-0.12546
0.02090
0.15402
-1.19978
-0.47927
-1.05576
0.17108
-1.25688
0.34853
-0.16959
-0.78243
-0.25138
0.46696
0.67393
0.14211
-1.33870
-0.03580
-0.42123
-0.41294
-1.01884
-0.16975
0.27369
-0.03813
0.02417
0.04568
0.59447
-0.45544
-0.37585
0.30678
-0.24473
-0.59535
-0.92242
-0.97221
0.13029
0.09867
0.11655
0.00945
0.41257
-0.40579
0.19313
0.08694
-0.00966
-0.42395
0.05884
-0.06093
-0.57411
-0.14607
0.17192
0.25001
0.38933
-0.82445
0.11061
0.37677
0.02750
0.18264
0.03529
0.43850
0.01059
0.72569
0.32239
-0.32540
-0.58988
-0.11828
-0.16187
-0.29413
-0.02853
0.29101
-0.51734
0.02328
0.00826
-0.43365
0.37319
0.38693
-0.26210
0.15801
0.28725
-0.53875
0.11673
0.18665
-0.22652
0.15429
-0.04862
0.82372
-0.07437
0.31897
-0.24756
-0.67979
-0.04525
-0.60664
-0.19635
0.14676
-0.56309
0.05154
-0.31096
-0.20159
0.62569
0.63435
0.51518
-0.27714
0.22744
-1.09683
-0.65016
0.19034
0.04200
0.28718
0.00331
0.13704
0.22154
0.27818
-0.24091
0.18647
0.14567
-0.21879
-0.73080
-0.47785
0.78110
0.19036
-0.50372
0.79887
0.61070
0.42116
0.24261
0.56493
0.44143
-1.18005
-0.59328
-0.00829
0.26192
-0.83234
-0.88945
0.18585
-0.29876
0.27626
0.46692
0.00493
-0.11703
0.46122
-0.18476
0.07499
-0.18201
0.42315
0.44364
0.51775
-0.45715
-0.25398
-0.46068
-0.15531
-0.18006
-0.12399
0.18771
0.09310
0.46979
-0.32230
0.14884
-0.22971
0.19183
0.14899
0.02215
0.46874
0.46851
0.13879
-0.60056
0.84504
-0.07328
0.17203
-0.59701
-0.95266
-0.56569
-0.83288
0.99251
0.44365
-0.86611
-0.06870
-0.36459
0.24718
0.43055
-0.01246
0.63449
0.55091
0.02955
0.18646
0.94336
0.08007
0.21899
-0.05956
0.33496
0.48682
0.26650
0.55185
0.74460
-0.12363
-0.06409
-0.00885
0.59086
-0.02568
0.02754
0.51211
-0.54277
-0.87518
0.12411
-0.79116
0.35217
0.33195
-0.59891
0.16331
0.38374
0.28179
-1.07537
0.18181
-0.38122
-0.16771
0.16764
0.33659
-1.36450
0.14932
-0.62148
0.10823
0.07487
-0.00760
-0.38350
0.44800
-0.88553
-0.08901
-0.43143
0.15384
0.04381
-0.02400
-0.00985
0.13851
0.42638
-0.94897
-0.68985
-0.69324
-0.70469
-0.42289
-0.46655
-0.69494
0.26703
-0.15010
-0.72351
-0.84633
0.53088
-0.43188
0.05310
-0.61385
-0.23474
-0.80386
0.32457
0.56425
0.27227
0.82441
-0.16031
-0.00909
-0.22244
0.65529
0.62675
-0.13467
0.51944
0.52428
-0.53734
-0.42317
0.23336
-0.45171
-0.09637
-1.14323
-0.88355
0.37316
-0.03363
0.20845
-0.57505
0.04827
0.21691
-0.21080
0.00076
-0.24612
-1.02993
0.48107
-0.00301
0.03768
-0.47589
-0.17535
-0.37454
-0.40740
-0.05447
-0.26503
0.01531
0.64538
0.11025
0.02460
0.28728
0.29595
-0.16990
-0.57724
-0.14456
-0.37555
0.34554
0.10697
0.28852
0.32413
-0.18467
-0.67597
0.69764
-0.55420
-0.49675
-0.69408
-0.68695
-0.18156
0.44720
0.51595
-0.08133
-0.74608
-0.24820
-0.06093
0.22083
0.44967
0.44400
0.49464
-1.15664
0.11686
-1.91185
0.00467
0.30523
-1.47850
0.52071
-0.01010
0.06174
0.40993
0.59343
0.09408
-0.10235
-0.24713
-0.18527
-0.85951
0.04175
-0.78058
-0.22406
0.09422
-0.87761
-0.10318
0.30712
0.06855
-0.18643
-0.03561
0.54033
-0.17560
-0.01541
0.13427
-0.09404
0.32834
-0.13027
0.00872
-0.21099
-0.03056
-1.06300
0.50220
-0.56338
0.36509
0.41595
-0.16421
-1.14868
0.23765
-1.23096
0.15745
0.40691
-1.03720
0.04360
0.14100
0.42421
0.12606
-0.60034
0.12249
0.11754
-0.47456
-0.73933
0.35045
0.20254
-0.02888
0.26469
-0.17998
-0.11782
0.11943
0.13568
-0.94405
-0.20833
0.53460
-0.32183
0.45225
-0.30726
0.39958
-0.33562
-0.14311
0.39151
-0.35896
0.42859
0.82385
-0.02560
-0.01832
0.11487
0.00855
-0.01694
0.10643
0.01792
0.15578
-0.31324
0.39659
-0.00621
-0.34854
0.59862
0.49893
-0.36015
0.42421
-1.66642
0.70156
0.75038
0.23096
0.11610
0.25435
0.37951
-0.02843
0.64945
0.02865
0.31150
-0.19310
0.69546
-0.59460
0.35827
0.06847
0.36054
-0.91236
0.33721
0.71883
0.06190
0.66213
0.30760
-0.30335
-0.59807
0.07517
-0.94097
0.33242
-0.62375
0.31536
0.31177
0.28000
0.00499
-0.02666
0.18063
0.01286
-0.24432
0.28729
0.62179
-1.57984
-0.29743
0.03980
0.17755
-0.23128
0.24003
-0.00125
0.10808
-0.19804
0.70302
0.37027
0.76306
0.09413
0.21278
0.02760
-0.14222
-1.23726
0.21744
-0.02024
-0.07376
0.16303
0.07102
-0.31358
0.55504
0.31520
-0.59012
-0.11253
0.38200
-1.15377
-0.27165
0.68039
0.15859
-0.35551
-0.52811
0.18124
-0.34026
-0.15841
0.65753
-0.39473
0.67990
-1.04812
-0.34745
0.47313
-0.54526
0.77624
0.20341
0.20991
-0.29253
0.32653
0.04543
0.58885
-0.04752
-0.06646
0.08648
0.16788
-1.16021
0.43594
-0.31844
-0.43471
0.30115
0.39631
0.57740
-0.38779
-0.01594
0.06334
-0.92668
0.31473
0.53513
0.50725
-0.16296
0.33691
-0.82996
0.20717
-0.02130
0.21427
-0.41471
-0.33731
0.01915
0.13611
0.20581
-0.87630
0.08538
-0.43018
0.56974
0.47698
-0.25991
0.45482
0.15999
-0.24687
-0.35682
-0.29885
-0.71858
0.20361
0.19270
-0.13175
-0.15765
-0.76787
0.34785
0.37866
-0.12972
0.34634
0.31961
0.53748
-1.29102
-0.38158
0.31174
0.18177
0.35586
-0.18435
0.31152
0.57996
0.52322
-0.11575
-0.00350
0.33910
0.11987
-1.40525
-1.04061
0.59008
0.42475
0.36154
0.35507
0.05669
0.03773
-0.22962
0.27975
0.26058
0.31013
0.39162
0.33327
0.24784
-0.17585
0.56635
0.35109
0.19740
-0.85742
-0.18854
0.09969
0.44436
-0.20731
-0.14954
0.03435
0.24209
0.53122
-0.25440
-0.30780
0.16523
0.03595
-1.07380
-0.04677
0.15963
-0.45506
-0.14011
-0.13744
0.20679
-1.48054
0.33032
-0.74074
-0.23998
0.19423
-0.90818
0.02880
0.08797
0.30210
0.37135
0.00698
0.17197
0.27037
0.25901
0.22271
0.22777
-0.90058
0.16389
-0.05015
0.14341
-0.89389
0.26990
-0.00192
-0.57725
-0.09479
-0.28750
-0.58189
0.18518
-0.22550
-0.16256
-0.95856
0.36795
0.11766
0.47622
0.20212
-0.21401
0.56034
0.43097
0.10635
0.11832
0.15877
-0.16983
-1.55049
0.50463
-0.35682
0.15956
0.11685
0.14621
0.81183
-0.88078
0.15056
0.12448
-0.32942
-0.43530
0.48837
-0.18985
-0.90486
0.14067
-0.23085
-0.23540
0.08796
-0.14730
-0.57414
-0.83801
-0.14499
-0.84905
0.01991
-0.55646
-0.54628
-0.21215
-0.57753
0.44385
0.49568
-0.20730
0.15765
-0.59230
-0.19538
0.08926
-0.17766
0.35637
-0.30606
-0.53509
-0.59361
-0.60380
-0.51034
0.41303
-0.20336
-1.15414
0.10959
0.13015
-0.20137
0.53440
0.07344
-0.52947
0.06737
0.59570
0.36661
-1.44065
0.48169
-0.83313
0.62820
-0.85040
-0.39540
-0.35878
-0.66244
0.54785
0.57803
0.52923
0.40683
-1.06581
-1.05277
0.28692
-0.19755
0.15345
0.05353
0.40950
0.41640
0.12047
0.34261
-0.32447
-0.17037
0.38507
0.06679
-0.20875
-0.18531
0.28575
-0.18501
0.12671
-0.24765
-0.02641
0.60197
-0.00547
-0.02476
0.08427
-0.07599
0.02110
0.52375
-0.17552
0.24466
-0.04079
-0.03758
0.16897
0.32579
-0.04099
-0.01597
0.04642
0.28234
0.02088
0.19024
0.17514
-0.57096
0.22879
-0.18726
-1.48368
-0.41230
0.37278
-0.20587
-0.26089
-0.52984
-0.88356
0.64109
-0.06375
0.40012
0.40173
-0.39819
-0.86788
0.19855
-0.00306
0.25092
0.25220
0.31891
-1.23068
0.20968
0.63900
0.57878
-0.14537
-0.76465
0.60746
-0.52909
0.81471
0.74990
0.58567
0.46017
0.31847
0.42329
-0.21959
0.54257
0.03866
-0.08351
0.74604
-0.02679
0.30510
0.19046
0.50973
0.40190
0.46361
0.49865
-0.55857
0.59646
0.19778
-0.86619
0.43020
0.41763
0.04913
-0.22838
0.15616
0.16165
-0.54145
-0.16605
-0.23607
0.46519
-0.18977
0.05459
0.11418
-0.21074
0.11923
-0.19828
-0.25172
-0.27521
0.12638
0.22390
-0.22937
-0.56431
-0.26606
-0.65008
0.09351
0.09668
0.17664
-0.19052
0.50093
-0.53917
-0.51676
0.33611
-0.00901
-0.33090
0.25933
0.06651
0.62253
0.33233
-0.39621
0.09343
-0.99543
-0.90129
-0.66030
-0.01724
-0.63342
-0.08457
0.14689
0.72267
-0.28207
-0.12614
0.13967
-0.72789
-0.74476
-0.54800
0.82988
-0.39862
-0.59870
-0.70886
0.58040
-0.18110
-0.59550
-0.21833
-0.21179
0.56360
-0.74612
-0.78659
0.45304
0.15689
0.37450
0.21286
0.05056
0.08213
-0.07789
0.64008
-0.08331
-0.51239
0.68147
-0.03997
-0.08267
-0.01888
-0.08177
-0.31063
0.60596
0.12900
-0.17735
-0.27465
0.13634
0.00230
-0.77667
-0.37823
-0.09739
-1.04898
0.43074
-0.76931
-0.87711
0.05914
-0.57180
-0.72661
0.67746
0.34966
0.14030
-0.50545
0.65414
0.41350
-0.02068
-0.11570
0.70232
-0.01070
0.32810
0.40359
-0.40727
0.17042
-0.31029
0.05274
0.25210
0.33214
0.33266
0.25696
0.27508
0.56717
-0.14466
-0.07295
0.27092
0.64712
-0.91140
-0.02791
0.47229
-0.42372
-0.67043
-0.18170
0.63064
0.08312
0.01204
0.19047
0.09556
-0.78642
0.47088
0.12859
-0.20712
-0.20655
-0.11502
