0.34369
0.11423
-0.26560
-0.14477
0.51244
0.29456
-0.64181
0.61211
0.31923
-0.23978
0.29663
0.00835
-0.07237
-0.37103
0.35306
0.16442
0.03331
0.14623
0.30591
-0.24382
0.46987
0.62995
-0.11170
0.55585
-0.14878
-0.58160
-0.98145
0.01383
-0.31742
-0.80178
0.07204
0.24245
-0.25649
0.19650
-0.28983
0.76292
0.68755
-1.17010
0.30788
-0.47449
0.15519
-0.08034
-0.62732
0.39149
-0.54423
0.42318
0.52792
0.24466
0.74659
0.51195
-0.55173
0.43412
0.44134
0.41346
0.26859
-0.56245
-0.72710
-0.65687
-0.34066
-0.26240
0.07994
0.34647
0.15117
-0.20301
0.02329
0.41079
1.02376
0.08037
0.42545
0.46099
0.58797
0.24788
-0.36164
0.01520
0.57697
-0.35220
-0.37276
-0.49761
0.10481
-0.23352
-0.12450
-0.01918
0.58540
0.85035
0.69626
-0.41383
-0.10993
0.48890
0.25216
-0.16450
-0.13118
-0.10346
-0.02146
0.21041
-0.17324
-0.03014
0.05967
-0.40778
0.16973
0.57290
0.03139
0.14405
-0.08135
-0.11611
0.06014
0.25855
0.46432
0.45588
0.19283
-0.97880
-0.37663
-0.30667
-0.09408
0.10269
0.20378
0.09442
-0.06148
0.02090
0.37083
0.27122
-0.64547
-0.56018
-0.65237
0.59930
-0.04187
-0.75818
-0.49618
0.69569
-0.03192
0.29168
-0.13769
-0.00309
0.22724
0.30129
0.29927
-0.09358
0.33826
-0.00582
0.54988
-0.02191
0.20502
0.18303
-0.58282
0.10899
-0.12574
0.28673
0.24771
0.09913
0.17368
-0.00531
0.10723
0.31894
-0.75902
-0.31401
0.37183
0.68230
-0.40523
0.42966
-0.06610
-0.61435
0.15923
0.14182
-0.42517
-0.62269
0.31583
0.17553
0.09591
-0.39015
0.72607
1.02759
0.21174
-0.72351
-0.22561
-0.81172
-0.45411
-0.55290
0.23978
0.08958
-0.53408
-0.74891
0.41648
0.77056
0.36283
0.01072
-0.10448
-0.07251
0.46252
-0.01708
0.45159
0.14465
-0.12750
-0.41373
-0.12443
-0.21568
0.19124
-0.67353
0.43373
0.35820
-0.28755
-0.83237
0.96956
0.28703
0.20994
0.07830
0.09084
-0.14603
0.09095
-0.59048
-0.29157
0.44062
0.25529
-0.28910
-0.00903
0.45440
-0.54904
0.20222
0.35286
0.06848
-0.09971
-0.29701
0.54734
0.15778
0.46433
0.67036
0.29113
0.47457
-1.11852
-0.13245
-0.47771
-0.24393
-0.24952
-0.44286
-0.47695
0.17330
-0.22770
0.10390
0.56580
0.50225
0.52925
-0.18159
-0.22107
0.20178
-0.38506
-0.37244
-0.13321
-0.09522
0.24469
0.07431
0.16271
0.20980
0.22510
0.44524
-0.64908
-0.31548
-0.21920
0.05657
0.14052
-0.16749
-0.52384
0.54136
0.29290
-0.35708
-0.24192
-0.49832
-0.16350
-0.54254
-0.23199
0.15909
0.96142
0.26184
-0.08480
0.12587
0.59402
0.02777
-1.12959
-0.09641
-1.16438
0.67342
0.24105
0.55580
0.69657
-0.02988
-0.38812
-0.02802
0.01767
0.15495
0.51614
0.13094
-0.35718
-0.48682
-0.10595
-0.72261
0.15653
0.12644
-0.47550
0.19858
-0.02936
-0.90951
-0.69652
0.14202
-0.18710
-0.20229
-0.31977
0.16133
-0.49699
-0.00301
-1.04741
-0.22054
0.24100
0.54336
-0.70748
-0.03343
-0.06630
-0.95766
0.28742
0.11731
-0.05423
-0.15475
0.53785
0.46393
0.10080
0.46212
-0.28044
-0.60048
0.21463
0.62357
0.29230
-0.11126
0.20852
0.23281
0.01659
0.40741
0.31053
0.55087
-0.07176
0.52529
0.11153
0.23945
-0.35093
-0.01754
0.33329
0.53566
0.08373
-0.39571
0.46357
0.57193
0.20087
-0.44149
0.36334
-0.48272
-1.47291
0.37428
0.30756
0.40427
0.03072
0.02166
0.17894
0.16281
-0.00893
0.21429
0.34661
0.22772
-0.19183
0.09193
0.32795
0.06559
0.64917
0.66488
-0.53477
-0.52894
0.56570
0.65790
-0.10007
0.53239
0.11435
0.07555
0.03094
0.12525
-0.09716
-0.60217
0.16614
-0.22543
-0.45388
-0.25064
0.10809
0.35534
0.73235
0.27162
0.10905
-0.45522
0.11627
-0.13331
-0.08076
-0.14049
-0.45879
0.58320
-0.37082
-0.04214
0.29939
0.16821
0.58017
-0.36187
-0.28886
-0.19489
0.04635
0.10694
-0.20766
0.19349
-0.18346
0.15133
-0.17697
0.12614
-0.09677
0.54233
-0.24630
-0.14814
0.76011
-0.73202
-0.63480
-0.46040
-0.31178
-0.01194
0.83125
0.33629
0.27946
-0.15499
-0.72051
0.16934
-0.26044
0.03578
-0.61682
-0.51540
0.28150
0.59578
0.44400
0.13892
0.12843
0.35339
-0.42897
0.23631
0.41108
0.33092
0.08710
-0.13577
-0.30803
0.38970
-1.59143
0.34129
0.44903
0.20677
-0.08187
-1.51565
0.05584
-0.57919
-0.46771
-0.04412
0.47389
0.25882
0.13988
0.32793
0.04296
-0.39493
0.43753
0.49490
0.07512
-0.57572
0.01907
0.12436
0.06633
0.50013
-0.46799
-0.62493
0.43297
-0.35138
0.37609
-0.34333
-0.68775
0.01913
0.48621
-0.05477
-0.11649
-0.60720
0.04960
0.11035
0.26291
0.06557
0.24133
0.03371
0.00935
0.22691
-0.39344
-0.48198
0.10531
0.56210
0.40286
-0.36471
0.38683
0.18354
-0.42912
0.12067
0.47638
-0.25721
-0.13633
0.09070
0.42841
0.45035
-0.22753
0.13215
0.31039
0.75986
-0.06443
0.17451
0.08062
0.35532
-0.19275
-0.01888
-0.13342
0.02178
-1.52359
-0.84680
0.60729
0.25193
0.50475
0.45237
0.40668
0.09118
-0.12571
0.07202
-0.29950
-0.45182
-0.66205
0.23133
0.19160
0.40939
0.01219
0.35897
0.45569
0.65031
0.04985
0.16244
-0.17849
-0.41504
-0.20913
-0.06368
0.29708
-0.31855
-0.01379
0.34144
0.54063
0.26963
-0.08026
0.16792
-0.87584
0.05296
-0.08078
-0.65500
0.00250
0.24964
0.41883
-0.36379
0.57072
-0.50063
0.13515
0.15139
0.53030
0.10316
0.03606
-0.04490
-0.25260
0.81104
0.46681
-0.04928
0.34309
0.20778
0.41344
0.38914
-0.26595
0.26941
-0.63891
0.12101
-0.20274
-0.48988
0.46235
-0.28870
0.16692
-0.13424
0.07545
0.83543
0.11052
0.36715
0.32482
0.89004
0.13755
0.37077
0.13195
0.05855
0.63610
-0.02006
-1.00355
0.63521
0.02473
-0.34210
0.49918
-0.46039
-0.31471
0.04733
0.15656
0.00968
0.10991
0.15825
0.25131
-0.08332
-0.26128
-0.32091
0.11260
0.21523
0.49168
0.98828
0.14495
0.31482
-0.18096
-0.01838
-0.14884
-0.48613
0.66120
0.13269
-0.60276
0.83777
-0.87701
-0.25277
0.41711
0.27016
-0.24929
0.10357
0.24398
0.20370
-0.01720
-0.16521
0.46185
-0.13597
0.10697
-0.73983
-0.04895
-0.51258
0.25951
-0.07957
0.39277
-0.48121
-0.34091
-0.39109
0.07329
0.07918
0.07496
-0.67912
0.19436
0.02132
-0.01151
0.56889
-0.40019
-2.08449
0.41822
-0.04018
0.15640
0.51052
0.29106
-0.49975
0.71923
0.51085
0.29116
0.19425
0.10042
-0.04021
-0.20945
-0.17892
0.21597
0.15410
0.33125
-1.59026
0.83718
0.84015
-0.15684
0.59728
-0.16804
0.74197
-0.28661
0.05761
0.01420
0.53893
-0.04392
0.10344
-0.20382
0.63753
0.50682
0.21800
0.05325
0.09261
-0.26829
-0.04832
-0.40547
0.45049
-0.17809
0.54527
0.83876
0.30700
0.20761
0.19583
-0.18682
0.39076
-0.09653
0.39007
0.20429
-0.11823
0.24985
0.60754
0.55465
0.35522
0.76950
0.02383
0.64758
0.48019
0.29659
-0.50304
0.64154
-0.23562
0.07804
-0.68584
0.28536
0.08301
0.70912
-0.69553
0.23125
-0.07474
0.60580
0.37593
0.51713
0.60207
0.11981
0.26549
0.25251
0.20525
0.31971
-0.27317
-2.00612
-0.43570
0.45103
0.04004
0.50074
0.02141
-0.18175
0.11937
0.56769
-0.11796
-0.59455
0.31032
0.53192
0.40575
0.20199
-0.07986
0.08046
0.44788
-0.23770
-0.32269
0.10102
-0.73354
0.09238
0.44279
0.63254
-0.31903
0.21992
0.32025
-0.04850
0.55860
0.30076
0.56049
-0.04882
0.20056
-0.29617
-0.17440
-0.06223
-0.57239
-0.15795
0.36040
-0.25163
0.49649
-0.11656
0.55865
0.49531
0.25230
0.24179
-0.34669
0.04457
-0.35904
-0.66933
0.08615
0.27400
0.73591
0.27043
0.14911
-0.57139
0.20389
-0.39079
0.03184
0.14708
0.00127
-0.71162
0.21822
-1.26984
-0.17977
0.41848
0.25277
0.41007
0.35343
0.75868
0.25763
-0.88550
0.67116
0.23085
0.62111
-0.15778
0.27602
-0.07125
0.20311
0.16770
0.03558
0.37873
-0.21399
0.80148
0.04485
-0.01367
-0.71171
-0.23416
0.72598
-0.13284
-0.35477
-0.64225
0.24190
0.35360
-0.41874
-0.50775
0.28495
-0.24059
0.06305
-0.12489
0.19143
0.57108
0.17154
0.61680
-0.20284
0.09373
0.48885
0.07501
0.68886
0.45979
-0.49201
-0.27959
0.25188
-0.27299
-0.38979
0.12190
0.51470
0.04547
-0.87075
0.02139
-0.25977
0.32440
-0.32986
-0.32309
0.29189
-0.24170
-1.60449
0.02732
-0.21489
-0.89074
0.55428
0.21118
0.19679
-0.22928
0.54911
0.24848
0.00682
0.34234
-0.33281
-0.35401
0.64309
0.21630
0.62581
1.00869
0.52880
0.20950
0.37345
-0.63808
0.41477
-0.41226
-0.14829
-0.07764
0.19122
0.40865
-0.46084
-0.33256
0.21369
-0.20785
-0.54205
-0.64652
0.23976
0.27289
0.11169
0.05935
-0.17845
0.31874
-1.37986
-0.26918
-0.54431
0.26496
0.27354
-0.40392
0.34851
-0.03834
0.14917
-1.45771
-0.18670
0.32446
-0.03689
0.11885
0.40386
0.54721
-0.07257
0.84958
-0.16294
-0.28342
0.66662
0.07250
0.25879
-0.56703
0.40423
0.04099
-0.22184
0.18540
0.08456
-0.22080
0.14137
0.47600
0.16987
-0.55277
0.47132
-0.21878
0.45124
-0.39214
-0.64673
-0.08409
-0.10109
-0.30009
-0.33409
-0.21621
0.20893
-0.35195
0.19009
0.67728
-0.03931
-0.13078
-0.46738
-0.32431
-0.11153
0.71346
-0.06940
0.45964
-0.55132
0.03300
0.75235
0.36042
0.14980
-0.01757
-0.24137
0.05977
-0.03580
0.15537
0.82403
-0.16113
-0.45224
-0.06909
0.64071
0.22899
0.12271
0.38347
0.17716
-0.25409
0.86555
0.44931
-0.26952
-0.41889
-0.99230
-0.52271
-1.15074
-0.50959
-0.02365
0.07112
0.00680
-0.05725
0.53785
0.04495
0.23907
-0.01155
0.60071
0.14361
-0.01739
0.14722
0.04035
-0.39312
-0.49256
-0.38192
0.68884
-0.45160
0.60671
-0.10329
-0.22712
0.45823
0.40621
0.25882
-0.35940
0.31154
0.07520
-0.43199
0.19052
-0.35427
-0.15447
0.20367
0.27662
0.70625
-0.16681
-0.23923
0.05518
0.52969
-0.18819
0.40139
0.40762
-0.89758
-0.14757
0.24524
-0.26478
0.06020
-0.29660
0.47177
-0.46802
0.56835
0.47548
0.51368
-0.51482
-0.09652
-0.03343
0.09124
-0.48900
-1.06941
0.10778
0.35949
-0.04219
0.30290
0.70284
-0.00198
0.37428
-0.13187
0.50510
-0.22963
-0.44603
0.64227
-0.09220
0.21498
-0.11841
0.60772
0.08564
0.12635
0.10546
-0.49510
-0.40864
-0.21814
0.15185
-0.05467
0.65575
0.10439
-0.32667
-0.58877
0.27180
0.79280
-0.28126
0.79237
0.05366
0.47027
0.51477
0.43332
0.15094
0.14436
0.28453
0.25887
-0.35314
-0.00384
0.13242
-0.04071
-1.12821
-0.34563
-0.61380
0.57606
0.09181
-0.13912
0.07065
0.32392
0.41725
-0.09500
0.61028
0.71688
0.41074
-0.18852
0.32520
0.32027
0.05370
-0.06808
-0.49453
0.52743
-0.24707
0.44397
0.44085
0.12847
-0.01364
0.29230
-0.48027
0.41943
0.31928
0.63893
0.53782
-0.46384
-0.00013
0.40228
0.27654
-0.11676
1.01350
0.28474
-0.33113
-0.20061
-0.94358
-0.08817
0.08541
-0.08958
0.21576
-0.02888
-0.28956
0.22532
-0.31028
0.50582
0.04130
-0.03532
0.67961
-0.22767
-1.31464
-0.18896
-0.01832
0.35246
-0.03471
0.47921
0.62969
0.30058
0.36456
-0.61954
0.49289
-0.03922
0.06516
-0.11622
0.15384
-0.37449
-0.11742
-0.33143
-0.25932
0.39080
0.13403
0.44062
0.18257
-0.26471
-0.09147
0.17831
0.48477
-0.05942
-0.30862
0.27285
0.26236
0.67542
-0.09365
0.03153
-0.27612
0.58385
0.30081
-0.21834
-0.33957
0.67342
0.13473
0.21920
0.07623
-0.21273
0.00143
-0.28160
0.16086
0.37918
-0.12741
0.22162
-0.46722
0.36496
0.45174
0.02113
0.02952
-0.45918
-0.22690
0.09912
-0.30266
0.18610
0.11719
-0.80985
0.20138
-0.13982
0.10293
-0.01246
0.40497
-0.31398
-0.15793
0.23731
-0.27216
-0.23514
0.44132
0.68302
0.16069
-0.34510
-0.40034
0.57731
-0.12476
-0.47434
0.18906
-1.21424
0.37114
0.50390
-0.01165
-0.11038
0.59619
-0.00642
0.58100
-0.20187
-0.02689
-0.12854
0.06464
-0.04182
0.00281
0.02587
-0.38441
-0.42551
0.35983
0.53908
-0.45121
0.23523
0.07832
-0.43905
-0.14632
-0.22520
-0.54751
0.16266
-0.10136
0.57699
0.25718
0.36718
0.15395
0.17769
0.19522
0.26094
0.15188
0.37152
-0.78402
0.25817
-0.02749
0.04649
-0.04515
-0.02068
0.70339
-0.40963
0.30804
0.24367
-0.94187
0.57156
-0.01627
-0.05478
0.25591
0.27675
-0.30136
0.36689
0.36483
-0.15692
-0.05059
-0.67438
-0.09379
0.44297
0.58575
-0.03055
0.32855
-0.07608
-0.88941
0.45347
-0.38469
-0.23193
0.19581
0.58695
0.34271
0.49564
-0.41963
-0.12117
0.40974
0.66151
0.02437
-0.10024
-0.13813
0.14037
0.63305
-1.01653
-0.25827
0.49541
-0.51448
-0.11372
-0.16648
-0.03006
0.05910
-0.65425
-0.01811
-0.45233
-0.22903
0.30194
-0.02823
-0.47054
0.43512
-0.29526
-0.42456
-0.41233
0.07376
0.27696
-0.55400
0.46604
-0.08202
0.60374
-0.36623
-1.07887
0.38182
0.72123
0.29638
0.29105
0.36061
0.53157
-0.11211
-0.47484
0.05600
0.21868
0.57465
0.39222
0.25641
0.20887
0.07072
0.49531
-1.08674
0.23591
-0.14256
0.20728
0.33126
0.21169
0.18213
-0.27169
0.57620
-0.30016
0.03571
0.26129
0.39430
-0.16733
0.14520
-0.84953
0.16195
0.34285
0.52357
-0.92427
0.80326
-0.32895
0.40612
-0.21609
-0.13987
0.12211
-0.15577
-0.22074
0.69361
-0.35273
-0.93369
0.08815
-0.11444
0.26629
0.43683
0.61124
-0.35023
0.28851
0.54082
0.28680
-0.38670
0.06673
0.30323
0.06198
0.61526
-0.13713
0.48344
0.79345
0.11888
0.57983
0.09084
-0.57775
-0.64636
0.33489
0.70242
0.56537
-0.58051
0.15453
0.07267
0.53047
-0.35318
0.24149
0.55076
-0.02212
-0.46096
-0.04041
0.02951
0.58838
0.28440
0.56683
-0.62965
0.54779
-0.61944
0.54066
0.45089
0.32260
0.30065
0.12250
-0.47537
0.00088
-0.67748
-0.35224
0.37292
0.22667
1.00336
-0.20949
0.06327
-0.17238
-0.04874
0.13277
-0.51460
0.67704
0.23458
-0.16600
-0.35042
-1.28018
0.01614
0.00036
0.46322
0.18779
-0.51196
-0.11773
0.32913
0.40143
-0.21923
0.74901
-0.09945
-0.50093
-0.49276
-0.29327
0.00134
0.25038
0.37568
0.03193
-0.05592
0.75315
0.34357
-0.21486
0.60724
-0.03952
0.82497
-0.30670
0.13797
-0.22985
-0.27890
0.09340
-0.66623
-0.46131
-0.08826
0.34257
-0.05046
-0.02305
-0.73510
0.15904
-0.22424
0.04503
0.16123
0.07912
0.04307
0.19229
0.19420
0.13959
0.07567
0.03873
0.07924
0.15958
0.06748
0.14450
0.05076
0.17674
0.03661
0.07575
0.12122
0.15426
0.12329
0.14033
0.14765
0.07828
0.02795
0.09727
0.14491
0.05502
0.16921
0.14067
0.17053
0.08563
0.08214
0.20961
0.04265
0.07614
0.05255
0.20886
0.03167
0.15803
0.07817
0.11051
0.15404
0.04218
0.15068
0.02904
0.08482
0.02154
0.16120
0.15230
0.06177
0.14204
0.16609
0.05977
0.06492
0.10139
0.12470
0.15644
0.08337
0.18017
0.02885
0.09028
0.04460
0.02188
0.01982
0.10441
0.14104
0.09393
0.02245
0.14626
0.07548
0.17091
0.02567
0.03024
0.17942
0.01078
0.02322
0.16793
0.06504
0.18142
0.07116
0.01899
0.08483
0.07176
0.17287
0.17646
0.18335
0.05654
0.16767
0.05853
0.04879
0.05373
0.09246
0.07849
0.09715
0.01137
0.15605
0.01339
0.05785
0.06319
0.10298
0.18330
0.03020
0.00734
0.07577
0.20794
0.09112
0.08229
0.20545
0.08924
0.10450
0.03439
0.17852
0.07368
0.16414
0.07369
0.10128
0.16949
0.05312
0.11833
0.19028
0.15902
0.18553
0.14612
0.16871
0.18807
0.14563
0.09381
0.10182
0.10398
0.05598
0.16504
0.06186
0.21028
0.03826
-0.13712
-0.06318
-0.12187
-0.12677
-0.01881
-0.07128
-0.15860
0.01241
-0.09741
-0.17718
0.16575
-0.25094
0.02594
-1.02372
0.43042
0.07235
0.03800
0.59573
0.07415
-0.20624
-0.18025
0.00198
0.17646
0.24701
0.30042
0.01728
0.78151
-0.15698
-0.07826
0.31073
0.05026
-0.68664
0.16241
0.53473
-0.33370
-0.32644
0.03724
0.24838
0.23862
-0.48241
0.42087
0.69734
-0.15852
-0.82760
-0.50304
0.48937
0.15191
0.29435
-0.30003
0.85209
0.70404
0.01249
-0.55255
-0.53308
0.17915
0.07661
0.26076
0.76386
0.10861
-0.23432
0.15244
-0.90695
0.45237
-0.85676
1.55591
0.32772
-0.37876
0.33366
0.00702
-0.12096
0.01736
0.10445
-0.73091
0.14740
-0.26401
-0.30477
-0.35511
0.09870
0.56297
-0.45451
-0.23593
0.07632
0.32663
0.40006
-0.32801
-0.09592
0.12955
-0.33384
-0.40421
0.50483
0.15182
0.24892
0.85673
0.18788
-0.57246
-1.01491
0.18439
0.49973
0.20213
-0.26550
0.53533
0.67288
-1.09555
-0.27196
0.51766
0.47926
0.14848
-1.34402
-0.13677
0.17712
-0.79419
0.44591
0.68476
-0.33920
0.44631
-0.24878
-0.34060
-0.12138
-0.84825
0.92645
-0.50421
-1.02097
0.28724
0.01792
-0.04803
0.68533
0.08164
0.16899
-0.34427
0.69179
-0.65903
-0.26493
0.19755
0.06038
0.13471
0.58055
-0.39462
0.47072
0.44274
-0.57577
0.63087
0.00590
-0.19302
0.23477
0.19016
0.46861
-0.36751
-0.49482
-0.13022
-1.14017
-0.48014
-0.19261
-0.24183
-0.29973
0.57323
0.86663
-0.48514
0.34836
0.41315
-0.61870
0.52366
0.57238
-0.71435
-0.54740
-0.27844
-0.31940
-0.54333
0.32546
-1.21253
-0.07946
0.25643
0.65947
-0.82604
0.07111
0.69429
-0.38940
-1.15681
0.05139
0.44465
0.18716
0.70211
0.73641
0.13027
-0.00035
0.44455
0.12215
-0.74953
-0.47367
-0.32521
0.67055
0.08899
0.48366
-0.37286
-0.02111
0.04779
0.06671
0.38007
-0.19913
-0.10318
-0.13263
-0.50625
-0.89497
-0.30730
0.11903
-0.24373
-0.02064
-0.31787
0.01684
-0.28444
-0.15973
0.32043
-0.03300
-0.35575
0.58665
0.61022
-0.77808
-0.71668
-0.04317
0.31146
0.73248
-0.61027
0.40121
-0.58035
0.48262
-0.13508
-0.26596
-0.41391
-0.01576
-0.79286
-0.09691
-0.08637
-0.23481
0.29285
-0.34545
-0.31824
-0.20121
-0.24164
-0.20724
-0.28101
-0.28943
0.01557
-0.08014
-0.22984
-0.21412
-0.21724
-0.12575
-0.30136
-0.41535
0.29617
0.25947
0.34110
0.02096
-1.18332
-0.30328
-0.20094
-0.66122
-0.25856
0.14370
0.51668
-0.18855
0.21272
0.25471
-0.39704
-0.37413
0.41812
0.06873
-1.00641
0.17462
0.33495
-0.50245
0.21984
-0.41048
-0.36891
0.03986
0.24923
0.65113
0.09499
0.03481
-0.10829
0.59636
0.28030
0.09123
0.36426
0.33123
0.13988
-0.02923
0.35042
0.51344
0.31171
0.61003
-0.85847
0.71069
0.09203
0.16285
0.04737
0.56353
0.47656
-0.25308
0.17400
0.37818
1.00470
0.07960
-0.16001
0.81364
0.73448
-0.15034
0.28458
0.51805
0.75062
0.05357
0.14349
-0.38649
0.58206
-0.08535
-0.78909
-0.43397
0.76228
0.36292
-0.21492
-0.70927
0.31734
-0.40818
-0.68760
0.58697
0.14069
-0.08216
0.59511
-0.19215
0.30987
-0.82248
0.19410
0.07227
0.53946
-0.07492
-0.15391
0.06898
0.40709
0.25502
-0.19611
-1.38974
-0.07520
0.16830
-0.92976
0.11013
-0.60774
-0.48872
0.03559
-0.09352
-0.39301
0.53324
0.34725
-0.83972
0.22166
-0.44520
0.73341
0.65531
0.17158
0.28448
0.11251
0.09870
0.12778
0.01238
-0.14307
-0.25952
-0.11026
-0.33216
0.03889
0.65092
-0.85555
-0.49838
-0.37962
-0.24471
-0.82811
-0.56317
-0.89264
-0.26614
-0.64454
0.17444
0.21678
0.15360
0.72324
0.09566
0.74818
-0.01893
0.12670
0.74343
0.78522
0.38037
0.59017
0.26125
-0.22490
0.47460
0.59334
0.19599
-0.91984
0.47987
-0.72250
-0.22703
0.82988
0.46046
-0.26454
0.72375
0.84734
-0.48716
0.44091
-0.45262
0.05713
-0.54042
0.26904
-0.65095
-1.03498
-0.22691
0.30432
-0.08000
0.25166
-0.40424
0.33617
-0.06068
0.40035
0.02516
-1.20854
-0.30260
0.06059
0.04635
-0.58699
-0.30934
-0.18157
-0.00759
-0.75655
0.04741
0.22363
0.02805
-0.49873
0.68526
-0.03663
0.01828
-0.10658
-0.16328
0.10425
-0.30345
-0.75503
0.15122
0.07368
0.84963
-0.27281
0.50778
-0.34539
0.51470
-0.61142
0.29088
0.05892
0.83731
0.62266
0.33684
-0.32033
-0.23507
-0.12476
-0.00747
0.14450
-0.52890
0.31463
-0.67348
0.45820
0.14881
0.06158
-0.04766
0.76849
-0.00056
0.06378
-0.23073
0.44514
0.38388
-0.30910
0.01072
0.15857
0.26283
-0.61507
-0.33613
-0.12014
-0.28558
-0.13816
0.11424
-0.15221
-0.44670
0.07473
0.03853
-0.40752
0.13444
0.24597
0.21539
0.36982
-0.60015
-0.17862
-0.18965
-0.36673
0.89128
-0.13263
-0.70660
0.41756
-0.07121
0.68823
0.35287
-0.37057
0.30661
-0.15862
-0.15976
0.43716
0.36864
0.37165
-0.19744
-0.90228
0.05769
0.59816
0.55661
0.19450
-0.02581
-0.32479
0.64073
-0.47833
0.05114
-0.44508
0.60283
-0.31867
-0.14447
-0.51918
0.00033
0.10965
-0.07929
-0.79167
0.38442
0.32174
-0.09153
0.46076
0.57671
-0.00656
-0.49236
0.03180
0.15651
0.10043
0.01645
-0.60054
-0.43183
0.53517
0.04432
-0.07918
0.57930
-0.52464
0.28459
-0.29269
0.50937
0.71250
0.56286
0.70153
0.18457
0.32687
-0.83803
-0.26396
0.56640
0.61835
-0.21030
-0.46914
0.03170
-0.34659
-0.59720
0.38904
-0.07168
-0.24819
-0.22316
-0.33785
-0.77115
-1.06794
-0.00323
-0.15283
-0.22459
-0.65689
-1.03890
-0.14001
-0.56204
0.08657
-0.66922
-0.62360
-0.09325
-0.47327
0.21770
-0.06128
-0.00226
0.05761
-0.01696
-0.26499
-0.27389
0.18384
-0.63327
0.43291
0.07757
-0.00149
0.50265
0.15635
0.07250
0.38951
0.44971
-0.24077
0.22870
0.04313
0.33074
0.67533
0.36941
0.33817
0.42314
0.40826
0.08277
0.18534
-1.24470
-0.23582
-0.49687
-0.43848
0.38750
0.09989
0.07798
0.36794
0.44765
0.28230
0.13043
-0.24581
-0.32756
0.11938
0.36523
0.09336
0.24401
0.39664
-0.12028
0.40078
0.09446
-0.13967
-0.21830
-0.36267
0.37732
-0.73327
-0.18901
0.32427
0.43858
0.39112
-0.31788
-0.37316
0.15138
0.13004
0.30823
0.24402
0.12396
0.06125
0.09086
-0.17769
0.48309
0.48913
0.23825
0.49649
0.00028
-0.23930
0.13668
-0.53177
-0.13979
-0.36059
-0.54539
-0.43529
-0.29755
0.08368
-0.25985
-0.55462
-0.28250
-1.03022
-0.92577
0.85687
-0.39356
-0.85363
-1.18510
-0.52991
-0.80253
-0.85100
0.30698
0.43456
-0.62888
0.07558
-1.16115
-0.49636
0.40379
-0.64377
0.17300
0.47707
-0.23043
0.16606
-0.98990
0.12203
-0.72552
-0.21362
0.24432
-0.11854
-0.07575
-0.10869
-0.34284
0.28685
0.06707
-0.53795
-0.20035
-0.82704
-0.80823
-0.06744
-1.55902
-0.54623
0.38925
-0.20929
0.44015
0.29181
-0.12506
-0.02757
0.38319
-0.88440
-1.61444
-0.16726
-0.12210
0.66532
-0.60674
-0.61043
-0.21097
-0.47923
-1.07394
-0.65414
-0.29628
-0.49233
0.13855
-0.59739
-0.73883
-0.79582
0.25687
-1.37112
-0.76971
-0.23696
-0.10287
-0.09752
-0.66038
0.41875
-0.38245
-0.65930
-0.57400
-0.61001
-0.59335
-0.10990
0.25112
-0.59241
-0.56773
0.26443
-0.16911
0.39727
0.51953
0.18425
0.13442
0.44852
0.53006
0.58537
-0.24332
-0.73191
0.20214
-0.09659
-0.19084
-0.75234
-0.19667
0.26670
-0.33842
0.30981
-0.08967
-0.22203
0.01892
-0.29599
0.52918
0.30184
-0.26394
-0.16029
-0.08527
0.41491
0.47634
-0.15956
-0.58915
0.23998
0.43673
-0.16180
0.61953
-0.46337
0.42728
-0.10570
-0.50577
0.42335
0.54826
-0.21507
0.28370
-0.77774
0.36839
0.13115
-0.62910
-0.18803
0.03654
0.51452
0.45344
-0.15875
-0.91738
0.17635
0.41273
-0.71516
0.13330
0.68388
-0.04609
-0.12007
0.53097
-0.22854
0.16186
0.18481
0.40862
-0.39184
0.80497
0.16720
0.02954
-0.44350
0.49022
0.23776
0.11301
0.13493
0.23032
-0.77154
0.98505
0.12947
0.44254
0.15546
-0.04195
-0.08189
-0.03571
-0.48439
-0.77082
0.20375
-0.48452
0.72878
-0.04955
1.03700
0.49188
0.03372
0.62468
-0.20995
-0.30745
0.22521
-0.53258
-0.67581
0.18805
-0.14389
-0.07740
-0.87441
-0.02606
0.07795
-0.81644
0.80686
-0.72840
-0.00574
-0.00236
0.26767
0.46366
0.14862
0.24610
0.83006
0.22174
0.22770
0.97341
-0.32592
-0.27234
-0.51643
0.26541
0.06661
0.05200
-0.06142
-0.41530
-0.00636
-0.52858
0.08891
-0.12438
-0.37876
0.03214
-0.24792
0.17166
-0.21373
0.23722
0.28340
0.22945
0.06613
0.46440
0.56644
-0.73699
0.19626
-0.37229
0.43864
-0.94305
-0.94877
-0.35184
-0.01635
-0.09139
-0.80211
-0.17790
-0.84355
-0.62290
-0.78708
-0.84124
-0.98557
-1.17921
0.41174
0.32806
-0.18754
0.43899
-0.19064
0.25041
-0.09848
-1.05240
-0.06962
-0.14743
-0.34699
0.45116
-0.26697
-0.17454
-0.85520
0.21348
-0.05817
-0.83293
-0.13479
0.15551
0.03359
-0.63584
-0.52375
0.05966
0.15215
-0.13996
-0.49208
-0.14957
-0.68373
0.38243
-0.34213
0.08495
-0.11786
0.45044
-0.65843
-0.22955
0.35524
0.21633
-0.80852
0.19967
-0.15663
-0.55458
-0.33157
-0.72335
-0.10422
0.13487
-1.18284
-1.50432
0.03708
-1.19597
0.42996
-0.14819
-0.70639
-0.19285
0.44069
0.16680
0.53041
0.10158
-1.17263
-0.10175
-0.45795
-0.30431
-0.97704
-0.95067
0.10502
0.03265
-0.05227
0.03844
0.64932
-0.31938
-0.50473
0.31105
-0.29632
-0.61838
-0.08545
-0.94662
0.05728
0.12390
0.09092
-0.12060
0.49903
-0.44122
0.13931
0.07715
0.13061
0.25449
0.00132
-0.46125
0.08959
0.28723
-0.95915
-0.43693
0.20351
0.39871
-0.15906
0.36133
-0.95301
0.30194
0.36310
-0.20803
0.12113
0.28065
0.56669
-0.98638
0.59417
0.20208
-0.46706
-0.50793
-0.26577
-0.02641
-0.48228
-0.17356
0.41787
0.03948
-0.30022
0.03928
-0.45357
0.35764
-0.59551
0.28172
-0.20692
0.15795
0.45626
0.17425
0.34443
0.00172
0.44526
-0.22075
-0.08158
-0.26525
0.56932
0.00426
-0.26198
-0.15299
0.77290
-0.20926
-0.66123
-0.32809
0.06806
-0.50958
-0.01610
0.02103
0.09816
0.52824
0.65234
0.56608
0.05971
0.05030
-1.07746
-0.88786
0.38980
0.12388
0.51545
-0.06720
-0.27194
0.30949
0.20461
-0.23223
-0.09549
-0.32065
-0.29807
-0.57890
-0.71267
-0.46903
0.80720
0.61180
-0.57042
0.63051
0.01440
-0.05895
0.22496
0.68494
0.44930
-1.28243
-0.09185
0.11360
0.13670
-0.56727
-0.38257
-0.77019
-0.07204
0.17851
-0.15245
-0.18761
0.46905
-0.31431
-0.11400
0.08239
-0.08133
0.30617
-0.11481
0.22018
0.56079
-0.47869
-0.33227
-0.60764
-0.13840
-0.18646
-0.29168
-0.57099
0.06143
-1.11145
-0.20937
0.20031
-0.24977
0.04604
0.18477
0.06758
0.53638
0.01880
-0.36120
0.88469
-0.37012
0.21771
-0.74908
-0.35784
-1.02715
-0.85471
-0.92285
0.77872
0.29688
-1.70896
-0.70596
0.53022
0.49055
0.08227
0.48832
0.33513
-0.23154
0.16364
0.72299
-0.09810
0.45303
0.04585
0.26457
0.35249
0.16954
0.36313
0.83358
-0.04785
-0.08175
-0.24324
0.34766
0.13700
-0.21355
0.19287
0.36230
-0.80028
-1.07824
0.05507
-0.99522
0.33619
-0.02636
-0.66672
0.09147
0.32634
0.28279
-1.13998
-0.07335
-0.12692
-0.51638
0.08857
0.47921
-1.17871
0.14116
-0.95794
0.01112
0.19198
0.03599
-0.46706
0.10648
-0.89676
-0.22187
-0.07910
0.22784
0.04579
0.01694
0.02720
0.24273
0.15795
-0.92803
-1.29905
-0.63342
-0.31460
-0.40061
-0.31018
-0.65490
0.36771
-0.39606
-0.36712
0.39816
-0.15118
0.16872
-0.57869
-0.92084
-0.77977
-0.11744
0.00596
0.30024
0.67494
-0.97275
-0.13186
-0.35524
0.67701
0.59973
-0.05378
0.47947
0.45227
-0.15310
-0.34057
0.13600
-0.31525
0.26768
-0.23009
-0.97682
-0.81606
0.46190
-0.18587
0.24953
-0.68335
0.27822
0.29743
-0.15431
0.20628
-0.30288
-0.76082
0.48193
-0.44515
0.34039
-1.17894
-0.51946
-0.22203
-0.02578
-0.60656
-0.04344
-0.29794
0.37000
0.57250
0.00452
0.05356
0.42853
-0.09248
0.36662
0.21206
0.00150
0.07972
-0.29418
0.16269
-0.44404
0.16905
0.35139
0.29001
-0.23112
-1.04342
-0.72012
0.60033
-0.68899
-0.73295
0.48466
-1.07022
-0.32221
-0.27364
0.52014
0.53109
-0.01692
-0.68368
-0.99278
-0.17799
-0.16736
0.38917
0.45310
0.50757
0.53232
-1.44811
0.04708
-0.20137
-1.19941
-0.97332
0.21861
-0.39917
0.45490
-0.21149
0.00232
0.46484
0.29185
-0.29866
0.07168
-0.22419
-0.23402
-0.40032
0.05848
-0.87679
-0.16500
0.04587
-0.52184
-0.18822
0.25714
-0.17396
-0.08214
0.49864
-0.13893
-0.11440
0.41231
0.15348
-0.57722
0.19292
-0.05972
0.00698
-0.13083
-0.18190
-0.16167
0.51498
-0.55363
0.42922
0.39685
-0.14167
-0.99565
-1.25752
-0.36473
-1.34322
0.25423
0.37141
-1.02520
0.17160
0.48716
-0.09461
0.33697
-0.55615
0.13653
0.23542
-0.55947
-0.71402
0.50735
0.17310
-0.09919
0.41021
-0.21056
-0.19627
0.44582
0.08477
-1.28031
-0.37338
0.81672
-0.33769
-0.14286
0.45206
-0.34694
0.47763
-0.35935
-0.11244
0.02763
0.52453
-0.31230
0.45798
-0.23987
0.04000
-0.03699
0.15364
0.04860
0.26296
0.06549
0.07330
-0.29813
0.02877
-0.31036
0.58778
-0.32571
0.46581
0.51060
-2.19085
0.67024
0.63345
0.32752
0.03201
0.27627
0.62866
0.57613
-0.14564
0.57311
-0.03729
0.58191
-0.83289
0.39755
0.31224
-0.03556
-0.08096
0.27576
-0.25650
0.22161
0.67012
-0.09860
0.62056
0.18373
-0.43788
-0.80536
0.20643
0.29826
0.28348
0.19782
0.26521
-0.11901
-0.10327
0.03298
-0.45515
0.43808
0.56846
-1.85629
-0.46687
0.24498
0.11311
-0.47495
0.14351
-0.11190
-0.09790
-0.25145
0.64887
0.61524
-0.10535
0.21807
0.18288
-0.10092
-0.07373
-1.02415
-0.07243
-0.06756
0.24201
-0.16426
0.35218
-0.05696
-0.35985
0.78759
0.22475
0.08555
-0.63935
-0.08868
-0.06068
0.21114
-0.11394
0.76010
0.12584
-0.44477
0.16113
-0.51775
-0.41292
0.47344
0.17324
0.75877
-1.21903
0.49291
-0.46344
0.71149
0.09690
0.13165
0.45325
-0.63196
-0.02516
-0.40599
0.10656
-0.18879
-0.21055
0.48822
-0.31383
-0.52593
0.44055
0.58190
-0.77914
-0.08046
-0.10029
0.54562
-0.90111
0.45102
0.44449
0.58671
0.03223
0.40636
-0.52424
0.11975
0.38340
-0.17885
0.27583
0.19998
0.26797
-1.02799
0.19867
-0.39611
0.47915
0.38869
-0.32194
0.47956
0.12484
0.21866
0.18347
0.23120
-0.30985
-0.11659
-0.76310
0.22447
0.45222
0.17650
-0.08673
-0.49131
-0.12137
-0.23684
0.45934
-0.23777
-0.28817
0.29621
0.37855
0.65827
-0.21114
0.24239
0.17684
0.33622
-0.11519
0.35506
0.19765
0.11195
0.10125
0.40113
-0.52027
0.17007
0.37490
-1.26344
0.58622
0.31796
0.41878
0.49752
0.04143
0.23166
-0.21708
-0.42763
0.33155
0.43110
0.41691
0.52549
0.56067
-0.28157
0.58922
0.28843
0.15933
-0.80258
-0.09164
0.13465
0.33661
-0.13405
-0.00777
-0.04509
-0.04493
0.26686
-0.27224
-0.44835
0.20645
0.64701
0.12303
-1.25031
0.22397
0.07618
0.27283
0.20072
0.04276
0.20235
0.17099
-1.70467
0.44351
-0.88937
-0.09616
0.06511
-0.89993
-0.03400
0.23601
0.36885
0.34909
0.11412
0.18322
0.40981
0.44934
0.28435
-0.98984
-0.02000
0.21829
-0.99696
0.21138
-0.13180
0.81971
-0.66199
-0.01430
0.22898
-0.60821
0.10391
-0.23052
-1.01102
0.26009
0.15546
0.46953
0.57176
-0.25991
-0.25765
0.66195
0.86817
0.10556
0.15174
0.12067
-0.25117
-1.80339
0.50166
-0.23683
0.11395
0.09632
0.10613
-1.02430
0.13882
0.12252
-0.42328
-0.50909
-0.26133
0.49247
-0.62906
-0.26714
0.49746
0.13319
-0.23266
-0.22756
-0.10491
-0.59396
-1.02401
-0.21289
-1.01518
0.88127
-0.64957
0.14324
-0.24843
-0.23954
-0.63065
0.53393
0.58030
0.91837
-0.30270
0.15607
-0.68660
0.89083
-0.29088
0.17867
0.13787
-0.28948
-0.06153
-0.30563
-0.60703
-0.62831
-0.66592
-0.64669
-0.28333
-0.25833
-0.23563
0.12972
0.12120
0.12905
-0.20210
-0.48026
0.53864
0.19576
-0.65643
0.03898
0.54724
0.07669
-0.87718
0.05801
0.42627
-0.90149
0.54251
-0.90594
-0.48507
0.58277
-0.55559
0.53302
0.59596
-0.78665
0.60123
0.61743
0.64592
-0.02078
0.44413
-0.41694
-1.04307
-0.07291
0.05810
0.18839
0.32580
0.14099
0.35276
-0.59110
0.40862
-0.01035
0.04742
-0.08759
0.45603
-0.01457
0.12749
-0.13954
0.04695
0.35885
-0.02332
0.04188
-0.05369
-0.05292
0.40862
0.15470
0.47117
-0.05737
-0.05877
0.15051
0.28784
-0.01037
-0.05940
-0.30460
-0.03065
0.24573
0.01283
0.25684
-0.81633
0.13140
-0.60253
-1.53730
-0.40844
0.43910
-0.28439
-0.24751
-0.74243
0.64871
-0.08997
0.13320
0.26628
-0.90970
0.25038
-0.72822
0.00441
0.32764
-1.17699
0.14626
0.58087
0.48957
0.58947
-0.82114
-0.93445
0.89806
0.42728
0.60587
0.61265
0.57195
-0.29693
0.53953
0.12711
-0.06086
0.62868
0.51122
0.08878
0.41998
0.16087
0.57119
0.47595
0.53182
0.48320
-0.73089
0.31754
-0.96086
0.42882
0.41985
-0.24799
0.14318
0.79461
-0.20706
0.10548
-0.59327
0.22529
-0.16384
0.50097
-0.18191
0.21476
0.16867
0.10099
0.18357
-0.23516
-0.29337
-0.20758
0.17895
-0.29030
-0.23803
-0.17948
-0.15536
0.12365
0.15177
-0.21115
-0.65647
-0.24605
-1.24550
0.18525
0.13357
0.17806
0.18259
-0.28990
0.45802
-0.64767
0.36970
0.07252
-0.31060
-0.35495
0.38759
0.02304
0.46035
0.21816
-0.31674
0.15368
-1.03553
-0.86827
-0.62967
-0.35732
-0.53123
0.19911
-0.10395
-0.28711
0.38122
0.15550
-0.74786
0.51173
0.49328
-1.19976
0.24562
0.60478
-0.50395
-0.64344
0.50577
-0.82930
0.79315
-0.25475
-0.19629
-0.27823
0.69608
-0.78545
-0.02981
-0.08415
-0.44535
0.45639
0.35576
-0.18126
0.24621
0.14512
0.14577
-0.00814
-0.33144
0.49122
0.18461
0.36213
0.02727
-0.51080
-0.05456
0.04418
-0.07410
-0.25529
0.51985
-0.28068
-0.06346
-0.25879
-0.88777
0.26953
-0.06661
0.38479
-0.30116
-0.06525
-0.93699
0.41638
-0.69170
0.24862
0.26049
-0.41535
-0.64261
0.64717
0.50444
0.41672
-0.41720
0.62037
0.29749
-0.01122
0.04669
0.55310
-0.07950
0.19565
0.47540
-0.77636
0.19067
-0.41140
-0.38943
-0.71877
0.36439
-0.11301
0.22053
0.34349
0.25057
0.30910
0.55273
-0.10562
0.27849
0.25019
-0.00086
0.08003
0.60437
-0.39991
0.37419
-0.44346
-0.69717
-0.03110
0.41247
0.64336
-0.14643
-0.11783
0.24858
0.68396
0.02764
-0.03725
0.30450
-0.54912
0.31210
0.04496
0.37189
-0.21733
0.04212
-0.04926
