0.34141
-0.74040
-0.10678
-0.66328
-0.16202
0.48153
-0.35400
0.47184
0.24751
0.43360
0.04671
-0.07300
-0.68481
0.50095
0.01416
-0.00420
0.22651
0.02336
-0.24357
0.69939
0.68966
-0.05680
0.28423
-0.03367
-0.49421
-1.06072
-0.11322
-0.24786
-0.50008
-0.06384
0.10093
0.04959
0.12556
-0.22994
0.77487
0.71095
-1.10524
0.30008
-0.44062
0.20559
0.04472
-0.38740
0.00637
-0.52380
0.51511
0.55169
0.44594
0.83894
0.44901
-0.19118
0.37341
0.36570
0.50808
0.26317
-0.58882
-0.66948
-1.28153
0.40725
-0.51383
-0.19471
0.02894
0.33513
0.04472
-0.29302
-0.13455
0.21719
0.89882
-0.14305
0.41736
0.56183
0.40139
0.14264
-0.41975
0.05987
0.39308
-0.15201
-0.09263
-0.44080
0.19680
-0.19092
-0.20482
-0.06081
0.53674
0.80109
0.81337
-0.62607
0.05448
0.59167
0.35587
-0.03018
-0.14733
-0.00350
-0.03150
0.33298
-0.17954
0.00216
0.09316
-0.25883
-0.03888
0.66412
0.19786
0.03034
-0.23119
0.11043
0.06499
0.21304
0.48295
0.43088
0.25456
-1.05782
-0.81894
-0.38267
-0.06756
0.15128
0.23488
0.09854
0.22803
0.26510
0.24442
0.25018
-0.77471
-0.36116
-0.43772
0.62312
0.08149
-0.38136
-0.50687
0.63848
-0.01654
0.29872
0.19306
0.01779
0.34728
0.33683
0.18004
-0.06769
0.25750
-0.01578
0.75132
-0.14163
0.13931
0.15906
-0.44123
0.12087
0.02946
0.37058
0.19248
0.02213
0.23346
-0.05489
0.13092
0.19735
-0.65444
-0.43681
0.27603
0.73851
-0.58820
0.39210
0.10788
-0.69426
0.15329
0.10307
-0.25154
-0.35089
0.35679
0.11008
0.00869
-0.30354
0.70839
0.91527
0.15933
-0.70002
-0.09322
-0.41521
-0.75736
-0.68842
0.09164
-0.00554
-0.59060
-0.40736
0.37708
0.73535
0.36800
-0.05288
-0.17014
-0.10778
0.42279
-0.13055
0.38086
0.09078
0.05321
0.55159
-0.70698
-0.04170
-0.25474
0.31963
-0.56733
0.42986
0.32799
-0.18937
-0.79462
0.86269
0.40838
0.14821
-0.08612
0.09511
-0.16683
0.14911
-0.34561
-0.29251
0.19812
0.22669
-0.43119
-0.09702
0.41986
-0.48265
-0.07168
0.37580
-0.02586
-0.04747
-0.02686
0.39026
0.27229
0.47881
0.60509
0.01314
0.08395
-0.16959
-0.45798
-0.08570
-0.08077
-0.42723
-0.26902
0.38065
-0.12175
-0.20291
0.57111
0.31448
0.35766
-0.08316
-0.30371
0.14663
-0.35088
0.10220
-0.53577
-0.06731
-0.05111
0.25615
-0.33231
0.11940
0.02314
-0.06072
-0.05178
0.19719
-0.33713
-0.37498
-0.21117
0.22170
0.37659
-0.19626
-0.31047
0.42717
0.15748
-0.31034
-0.06753
-0.54967
-0.14729
-0.53598
-0.09457
0.13574
0.88466
0.02411
0.21498
0.34345
0.50934
0.01210
-1.07759
0.00526
-1.12528
0.63251
0.34682
0.53245
0.64377
-0.15038
-0.18745
-0.28326
-0.03851
0.18360
0.47397
0.09442
-0.25803
-0.32395
-0.20343
-1.19337
0.24788
0.28544
-0.38112
0.39980
-0.17824
-0.62783
-0.40029
-0.62474
0.01224
-0.04644
0.10098
-0.07023
-0.52992
0.14020
-0.79462
-0.20641
0.34074
0.54199
-0.76740
0.04416
-0.11398
-0.75247
0.33857
0.14387
0.00471
0.01274
0.55724
0.43514
0.28070
0.39791
-0.20272
-0.43222
0.18506
0.51436
0.01587
-0.39269
0.13579
0.26021
0.38265
0.36530
0.32601
0.60083
0.10452
0.58134
0.06661
0.21663
-0.20908
-0.11611
0.32023
0.63615
0.02579
-0.32771
0.49826
0.49472
0.12823
-0.50270
0.20886
-0.40577
-1.35305
0.33840
0.26572
0.31356
-0.06636
0.06883
0.32703
0.25184
0.17501
0.09015
0.22611
0.11906
-0.27987
0.18065
0.21292
0.00235
0.80260
0.65470
-0.41748
-0.62287
0.30750
0.61867
0.21385
0.43714
-0.37865
0.16421
0.22799
0.24227
-0.03264
-0.56985
0.36819
-0.21018
-0.47860
-0.39025
-0.02014
0.26092
0.74772
0.06559
0.43266
-0.46798
-0.01193
-0.16879
0.14361
-0.27830
-0.10449
0.56893
-0.37564
-0.13871
0.47775
0.22388
0.59549
0.15484
0.06846
-0.21102
-0.00830
0.40129
-0.20605
0.08631
-0.04283
0.23176
-0.13857
0.13898
0.34352
-0.32368
-0.08074
0.79876
-0.80798
-0.49796
-0.41699
-0.34481
-0.06658
0.73949
0.40045
0.46427
0.25238
-0.23172
-0.69600
0.02734
-0.10246
-0.04921
-0.53626
-0.24424
0.17963
0.65695
0.34799
0.02505
0.35641
-0.68718
0.15919
0.24279
0.38873
0.15668
-0.23347
-0.25534
0.27549
-1.67473
0.36861
0.49168
0.37888
-0.14531
-1.23478
-0.03031
-0.54239
-0.52849
-0.01361
0.43753
0.39144
0.05280
0.39414
0.11415
-0.26962
0.41330
0.41254
0.19322
-0.35650
0.13752
0.23381
0.03365
0.43344
-0.65384
-0.47352
0.46914
-0.02086
0.37412
-0.32870
-0.75858
-0.19103
0.35559
0.13061
0.00088
-0.45683
-0.00569
0.04500
0.24248
0.05571
0.18806
0.11409
-0.08668
0.35395
-0.39115
-0.48047
-0.20022
0.48804
0.34248
-0.28950
0.34009
0.23276
-0.29275
0.17962
0.36713
-0.18881
-0.03610
0.07489
0.41992
0.41670
-0.19812
0.14407
0.33926
0.52615
-0.09087
0.06129
0.35993
0.29618
-0.16167
-0.02286
-0.05830
0.10406
-1.52451
-0.97856
0.64351
0.20528
0.38959
0.45107
0.26396
0.20188
-0.08243
0.15101
-0.28845
-0.55232
-0.49622
0.10933
0.29340
0.39029
0.03539
0.50230
0.45132
0.51231
0.09917
0.29365
-0.31948
-0.73394
-0.28588
0.02348
0.20901
-0.38198
-0.08082
0.35106
0.50599
0.21761
0.03618
0.10295
-0.69238
0.10373
-0.17688
-0.69730
-0.17400
0.24808
0.47288
-0.33139
0.24944
-0.45760
0.03091
0.14906
0.56040
0.33433
0.17749
-0.13207
-0.25581
0.71594
-0.08724
0.15978
0.32777
0.22253
0.38849
-0.23060
0.22017
-0.93586
0.20212
-0.09516
-0.24924
0.30913
-0.50668
0.22964
-0.26161
0.09384
0.83180
0.20386
0.40924
0.23055
0.83489
0.11221
0.42772
0.13560
-0.03295
-0.05090
0.84802
0.02861
-0.83039
0.52989
0.01729
-0.35222
0.39599
-0.27324
-0.17556
0.03041
0.04315
-0.06073
0.03134
0.13286
0.03772
-0.06066
-0.33574
-0.35095
0.02613
0.37900
-0.00130
0.88981
0.08067
0.26256
-0.13300
-0.10666
-0.09992
-0.43609
0.66111
0.27410
-0.45541
0.82971
-1.17919
-0.13569
0.24687
0.11906
-0.20574
-0.15590
0.28623
0.26780
0.27802
0.02180
0.62076
-0.25767
0.06103
-0.58208
0.02989
-0.61427
0.19820
0.03557
0.36372
-0.48626
-0.13575
-0.11638
0.13088
0.06699
0.09967
-0.64073
0.13481
-0.00900
-0.02456
0.28750
-0.40877
-2.18942
0.35645
-0.11276
0.25689
0.43679
0.39484
-0.53350
0.71114
0.43982
0.31781
0.17124
0.21630
-0.04740
0.24622
-0.28970
0.28510
0.25552
0.24157
-1.40107
0.66245
0.85135
-0.09012
0.54235
-0.48053
0.73405
-0.24379
0.12159
-0.17286
0.47134
-0.06785
-0.00546
-0.35223
0.60031
0.34883
0.02577
0.12874
0.10724
-0.20619
0.15488
-0.36289
0.60043
0.09408
0.49349
0.55408
0.43512
-0.09336
0.21238
-0.13849
0.31867
-0.02134
0.33208
-0.06363
0.11476
0.24938
0.57017
0.49773
0.46124
0.68423
0.11260
0.50552
0.32736
-0.05070
-0.49888
0.64283
-0.16631
0.11187
-0.60024
0.17510
0.14799
0.67440
-0.74850
0.20386
-0.05404
0.59759
0.35407
0.37400
0.57268
0.03401
0.18730
0.29093
0.36253
0.34954
-0.27563
-1.94761
-0.43991
0.24513
0.06353
0.76348
0.05459
-0.24831
-0.03768
0.50564
-0.16850
-0.43676
0.28740
0.43412
0.38452
0.13964
-0.11442
0.18939
0.71122
-0.17405
-0.26980
0.13863
-0.39964
-0.01161
0.42748
0.62655
-0.15105
0.07265
0.25914
-0.22143
0.48950
0.28739
0.48788
-0.03753
0.12839
-0.28360
-0.14695
0.23741
-0.42193
-0.18179
0.30272
-0.33927
0.55659
-0.20021
0.66031
0.44762
0.31519
0.22257
-0.40097
0.22072
-0.06534
-0.34152
0.02892
0.20722
0.86052
0.31119
-0.02926
-1.03641
-0.01441
-0.21424
0.75169
0.03712
0.05431
0.06215
-0.53295
0.29068
-1.09476
-0.10013
0.36277
0.33029
0.38624
0.33058
0.74769
0.07263
-0.40205
0.44920
0.28992
0.67059
0.04312
0.18210
-0.01679
0.27795
0.22272
0.14975
0.49512
-0.06497
0.74773
0.11952
-0.03615
-0.63867
-0.21415
0.70832
0.13870
-0.23135
-0.67322
0.22155
0.45702
-0.61532
-0.28097
0.45865
-0.13483
0.58382
0.16836
-0.14231
0.24803
0.57931
0.63843
-0.31932
0.01972
0.36501
0.05493
0.66954
0.47666
-0.62997
-0.04970
0.09276
-0.24121
-0.33498
0.10845
-0.00599
-0.03053
-0.95534
-0.18207
-0.42646
0.40048
0.05823
-0.22662
0.01227
0.03703
-1.68191
0.05435
-0.22822
-0.51956
0.50654
0.33735
-0.29794
0.65995
0.22152
-0.16014
0.35894
-0.28865
-0.25845
0.67879
0.13171
0.64743
0.92286
0.39130
0.25050
0.26449
-0.81531
0.41725
-0.14114
-0.06405
0.01559
0.24881
0.26449
-0.61839
-0.35870
0.26601
-0.06708
-0.49465
-0.31009
0.21525
0.33327
0.15151
-0.05920
0.10615
0.18917
-1.50230
-0.30985
-0.31885
0.31316
0.27381
-0.26686
0.34468
0.03344
0.02867
-1.17641
-0.23131
0.27084
-0.01505
0.11240
0.52448
-0.00553
0.83507
-0.16503
-0.48112
0.68042
0.30088
0.19409
-0.45575
0.36303
-0.07018
-0.14321
0.19567
0.12162
-0.23980
0.42932
0.48845
-0.15579
-0.58023
0.33747
-0.39787
0.19119
-0.28511
-0.58827
0.03240
-0.01232
-0.91009
-0.46388
-0.20869
0.18603
-0.09713
0.14638
0.69958
-0.01142
-0.09963
-0.73974
-0.18105
-0.06238
0.37905
0.05987
0.55854
-0.33437
-0.02290
0.63952
0.22213
0.19493
-0.22913
-0.14875
-0.05122
-0.06690
0.20072
0.57058
-0.19563
-0.63115
0.02934
0.66981
0.30218
0.17961
0.32940
0.11710
-0.11549
0.50526
0.69858
-0.12576
-0.39218
-0.93633
-0.32300
-0.96245
-0.67046
0.14180
-0.01625
-0.01099
-0.21075
0.53628
0.08825
0.22575
0.01682
0.61572
-0.04887
0.09322
0.24166
-0.21522
-0.67384
-0.06942
-0.21107
0.73020
-0.67883
0.53822
-0.28558
-0.33489
0.51458
0.25509
0.27124
-0.41102
0.31895
-0.26762
-0.62025
0.32028
-0.56833
-0.06740
0.07681
0.19517
0.56443
-0.23095
-0.21334
0.03422
0.52538
-0.14995
0.10839
0.53718
-1.00348
-0.00117
0.15172
-0.24544
0.05534
-0.36012
0.31273
-0.26688
0.53012
0.70778
-0.30154
-0.10397
0.03412
0.10565
-0.24961
-0.92928
-0.00549
0.04164
0.23762
0.62750
-0.00615
0.54863
-0.04416
0.40990
-0.06489
-0.32731
0.52924
-0.01598
0.09970
0.05054
0.57936
0.12890
0.15503
0.19818
-0.56496
-0.49798
-0.13748
0.33426
-0.11796
0.71245
0.10708
-0.18355
-0.60498
0.26761
0.73982
-0.26838
0.52495
0.69776
0.11605
0.62783
0.54738
0.25060
0.24846
0.10116
-1.07144
-0.85570
0.03735
-0.03175
0.19995
-1.06668
-0.12152
-0.75498
0.72062
0.18417
-0.06460
0.10304
0.38352
0.35737
-0.24338
0.56432
0.57067
0.31717
0.20731
0.37296
0.29632
0.30703
-0.15068
-0.45291
0.34021
-0.19719
0.11136
0.33582
0.13832
0.00272
0.25063
-0.41555
0.32090
0.23606
0.31933
0.30692
-0.49348
-0.09276
0.45537
0.30016
0.10085
0.84032
0.17330
-0.64617
-0.09748
-0.88448
-0.01660
0.04868
0.01569
0.04240
0.31152
-0.05345
-0.46783
0.25434
-0.09289
0.54678
0.02696
-0.03057
0.65802
-0.04279
0.47547
-0.04327
-0.05200
0.37663
0.15414
0.47393
0.51579
0.27734
0.38102
-0.44528
0.43739
-0.00536
0.27785
0.28422
0.16599
-0.44453
-0.18573
-0.24786
-0.19694
0.35730
-0.02510
0.40988
0.23443
-0.28119
-0.10150
0.16026
0.44348
-0.35360
-0.55908
0.26139
0.23139
0.77776
-0.10149
0.11223
0.01248
0.57775
0.39611
-0.01143
-0.12154
0.68885
0.40255
0.35805
0.10402
-0.21110
0.07283
-0.09051
0.21345
0.54334
0.15104
0.22104
-0.30513
0.44262
0.31441
0.27522
0.00077
-0.53152
-0.08265
0.03271
-0.06736
0.16027
-0.24822
-0.66174
0.16171
-1.16376
0.10428
0.04930
0.15073
0.40274
-0.07226
0.04432
0.13186
-0.52255
-0.27387
0.47155
0.66723
0.16723
-0.39090
-0.40866
0.62271
0.15446
-0.49608
-1.02611
0.39481
0.57221
0.05317
-0.05875
0.55695
0.04402
0.47021
-0.17333
-0.01330
-0.41514
0.13127
0.11770
-0.09987
0.02722
-0.10051
-0.25320
-0.34993
0.37938
0.50289
-0.44239
0.25404
0.01976
-0.60261
0.20451
0.01927
-0.38348
0.04719
0.16887
0.33987
0.20034
0.07746
-0.02374
0.29087
0.31796
0.19111
0.29635
0.35849
-0.66923
0.24996
-0.07184
0.04366
-0.02723
0.17786
0.57266
-0.46283
0.38754
0.36016
-0.83453
0.46650
-0.09278
-0.21696
0.16233
0.35083
-0.35159
0.30965
0.47415
0.09163
0.17187
-0.40195
-0.04780
0.44324
0.70404
-0.00146
0.34689
-0.06271
-0.62646
0.43265
-0.13973
-0.42529
0.33907
0.49308
0.27112
0.33602
-0.38636
-0.13513
0.70174
0.15684
-0.26344
-0.18503
0.14172
0.57524
-0.80315
-0.26400
0.47664
-0.35473
0.17049
-0.01986
-0.39466
0.65456
-0.71240
0.23878
-0.55905
-0.14261
0.53957
0.03372
-0.38978
0.44389
-0.08512
-0.36821
-0.43448
0.08808
0.13309
-0.13743
0.50342
-0.13328
0.68976
-0.23275
-1.11770
0.49434
0.54116
0.10325
0.01594
0.33552
0.65558
-0.06186
-0.59264
-0.21638
0.12471
0.51756
0.16734
0.18083
0.21393
0.30666
0.48722
-1.16301
0.06684
-0.26739
0.43211
0.07276
0.32313
0.28206
-0.32370
0.40267
0.02109
-0.00187
0.09010
0.33294
-0.04871
0.07938
-0.61858
0.17470
0.38304
0.19168
-0.88767
0.81409
-0.77656
0.54143
-0.05809
-0.11785
0.27243
0.08499
-0.11381
0.58472
-0.19364
0.15403
-1.53874
0.14430
-0.08870
0.26263
0.26726
0.58366
-0.30863
0.25491
0.52972
0.30672
-0.43815
-0.04475
0.21996
-0.01313
0.54737
-0.28249
0.57285
0.62064
0.27535
0.55715
0.05038
-0.34558
-1.04203
0.37315
0.52099
0.67441
-0.40877
0.25116
0.10934
0.49144
-0.02043
0.25780
0.68708
0.00675
-0.60537
0.09341
-0.08802
0.51861
0.29625
0.58417
-0.65423
0.32353
-0.26640
0.52528
0.14797
0.39207
0.22057
0.06268
-0.56436
-0.12458
-0.64075
-0.40495
0.30731
0.46635
0.72899
-0.07774
-0.07582
-0.28405
-0.16251
0.18283
-0.22321
0.52410
0.13066
-0.18821
-0.22362
-1.24042
-0.15474
0.24434
0.36480
0.08200
-0.42633
-0.18846
0.31681
0.27544
-0.25011
0.66166
-0.10071
-0.48409
-0.55465
-0.32547
0.25818
0.15735
0.35988
0.00869
0.06943
0.81278
0.23784
-0.03550
0.59499
-0.07902
0.77648
-0.10630
0.15860
-0.20742
-0.24705
0.27421
-0.19707
-0.46414
-0.14699
0.38116
-0.02980
0.31282
-0.73358
0.06125
-0.19842
0.09367
0.03033
0.18689
0.13374
0.15437
0.08570
0.02260
0.06565
0.17057
0.17882
0.05928
0.06000
0.06571
0.16644
0.16501
0.11815
0.01462
0.06678
0.14061
0.18470
0.20163
0.19999
0.00801
0.03235
0.13905
0.17347
0.18400
0.03249
0.10584
0.05693
0.00626
0.17750
0.12517
0.20458
0.11421
0.17205
0.07485
0.09808
0.10242
0.05737
0.00744
0.04484
0.18830
0.19763
0.03127
0.14544
0.07288
0.12858
0.12604
0.15600
0.00809
0.07766
0.07014
0.08511
0.00209
0.09623
0.12875
0.01703
0.02038
0.04992
0.07360
0.13354
0.10445
0.20043
0.08894
0.04311
0.05535
0.15051
0.20650
0.01596
0.10682
0.07373
0.02734
0.02327
0.08844
0.02944
0.11707
0.20083
0.14670
0.14872
0.20379
0.08227
0.13507
0.02302
0.04255
0.15305
0.09261
0.01173
0.04871
0.21160
0.00366
0.03934
0.08393
0.01215
0.04472
0.21095
0.03029
0.18282
0.02902
0.02425
0.13435
0.17329
0.04391
0.11099
0.05865
0.03188
0.19530
0.05975
0.04808
0.20062
0.01769
0.17325
0.04262
0.10005
0.20263
0.11328
0.07153
0.11912
0.04828
0.09568
0.14345
0.09863
0.01812
0.00480
0.10425
0.01032
0.06898
0.01882
0.20507
0.10528
0.08610
0.13495
0.01322
0.11285
-0.03717
0.06531
0.08402
0.05466
0.10629
-0.00681
-0.00157
0.20103
0.16744
-0.13536
0.30210
-0.20230
0.23722
-0.95338
-0.45954
0.38368
0.15167
0.61737
0.56617
-0.12919
-0.37113
0.10664
0.04815
0.23261
0.10476
0.73680
-0.54482
-0.52086
0.32265
-0.23665
-0.69154
0.02612
-0.00572
0.66556
-0.24806
-0.33581
0.30898
0.49702
0.10167
0.29661
-0.31732
0.51559
0.74419
-0.17058
-0.76430
-0.48900
0.49951
0.35696
-0.36599
0.70911
0.40167
0.56339
0.06927
-0.31414
-0.53061
0.21829
0.29954
0.21897
-0.29686
-0.30702
-0.95963
0.49201
0.05963
0.45114
-0.79840
1.24043
0.45973
-0.38615
0.35243
0.00045
-0.31072
0.05245
0.36364
-0.66303
0.13807
-0.11749
-0.34206
0.26423
0.58381
-0.32189
-0.21877
0.02723
0.36839
0.29706
-0.36233
0.31117
0.05432
0.04373
-0.40661
-0.15324
0.23436
0.57266
0.57109
0.82462
0.18996
-0.60846
-0.81126
0.16255
0.53826
0.00976
-0.25917
0.17123
-0.19830
0.70846
-0.62214
-0.33206
0.56073
0.39928
0.22959
-1.38528
0.19280
0.29378
-0.85165
0.49081
0.53461
-0.26393
0.18239
-0.05197
-0.29128
-0.15250
0.43137
-0.94342
0.92209
-0.36494
-0.61010
0.33822
-0.06572
-0.14219
0.72963
0.30399
0.15630
-0.29384
0.66637
-0.63113
-0.30036
0.20908
0.01082
0.54500
-0.19081
0.21939
0.46841
-0.54428
0.46016
0.03999
-0.59750
0.39794
0.23083
0.52657
0.22363
-0.30840
0.23034
-1.27707
-0.16283
-0.28255
-0.26782
-0.26068
0.59102
0.92792
0.12065
0.31513
0.39794
-0.54948
0.44207
0.19315
-0.71237
-0.03268
-0.78556
-0.42073
-0.30930
0.36659
-1.39990
0.42023
-0.15097
0.41341
-0.06262
0.19555
0.47506
0.38987
-0.17650
-1.21990
-0.01796
0.43013
0.37001
0.45146
0.78517
0.37376
0.24177
0.46876
0.28690
-0.01985
-0.52335
-0.24672
0.72141
0.07474
0.42321
-0.32313
-0.01371
0.15023
0.16535
0.22041
0.06051
0.11315
-0.10199
-0.15940
-0.49241
-0.24205
0.12942
-0.10758
0.03786
-0.23209
0.13847
-0.04843
-0.10730
0.44011
0.11476
-0.16519
-0.28911
0.67864
0.67837
-0.75970
-0.77829
0.28646
0.51030
0.82090
-0.58498
0.25214
-0.59850
0.47790
-0.11576
-0.08337
-0.21865
-0.04840
-0.55662
-0.47738
-0.00427
-0.31638
-0.07993
0.35382
-0.29086
-0.20654
-0.04004
-0.05721
-0.05730
-0.28479
-0.19435
0.20397
-0.00655
-0.15149
-0.16707
-0.06091
0.05078
-0.17297
-0.14792
0.23213
0.06183
-0.60019
0.40413
-0.09122
-1.14741
-0.17749
0.01265
-1.20493
-0.14734
0.12421
0.41268
-0.11104
0.08481
-0.28159
-0.31884
0.15441
-0.19573
0.21303
0.59204
-0.72421
0.21955
-0.33719
-0.25411
-0.08259
0.10450
0.72593
0.01571
0.00310
0.58064
0.25630
-0.05476
0.29898
0.27922
0.22361
0.01556
0.41850
0.65277
0.44826
0.35183
-0.82549
0.69093
0.04711
0.29637
-0.15500
0.26194
0.45937
0.46128
0.42764
0.28410
0.58478
0.04228
-0.04375
0.64453
0.86381
-0.19154
0.31244
0.56534
0.68720
-0.42615
-0.00213
-0.52586
-0.74187
0.29753
-0.79696
-0.54595
-0.00426
-0.10307
0.02912
-0.01104
0.12145
-0.48666
-0.26694
0.59462
0.20494
0.05526
0.57445
0.02082
0.29265
-0.67033
0.31439
0.35815
0.52776
-0.02395
-0.06481
0.33444
0.42666
0.04300
-1.26877
-0.25998
0.00492
-1.11301
0.29642
-0.06808
0.34916
-0.21547
-0.12852
0.05165
-0.47117
0.42451
0.42021
-0.49222
0.26266
-0.13884
0.52574
0.14840
0.32265
0.53256
0.05827
-0.00449
-0.11129
-0.37620
0.12288
0.06597
-0.09667
-0.01726
0.63636
-1.16368
-0.63048
-0.68868
0.50170
-0.36560
-0.52180
-0.60950
-0.08540
-0.34621
0.01061
0.39917
0.18073
0.64234
-0.09560
0.02275
0.52662
0.02750
0.12570
0.69964
0.30716
0.59924
0.22049
-0.08947
-0.75421
0.64508
0.23420
-0.58667
0.40747
-0.99786
-0.08262
0.69635
0.32338
-0.49235
0.58650
0.81528
-0.45720
0.32951
-0.72382
0.15202
-0.34224
-0.02494
-0.65220
0.35586
0.27827
-0.00571
0.27070
-0.38836
-0.06643
-0.27499
0.29767
0.27451
-0.32670
0.43182
0.05058
-0.01750
-0.14430
-0.45411
-0.13725
0.03206
-0.76901
-0.00596
0.25114
-0.17287
-0.37625
0.69121
0.37412
-0.18033
-0.66122
0.06820
0.40238
-0.37626
-0.89289
-0.01828
0.42602
0.71882
-0.15932
0.50236
-0.20298
0.36972
-1.03906
0.17021
0.05125
0.67192
0.63874
0.24395
-0.30124
0.05458
0.09777
-0.27227
0.23819
0.00343
0.24240
-0.75370
0.23275
0.46337
-0.06096
-0.05517
0.52553
0.02283
0.07291
-0.44365
-0.05262
0.54355
-0.11712
0.29684
0.15223
0.25245
-0.42605
-0.57137
-0.26715
-0.15233
-0.09502
0.06720
-0.36014
-0.07186
0.06958
-0.33654
-0.12912
0.07209
0.28987
0.31827
0.27773
-0.54465
-0.17382
-0.20480
0.46025
-0.04079
-0.71206
0.60720
-0.01261
0.53555
0.39989
-0.40953
0.17785
-0.27710
0.29987
0.27432
0.35581
0.44341
-0.09080
-1.08724
0.74383
0.52897
0.23599
-0.27959
-0.46793
0.56031
-0.21420
0.10572
-0.11045
0.55817
-0.17667
0.01471
-0.20095
-0.37668
0.15991
-0.06649
-0.81118
0.35000
0.36182
0.06442
0.26668
0.03661
-0.52603
0.57754
0.08199
0.11687
-0.63228
-0.02120
0.41698
-0.12276
-0.53158
0.52681
-0.61994
0.08236
-0.32425
0.47646
0.78043
0.42699
0.38541
0.17332
0.13003
-0.93508
-0.33302
0.22775
0.48843
0.71797
0.39134
-0.25871
-0.58658
-0.13870
-0.17776
-0.18996
0.31563
-0.66497
-0.15958
-0.29240
-0.42811
-0.33568
-0.41519
-1.04180
-0.01835
0.00611
-0.08390
-0.57701
-1.11620
-0.36370
-0.54943
0.08831
-0.51697
-0.77756
-0.04800
-0.47687
0.13895
-0.04425
-0.06851
-0.05602
0.00300
-0.51979
-0.12061
0.46323
0.36814
0.44208
-0.07993
0.43319
0.09025
0.07442
0.35649
0.44274
-0.09323
0.33073
-0.08875
0.46319
0.62372
0.38071
0.19086
0.36027
0.36479
0.11181
0.19203
-0.97612
-0.17233
-0.16804
-0.61962
0.37118
0.09848
0.26386
0.36066
0.41031
0.62833
0.02924
-0.37744
-0.36507
0.09396
0.36512
0.25602
-0.11167
-0.08751
0.31000
-0.19496
0.35472
0.06592
-0.10121
-0.17110
-0.41463
0.26351
-0.76045
-0.15588
0.54137
0.50695
0.49142
-0.09070
-0.04817
0.06052
-0.06360
-0.17564
0.31284
0.17032
0.38589
-0.06924
-0.24870
0.17026
0.38615
0.11999
0.33028
-0.26775
-0.43814
0.42821
-0.68476
-0.10219
-0.34192
-0.74099
-0.24914
-0.50435
0.16329
0.12578
-0.24237
-0.66078
-0.24790
-0.73977
-0.73077
0.57734
0.54110
-0.78640
-1.12226
-0.31315
-0.80797
-0.75267
0.32840
-0.36972
-0.85581
0.15172
-1.30132
-0.38219
0.12899
-0.13017
0.25208
0.52760
-0.06078
0.11683
-1.06626
0.06837
-0.84331
-0.44924
0.30388
0.18722
-0.11956
-0.21043
-0.20075
0.34961
0.05130
-0.89074
-0.96361
-0.95716
-0.82669
-0.17474
-1.67302
-0.72538
0.21969
-0.28359
0.59600
0.29793
0.13204
0.13424
0.16650
-0.83425
-1.43223
-0.10748
-0.13473
0.65614
-0.74472
-0.39859
-0.23854
-0.53566
-0.48472
-0.93364
-0.35971
-0.27144
0.08888
-0.31027
-0.85899
-0.79146
0.14052
-1.15993
-0.33474
-0.35370
-0.07041
0.01778
-0.91082
0.56072
-0.11925
-0.70603
-0.35869
-0.06863
-0.36495
-0.01702
0.11222
-0.59091
-0.66670
0.23875
-0.15204
0.40593
0.41396
0.45603
0.50793
0.22147
0.46881
0.38091
-0.72207
-0.26805
-0.11391
-0.93512
0.03653
-0.10039
-0.35749
-0.70812
-0.06859
0.31956
0.14973
0.30091
0.09951
0.10636
-0.44079
-0.15577
0.14676
0.16669
-0.44582
0.31855
0.48439
0.17007
0.06275
-0.22773
-0.03630
-0.44866
-0.34723
0.04040
0.68905
-0.09783
-0.88076
0.19865
0.45646
-0.40879
0.41160
-0.53945
0.24765
0.54912
-0.42643
-0.31433
0.61053
-0.39894
0.44835
-0.51216
0.10086
0.18970
-0.01711
0.42644
0.23205
-0.14070
-1.02678
0.20736
0.40925
-0.73546
0.37639
0.60953
-0.13645
-0.13883
0.62987
-0.05384
0.16512
0.26536
-0.00737
0.42996
-0.23028
0.26029
-0.00193
-0.49164
0.41492
0.21706
0.22045
0.10559
0.31458
-0.64721
0.12427
0.43618
0.20776
-0.05006
-0.22344
-0.00228
-0.20053
-0.79267
0.10962
-0.41323
0.73044
-0.01912
0.93175
0.44458
0.09182
0.42336
-0.18553
-0.39495
0.41816
-0.51264
-0.57194
0.00015
-0.20892
0.03164
-0.79044
-0.12661
-0.10520
-0.55419
0.70116
-0.64506
-0.07835
0.03363
0.51261
1.03261
0.07859
0.02663
0.25761
0.00723
0.96675
-0.41430
-0.09733
-0.52288
0.25802
0.11424
0.44805
-0.10154
-0.54531
-0.07032
-0.59996
0.07973
-0.40594
-0.40806
0.16549
-0.70859
-0.11882
-0.15530
0.19808
-0.00626
0.28888
0.10383
0.39905
0.52998
-0.62073
0.08477
0.39960
0.49943
-1.03439
-0.78704
-0.54561
-0.13899
-0.33611
-0.39712
-0.08920
-0.62214
-0.35400
-0.30290
-0.91047
-1.30139
0.37117
0.40640
-0.15557
0.35893
-0.60875
0.20658
-0.28838
-0.18001
-0.26105
-0.12194
-0.14710
0.45702
-0.40664
-0.23163
-0.59191
0.21267
-0.22375
-0.46552
-0.22231
0.15515
0.04451
0.45060
-0.61493
0.01921
0.36010
0.16791
-0.12572
-0.45567
-0.19964
-0.86192
0.21088
-0.24886
0.07548
-0.18695
0.47029
-0.11882
-0.73624
-0.16701
0.44315
0.10234
-0.45114
-0.19594
0.00968
-0.25321
-0.22090
-0.65588
0.02942
0.04584
0.10544
-1.02052
0.13160
-1.45898
0.44500
-0.10322
-0.20132
-0.17397
0.43734
0.13303
0.34131
0.18497
-1.57879
-0.26584
-0.42657
-0.46102
-0.24806
-1.05850
-1.13115
0.00526
0.04062
-0.31256
0.00655
0.00678
0.68308
-0.32180
0.44358
0.31958
-0.24313
-0.57400
-0.85757
-0.37650
0.03590
0.08854
0.13794
-0.01255
0.32898
-0.26247
0.38317
-0.00101
0.12518
0.21602
-0.30381
-0.38757
-0.08582
0.33971
-0.72825
-0.15399
0.15681
0.38370
-0.18604
0.35623
-0.53958
0.13128
0.36711
-0.50617
0.14327
0.27053
0.64565
0.61401
0.61371
0.02251
-0.05694
-0.53940
-0.04756
-0.01205
-0.46798
-0.12400
0.31519
-0.34382
-0.18212
0.11696
-0.26911
0.32853
-0.26242
0.19711
-0.05655
0.29731
0.43136
-0.18280
0.45605
0.11275
0.40885
-0.40574
0.06065
0.49881
0.70644
-0.12522
0.24748
0.23251
-0.58686
0.19649
-0.14580
-0.24781
0.02433
-0.65376
0.16115
-0.51349
-0.17806
0.14809
0.56418
0.49754
-0.01674
0.21032
-1.05515
-0.63088
0.16805
0.15147
0.45902
0.00134
-0.18188
0.21584
0.10274
-0.65475
0.00092
-0.36419
-0.21431
-0.65870
-0.92338
-0.67573
0.72208
0.02343
0.63269
0.42946
0.21638
0.24988
0.61818
0.33455
-1.31748
-0.13333
-0.00391
0.26799
-0.73775
-0.47709
-0.52947
-0.46521
0.08525
0.48214
0.10555
0.42895
-0.21385
-0.15115
0.02839
-0.34920
0.36157
-0.21647
0.02041
0.49501
-0.70750
-0.33026
-0.51348
-0.18862
-0.25011
-0.64636
-0.01282
-1.17222
-0.22990
0.20088
-0.34387
0.17257
0.03397
0.48703
0.55169
0.10342
-0.00690
0.49036
-0.25977
0.18828
-0.82528
-0.50297
-1.00325
-0.76986
0.81437
0.33471
-0.90220
-0.19596
-0.21826
0.49509
0.50531
0.12770
0.41166
0.24984
-0.15009
0.24040
0.71806
-1.12390
0.66633
-0.14922
-0.65177
0.25771
0.41735
0.71549
-0.04766
-0.00780
-0.04258
-0.10206
0.29883
-0.01335
-0.13424
0.13951
0.36444
-0.75775
-0.92984
-0.01785
-0.85816
0.23552
0.33576
-0.04974
-0.30349
0.12948
0.32154
-0.95487
0.15354
-0.29326
-0.42058
0.25517
-1.30566
0.15054
-0.58869
0.30296
0.15002
0.02654
-0.15473
0.49186
-1.29474
-0.63697
-0.07462
0.26739
-0.02968
0.01685
0.15842
-0.13741
0.19559
0.51560
-0.52842
-1.30270
-0.39608
-0.42173
-0.33816
-0.71650
-0.60478
0.42773
-0.32301
-0.51105
-0.34452
0.66786
0.10658
0.03251
-0.37132
-1.22575
-0.37196
0.06236
-0.22961
0.31596
-0.11612
-0.86141
-0.18979
-0.03287
-0.32089
-0.30057
0.46232
0.20383
0.47890
0.53473
-0.31761
-0.38303
0.22665
-0.33823
0.28402
-0.28111
-1.17276
-0.25215
0.30110
0.01298
0.20240
-0.48676
0.36715
0.12307
-0.15507
-0.01836
-0.29333
-0.69199
0.49265
-0.35678
0.12301
-1.13916
-0.51384
-0.06802
-0.49624
-0.05400
-0.19465
-0.02728
0.45772
-0.00401
0.13262
0.29564
-0.30850
0.49518
0.09599
-0.33242
0.06091
-0.27831
0.46577
-0.58206
0.41804
0.33822
-0.24740
-0.82058
0.56519
-0.82554
-0.55120
-0.56620
-1.28060
-0.46084
-0.78182
-0.11854
0.44686
0.45864
0.02757
-0.78140
-0.97039
-0.29281
-0.10049
0.18601
0.37808
0.38328
0.47069
0.48522
-0.04206
0.02288
-1.43100
-0.20021
-0.12858
0.25949
0.39263
-1.47127
0.50905
-0.07272
-0.04111
0.53195
0.62840
-0.40063
-0.03512
-0.20239
-0.18384
-0.53108
0.47433
-0.26707
-0.09679
-0.95564
0.19035
0.08346
0.06482
0.70718
-0.21197
-0.16301
0.32010
-0.72962
0.36898
0.32218
0.15410
-0.10890
0.05677
-0.02212
-0.94072
0.00631
-0.49052
0.48106
0.41379
-0.95559
-1.41186
-0.23802
-0.79058
0.09989
-1.06053
-0.01928
0.45329
-0.02150
-0.32454
0.62871
-0.45036
-1.05512
0.25985
0.21756
-0.16670
0.04256
-0.08951
0.31226
-0.16669
-0.15464
0.31910
-0.42236
0.30833
0.36165
-0.42131
0.38847
-0.34210
-0.28068
0.40348
0.33093
-0.36612
0.39938
0.76995
0.05128
-0.02659
-0.06999
0.00895
-0.02013
0.13768
-0.01328
-0.03320
0.35715
-0.34961
0.36410
-0.03947
-0.32072
0.20841
0.39676
-0.39265
0.34438
0.30415
-1.96219
0.67614
0.44020
0.32572
0.19092
0.31864
0.22788
-0.01931
-0.04930
0.17195
-0.25196
0.58791
-0.60975
0.35094
0.18924
0.02552
0.00192
0.24924
-0.10135
0.26137
0.52625
-0.06393
0.50370
0.31339
-0.65896
0.00224
-0.93650
0.28968
0.24515
0.00194
-0.04181
-0.04800
-0.02193
0.01046
-0.32815
0.39379
0.45168
-1.45863
-0.30787
0.11253
-0.27650
-0.04040
0.01171
0.01511
-0.28422
0.52583
0.27661
0.58925
0.21147
0.19616
-0.01156
-0.09834
-0.83488
0.56794
0.02130
0.30896
-0.18530
-0.51213
0.16144
0.73577
0.26764
0.11470
-0.56364
-0.03699
-0.32467
0.22914
-0.15432
0.62431
-0.39042
-0.62872
0.27031
-0.54396
0.19744
0.61834
0.14787
0.60344
-1.39866
-0.38453
0.43772
-0.55740
0.68330
0.14256
0.03370
0.48376
0.32945
0.70893
-0.05109
-0.24548
0.17065
0.38724
-0.16847
-1.58759
0.51109
-0.44777
-0.56576
-0.53681
0.36164
0.61574
0.09307
0.18074
0.50901
-0.81874
0.32885
0.55575
0.40617
-0.04052
0.36359
0.04859
0.25148
-0.31069
0.03994
0.28347
0.25189
0.29545
-0.84554
0.06348
-0.44018
0.35611
-0.49093
0.39671
0.15773
0.43425
0.27772
0.24869
-0.30604
0.46648
-0.78093
0.28785
0.31964
0.10702
-0.53454
-0.11448
-0.71733
0.49319
0.32302
0.50143
0.25108
0.49578
0.42834
-1.63879
-0.08200
0.23215
0.34692
0.36727
-0.05596
0.37078
0.61633
0.10136
0.04640
0.43339
0.02539
-0.18140
0.07688
-0.98221
-0.98425
0.32154
0.35507
0.35404
0.15860
0.06497
0.42196
-0.46358
-0.22500
0.43951
0.29395
0.44464
0.32178
0.43138
-0.27479
0.55812
0.64174
0.15577
-0.74376
-0.08447
0.18610
0.33983
-0.15299
-0.07429
0.07734
0.12085
0.46198
0.01860
-0.63908
0.14254
0.66295
0.14821
-0.12954
-0.16107
0.26100
0.21970
-0.25283
-0.03449
0.08553
0.19726
-1.61138
0.34869
-1.22074
-0.06499
0.14827
-0.89467
0.02619
0.08532
0.05973
0.26938
0.32264
0.12025
0.20834
0.21941
-0.93812
0.17346
-0.16031
0.14325
-1.01467
0.52893
-0.09038
0.66701
-0.78285
-0.12502
0.12974
-0.35206
-0.53619
-0.19899
-0.82674
0.26489
0.49565
-0.19590
-0.19651
0.59878
0.80083
0.12758
0.13993
0.13342
-1.54628
0.41977
-0.31731
-0.24813
0.12265
0.10280
0.12954
0.71188
-0.82731
0.10191
0.11738
-0.38478
0.14969
-0.42080
-0.16551
-0.59667
-0.22938
0.12575
-0.23326
-0.18742
0.10334
-0.17442
-0.89351
-0.15260
-0.83556
-0.00864
-0.47200
-0.58849
-0.12219
-0.20721
-0.13196
-0.44328
0.55346
0.45486
-0.25008
-0.53213
0.76133
-0.18294
0.14884
0.09666
0.38794
-0.34112
-0.53707
-0.55079
-0.61666
-0.48426
-0.16014
-0.02937
-0.72202
0.07833
0.12481
-0.25866
-0.65139
0.47480
0.15730
-0.55166
0.59692
0.40697
0.10973
-0.85217
0.40576
0.54585
-0.94922
0.42242
-0.99077
-0.56867
0.45998
-0.56125
0.41774
-0.71206
0.39057
0.43035
0.54267
-0.01228
0.53896
-0.50850
-1.18534
0.08425
-0.15231
0.08896
0.12265
0.44434
0.09123
0.39700
-0.25318
-0.07412
0.39172
-0.11620
-0.06853
0.14254
-0.16591
0.54026
-0.07514
0.20959
-0.25009
0.02893
0.40679
-0.09302
-0.13742
-0.10258
-0.14019
0.42688
-0.08408
0.16918
0.38636
0.01794
-0.04866
0.06677
0.33906
-0.12055
-0.06592
-0.27139
-0.00936
0.15494
-0.14254
0.01771
0.15233
-0.38362
-0.70750
0.28538
-0.15204
-1.34876
-0.36112
0.41413
0.15000
-0.19346
-0.63938
-0.89222
0.57972
-0.19635
0.19878
-0.09110
-0.35383
0.33846
-0.92910
0.26951
-0.00976
0.24508
0.33466
0.07498
0.59568
0.51576
-0.02823
0.59915
-0.35182
0.68659
0.35036
0.51394
0.47167
0.47171
0.41683
-0.38242
0.18757
-0.09145
0.67692
0.13236
0.07089
0.29340
0.12809
0.64432
0.50060
0.46025
0.47970
-0.70282
0.53491
0.23377
-0.77291
0.41751
-0.19831
0.14506
0.79697
-0.22146
0.05408
0.10587
-0.19900
0.10343
0.58926
0.42308
-0.16471
0.15589
-0.63074
0.19326
0.07328
0.15719
-0.27728
-0.16702
0.13106
-0.18813
-0.17411
-0.17326
-0.13763
0.12512
0.15451
-0.56478
-0.18530
-0.74331
0.15523
0.14275
0.11706
-0.21711
0.54004
-0.55664
-0.55548
0.01029
-0.28839
0.14819
-0.10138
0.15351
-0.28741
0.10520
-0.93894
-0.41970
-0.67352
-0.48257
-0.74015
0.00782
0.14807
-0.12218
-0.69301
-0.02899
0.23427
-0.71804
0.43253
0.08838
-0.75632
0.51252
-0.35878
-0.51177
0.44289
-0.89552
0.79603
-0.26410
-0.71466
-0.25683
-0.33426
-0.30908
0.33161
-0.08104
-0.07088
-0.12848
-0.34472
0.61854
0.33835
0.32070
0.16315
0.50264
0.08727
0.21024
0.08399
0.06800
0.32980
-0.06326
-0.46286
-0.05368
-0.03161
-0.03689
0.56865
-0.13609
-0.32020
-0.87435
-0.09992
0.26712
-0.23464
-1.00446
0.36585
-0.63821
0.15916
0.38470
-0.45505
-0.71562
0.64954
0.59422
-0.42372
0.61706
0.30232
-0.06794
0.52732
-0.13717
0.37708
0.46337
-0.40456
0.37334
-0.14702
-0.43669
0.64682
0.03323
0.43123
0.29063
0.49867
0.23178
0.07555
-0.13538
0.51178
-0.48391
-0.02887
0.68487
-0.61750
-0.27408
0.43555
0.61697
-0.11954
0.19469
0.70247
0.10398
-0.93285
-0.09347
0.26108
-0.61040
0.34503
0.03909
0.17329
-0.20202
-0.33053
0.15057
-0.08118
