0.33022
-0.56401
-0.19088
-0.61961
0.44888
0.46896
-0.66858
0.63037
0.18039
-0.11730
0.36479
0.07241
-0.22476
-0.15509
0.06104
0.19853
0.02161
0.09743
0.19065
-0.14503
0.57878
0.59383
-0.03955
0.37577
0.05146
-0.99598
-0.85086
-0.15252
-0.13850
-0.54489
-0.02945
0.15036
0.01439
0.36618
-0.28635
0.66561
0.74573
-1.38474
0.37392
-0.47805
0.14053
-0.16235
-0.28560
0.11382
-0.22037
0.45499
0.53500
0.57216
0.67166
0.48577
-0.28787
0.17767
0.30927
0.52847
0.22826
-0.54680
0.08416
-1.20873
0.23362
0.06049
-0.52642
-0.05376
0.33506
0.04889
-0.04926
-0.00787
0.05675
0.89437
-0.26465
0.46361
0.44386
0.61533
0.15382
-0.16144
0.10677
0.39811
-0.38634
-0.16125
-0.41929
0.14387
-0.31024
-0.28467
0.03708
0.60763
0.85529
0.84461
-0.33894
-0.09186
0.46527
0.33796
-0.11082
-0.09288
-0.08328
-0.02480
0.44685
-0.00549
0.02869
0.28576
-0.40477
-0.04011
0.54788
0.27646
0.00385
-0.09255
-0.02449
-0.33975
0.36154
0.54067
0.49295
0.22412
-0.76332
-0.60353
-0.31904
-0.36312
0.08671
0.10102
0.06989
-0.00982
-0.00526
0.24872
0.29036
-0.79441
-0.63073
-0.44699
0.56176
0.14007
-0.65672
-0.62157
0.60655
-0.13723
0.28167
0.43506
0.08760
0.40918
0.29128
0.33814
0.30471
-0.14451
0.26083
-0.06167
0.37798
0.04471
0.28070
0.26783
-0.44666
0.16496
-0.14168
0.14153
0.20507
0.05335
0.08525
-0.02764
0.20982
0.35672
-0.65196
-0.44338
0.27206
0.77057
-0.78946
0.41157
0.06024
0.18938
0.17416
0.26185
-0.25515
-0.28570
0.41591
0.12856
-0.06136
-0.41067
0.77955
0.90136
0.42399
-0.69406
-0.20389
-0.72493
-0.94002
-0.58407
0.30098
0.00262
-0.69664
-0.63256
0.38088
0.76465
0.29466
0.04444
-0.14094
0.08206
0.42956
-0.08575
0.45100
0.12030
0.06858
0.64565
-0.57563
-0.07274
-0.27451
0.45950
-0.61162
0.47514
0.32248
-0.24583
-0.76546
0.87289
0.33911
0.10834
0.09755
0.02246
-0.18026
0.39432
-0.61080
-0.09729
0.24861
0.19293
-0.38681
-0.19276
0.50319
-0.41794
0.43890
0.32419
0.10276
-0.10911
0.05667
0.50123
0.22166
0.48612
0.58749
0.00952
0.33981
-1.18220
0.11957
-0.46092
-0.18448
-0.19785
-0.27994
-0.41290
0.33171
-0.16144
-0.16719
0.52680
0.38662
0.37740
-0.00999
-0.41615
0.09585
-0.41566
0.13979
-0.58093
-0.26936
-0.19345
0.29075
-0.41974
0.09257
0.23367
0.08648
-0.72601
0.55238
-0.37463
-0.38691
-0.05601
0.19776
0.34845
-0.14365
-0.14628
0.37801
0.29551
-0.18955
-0.06844
-0.29060
-0.23877
-0.62019
-0.07417
0.02463
0.85466
0.08605
0.31365
0.50340
-0.06408
-0.97557
-0.03338
-1.01651
0.48421
0.34582
0.50095
0.61650
-0.24133
-0.43395
-0.42723
-0.09553
0.31658
0.48550
0.09384
-0.36104
-0.52364
-0.17361
-0.44552
0.17132
0.17327
-0.35742
0.27820
-0.13001
-0.72163
-0.38682
-0.57067
0.12701
-0.24771
-0.14791
-0.10155
-0.50634
0.04154
-0.98118
-0.22963
0.42800
0.49338
-0.61846
-0.07010
-0.28017
-0.98850
0.34500
-0.05137
0.01331
-0.06183
0.50361
0.57235
0.08161
0.30145
-0.26024
-0.71270
0.25012
0.54446
0.13678
-0.06753
0.09576
0.17703
0.34981
0.49908
0.34079
0.60722
0.25288
0.58839
0.09768
0.25397
-0.36930
0.05356
0.31126
0.64163
-0.02481
-0.33365
0.55457
0.48689
0.19901
-0.44377
0.31606
-0.13840
-1.22061
-0.11939
0.32216
0.45252
-0.04988
0.19878
0.33516
0.13225
0.08246
0.25694
0.21553
0.24645
-0.12990
0.29585
0.21090
0.47445
0.86544
0.74253
-0.43842
-0.63490
0.76785
0.18094
0.42201
-0.24561
0.03257
-0.07178
0.48466
-0.06392
-0.49730
0.05869
-0.04780
-0.22077
-0.39361
0.10803
0.22618
0.73019
0.13469
0.48111
-0.40642
0.07833
0.10029
-0.00697
-0.23656
-0.58668
0.60073
-0.32365
-0.13266
0.41768
0.19227
0.61759
-0.00208
-0.10735
-0.19646
0.05878
0.22119
-0.11034
0.17260
-0.30335
0.18914
-0.29780
0.14802
0.19947
-0.32693
-0.03625
0.74728
-0.65960
-0.37326
-0.52446
-0.49704
-0.13193
0.71781
0.33457
0.24212
0.23032
-0.10979
-0.45256
0.12608
0.15243
0.18557
-0.47054
-0.35838
0.23036
0.74485
0.31988
0.13336
0.07090
0.37856
-0.53274
0.20356
0.56380
0.27499
0.21066
-0.17533
-0.37010
0.33089
-1.64140
0.47099
0.52055
0.20868
-0.16082
-1.29655
0.05895
-0.54858
-0.38646
0.03451
0.49319
0.36239
0.05782
0.39217
0.04636
-0.35086
0.25224
0.54103
0.06029
-0.25152
0.19104
-0.11259
0.56064
-0.45040
-0.63394
0.28845
-0.27149
0.33569
-0.46111
-0.69633
0.14441
0.41229
-0.05198
0.14666
-0.43994
0.02786
0.00687
0.24634
-0.04750
0.23656
0.06733
-0.00717
0.41405
-0.64008
0.06160
-0.00624
0.48588
0.31438
-0.30247
0.38235
0.13296
0.00414
0.23393
0.38934
-0.43354
0.08985
0.08943
0.38340
0.34572
-0.16687
0.04449
0.25772
0.87918
-0.05558
0.44660
0.47312
0.44080
0.04474
-0.01593
-0.05090
0.44668
-1.32743
-0.87309
0.65008
0.26631
0.50314
0.42320
0.34945
0.14960
-0.09306
0.08428
-0.43626
-0.60256
-0.49857
0.23805
0.32873
0.46949
0.03111
0.48413
0.00097
0.70685
0.10058
0.15091
0.01472
-0.59185
-0.17003
0.15487
0.63821
-0.27440
-0.21478
0.51795
0.40398
0.31853
0.09411
0.23785
-0.71981
0.16400
-0.12877
-0.62971
0.12457
-0.00337
0.41323
-0.28109
0.45762
-0.43123
0.13323
0.15931
0.51106
0.35438
0.02983
0.00082
-0.30929
0.70215
0.15985
-0.11421
0.48058
0.14308
0.38158
0.26852
-0.13512
-0.05270
-0.78873
0.17914
-0.15967
-0.23075
0.43186
-0.32326
0.26684
-0.12855
0.07423
0.74427
0.25547
0.39792
0.29045
0.88309
0.28977
0.35077
0.10014
0.03098
-0.01307
0.78844
0.15087
-0.80382
0.47312
-0.11396
-0.34151
0.53759
-0.49088
-0.51705
0.12320
0.08523
0.14119
0.08845
0.03434
0.16624
-0.03873
-0.09944
-0.44724
0.07100
0.32522
0.38291
0.88401
0.01360
0.50170
-0.18474
-0.00848
0.15545
-0.16427
0.70220
0.11156
-0.45476
0.83984
-1.12325
-0.24627
0.36113
0.24393
-0.31741
-0.03107
0.17145
0.22237
0.00090
-0.15496
0.44792
-0.19418
0.14161
-0.79451
-0.06495
-0.66434
0.19963
0.09520
0.41496
-0.53364
-0.12638
-0.15498
0.22194
0.03707
-0.01516
-0.58007
0.22695
0.13754
0.17758
0.26615
-0.53548
-2.20182
0.36865
0.04394
0.29131
0.43451
0.26772
-0.66455
0.67570
0.46823
0.23060
0.15824
0.26713
0.15507
-0.04734
0.05299
0.15305
0.24170
0.34803
-1.19061
0.58319
0.84793
0.08023
0.07950
0.64656
-0.21926
0.20912
-0.02922
0.44588
-0.07129
-0.15381
-0.03183
0.71877
0.49596
0.19893
0.07293
0.16609
-0.36392
0.15019
-0.33213
0.50177
-0.16254
0.48376
0.46288
0.50573
0.07040
0.25115
-0.28910
0.34967
0.01182
0.36524
0.06956
-0.00286
0.20111
0.72549
0.47625
0.46201
0.69550
0.19102
0.61355
0.46114
-0.01290
-0.37843
0.65354
-0.28040
0.22991
-0.63311
0.19456
0.18469
-0.23159
-0.74861
0.27117
-0.05997
0.64188
0.37274
0.35531
0.61021
0.16740
0.29986
0.12195
0.17610
0.46947
-0.16964
-1.98081
-0.00899
0.21550
0.08566
0.60029
0.07677
-0.21916
0.17041
0.47107
-0.22342
-0.45685
0.14838
0.48028
0.35406
0.25364
-0.14329
0.00518
-0.39603
-0.21849
0.07665
-0.47049
-0.03949
0.47969
0.60213
-0.33807
0.05788
0.33494
0.06928
0.42312
0.24551
0.45660
-0.01805
0.05982
-0.21138
-0.15041
0.42401
-0.53816
-0.16543
0.48357
-0.44609
0.51982
-0.32565
0.68444
0.51709
0.14532
0.18376
-0.23133
0.31625
0.06278
-0.14426
0.17416
0.30378
0.80309
0.21142
-0.08256
-1.00897
0.14508
-0.29255
0.61385
-0.04285
0.32428
-0.01215
-0.56350
0.23494
-1.32267
-0.05950
0.59835
0.27018
0.41000
0.32347
0.74997
0.10688
-0.73928
0.43407
0.24683
0.69117
-0.28230
0.03845
-0.20412
0.21370
0.18964
-0.05605
0.50507
-0.39507
0.73212
0.04075
-0.14734
-0.49020
-0.25824
0.65388
0.08333
-0.04595
-0.62682
0.31524
0.48268
-0.46951
-0.19703
0.43721
-0.13286
0.68310
0.10714
-0.02196
0.22175
0.48678
0.33181
0.45272
-0.24674
-0.00123
0.52160
0.05316
0.71005
0.45100
-0.39788
-0.08499
0.13982
-0.00182
-0.45125
0.16937
-0.01171
-0.02582
-0.93872
-0.05796
-0.21299
0.45134
-0.20888
-0.03010
0.04248
0.13600
-1.64225
-0.01219
-0.16197
-0.61057
0.42281
0.36103
0.26398
-0.31980
0.52673
0.12910
-0.10809
0.35197
-0.39767
-0.17214
0.66433
0.33207
0.71657
0.90839
0.51581
0.26733
0.37345
-0.72674
0.47231
-0.13250
-0.03564
-0.06173
0.25762
0.27449
-0.47480
-0.25620
0.11136
0.13035
-0.58481
-0.52172
0.21757
0.23420
0.05093
-0.19315
-0.20377
0.27144
-1.42621
-0.27418
-0.33635
0.38936
-0.58674
0.27993
0.18809
0.26666
-1.04571
-0.30188
0.16778
0.02166
0.04693
0.43185
0.45689
-0.03951
0.90036
-0.04213
-0.36080
0.73035
0.26449
0.29053
-0.66832
0.51298
-0.05803
-0.25016
0.28715
0.16564
-0.39402
0.40143
0.50040
-0.13288
-0.60186
0.33559
-0.09651
0.52260
-0.35655
-0.64521
-0.12205
0.20884
-1.09806
-0.45511
-0.14501
0.14864
-0.02837
0.26915
0.84533
0.36635
-0.13377
-0.53369
-0.22392
0.06176
0.26525
0.17886
0.54876
-1.11129
-0.10686
0.43311
0.20060
0.07027
-0.16584
-0.28142
0.21407
-0.01682
0.23423
0.69660
-0.16783
-0.60098
-0.07242
0.59833
0.25829
0.21387
0.34246
0.06379
-0.07826
0.85251
0.60056
-0.13376
-0.40471
-1.04658
-0.41088
-1.00093
-0.64691
0.02031
0.13116
-0.04516
-0.25507
0.53498
0.08813
0.05976
0.05434
0.62601
0.20127
0.00336
0.43454
-0.26347
-0.77937
-0.28618
-0.38464
0.68219
-0.38951
0.55879
-0.23590
-0.14506
0.63289
0.34193
0.42407
-0.17776
0.52316
0.12359
-0.39888
0.17093
-0.73034
-0.02505
0.16114
0.26148
0.53789
-0.08758
-0.11203
0.05206
0.48836
-0.15911
0.12295
-1.10485
0.09565
0.11829
-0.45182
0.12692
-0.33782
0.29448
-0.12712
0.52192
0.62474
-0.50467
-0.12200
-0.02792
-0.06405
-0.44263
-0.92806
0.17466
0.31250
-0.02439
0.32388
0.54139
-0.04374
0.34562
0.07088
0.43030
0.00270
0.01494
0.57777
0.06898
0.13609
-0.16108
0.54182
0.14947
0.12743
0.24809
-0.53535
-0.26956
-0.06477
0.30830
-0.14654
0.70816
0.08130
-0.07689
-0.72392
0.40955
0.86678
-0.31620
0.48366
0.66059
0.04243
0.60918
0.46681
0.42367
0.18141
0.07218
0.15458
-0.39604
-0.27636
0.02854
0.05312
-0.26914
-1.13415
-0.12790
-0.72728
0.51408
0.34917
-0.14725
0.04679
0.37658
0.46027
0.08017
0.53426
0.46342
0.33951
0.26835
0.28699
0.32886
0.12705
-0.39647
-0.54071
0.43860
-0.24403
0.45690
0.43234
0.14932
-0.03951
0.38325
-0.38683
0.20837
0.42244
0.29527
0.50711
0.34566
-0.58275
-0.15039
0.38382
0.22998
0.10453
0.86239
0.25109
-0.37219
-0.11111
-0.91764
0.11784
0.09635
-0.04931
0.01435
0.34821
0.44066
-0.48540
0.18930
-0.21837
0.57389
-0.00812
0.00558
0.60530
0.09678
0.47437
-0.09275
0.11730
0.33638
-0.02219
0.41747
0.53351
0.33891
0.44040
-0.73674
-0.21477
0.44717
0.00961
0.01120
0.22983
0.05268
-0.28574
-0.16033
-0.25653
-0.05760
0.37071
0.01619
0.45140
0.10557
-0.20943
-0.12115
0.06019
0.31907
0.03578
-0.48551
0.22557
-0.08307
0.67969
-0.13164
-0.03453
-0.25732
0.53985
0.20692
-0.05103
-0.16555
0.80114
0.28925
0.29555
0.22812
-0.13574
-0.08597
-0.35229
0.04349
0.47089
0.03665
0.17967
-0.40727
0.09413
0.37992
-0.01975
-0.15163
-0.53901
0.02978
0.19472
-0.33862
0.05113
0.15374
-0.60834
-0.01861
-0.10085
-0.27319
0.18597
0.38493
-0.01746
0.00250
0.19139
-0.27866
-0.38890
0.26128
0.56423
0.03494
-0.28385
-0.36020
0.53421
-0.34482
-0.30021
0.30770
-1.20416
0.38967
0.38210
0.02292
-0.07571
0.54957
0.08804
0.59825
0.05717
-0.06821
-0.53347
0.12354
0.08404
-0.10904
0.73773
-0.02094
0.43466
-0.14852
-0.39864
0.46830
0.44418
-0.26486
0.26027
-0.01596
-0.55277
-0.10946
-0.09183
-0.43414
0.16367
-0.03526
0.67660
0.20245
0.15850
0.22359
0.37104
0.16586
0.26498
0.21036
0.26042
-0.65975
0.30214
-0.03772
0.11753
-0.07011
-0.04886
0.58285
-0.47992
0.47289
0.23105
-0.92759
0.47702
-0.12839
-0.16831
0.08907
0.29525
-0.11051
0.25612
0.34063
-0.07036
-0.26814
0.02128
-0.20907
0.41519
0.70187
-0.07654
0.33513
0.18491
-0.63318
-0.25544
-0.44230
0.26263
0.57886
0.39909
0.28765
-0.42740
-0.29689
0.48298
0.64569
0.17264
-0.20651
-0.21586
0.07708
0.59878
-0.70461
-0.71395
0.57931
-0.23969
0.10776
-0.05547
-0.21090
0.20614
-0.62034
-0.00544
-0.40077
-0.26023
0.47037
-0.14951
-0.38528
0.33064
-0.39733
-0.33015
-0.40605
0.13649
0.25620
-0.31386
0.43371
0.20613
0.64439
-0.45023
-1.10675
0.40200
0.80113
0.24123
0.00847
0.35233
0.77339
-0.15369
-0.20107
0.06563
0.29000
0.54711
0.39180
0.14673
0.20419
0.27792
0.48870
-1.06300
0.11778
-0.28478
0.07439
0.40688
0.20759
0.28139
-0.01696
0.49240
-0.01731
0.09459
0.31358
0.41273
-0.09387
0.05976
-0.68795
0.18959
0.26766
0.28359
-0.94358
0.81398
-0.49682
0.42930
-0.03683
-0.01528
0.27208
-0.09627
-0.03299
0.54667
-0.30232
-0.79434
0.11603
-0.19595
0.24023
0.37648
0.59987
-0.37918
0.25636
0.49756
0.20094
-0.33250
0.08155
0.14314
0.06940
0.64673
-0.30696
0.49202
0.71102
0.24902
0.49753
0.03173
-0.21486
-0.84579
0.33702
0.67554
0.75229
-0.56576
0.21923
0.06768
0.50458
-0.61920
0.26926
0.37824
0.28287
-0.81641
0.06457
-0.06058
0.39067
-0.10534
0.68585
-0.72242
0.45637
-0.48933
0.57453
0.47521
0.18451
0.30431
0.15861
-0.75520
-0.04717
-0.59377
-0.44700
0.25068
0.44802
0.80618
-0.07934
-0.11814
-0.20129
-0.03885
-0.53088
-0.31565
0.57150
0.11685
-0.19593
-0.20475
-1.16751
-0.13486
-0.02460
-0.00969
0.51233
-0.44963
-0.06771
0.56196
0.34786
-0.15737
0.54918
-0.08931
-0.30406
-0.33322
-0.42935
0.03651
0.14816
0.35107
-0.11662
0.24743
0.82995
0.29165
-0.10258
0.58697
-0.21674
0.87009
-0.20270
0.13902
-0.11685
-0.36851
0.17844
-0.48473
-0.47324
-0.12170
0.39965
-0.04166
0.03041
-0.80788
0.25724
-0.15872
0.13994
0.13495
0.01182
0.13372
0.09396
0.21059
0.14373
0.19468
0.15112
0.02018
0.17991
0.19700
0.00612
0.11066
0.09694
0.07888
0.11392
0.14037
0.18455
0.02631
0.10214
0.19705
0.18202
0.00220
0.07491
0.07899
0.05526
0.10645
0.17448
0.13761
0.06501
0.20384
0.01644
0.14334
0.07918
0.01448
0.12158
0.17315
0.03242
0.16517
0.12884
0.20320
0.03440
0.00205
0.11888
0.12221
0.13798
0.08929
0.02935
0.13601
0.19841
0.04982
0.11706
0.02505
0.01984
0.02592
0.07368
0.11912
0.10978
0.19918
0.18898
0.17278
0.03182
0.15854
0.00843
0.08885
0.19660
0.15136
0.01413
0.01430
0.06711
0.04302
0.14043
0.11915
0.04983
0.19029
0.01341
0.03909
0.15710
0.12154
0.17950
0.19704
0.12012
0.06910
0.18353
0.03637
0.01751
0.17477
0.17328
0.07495
0.12274
0.07140
0.07912
0.09530
0.03832
0.19768
0.02861
0.07337
0.14746
0.10681
0.17098
0.04883
0.18532
0.00080
0.14249
0.08213
0.06539
0.16190
0.03881
0.16090
0.08518
0.19224
0.17197
0.18841
0.06973
0.00161
0.04242
0.05019
0.15735
0.01052
0.13056
0.05862
0.01343
0.13554
0.07024
0.01964
0.05201
0.13595
0.21156
0.18143
0.00199
0.01278
0.20335
0.17063
-0.09830
0.09243
-0.03997
0.05161
0.22427
0.00883
0.19170
0.17955
0.16722
0.01787
0.34798
-0.12476
0.17184
-0.96839
-0.43446
0.34631
-0.01820
0.49850
0.09943
-0.04290
-0.41975
-0.38730
0.17632
0.59276
-0.34605
0.02503
0.68216
-0.26377
-0.24421
0.22067
-0.13660
-0.32486
0.04180
-0.02379
0.72109
-0.36063
0.11431
-0.06735
0.52111
0.60852
0.34906
-1.04304
0.50048
0.60611
-0.15235
-0.83596
-0.83749
-0.03197
0.28567
-0.30528
0.46890
0.62074
0.65006
0.07338
-0.25356
-0.52930
0.16704
0.16785
0.26626
-0.44314
0.64916
-0.60844
0.18374
-0.07101
0.48063
-0.20216
1.29768
0.17999
-0.36331
0.39716
-0.09381
-0.44825
0.03503
0.09547
-0.77834
0.44069
-0.38144
-0.26708
-0.39868
0.41406
0.54434
-0.28965
-0.21686
0.27516
0.33776
0.35116
-0.41637
-0.58354
0.05540
-0.02300
-0.44059
-0.32420
0.52332
0.57827
0.61489
0.90707
0.14818
-0.59186
-0.92157
0.16624
0.33945
-0.09664
-0.25249
0.57295
-0.22132
0.67425
-0.71557
-0.62253
0.20288
0.43717
0.19528
-1.38056
-0.13360
-0.03118
-0.90783
0.19037
0.73114
-0.31677
0.17843
-0.12673
-0.35044
-0.12970
-0.30225
-0.86149
0.85261
-0.29754
0.24618
0.28789
-0.01852
-0.19377
0.72302
0.08172
0.21512
-0.30491
0.59084
-0.90429
-0.30583
0.19703
0.14977
0.58752
-0.28574
0.48202
0.48341
-0.58818
0.58002
-0.01148
-0.25263
0.30944
0.18594
0.50416
-0.36936
0.21182
-0.94756
0.18990
-0.24992
-0.29129
-0.15429
0.24219
-0.44806
0.32659
0.35086
-0.58150
0.35671
0.22884
-0.49331
-0.58526
0.14956
-0.58021
0.35809
-1.48562
-0.35887
0.05153
0.51315
-0.87177
0.02164
0.67082
0.32336
-0.20894
-0.79388
-0.02167
0.61871
0.35075
0.71345
0.52417
0.35306
0.03273
0.49388
0.33154
-0.36023
-0.16858
-0.19145
0.68744
0.26977
0.42177
0.20748
-0.02946
-0.02929
0.13215
0.29271
-0.12836
0.33719
-0.06579
-0.47290
-0.54820
-0.13202
0.07394
-0.04515
-0.01138
-0.04412
0.22562
-0.15384
-0.05202
0.40664
0.10588
-0.10119
-0.51712
0.73738
0.65114
-0.66177
-1.03146
0.38937
0.49064
0.40325
0.30783
0.28082
-1.13452
0.23292
-0.07103
-0.14597
-0.35120
0.12653
-0.56052
-0.66523
-0.14977
-0.11385
-0.17592
0.33559
-0.15429
-0.16987
0.00205
-0.15745
-0.00208
-0.29591
-0.09592
0.19610
-0.08689
-0.23252
-0.04400
-0.06246
-0.04505
-0.21927
-0.18884
0.24171
-0.01507
-0.65859
0.03376
-0.00597
-0.25815
-0.21480
0.00487
-0.40653
0.00861
-0.06952
0.51884
-0.15072
0.05719
-0.17451
-0.23535
0.40916
-0.02408
0.35846
0.30888
-0.60101
0.14382
-0.41049
-0.31518
-0.10241
0.31381
0.72565
0.04966
-0.32179
0.18576
0.11260
0.22965
0.19471
0.39457
0.09190
-0.21674
0.45628
0.62052
0.32909
0.37152
-0.78601
0.62062
-0.01525
0.37463
-0.04631
0.32635
0.37236
0.47276
-0.23160
0.30741
1.17240
0.04865
-0.01525
0.77776
0.45701
-0.08356
0.49233
0.57156
0.44331
-0.52083
0.46479
-0.34408
-0.76279
-0.01611
-1.56839
-0.39508
0.07814
0.50224
-0.01632
-0.48192
0.25439
-0.32580
-0.20857
0.50579
0.02287
-0.32773
0.64071
-0.04695
0.24564
-0.42410
0.23544
0.02324
0.43121
-0.04192
-0.16130
0.35117
0.52745
0.23163
-0.12341
-1.51716
-0.09550
0.07269
-1.02153
0.24092
-0.57332
0.25983
-0.21529
-0.14976
-0.11497
-0.65809
0.39139
0.42290
-0.54478
0.26729
-0.43218
0.57348
0.47899
0.18241
0.20821
-0.14227
0.05591
0.05512
-0.13780
-0.24407
0.27063
-0.66150
0.00898
0.51815
-0.55218
-0.62382
0.51851
-0.58100
0.09298
-0.12122
-0.75358
0.05430
0.32678
0.05747
0.51715
0.00413
0.06740
0.37059
0.04412
0.42819
0.61586
0.53258
0.51319
0.25253
-0.13366
-0.67334
0.31782
0.17909
-0.88264
0.39752
-0.37047
-0.05077
0.81530
0.41821
0.31865
0.60908
0.79328
-0.50211
0.01274
-0.69183
0.13571
-0.47712
0.11626
-0.69023
-1.14779
0.18168
0.50920
0.09745
0.18057
-0.35826
0.30984
-0.32144
0.23192
0.24108
-0.29047
0.10948
0.34999
0.03100
-0.37204
-0.14459
-0.28611
-0.01695
-0.63942
-0.13464
0.10459
-0.07818
0.85748
0.06576
0.02260
-0.80464
-0.00809
0.48763
-0.25747
-0.84965
0.08623
0.18175
0.66609
0.32978
0.47804
-0.13763
0.41462
-1.19908
0.03841
0.93842
0.56072
0.40987
-0.54952
-0.29335
0.05893
-0.14435
0.27607
-0.28702
0.45462
-0.07491
0.68695
0.00774
0.08105
0.34335
-0.03847
-0.47618
-0.12444
0.52161
-0.03095
0.32010
-0.03928
0.20713
-0.57325
-0.24779
-0.43057
-0.09086
0.16381
0.00723
-0.10302
-0.04922
0.33751
-0.29732
-0.33274
0.16346
0.14493
0.25545
0.37237
-0.46107
-0.35030
-0.65660
-0.51901
0.67581
-0.21783
-0.65660
0.26375
0.14538
0.71918
0.27364
-0.72129
0.27673
0.06947
-0.12909
0.05372
0.40663
0.30525
-0.04528
-1.06429
0.04580
0.65790
0.72687
0.15529
-0.21747
-0.06509
0.67363
-0.23588
0.14095
-0.41675
0.55421
-0.18080
-0.17590
-0.39410
-0.46496
0.13278
-0.01981
-0.91651
0.28226
0.12894
-0.04280
0.50662
0.57344
0.02236
-0.46931
0.04374
0.20394
-0.16513
-0.22332
-0.66279
-0.41005
0.31009
-0.17494
-0.59996
0.51071
-0.52338
0.32462
-0.28638
0.41713
0.62625
0.23955
0.47321
0.11042
0.34875
-0.74071
0.30802
0.46988
0.64554
0.54238
-0.24670
-0.02515
-0.19891
-0.49284
-0.37511
-0.74303
-0.26719
0.14351
-0.26889
-0.46157
-0.82961
-0.88050
0.04562
-0.05622
-0.19330
-0.77277
-0.94471
-0.25399
-0.41658
0.11459
-0.56662
-0.70290
-0.13642
-0.25669
0.17091
-0.00083
0.05433
0.07004
0.06134
-0.48614
-0.11969
0.10665
-0.52337
0.47675
-0.06187
0.22711
0.44230
0.11488
0.06820
0.44828
0.16038
0.35054
0.44841
0.52577
0.33432
0.11843
0.20220
-0.04383
0.19959
-1.08282
-0.48601
-0.30860
-0.57301
0.08297
0.14605
0.04003
0.35816
0.35972
0.69211
0.22044
-0.39624
-0.12386
-0.04391
0.31835
0.21887
0.08733
0.00155
0.32852
-0.17074
0.38684
0.29117
-0.01676
-0.25865
0.40423
-0.95497
-0.07546
0.53050
0.45641
0.47192
0.06114
0.56487
0.20001
0.18296
-0.08039
0.25795
-0.12838
0.34869
-0.03047
-0.24421
-0.49932
0.30098
-0.19152
0.37277
0.02353
-0.36850
0.19974
-0.96942
-0.12428
-0.30799
-0.02729
-0.47791
-0.34169
0.11723
0.04456
-0.27409
-0.63507
-0.58504
-0.68811
-0.44383
0.65531
0.51574
-0.61093
-1.07855
-0.32196
-0.70378
-0.85989
0.29953
-0.15748
-0.74240
0.12791
-1.23933
-0.73461
0.38450
-0.92608
0.13393
0.47354
-0.13474
0.11951
-0.83727
0.19483
-0.66571
-0.48653
0.03042
-0.00079
0.10806
0.06308
-0.27381
0.15468
0.00554
-0.69387
-0.32774
-0.87627
-0.90081
-0.14520
-1.61217
-0.29058
0.26073
-0.69918
0.46224
0.21449
0.06359
0.33604
-0.72642
-1.64639
-0.14724
0.14862
0.73783
-0.72339
-0.40891
-0.24050
-0.52058
-0.58678
-0.69179
-0.42818
-0.35117
-0.00978
-0.44894
-1.21671
-0.82699
0.28058
-1.15873
-0.49993
-0.07913
-0.04037
-0.21518
-0.37116
0.53660
-0.26330
-0.41675
-0.36483
-0.03060
-0.46182
0.37177
0.04554
-0.40801
-0.62280
0.25332
0.01159
0.29204
0.62298
0.17304
0.56490
0.49656
0.58937
-0.05514
-0.23239
-0.65044
-0.49158
0.06213
-0.19138
-0.57002
-0.92284
0.32117
0.03341
0.31652
-0.18262
-0.13633
-0.24207
-0.20450
0.19047
-1.05899
0.32224
0.18880
0.27690
0.04117
-0.21423
-0.04602
-0.50765
-0.24874
0.30198
0.52848
0.08704
-0.48973
0.27188
0.69299
-0.33063
0.41321
-0.54339
0.28629
-0.13766
-0.45320
-0.24846
0.58657
-0.44192
0.37524
-0.81137
0.35596
0.20338
-0.90852
0.30857
-0.03223
0.47394
0.48530
-0.14008
-0.15380
0.11791
0.70425
-0.75815
-0.02985
0.58230
-0.01423
-0.02081
0.50029
-0.23645
0.05858
0.09398
0.17280
0.39394
-0.57777
0.69325
0.40197
0.06559
-0.15934
0.45383
0.24767
0.89408
-0.14691
-0.73479
1.07843
0.21053
0.52224
0.12713
-0.04902
-0.29963
0.05199
-0.48449
-0.69333
0.01350
-0.70691
0.78256
-0.24007
1.06597
-0.00003
0.61900
-0.32855
-0.47487
0.30849
-0.54918
-0.68312
-0.14637
-0.08421
-0.26905
-0.90129
0.23511
-0.03893
-0.42268
0.66946
-0.75248
0.04168
0.03432
0.43449
0.80260
0.11984
-0.20247
0.75465
0.34405
0.24054
0.90198
-0.44779
-0.19122
-0.41233
0.39767
0.10427
-0.05512
-0.14383
-0.10808
-0.55154
0.02491
-0.43563
-0.17600
0.11963
-0.84280
-0.17985
0.23514
-0.20897
-0.00222
-0.17016
0.37417
0.62690
-0.50198
-0.01385
-0.69834
0.59030
-1.28059
-0.58155
-0.38222
-0.02727
0.02945
0.01986
-0.16253
-0.61252
0.18858
-0.69305
-0.94952
-1.11715
-1.22808
0.35432
0.33128
-0.20804
0.56387
-0.78705
0.16147
-0.13947
-0.61418
-0.40647
-0.12783
-0.37024
0.69204
-0.51087
-0.88090
0.73818
-0.20061
-0.19628
-0.22082
0.15991
-0.32993
-0.15915
0.16475
-0.03892
0.43730
-0.54368
0.00677
-0.83560
0.20732
-0.61618
0.03632
-0.24955
0.39626
-0.24540
-0.88427
-0.01011
0.39920
0.12772
-1.12185
0.02326
-0.24153
0.04681
-1.04755
-0.49900
-0.29456
-0.81156
-0.02943
0.03502
0.10852
-0.42598
-1.09896
0.35316
-0.18979
-0.71904
-0.19109
-0.13756
0.34775
0.11276
0.51869
0.05992
-1.30314
-0.21814
-0.46389
-0.53802
-0.25209
-1.09928
-0.16657
-0.11642
-0.08378
-0.07646
0.01365
-0.55011
-0.26097
0.31208
-0.26159
-0.35907
-0.74959
-0.86481
0.22213
0.12695
0.11411
0.15239
0.39871
-0.49236
0.04907
0.10443
0.21373
0.20206
-0.18070
-0.30817
-0.08278
0.11631
-0.64605
0.50624
0.16189
0.16936
-0.29825
0.37094
-0.68015
0.20726
0.33613
-0.50653
0.25901
0.29223
0.68155
0.03486
0.85871
0.21198
-0.27041
-0.59364
-0.36666
-0.12215
-0.47337
-0.21036
0.24224
-0.40191
-0.30768
0.03488
-0.53523
0.34920
-0.65808
0.60936
-0.18480
0.63011
0.04732
-0.07872
0.40654
0.10552
0.75408
-0.35551
0.01838
0.44160
0.54671
-0.03772
-0.46869
-0.14988
-0.70785
0.19820
-0.18967
-0.35480
-0.11934
-0.55310
0.42267
-0.33756
0.51747
0.61848
0.48416
-0.01723
0.13347
-0.73352
-0.83684
0.35293
0.01341
0.32337
0.46605
-0.04171
0.42219
0.13068
0.26683
-0.09214
-0.28025
-0.11448
-0.86637
-1.20087
-0.42851
0.23105
-0.76934
0.41225
0.65234
0.41544
0.12870
0.72124
0.37777
-1.32456
0.03499
0.03941
0.16509
0.13265
-0.53916
0.03915
0.18291
-0.40171
-0.12132
-0.29688
-0.18957
-0.18888
0.03161
0.31936
0.38589
-0.20799
0.15112
0.46455
-0.48767
-0.42137
-0.55190
0.37173
-0.15353
-0.59492
0.06618
-1.21128
0.25821
0.07876
-0.33007
-0.39939
0.18410
-0.01734
0.34426
0.45400
0.09857
-0.32338
0.83032
-0.01526
0.32824
-0.66472
-0.61368
-0.73832
-0.75614
0.89391
0.14132
-0.79562
0.19685
-0.20728
0.57621
0.46052
-0.10882
0.53666
0.19718
-0.13273
0.09002
0.41530
-1.11237
-0.35660
0.26542
-0.51611
0.40395
0.21974
0.38675
0.25306
0.74710
-0.07015
-0.08996
0.01665
-0.14446
0.38360
0.02034
0.18508
0.32601
-0.54709
-0.68835
0.10350
-1.05621
0.27461
0.28961
0.08591
-0.28408
0.28376
0.34364
0.47446
-0.90386
0.15988
-0.07395
-0.54536
-0.10647
-0.18090
0.06322
0.18309
0.12696
-0.33706
0.12006
-0.79893
-0.36106
-0.01008
0.25122
0.25827
-0.11985
0.16572
-0.12294
0.14722
0.32369
-1.08964
-1.22724
-0.49580
-0.47754
-0.29065
-0.76530
-0.62757
0.46475
-0.29043
-0.39083
0.59169
-0.42012
0.28356
-0.41291
-1.08437
-0.54102
-0.01609
0.04167
0.22383
-0.08555
-0.87846
-0.11534
0.50514
-0.25132
0.06357
0.50226
0.06367
0.50012
0.43935
-0.15559
-0.33214
-0.14187
-0.12252
-0.23262
0.27339
-0.89222
0.42940
0.09550
0.30969
-1.05648
0.27567
0.18926
-0.12301
0.33047
-0.36790
-0.37075
0.48134
-0.07632
0.08140
-0.69112
-0.70049
-0.29926
-0.14661
-0.65601
-0.31935
-0.15085
-0.18639
0.67605
0.00062
0.22112
0.46524
-0.45260
0.55259
0.22298
-0.36229
-0.14808
-0.46963
-0.03889
-0.68048
-0.01498
0.28243
0.24357
0.26368
-0.26918
-1.35377
0.49761
-0.85764
-1.01748
-0.52386
-1.26647
-0.50665
-0.82493
-0.26716
0.49120
-0.08083
-0.75245
-0.94004
-0.22480
-0.06572
0.19548
0.19224
0.52750
0.39557
0.09735
-0.34141
-1.27076
-1.20869
0.16854
0.37342
0.29488
-1.49619
0.42991
-0.06243
0.46602
-0.67386
-0.07926
-0.21445
-0.19304
-0.47079
-0.00816
-0.96657
-0.40460
0.45469
-0.77155
-0.15548
0.32459
-0.16188
-0.24816
0.05929
0.80331
-0.12215
-0.07161
0.27424
-0.80031
-0.23268
0.29383
-0.02250
0.16291
-0.10817
-0.16246
0.46791
0.32090
0.44083
-1.40452
-0.21848
-1.29787
0.23275
0.38663
-1.03846
0.34762
0.13276
0.28710
0.21481
-0.56094
0.09840
0.64430
-0.44353
-0.61830
0.07017
0.18818
0.28679
-0.09303
-0.17686
0.18183
0.14119
-0.22697
0.27673
-0.38418
0.20711
0.42863
0.50420
-0.40007
-0.19182
0.36277
-0.45458
0.37983
-0.45053
0.85498
0.03515
-0.09397
0.12130
-0.00678
-0.00426
0.15335
-0.01181
0.42548
0.41348
-0.00440
-0.40394
0.51454
0.33987
0.33983
0.55281
-1.73115
0.70976
0.48646
0.19037
0.27446
0.50446
0.63384
0.52728
-0.00985
-0.29284
0.55044
-0.68195
0.42958
0.18663
-0.13347
0.30835
0.63147
-0.06407
0.64580
0.22958
-0.36021
-0.63885
-0.92077
0.25727
0.17904
0.27391
0.24830
-0.10794
-0.14991
-0.09087
-0.01996
-0.32466
0.34462
0.52076
-1.53174
-0.33778
0.23214
0.12347
-0.46737
0.04004
-0.05930
-0.25575
0.54993
0.61687
-0.01681
0.22006
0.38256
-0.13884
-0.91082
0.12342
0.22207
0.04473
0.57227
-0.15124
-0.91136
0.87416
0.18973
0.06606
-0.03541
-0.06872
-1.16151
0.16291
-0.19443
0.67916
0.09273
-0.46786
-0.49455
0.15654
-0.28177
0.61474
0.21528
0.59832
-1.42521
-0.30208
-0.58514
0.14059
0.10156
0.27179
0.38438
-0.23202
0.68062
-0.05120
-0.02968
0.09293
-1.35946
0.46072
-0.20434
0.24535
0.36550
0.54813
-0.45470
0.06493
-0.00291
-1.14008
0.48880
0.61991
0.57242
0.15521
0.37674
-0.32918
0.16890
0.35094
-0.16646
-0.15269
-0.12190
0.18384
0.21520
-0.95827
0.05833
0.08833
0.41821
0.51570
-0.62212
0.48946
-0.14124
0.33862
-0.15177
-0.19231
-0.25052
-0.77388
0.29850
0.36443
0.15440
-0.11976
-0.49334
-0.17318
-0.77860
0.35816
0.14677
-0.11602
0.16564
0.36572
0.63705
-0.08950
0.20699
0.23691
0.38187
0.05629
0.23883
0.50698
0.50832
-0.16846
0.43860
0.13408
-0.19612
0.10341
0.39867
-0.97746
0.63801
0.37831
0.40271
0.43714
0.09106
0.46905
-0.20207
-0.24153
0.37504
0.34834
0.34411
0.38475
0.40607
-0.13584
0.38357
0.53502
0.17729
-1.52286
0.12636
0.43070
-0.07298
-0.01785
0.02469
0.03917
0.47854
-0.29166
-0.51771
-0.32435
-0.01423
-1.08774
0.28765
-0.02063
0.25970
-0.26501
-0.29812
0.10670
0.12094
0.24896
-1.10465
0.38301
-0.82508
0.07984
0.09428
-0.95093
-0.08113
0.07559
0.38305
0.32537
0.03740
0.16553
0.37641
0.25325
0.25896
-0.95330
0.14986
0.12185
-0.90928
-0.11806
0.59199
-0.65754
-0.07567
0.18708
-0.55044
-0.19779
0.27241
0.15311
0.07114
0.39008
-0.19611
-0.21919
0.74641
0.81060
0.11443
0.09861
0.13575
-0.23157
0.34402
-0.33657
0.13351
0.07231
0.15154
0.13655
0.12959
-0.24443
0.11284
-0.51278
-0.21507
-0.55290
-0.23752
0.39513
0.18795
-0.16481
-0.21435
0.07473
-0.13868
-0.90598
-0.22842
-0.89552
-0.00557
-0.56450
0.15712
-0.55930
0.46469
0.77278
-0.26847
0.10796
-0.52167
0.81015
-0.21554
0.09524
0.09863
-0.50643
-0.23982
-0.53237
-0.44062
-0.54542
-0.24792
-0.12433
-0.20771
-0.77703
0.03931
0.09672
-0.17193
-0.32786
0.42844
0.13427
-0.61013
0.62034
0.26942
-0.92493
0.38489
0.52451
-0.88465
-0.97676
-0.52625
0.45282
-0.56896
0.44192
0.55593
0.47083
0.54928
-0.01855
0.49663
-0.44793
0.14076
-0.27143
0.20914
0.23643
0.47278
0.55679
0.12532
0.42725
-0.25619
-0.08480
0.41536
0.16223
-0.04090
-0.01367
0.17437
0.00806
0.49224
-0.01723
0.26700
0.02970
0.11222
-0.16589
-0.13658
-0.09818
0.19383
0.32395
-0.12826
-0.16751
-0.08374
0.17352
-0.06335
-0.16871
-0.24229
-0.16562
0.07888
-0.05418
0.02994
-0.47057
-0.72892
0.10528
-0.15357
-1.49979
-0.40469
0.28339
-0.26093
-0.22991
-0.87414
-0.09030
0.36763
0.28393
-0.05572
-0.10275
0.28083
0.20551
0.06987
0.40110
0.35760
0.31134
-1.30629
0.17211
0.61056
0.58795
-0.07376
-0.89214
0.70537
-0.35256
0.78556
-0.15952
0.29155
0.47443
0.27745
-0.33925
0.32286
0.01868
-0.24159
0.59986
0.35153
-0.03937
0.25239
0.33092
0.46288
0.38039
0.45621
0.47614
-0.68432
0.42613
0.23305
0.46472
0.41264
-0.15561
0.09986
-0.25383
0.15327
0.06265
-0.58320
-0.17834
0.07328
-0.20443
0.47058
0.46749
-0.22624
0.17540
-0.58066
0.11951
0.13804
0.18288
-0.27708
-0.22367
-0.19725
0.19354
-0.25237
-0.26235
0.10907
0.15460
-0.15787
-0.55233
-0.31977
-0.52289
0.10722
0.12904
-0.21843
0.50979
-0.49550
-0.58485
0.37635
-0.23234
-0.10435
0.41261
-0.06194
0.49272
0.24963
-0.52641
0.00214
-0.99574
-1.05170
-0.70724
-0.56372
0.47371
-0.07518
0.25509
-0.19349
0.18724
-0.12247
0.23420
-0.86764
0.40700
0.43430
-0.98582
-0.41028
0.59160
-0.56805
0.51139
-0.82924
0.64723
-0.27727
-0.76649
-0.23653
-0.20775
-0.23671
0.50226
-0.70999
-0.00253
0.02882
-0.30432
-0.72122
0.32293
0.29016
0.10270
0.36957
-0.00596
0.05075
0.03575
0.45754
-0.14944
0.40276
0.18021
-0.20027
-0.57921
-0.17881
-0.12875
-0.09434
-0.07193
-0.35130
-0.38241
-0.17194
-0.97359
0.17308
-0.09343
0.35296
-0.28989
-0.06070
0.31070
-0.71951
-0.82448
0.15605
0.31431
-0.57669
0.50243
0.55166
0.34680
0.13480
-0.60103
0.49845
0.36725
-0.15494
-0.01656
0.65802
0.37854
0.29439
0.34669
-0.26629
-0.33579
-0.44910
0.00668
0.31773
0.32290
0.29989
0.27389
0.29439
0.40092
-0.12055
0.17622
0.05778
-0.19765
0.07294
0.65116
-0.78223
0.54589
-0.36493
-0.58982
-0.03886
0.45819
0.62160
0.08300
0.06406
0.70998
0.26746
-1.12682
-0.20648
0.28008
-0.69215
0.40723
0.12372
0.50378
0.12491
-0.23213
-0.22070
-0.09043
