0.45000
-0.77808
-0.12166
-0.65581
0.56036
0.65777
-0.46335
0.73834
0.25289
0.09175
0.38669
0.01406
0.08772
-0.27858
0.02790
0.18832
0.57550
0.20996
0.16637
-0.25606
0.66064
0.80951
-0.19222
0.39537
-0.06314
-0.67639
-0.75265
-0.05550
-0.27900
-0.58828
-0.05322
0.10450
-0.23685
0.50385
-0.00708
0.65536
0.70346
-1.32537
0.32680
-0.51228
0.23811
-0.07810
-0.61323
0.21763
-0.33056
0.40034
0.59896
0.45959
0.64232
0.41488
-0.20250
0.25884
0.36144
0.55339
0.36820
-0.55525
-0.62723
-1.12404
0.19531
0.46414
-0.42082
0.10177
0.41541
0.15144
-0.18597
-0.07132
0.23254
0.89653
-0.26539
0.49871
0.44085
0.53628
0.19525
-0.53798
0.16822
0.39346
-0.29560
-0.24003
-0.38943
0.31409
-0.38577
-0.11351
0.02885
0.58551
0.79463
0.78813
-0.47346
0.29857
0.43793
0.29140
0.08363
-0.16868
-0.14833
0.03214
0.32255
-0.29047
-0.02472
0.31181
-0.36550
-0.00592
0.50266
0.20534
-0.12005
-0.13930
-0.04519
-0.24366
0.28423
0.40912
0.45972
0.19237
-0.92398
-0.70214
-0.34833
-0.22334
0.13413
0.02756
0.07832
-0.06617
-0.15083
0.32864
0.25238
-0.83992
-0.53628
-0.49058
0.66211
-0.05082
-0.83459
-0.47219
0.64329
0.01882
0.35391
0.64334
-0.23153
-0.01605
0.31622
0.43717
0.16486
-0.07692
0.31023
0.82055
-0.02674
0.15722
0.26123
-0.55611
0.10105
-0.09554
0.37112
0.08141
0.07965
0.23701
-0.11585
0.04138
0.31175
-0.58079
-0.58173
0.23943
0.71356
-0.34598
0.43420
0.07940
-0.55807
0.33407
0.21749
-0.16711
-0.24227
0.36187
0.08323
-0.00575
-0.39826
0.60000
0.89413
0.39993
-0.74286
-0.31057
-0.64007
-0.72565
-0.52520
0.18708
0.17560
-0.49705
-0.72268
0.36223
0.70878
0.28376
-0.13811
-0.14114
0.51356
-0.21708
0.49702
0.15335
0.09736
-0.55518
-0.08315
-0.08344
0.39250
-0.61944
0.41537
0.33689
-0.21920
-0.85486
0.86279
0.38162
0.14915
-0.02340
0.18793
-0.12754
0.16428
-0.20379
-0.18195
0.39492
0.26223
-0.32676
-0.09143
0.58842
-0.49840
0.15254
0.23718
0.04301
-0.18198
-0.11285
0.47854
0.14316
0.49988
0.57234
0.21208
0.27758
-1.07357
-0.29797
-0.49255
-0.28733
-0.09538
-0.38691
-0.34731
-0.00631
0.03666
-0.19408
0.49748
0.37261
0.33336
-0.13526
0.12468
0.22084
-0.01008
0.19376
-0.32000
-0.29965
-0.02438
0.11171
-0.37820
-0.05785
0.06202
0.16987
-0.03763
0.36795
-0.50455
-0.33123
-0.12796
0.24584
0.21521
0.00859
-0.09640
0.39546
0.18881
-0.43487
-0.24250
-0.25119
-0.20962
-0.30608
-0.22239
0.03439
0.86517
0.04242
0.28793
0.35299
0.47448
-0.03905
-0.92188
-0.11367
-0.99429
0.62452
0.42280
0.52097
0.67211
-0.14187
-0.75627
-0.41543
-0.18912
0.19889
0.43438
0.10909
-0.39697
-0.41911
-0.18873
-0.31217
0.12202
0.28982
-0.33093
0.39640
-0.16871
-0.80380
-0.34138
-0.59425
0.01122
-0.16982
-0.23929
-0.15114
-0.48068
0.13070
-0.92849
-0.02840
0.21414
0.34617
-0.38486
0.00102
-0.11168
-0.79530
0.34620
0.02747
-0.04800
0.01576
0.48795
0.46181
-0.02999
0.26729
-0.16909
-0.75842
0.17375
0.58605
0.33211
-0.03694
0.14217
0.18814
0.37330
0.66449
0.34384
0.51020
0.13722
0.63515
0.14516
0.37688
-0.47626
-0.09381
0.36840
0.62212
-0.07551
-0.37910
0.38053
0.62656
0.18425
-0.47841
0.31879
-0.34763
-0.98255
-0.03624
0.21412
0.41344
-0.06354
0.23337
0.34967
0.01424
-0.01006
0.22936
0.25514
0.17521
-0.36291
-0.14090
0.30178
0.02281
0.69616
0.67813
-0.57283
-0.84996
0.42311
0.69040
0.32477
0.40377
0.12569
0.05693
0.05421
0.26137
-0.05230
-0.76297
0.20145
-0.36267
-0.68334
-0.43860
-0.10585
0.11767
0.66968
0.15517
0.17579
-0.27034
-0.00961
-0.10359
0.18670
-0.29255
-0.40752
0.49500
-0.36589
0.11245
0.66594
0.18800
0.47481
0.08387
-0.22284
0.02639
0.05568
0.26219
-0.21031
0.13678
-0.00922
0.19902
-0.17128
0.04332
0.26367
0.68449
-0.34726
-0.01776
0.61772
-0.90640
-0.34522
-0.27550
-0.45182
-0.02891
0.70801
0.35756
0.17252
0.38264
-0.10618
-0.50229
-0.30791
-0.01429
0.04963
-0.57681
-0.40694
0.22952
0.66435
0.24426
0.09340
0.08814
0.35136
-0.54212
0.11465
0.57131
0.37611
0.03710
-0.17782
-0.20269
0.31367
-1.67070
0.48991
0.56853
0.10573
-0.01716
-1.32860
0.10736
-0.52885
-0.42937
0.10247
0.61649
0.18297
0.15090
0.35200
0.07260
-0.61195
0.22820
0.55910
0.23413
-0.60938
0.04380
0.02061
0.79071
0.55147
-0.35254
-0.61750
0.46858
-0.35691
0.55115
-0.36167
-0.97257
0.08936
0.42224
0.01161
0.13414
-0.49683
0.17416
0.04344
0.12996
-0.02723
0.20484
0.14483
-0.10694
0.31357
-0.76503
-0.04559
0.12275
0.53128
0.40278
-0.34145
0.41461
0.08943
-0.12313
0.13995
0.35784
-0.24607
0.04114
-0.07577
0.66096
0.55307
0.01878
0.08847
0.42358
0.66742
-0.10629
0.26832
0.40413
0.30506
-0.28602
-0.05379
-0.03729
0.03315
-1.43057
-0.70560
0.59407
0.28167
0.54916
0.40556
0.37576
0.05309
-0.09698
-0.01722
-0.22988
-0.53883
-0.70001
0.24230
0.25952
0.31254
-0.05203
0.35972
0.56875
0.49051
0.06739
0.24382
-0.12520
-0.47651
-0.28181
-0.21800
0.37282
-0.19531
-0.12721
0.49505
0.40858
0.23967
-0.10130
-0.91592
0.20894
-0.20622
-0.79521
-0.30686
0.00941
-0.30558
0.37399
-0.32517
0.06615
0.06377
0.47335
0.18710
0.05489
-0.05285
-0.31705
0.77382
0.11196
0.04967
0.22812
0.32227
0.50511
-0.16551
0.15422
-0.59696
0.19594
-0.01014
-0.16926
0.31163
-0.28840
0.24064
-0.08399
0.06490
0.89239
0.07847
0.38348
0.81794
0.08177
0.44141
0.15961
0.16680
0.03501
0.79795
0.04217
-0.70165
0.57031
-0.00823
-0.26284
0.44934
-0.23348
-0.26630
0.18997
0.09189
0.03925
0.06552
0.17643
0.14450
0.16685
-0.23709
-0.34347
-0.02260
0.30086
0.03720
0.88705
0.07246
0.24307
-0.03986
0.05789
-0.02181
-0.55554
0.64119
0.20685
-0.46809
0.69788
0.16051
-0.04137
0.33600
0.27872
-0.29209
-0.16744
0.27178
0.27997
0.04701
-0.16404
0.38552
-0.19624
0.17501
-0.92797
-0.09715
-0.31193
0.29631
0.12374
0.39167
-0.53920
-0.17972
-0.43486
0.15149
-0.00402
0.05913
-0.56286
0.17182
0.08165
0.08523
0.37308
-0.33649
-2.19668
0.38178
-0.03224
0.23656
0.38450
0.45018
-0.64578
0.73641
0.48259
0.13673
0.15221
0.08062
-0.20631
-0.00736
-0.30194
0.13614
0.31289
0.26267
-1.43356
0.78841
0.90387
-0.13154
0.39754
-0.38955
0.62033
-0.02407
0.14964
-0.22523
0.40643
-0.06269
-0.01024
-0.35269
0.59965
0.55475
0.14299
0.10552
0.16991
-0.42279
0.09241
-0.40784
0.52667
0.16821
0.51518
0.74444
0.41052
0.15106
0.17678
-0.20728
0.30504
-0.19424
0.41457
0.02480
0.08288
0.34796
0.68214
0.42652
0.56325
0.72029
0.17414
0.56155
0.47814
-0.01339
-0.50845
0.72969
-0.13763
0.12518
-0.66211
0.21999
0.13508
-0.37471
-0.85114
0.36241
-0.08929
0.52637
0.42331
0.41572
0.48752
0.10728
0.14309
0.33773
0.05487
0.36165
-0.06977
-2.09777
-0.15154
0.41147
-0.06122
0.65047
0.12380
-0.24632
0.14650
0.48933
0.11805
-0.61891
0.25643
0.39625
0.41537
0.32438
-0.17263
0.00423
0.77063
-0.34782
-0.20243
0.10764
-0.36968
0.02882
0.48973
0.60380
-0.19871
-0.06151
0.25494
0.46904
0.43716
0.14994
0.46312
-0.10546
0.29226
-0.30649
-0.37771
0.27488
-0.66666
-0.16324
0.27293
-0.27669
0.56898
-0.24263
0.63867
0.53698
0.15820
0.15393
-0.49057
0.16417
0.00346
-0.18068
0.12347
0.23226
0.64435
0.26446
0.24065
-0.74266
0.05764
-0.25285
0.62828
0.05677
0.19624
0.18808
-0.54079
0.17684
-1.18986
0.21005
0.39916
0.20156
0.40247
0.21385
0.76497
0.15578
-0.75203
0.47412
0.22399
0.76167
-0.18523
0.23970
-0.04530
0.19328
0.39288
0.05624
0.58248
-0.15602
0.75033
0.18253
-0.09034
-0.65954
-0.17621
0.65538
-0.04855
-0.13452
-0.61759
0.31155
0.37599
-0.59206
-0.39996
0.34416
0.12718
0.78748
0.12967
-0.16436
0.12401
0.42680
0.64571
-0.20336
-0.00525
0.41396
0.03987
0.65816
0.51895
-0.59097
-0.23210
0.19117
-0.29930
-0.32280
0.14723
0.12888
0.26875
-1.08832
-0.36029
-0.08028
0.38105
-0.22936
-0.06025
-0.00291
0.10326
-1.85021
0.06810
-0.07107
-0.84833
0.48416
0.13530
0.12832
0.01412
0.57900
0.21770
-0.01375
0.34666
-0.30807
-0.28807
0.55324
0.29129
0.56419
0.89428
0.39191
0.32653
0.41703
-0.70908
0.51087
-0.05648
-0.07052
-0.03889
0.29350
0.36189
-0.43032
-0.35739
0.20525
0.11638
-0.61766
-0.32838
0.17588
0.26111
-0.04143
0.07525
-0.13577
0.27578
-1.56745
-0.49402
-0.30094
0.15527
0.40027
-0.32893
0.15252
0.18483
0.12345
-1.27354
-0.24718
0.23339
-0.10118
-0.12821
0.46232
0.07130
0.80802
-0.09247
-0.48262
0.65600
0.11383
0.32651
-0.55668
0.51444
0.02036
-0.16956
0.07951
0.13157
-0.20377
0.35726
0.54700
-0.19083
-0.56498
0.38915
-0.27459
0.40671
-0.26087
-0.61341
-0.33172
0.23326
-0.55400
-0.48869
-0.22844
0.27841
-0.25323
0.20592
0.70088
-0.08941
-0.13925
-0.40083
-0.32139
-0.22638
0.41475
0.01594
0.46056
-0.32039
0.02553
0.76238
0.20108
0.14484
-0.20659
-0.02369
0.24465
-0.05405
0.05916
0.66876
-0.24119
-0.69425
-0.02222
0.61625
0.31707
0.37697
0.32777
0.10319
-0.11106
0.74775
0.68885
-0.28658
-0.45356
-0.98620
-0.09953
-0.74997
-0.61827
0.30464
0.06979
-0.09898
-0.09997
0.64679
0.03469
0.28028
0.15391
0.61921
0.25320
0.06527
0.19778
-0.29867
-0.58745
-0.06115
-0.28346
0.10298
0.50552
0.58118
-0.23436
-0.35914
0.59839
0.41190
0.39808
-0.05654
0.33320
-0.39292
-0.62081
0.00031
-0.74013
-0.06925
0.05257
0.21243
0.67740
-0.30256
-0.11447
0.16863
0.35713
-0.20726
0.22194
0.42855
-0.80104
0.08466
0.15229
-0.26106
0.00338
-0.40695
0.37327
-0.26620
0.58159
0.51841
0.49501
-0.14635
-0.36851
0.00078
-0.04305
-0.31234
-0.96748
0.07183
0.44580
0.07748
0.26267
0.56263
0.05644
0.34941
-0.12978
0.47372
-0.02547
-0.47657
0.63413
0.04142
0.08673
-0.07484
0.52087
0.12767
0.20215
-0.00094
-0.20633
-0.45987
0.15587
0.26510
-0.11398
0.70300
0.00187
-0.23452
-0.67144
0.25278
0.77495
-0.31137
0.56482
0.67484
0.15294
0.66772
0.46249
0.19917
0.08906
0.17421
-0.61166
-1.18503
-0.00511
0.14282
-0.19690
-1.03900
-0.11998
-0.64052
0.41842
-0.02883
-0.04747
0.11842
0.37835
0.54367
-0.16457
0.52294
0.44884
0.21388
0.02453
0.20700
0.12196
0.00431
-0.37914
-0.44120
0.31817
-0.17220
0.00657
0.37317
0.07656
0.04362
0.46742
-0.39013
0.36302
0.38589
0.27681
0.62583
0.42417
-0.57316
-0.05414
0.36359
0.31544
-0.05597
0.92091
0.26077
-0.45592
0.02856
-0.84590
0.10256
0.04981
-0.04066
0.07081
0.24770
0.44957
-0.36647
0.51623
0.06199
0.45705
0.01807
0.07160
0.60829
-0.05615
-1.13010
-0.14352
0.10125
0.30138
0.06650
0.42251
0.57462
0.27107
0.42754
-0.76507
-0.39188
0.52362
0.14062
0.18023
-0.14112
0.06174
-0.37429
-0.03325
-0.20650
-0.26196
0.42980
0.24078
0.68275
0.35346
-0.26842
0.01726
0.00717
0.37841
0.28673
-0.07626
0.06169
0.21106
0.79787
-0.14591
-0.03007
-0.15325
0.65103
0.39196
-0.18682
-0.36914
0.73841
0.31019
0.34522
0.12092
-0.21388
-0.05533
-0.29966
0.05822
0.48638
-0.05783
0.30710
-0.43269
0.10470
0.55651
0.13984
-0.00586
-0.32084
-0.25635
0.10171
0.00552
0.16706
0.43066
-0.77452
0.06328
0.04709
-0.01954
0.03997
0.35032
0.03381
-0.16831
0.17673
-0.09046
-0.27960
0.44697
0.65423
-0.00086
-0.36144
-0.34452
0.55066
-0.10167
-0.46859
0.22955
-1.21557
0.40791
0.55895
0.00863
0.01087
0.48860
0.04590
0.50733
0.19468
-0.10959
0.08358
0.24949
0.09461
0.61720
0.05092
0.11611
-0.02666
-0.50048
0.35391
0.33032
-0.26536
0.34006
-0.02988
-0.50646
-0.02214
-0.22416
-0.05938
-0.04430
-0.16292
0.18986
0.29654
0.46130
0.29212
0.28075
0.17275
0.35041
0.26098
0.33076
0.41296
0.37853
-0.05920
0.13281
-0.08367
-0.04221
0.60725
-0.36243
0.54356
0.47515
-0.84249
0.57782
-0.17505
-0.17884
0.23316
0.18285
-0.49868
0.15825
0.47474
-0.03291
0.07522
-0.47752
-0.04680
0.45234
0.29760
-0.16950
0.26919
0.09798
-1.05850
0.42932
-0.36148
-0.16307
0.25440
0.63766
0.32976
0.07650
-0.37767
-0.13452
0.69707
0.13470
-0.32476
-0.21422
0.24363
0.67925
-0.15586
-0.29284
0.46444
-0.20819
0.20407
-0.09313
-0.24689
0.14676
-0.56134
0.24316
-0.54306
-0.08792
0.47714
-0.09151
-0.35831
0.39151
-0.16132
-0.36027
-0.25822
0.07615
0.29372
-0.36296
0.44886
0.48453
0.54719
-0.26304
-1.32472
0.45097
0.58393
0.18197
-0.09092
0.31398
0.55955
0.03319
-0.53344
-0.13743
0.09223
0.60631
0.22621
0.08520
0.18463
0.19022
0.52203
-1.12641
0.21143
-0.10985
0.26507
0.34598
0.36610
0.27890
-0.24652
0.47666
-0.21207
0.11903
0.29325
-0.14584
0.10750
-0.76669
0.13062
0.34900
0.27151
-0.66070
0.81054
-0.31919
0.48002
-0.19809
-0.20219
0.28790
-0.13167
-0.19930
0.37446
-0.22312
-0.79805
-1.66643
0.14187
-0.04120
0.13989
0.39898
0.59084
0.04917
0.39097
0.53478
0.30058
-0.45971
-0.10236
0.29701
0.26414
0.60130
-0.32280
0.47433
0.70690
0.22224
0.55818
0.05121
-0.16706
-0.68518
0.29991
0.68137
0.62950
-0.68595
0.31258
0.01796
0.37642
-0.25029
0.15052
0.65560
0.12196
-0.57124
0.00660
-0.00674
0.48326
0.19470
0.63414
-0.58522
0.39284
-0.43660
0.46777
0.40505
0.30607
0.12090
0.09883
-0.48934
-0.03753
-0.59097
-0.51221
0.22562
0.44312
0.85370
-0.06129
-0.04145
-0.20326
-0.05397
0.04114
-0.40237
0.56768
0.15939
-0.00500
-0.20052
-1.15307
-0.14143
0.11892
0.36789
0.15321
-0.45209
-0.10679
0.50339
0.38657
-0.21327
0.58797
-0.08275
-0.41989
-0.53431
-0.38729
0.07505
0.26914
0.36234
0.06001
0.00180
0.78525
0.33434
0.09250
0.55995
-0.10502
0.71038
-0.12556
-0.00683
-0.24493
-0.33589
0.25144
-0.76847
-0.37185
-0.00879
0.21308
0.11968
0.09319
-0.74562
0.44679
-0.19574
0.04199
0.07812
0.16124
0.04059
0.08033
0.01193
0.08508
0.08711
0.17256
0.20579
0.17108
0.05016
0.01205
0.10660
0.18437
0.11388
0.07638
0.18345
0.09244
0.06733
0.04495
0.08564
0.04185
0.08668
0.06497
0.14091
0.04235
0.14604
0.16333
0.13591
0.13781
0.06653
0.08410
0.20511
0.10427
0.00399
0.19629
0.10609
0.15024
0.04685
0.01777
0.01539
0.20795
0.08981
0.17135
0.00515
0.18188
0.17902
0.17296
0.20574
0.12271
0.15259
0.17101
0.19672
0.02309
0.04840
0.07382
0.06337
0.18107
0.13422
0.11211
0.03509
0.13047
0.19280
0.20691
0.17157
0.16861
0.03405
0.13033
0.01642
0.09561
0.20366
0.08920
0.11624
0.17160
0.15209
0.16516
0.03987
0.10672
0.07304
0.21086
0.03724
0.03233
0.18398
0.07482
0.06329
0.11026
0.07211
0.13514
0.02598
0.02368
0.11083
0.00197
0.20179
0.12263
0.08854
0.08144
0.21210
0.03628
0.16360
0.13204
0.02282
0.10627
0.16877
0.09944
0.12846
0.09344
0.02023
0.09956
0.16108
0.04028
0.15962
0.16758
0.03967
0.07673
0.14305
0.03430
0.00282
0.04157
0.18716
0.05912
0.05692
0.20864
0.09776
0.02443
0.19658
0.08940
0.11232
0.18367
0.14591
0.12953
0.02223
0.13653
0.10180
-0.02655
0.07849
0.06198
0.16558
0.09945
-0.05776
0.12796
0.14094
0.12675
-0.08378
0.26205
-0.21236
0.29775
-1.02284
-0.54771
0.34830
0.02640
0.58137
0.03758
-0.12569
-0.66902
0.54230
0.07177
0.35505
-0.44142
0.14882
0.68506
-0.38513
-0.11491
0.32131
-0.18927
-0.69935
0.12384
-0.03265
0.74401
-0.36088
-0.36546
-0.18093
0.60644
0.13703
0.00035
-0.82499
0.52364
0.67543
-0.15570
-0.97541
-0.80541
0.47094
0.01561
0.29282
-0.36169
0.69798
0.54463
0.69382
-0.01783
-0.24798
-0.57572
0.51362
0.16351
0.58353
-0.48229
0.08388
-0.93576
0.27143
-0.94383
0.67247
-0.20351
1.48675
0.41101
-0.40735
0.39185
-0.07410
-0.17386
0.12723
0.40127
-0.80565
0.16262
0.11846
-0.00597
-0.37833
0.19884
0.58557
0.04393
0.03042
0.28291
0.32509
0.37131
-0.39181
0.23694
0.08292
0.16069
-0.25512
-0.31989
0.36950
0.54477
0.70381
0.96397
0.17567
-0.61116
-1.42943
0.14050
0.50145
0.05627
-0.35244
0.55697
-0.20084
0.70672
-0.61917
-0.33798
0.47266
0.42156
0.20994
-1.47132
0.53557
-0.03527
-0.87788
0.49240
-0.75975
-0.10757
-0.13475
-0.41969
-0.13851
0.33587
-0.11226
0.81494
-0.58998
-0.81653
0.29250
0.01132
0.04495
0.70110
0.25263
0.16722
-0.73009
0.74070
-0.90228
-0.31214
0.31794
-0.01015
0.12705
0.54322
0.09357
0.31485
0.48470
-0.91653
-0.05897
-0.22290
-0.05159
0.52565
0.06136
-0.39097
0.57540
-1.25254
0.42814
-0.21759
-0.33191
-0.20892
0.26818
0.59976
-0.10651
0.28309
0.58171
-0.52698
0.31844
0.49050
-0.33057
-0.08010
-0.28227
-0.43422
-0.52492
0.56645
-1.43260
-0.30409
-0.17233
0.62941
-0.17400
0.00925
0.73541
0.54769
-0.15959
-1.41576
0.01857
0.40539
0.34525
0.69035
0.57385
0.21666
0.21711
0.46958
0.38864
-0.32096
-0.61048
-0.22345
0.75088
0.18434
0.38708
0.23005
-0.08230
-0.05593
0.08860
0.48312
0.05676
0.08131
-0.11547
-0.50236
-0.17591
-0.29398
0.15371
-0.04955
-0.01995
-0.14615
0.13689
-0.15407
-0.02916
0.39947
0.05990
-0.08196
0.24451
0.15661
0.60985
-1.00586
-0.79174
-0.10881
0.41053
0.26596
-0.59924
0.41083
-1.02668
0.40864
-0.04152
-0.13230
-0.27966
0.03670
-0.67996
-0.71376
0.00124
-0.21541
0.01424
0.34464
-0.30086
-0.26351
-0.08331
-0.11533
-0.05069
-0.14317
-0.11667
0.21576
-0.06516
-0.20144
0.00820
-0.15228
-0.07333
-0.07723
-0.22003
0.20535
-0.05174
-0.54620
0.34182
0.15222
-0.40858
-0.05945
0.07817
-0.57111
-0.05388
-0.00667
0.41306
-0.14611
0.25096
0.23756
-0.25135
-0.31628
0.47105
0.01491
-0.99642
0.26192
0.52867
-0.68962
0.29603
-0.41883
-0.59050
-0.06685
0.66561
-0.01577
0.09404
0.25665
0.41991
0.29647
0.09292
0.35512
0.23518
0.17617
-0.44958
0.36752
0.59951
0.49252
0.10449
-0.70059
0.62382
-0.03864
0.31077
-0.17671
0.51583
0.33453
0.39642
-0.07635
0.30556
0.23638
0.97500
0.06868
-0.08040
0.51610
0.71429
-0.19852
0.28077
0.61447
0.31980
-0.46161
0.00657
-0.78046
0.49041
-0.03268
-1.22411
-0.47904
-0.04263
-0.07435
-0.31784
0.57224
0.13057
-0.54861
0.60208
0.15593
-0.00920
0.20152
-0.15050
0.41420
-0.42450
0.20244
0.18889
0.09432
-0.06445
-0.17229
0.32571
0.42511
0.29741
-0.06695
-1.33087
-0.13914
0.19341
-0.92428
0.24789
-0.41558
-0.27269
0.22601
0.06194
-0.37763
0.39482
0.45661
-0.88251
0.36441
-0.47605
0.63364
0.52610
0.12891
0.15978
0.53150
0.09483
-0.10647
-0.02371
0.13432
0.16979
-0.40778
0.31742
0.55700
-0.91041
-0.44915
-0.26010
0.62239
-0.52890
-0.35674
-0.38115
-0.52003
0.21916
0.50398
0.01735
0.61765
0.08088
0.04034
0.60617
0.06586
0.10439
0.79399
0.42878
0.06516
0.42492
-0.66476
0.39883
0.21542
-0.56438
0.32256
-0.55531
0.19320
0.74498
0.40536
-0.19047
0.67690
0.75049
-0.56701
0.41576
0.20430
-0.44601
0.31467
-0.64709
-1.01774
0.03990
0.49247
-0.04614
0.28416
-0.38334
0.02452
-0.40342
0.15072
0.34645
-0.48147
0.14992
0.09322
0.05581
0.31883
0.25723
0.00519
0.01161
-0.78628
-0.01192
0.14653
-0.20028
-0.25018
0.64885
0.18012
0.35365
-1.07857
-0.00474
0.32667
-0.25559
-0.82955
0.18627
0.29976
0.74664
-0.56090
0.45702
-0.13443
0.50193
-0.95212
0.28546
0.77533
0.73906
0.42473
-0.42213
0.12339
0.06523
-0.01428
0.28314
-0.10856
0.52839
-0.66992
0.37992
0.37146
0.03073
0.08298
0.77495
-0.03114
0.14724
-0.50737
0.19752
0.54047
-0.01699
0.16292
0.38132
0.20152
-0.46339
-0.49807
-0.38695
-0.00656
-0.13663
-0.03659
-0.09451
0.13130
0.32703
-0.19642
-0.30656
-0.40640
0.18624
0.18741
0.38348
0.03048
-0.69526
-0.19237
0.67721
-0.12522
-0.73367
0.53213
0.10077
0.61289
0.34225
-0.41697
0.38251
-0.31203
-0.08226
0.33651
0.37753
0.43311
-0.18684
-1.23561
0.09283
0.74676
0.61242
0.24483
-0.30988
-0.35560
0.41994
-0.25734
0.15209
-0.10823
0.61085
-0.19567
0.02776
-0.08079
-0.27463
0.35902
-0.17086
-0.79249
0.31210
0.21447
-0.08363
0.48420
0.52843
0.14626
-0.25812
0.18558
0.13637
0.00160
-0.16224
-0.76883
0.01468
0.56678
-0.19449
-1.15932
0.50448
-0.80367
0.22384
-0.13945
0.56643
0.64797
0.12104
0.49959
0.16273
0.37041
-1.14625
0.12246
0.54836
0.65725
-0.22235
-0.15994
-0.68298
-0.32994
-0.17997
0.36575
-0.34572
0.05762
-0.36702
-0.30293
-0.64214
-1.11178
0.31272
-0.00985
0.08963
-0.48711
-1.06334
-0.19678
-0.71472
-0.00673
-0.45921
-0.71718
-0.13405
-0.57762
0.14239
0.04735
-0.02053
0.02852
0.09430
-0.18155
-0.11261
0.02823
-0.61935
0.20884
0.53149
0.42295
-0.01286
0.09973
0.57615
-0.34489
0.26949
0.46838
0.67556
0.40762
0.29251
0.40022
0.38887
0.08850
-0.06149
-1.25792
-0.51554
0.09884
0.40336
-0.09287
0.19287
0.40627
0.43771
0.60431
0.23761
-0.79357
-0.64704
-0.10427
0.41227
0.26772
0.12428
0.00744
0.29993
-0.22504
0.37005
0.13698
-0.29981
0.33222
-0.51294
0.15043
-0.81202
-0.13422
0.63718
0.42940
0.55844
-0.05153
0.17609
0.15852
0.01608
-0.29721
0.31048
0.16068
0.22104
0.00687
-0.32827
0.09937
0.27201
0.53083
0.36576
-0.21389
-0.29828
0.13828
-0.56518
-0.15048
-0.20158
-0.60569
0.04286
-0.11954
0.14491
0.07398
-0.22772
-0.71484
-0.41945
-0.66588
-0.78201
0.78591
0.57055
-0.80523
-0.43397
-0.14172
-1.05230
-0.21304
0.42792
-0.19567
-0.48236
0.02809
-1.29715
-0.13234
0.40747
-0.69400
0.69568
0.62311
-0.23510
0.04562
-0.23315
0.02564
-0.79030
-0.34755
0.13111
0.22642
-0.06213
-0.30676
-0.33392
0.31783
0.14698
-0.68638
-0.28033
-1.09542
-1.11800
-0.00363
-1.27621
-0.36656
0.20078
-0.76734
0.55704
0.30351
0.06281
-0.14810
0.33685
-0.40683
-1.54387
-0.31581
-0.25669
0.60474
-0.62220
-0.46552
-0.38522
-0.54897
-0.77529
-0.63574
-0.34763
-0.23664
0.25751
-0.56494
-0.90845
-0.56740
0.28117
-1.36296
-0.30929
0.08167
-0.01269
-0.02260
-1.25281
0.47687
-0.21747
-0.54512
-0.44069
-0.12818
-0.44228
-0.00478
0.10004
-0.52700
-0.58283
-0.22694
0.09608
0.72662
0.31585
0.47228
0.55051
0.48331
0.64489
-0.26509
-0.21643
-0.41875
-0.36188
0.08187
-0.23186
-0.54856
-0.79963
0.28207
-0.05376
0.11956
-0.06440
-0.05600
-0.27479
-0.20764
0.18473
-0.63904
0.19619
0.37023
0.09082
0.03554
-0.37693
0.03269
-0.56592
0.90835
0.57192
0.00324
-0.72046
0.21798
0.71467
-0.15749
0.45664
-0.39358
0.29646
-0.00923
-0.46505
-0.38407
0.38033
-0.18245
0.20805
-0.91085
0.34494
0.53887
-0.73530
-0.07463
0.11886
0.61347
0.04974
-0.17019
-0.98521
0.16991
0.30147
-0.49360
-0.00598
0.60374
0.12079
0.05117
0.45704
-0.02671
0.29287
0.36790
-0.12511
0.48947
-0.88205
0.76626
0.24440
0.07753
-0.27606
0.41363
0.28895
0.11126
0.10126
0.62096
-0.69104
0.98064
0.04926
0.21563
0.00100
-0.77768
-0.02175
-0.47151
-0.91054
0.24011
-0.81688
0.76175
-0.13522
0.88197
0.48869
0.76023
-0.19458
-0.72390
0.25337
-0.75252
-0.61194
-0.00149
-0.27599
0.38167
-0.35304
-0.16165
-0.08181
-0.46491
0.76371
-0.65309
-0.16992
-0.01987
0.48268
0.96919
-0.48535
-0.40997
0.80185
0.27020
0.30685
0.92383
-0.30707
-0.25857
-0.28961
0.29456
0.01603
-0.05997
-0.12805
-0.55593
-0.04549
-0.48485
0.13758
-0.38746
-0.39598
0.08815
-1.09861
0.14215
-0.27350
0.29717
-0.08637
0.00450
-0.14069
0.10441
0.47450
-0.42989
0.13357
-0.48664
0.48180
-1.04488
-0.86675
-0.74011
-0.17065
-0.54894
-0.17120
-0.39843
-0.39670
-0.51962
-0.61810
-0.83474
-1.25644
0.38675
0.32683
-0.19993
0.39292
0.51479
-0.67461
0.20888
-0.09752
-1.30208
-0.57170
-0.18517
-0.23882
0.32181
-0.46962
-0.93599
0.65763
0.02945
-0.72545
-0.25321
0.16232
0.11867
-0.20522
-0.51748
-0.19822
0.38118
0.08244
-0.22315
-0.49306
0.15232
-0.70478
0.26202
-0.27959
0.20594
-0.27248
-0.18863
-0.79577
-0.27647
0.36732
0.19247
-0.47127
-0.16788
-0.00134
-1.10124
-0.62158
-0.35401
-0.73963
-0.17742
0.04582
-1.32122
-0.42563
-1.25418
0.10015
-1.34135
0.33727
-0.74894
-0.24822
0.31685
0.10383
0.40004
0.16916
-1.37281
-0.18743
-0.53734
-0.45012
-0.02551
-1.06158
-0.21633
-0.01487
-0.08149
0.01168
0.00312
0.71914
0.16753
-0.37106
0.35087
-0.34203
-0.53793
-0.84906
-0.92834
-0.10138
0.19163
0.03515
0.30615
-0.62700
0.27780
0.14238
0.01541
0.10138
-0.10520
-0.45338
-0.24287
0.44802
-0.94162
-0.16849
0.10492
0.51865
-0.90885
0.33200
-0.98868
0.22856
0.33794
-0.34875
0.04699
0.16679
0.51260
-0.33835
0.85012
0.19592
-0.24931
-0.63509
-0.44487
0.00320
-0.48710
-0.16238
0.38091
-0.33651
-0.22853
-0.49483
-0.52607
0.32716
-0.53325
0.55212
-0.19607
0.75255
0.38034
-0.38433
0.20899
-0.24974
0.18603
0.38027
0.15740
-0.43520
-0.42276
-0.06641
-0.85939
0.11385
-0.14652
-0.33976
0.18463
-0.56566
0.12605
-0.31493
0.11925
0.51015
0.63849
0.21277
0.15710
-1.05323
-0.80698
0.24645
-0.08338
0.35959
-0.19343
-0.23061
0.25514
-0.64477
0.02079
-0.35734
-0.24222
-0.69519
-0.84074
-0.44989
0.72431
-0.43726
0.19736
0.50009
0.37289
0.35803
0.04361
0.72364
0.36349
-1.23861
-0.28180
0.17541
0.15794
-0.55880
-0.32775
-0.40571
0.11711
-0.23437
-0.14283
-0.17358
-0.17146
-0.10789
0.04603
-0.16566
0.50794
-0.13245
0.20240
0.52144
-0.50026
-0.31428
-0.63696
-0.16227
-0.20606
0.30619
-0.65981
0.04051
0.43301
-0.24496
0.09898
-0.25324
-0.30240
0.01253
0.06676
0.44132
0.49793
0.11485
-0.84055
0.88828
0.02311
0.34501
-0.44745
-0.98094
-1.48290
-0.79780
0.44995
0.43526
-1.58952
-0.10933
-0.20293
0.11399
0.53747
0.01750
0.50628
0.13344
-0.06440
0.16723
0.44480
-1.24816
0.12928
0.67741
-0.33132
0.52035
0.32191
0.57345
0.10785
0.57701
0.82219
0.13063
-0.01217
-0.06661
0.57702
0.41252
-0.08953
0.12075
0.52407
-0.62356
-0.69136
-0.12309
-0.46613
0.33646
0.42223
-0.03245
-0.15040
0.28605
-0.83137
-0.04413
0.32869
0.36120
0.25578
-1.15841
0.13500
-0.69541
0.15411
0.18481
0.10494
-0.31452
0.07203
-1.18861
-0.37634
-0.22064
0.43951
0.09206
0.04996
-0.29571
-0.11407
0.15108
0.33261
-1.01615
-1.49760
-1.01945
-0.61839
-0.40929
-1.00519
-0.63820
0.56356
-0.39399
-0.78977
0.54757
0.82847
-0.38450
0.27722
-0.62440
-1.17281
-0.80965
-0.17097
0.05977
0.36499
-0.95014
-0.09945
-0.03636
-0.20686
-0.24097
0.53150
0.02247
0.57248
0.60714
-0.15916
-0.26022
0.31245
-0.29139
0.21401
-0.09912
-1.12684
-0.84051
0.61759
-0.05085
0.38095
-0.59964
0.07187
0.03090
-0.10809
0.26694
-0.22486
-0.31304
0.48479
0.12470
0.18936
-0.59165
-0.37773
-0.15283
0.24254
-0.68444
-0.16315
0.10449
0.10139
0.55550
-0.01050
0.24188
0.42963
-0.11526
0.44273
0.15209
-0.20691
0.13995
-0.42824
0.14372
-0.74103
0.30769
0.31774
-0.35279
-1.43930
-0.86074
0.59286
-0.84880
-0.28973
-0.64393
0.51427
-1.29533
-0.54657
-0.84051
-0.16933
0.66869
0.65811
0.06135
-0.28886
0.03311
0.25153
0.43341
0.45626
0.52739
-1.40451
-0.33643
-0.14262
-1.18986
-1.12921
-0.09377
-0.39128
0.52265
-1.51078
0.57418
-0.00768
0.04734
0.61950
0.43627
-0.19040
-0.11699
-0.07596
-0.37118
0.47477
-0.98578
-0.33530
-0.05444
-1.00978
-0.22722
0.22569
-0.25297
-0.17784
-0.01302
0.40412
-0.08815
-0.04236
0.31469
-0.77391
-0.09499
0.43592
-0.29200
-0.06149
-1.12152
0.67351
-0.62438
0.27887
0.48612
-0.18317
-1.12184
-1.56802
-0.80467
-1.13509
0.12949
0.34584
-0.25067
-0.18022
0.34458
-0.21934
0.10916
-0.70450
0.04251
0.32725
-0.77196
-0.85346
0.22908
0.08942
-0.15803
0.29154
-0.12105
0.30183
0.08317
-1.22490
-0.48647
0.33558
-0.33332
0.32055
0.47169
-0.35377
0.39760
-0.31589
-0.07279
0.01021
0.43475
-0.32649
-0.32412
0.85064
0.00803
-0.03661
0.18223
0.06698
0.05752
0.12948
0.01056
0.01152
0.41995
-0.36821
0.46907
0.03272
-0.32336
0.55161
0.42554
0.42490
0.56159
-1.64866
0.58561
0.07471
0.06316
0.32702
0.33889
0.39255
0.58422
0.01168
0.20714
0.01104
0.62674
-0.71988
0.43064
0.39516
0.02219
-0.01359
0.32832
0.31615
0.69446
-0.02058
0.74485
0.30560
-0.30103
-0.72697
-0.11932
-1.02103
0.31839
-0.75137
0.38554
0.55221
-0.03436
-0.28511
-0.00914
-0.37541
0.46769
0.66441
-1.73368
-0.36470
0.27915
0.07124
-0.37658
0.16331
-0.04806
-0.02808
-0.21390
0.78289
0.27577
0.68306
0.04293
0.36605
0.20629
-0.00548
-0.08760
-1.29132
0.11983
-0.03157
0.33055
-0.26536
0.37228
-0.31266
0.14763
0.60547
0.34794
-0.63802
-0.07278
-0.17551
-1.08755
0.10906
-0.25656
0.63445
0.16071
-0.57755
0.02161
-0.72598
-0.39090
0.49411
-0.34802
0.64263
-1.40251
-0.36824
0.46257
-0.40970
0.59541
0.07878
0.43855
0.35070
0.49014
-0.04903
0.78933
0.00370
-0.20891
0.01782
0.37278
-0.26748
-1.06737
0.41610
0.16312
-0.95256
-0.65103
0.64753
0.54121
-0.63068
0.00697
0.17532
0.54050
0.32016
-0.21922
0.33557
0.45381
-0.57913
0.41899
0.05290
0.29064
-0.32570
-0.26172
0.32176
0.20724
0.32136
-1.31253
0.03137
-0.48068
0.52134
0.55813
-0.17869
0.36834
0.19047
0.30536
-0.46452
-0.53848
-0.33879
0.00700
-0.98386
0.19515
0.35869
0.16103
-0.47844
-0.09712
-0.05391
0.45344
0.39252
-0.17998
0.28213
0.42172
0.68710
-1.25053
-0.11362
0.11297
0.23077
0.52480
-0.35206
0.42177
0.46640
0.21851
-0.06332
0.15196
0.16370
-0.11307
0.01760
-0.98677
-0.95666
0.65960
0.46322
0.21286
0.36713
0.14948
0.55156
-0.11461
-0.16326
0.51649
0.44093
0.46363
-0.21146
0.52418
0.54844
0.16279
-0.87775
-0.21960
0.12690
-0.21568
-0.12544
0.06221
0.27003
0.56650
-0.27749
-0.61396
-0.24914
0.71847
0.24027
-0.03241
-1.18801
0.29305
0.05265
0.20114
-0.25704
0.14825
-1.67838
0.49820
-1.14947
0.03734
0.05786
-0.86302
-0.20908
0.21639
0.40469
0.33370
0.30599
0.35844
0.28328
0.28466
0.16896
-0.99856
0.14402
0.18180
-0.97222
-0.11555
-0.15313
0.70425
0.26748
-0.16414
-0.60198
-0.17967
-0.17175
-0.93010
0.36357
0.19401
0.49815
0.12486
0.50144
-0.18817
-0.21706
0.71870
0.61815
0.15904
0.15529
-0.23099
-1.67192
0.51086
-0.28198
-0.21375
0.09785
0.17156
0.88056
-0.93906
0.17817
0.12853
-0.23920
-0.22651
-0.21751
0.52649
-0.51165
-0.19562
0.47471
-0.95126
0.17166
-0.22724
0.16252
-0.19180
-0.53909
-0.92285
-0.19856
-0.93175
-0.03386
-0.60523
-0.51903
-0.26217
-0.20829
-0.12611
0.49006
0.44352
0.81622
-0.23352
0.18824
-0.58842
0.88159
-0.28357
0.15150
-0.24413
-0.16792
-0.17887
-0.58109
-0.59236
-0.61480
-0.54578
-0.21184
0.33153
-0.19097
-0.49666
0.13428
0.13612
-0.11659
-0.34169
0.24044
-0.63260
0.14900
0.52565
0.12974
-1.04500
0.13954
0.44593
-0.90903
0.52164
-0.47844
0.45659
-0.51943
0.50607
-0.65121
0.46942
0.49684
0.51336
-0.32339
-0.99320
-0.20269
0.01806
0.42897
0.40190
0.13638
0.44429
-0.28032
-0.10817
0.51252
0.12726
-0.16457
-0.15823
0.50737
-0.04269
0.16673
0.23219
0.46089
0.04137
0.03444
-0.01658
0.05781
0.45829
-0.06504
0.22607
0.47018
-0.16330
0.08339
0.29904
-0.17921
-0.29105
-0.07390
0.31064
-0.02497
-0.09693
-0.40324
-0.07577
0.09715
-0.09024
-0.38688
-0.24542
-0.29258
-0.58935
-0.54970
-0.86432
-0.13219
0.25451
-0.04218
-0.32551
0.49856
-1.03491
0.22077
0.07811
0.44739
0.30924
-1.22930
0.03280
0.58936
0.44603
-0.37356
-0.82069
0.45751
-0.45744
0.77862
0.36909
0.80440
0.55768
0.38879
-0.37498
0.50323
0.01736
0.71781
0.46215
0.11534
0.11776
0.45017
0.44694
0.47249
0.45076
0.48490
0.25408
0.51625
0.42266
0.21408
-0.11609
0.05474
0.13596
-0.54938
-0.21653
0.13009
-0.15935
0.36967
0.56454
-0.22415
0.02537
-0.57056
-0.22678
-0.19853
-0.21351
0.12568
-0.23722
-0.18741
-0.21919
0.06362
0.07979
-0.20808
-0.57333
-0.21619
-0.79758
0.08457
0.20066
0.18544
0.17714
-0.19237
0.35940
-0.58233
-0.58934
0.41777
0.03128
-0.29385
-0.33990
-0.06719
0.02913
0.56900
-0.39449
0.15023
-0.74410
-0.98097
-0.40013
-0.45970
0.46409
-0.15649
0.30308
-0.18910
-0.27905
-0.02731
0.28533
-0.72989
0.46097
0.47024
-1.32406
-0.55623
0.50914
-0.50797
-0.65862
0.75748
-0.22824
-0.70547
-0.31551
-0.22579
-0.28690
0.50155
-0.77484
-0.00173
-0.02620
-0.36420
-0.72882
0.72688
0.32522
0.37195
0.21790
0.51421
0.08571
0.16113
0.34468
0.13178
-0.21371
0.39972
0.23404
0.45774
-0.07720
-0.45938
0.62684
0.03698
-0.03359
-0.02480
-0.00819
-0.22179
0.59559
0.23831
0.06612
-0.85457
-0.04625
-0.66544
0.49207
-0.17019
-0.04255
-0.87845
0.41730
-0.52564
-0.59802
0.17018
0.37545
-0.51287
-0.69276
0.53158
0.64874
0.36282
0.23843
0.02788
0.00121
0.37407
0.25377
0.41236
-0.28020
-0.49555
0.44207
-0.11247
0.22708
0.32992
0.27022
0.35434
0.42132
-0.09177
0.10663
0.05166
-0.12648
0.59723
-0.68216
-0.42215
-0.02354
0.65266
-0.50055
-0.05699
0.28102
0.62415
-0.09048
0.14442
0.60458
0.14900
-0.99078
-0.15045
0.16207
-0.59125
0.22462
0.42086
0.04363
-0.22328
-0.21842
0.11442
-0.25114
