0.22565
0.03535
-0.16740
-0.66948
0.50958
0.42343
-0.46042
0.71014
0.29561
0.09469
0.43658
0.08233
-0.01707
-0.31946
0.20624
0.21562
-0.31908
0.25905
0.22069
-0.21162
0.53997
0.68944
-0.20041
0.54884
-0.09373
-0.24596
-0.59213
-0.02940
-0.16635
-0.62493
0.25437
0.09099
-0.32270
0.22484
-0.25902
0.64294
0.58478
-1.10010
0.44376
-0.49071
0.10935
0.03692
-0.54751
0.09046
-0.37078
0.30988
0.52156
0.31052
0.69050
0.48672
-0.42210
0.32435
0.48167
0.52133
0.24510
-0.64375
-0.33099
-1.20037
-0.35522
-0.37794
0.03203
0.41793
0.14458
-0.24461
0.15239
0.24034
0.89527
-0.21764
0.44570
0.43699
0.57544
0.24608
0.20436
0.07342
-0.31101
-0.15117
-0.45248
0.21550
-0.28163
-0.08770
-0.06028
0.47629
0.82279
0.80584
-0.45740
-0.12740
0.47620
0.23226
-0.06804
-0.32889
-0.11688
0.10709
0.44882
-0.24096
0.03741
0.15373
-0.29118
0.11582
0.67330
0.28096
-0.12987
-0.04472
-0.07213
-0.19046
0.27163
0.48549
0.42560
0.13841
-1.25759
-0.56819
-0.25106
-0.24357
0.15795
0.12776
0.01089
-0.07285
-0.04011
0.30580
0.30137
-0.65288
-0.34802
-0.45080
0.58748
0.12977
-0.59466
-0.59628
0.63797
0.01702
0.27829
0.46653
-0.04301
-0.01435
0.39830
0.39075
0.19759
-0.18212
0.37352
-0.06665
0.48901
-0.13221
0.10643
0.21688
-0.32272
0.16231
-0.13397
0.17041
0.20647
0.03069
0.17622
-0.20741
0.13716
0.34624
-0.56572
-0.55336
0.19385
0.75807
-0.26408
0.39450
0.10963
0.12226
0.04067
0.13518
-0.30116
-0.15782
0.26382
0.02419
0.02414
-0.38631
0.73544
0.92230
0.32381
-0.59308
-0.21885
-0.66847
-0.65557
-0.66495
0.34664
-0.06571
-0.44427
-0.25022
0.45249
0.69156
0.27570
0.01199
-0.17739
-0.00626
0.36907
-0.19519
0.34261
0.18222
0.03489
-0.50719
-0.02937
-0.24390
0.19891
-0.70119
0.47831
0.30470
-0.16877
-0.82206
0.86283
0.36918
0.26591
0.04897
0.07644
-0.09453
-0.03433
-0.45111
-0.17955
0.42942
0.29223
-0.23211
-0.18799
0.56505
-0.40745
0.34918
0.38705
0.04090
-0.14981
0.11827
0.36462
0.25104
0.49271
0.65659
0.04796
0.18455
-1.13455
-0.26259
-0.49692
-0.12565
-0.16325
-0.56409
-0.36785
-0.09744
-0.10843
-0.02486
0.59523
0.33338
0.04118
-0.21306
0.01017
0.20694
-0.48247
0.04599
-0.26207
-0.30071
-0.26526
0.23659
0.02031
0.09349
0.20938
-0.36265
0.16086
-0.39158
-0.35199
-0.25447
0.23043
0.26206
-0.21950
-0.15775
0.42128
0.09974
-0.34781
-0.08513
-0.48415
-0.16946
-0.48565
-0.12582
0.05378
0.84684
0.07265
0.17412
0.29266
0.44743
0.03579
-1.03664
-0.04866
-0.75951
0.61900
0.37625
0.64034
0.52740
-0.27722
-0.56154
-0.33247
-0.12078
0.11900
0.59633
0.10813
-0.49305
-0.38859
-0.17551
-1.12882
0.12467
0.11560
-0.49260
0.39430
-0.20312
-0.64083
0.11366
-0.50116
-0.14662
-0.09183
-0.29927
-0.13985
-0.58867
0.00180
-0.74724
-0.13936
0.48378
0.39676
-0.65287
0.02444
-0.10616
-0.78164
0.28937
0.12048
-0.05195
0.14161
0.52467
0.62766
0.10033
0.40598
-0.27325
-0.81803
0.10838
0.52881
0.16256
-0.41724
0.20377
0.18910
-0.01001
0.41501
0.28802
0.43340
0.19255
0.58027
0.06480
0.29811
-0.38499
0.08139
0.29693
0.61315
0.08621
-0.45673
0.44511
0.58815
0.24404
-0.32021
0.53684
-0.25963
-1.50055
-0.08135
0.42802
0.39638
0.08893
0.11638
0.24456
0.18952
0.05774
0.08465
0.29010
0.09503
-0.24601
0.04267
0.24450
0.11297
0.71367
0.61100
-0.47477
-0.66805
0.30472
0.54081
0.21908
0.47357
-0.28071
0.02505
-0.16739
0.23183
-0.03457
-0.67596
0.08824
-0.20175
-0.37026
-0.33720
0.11676
0.23126
0.79714
0.05678
0.41747
-0.38345
-0.11494
-0.02300
0.01092
0.22178
-0.53499
0.63382
-0.59065
-0.08299
0.50139
0.22550
0.58853
0.02159
-0.15110
-0.26417
-0.07615
0.29775
-0.10473
0.26374
-0.20729
0.28499
0.22236
-0.17612
0.15543
0.64522
-0.30078
-0.00667
0.83017
-0.74031
-0.01594
-0.40663
-0.54193
-0.05534
0.68990
0.33393
0.22145
0.41203
-0.11863
-0.39616
-0.24495
-0.14224
0.01371
-0.57948
-0.46430
0.22601
0.68864
0.34172
0.05332
0.11305
0.34306
-0.70254
0.15016
0.50711
0.34736
0.13022
-0.22732
-0.33416
0.16326
-1.66020
0.40972
0.49663
0.15233
-0.14008
0.20317
0.09871
-0.62768
-0.17663
0.17877
0.50188
0.31303
0.11349
0.39258
0.14590
-0.56479
0.29779
0.58201
0.05316
-0.32844
0.31339
0.18890
0.06991
0.36321
-0.46528
-0.45154
0.38660
-0.35537
0.12692
-0.34052
-0.66663
-0.10057
0.36480
0.04760
0.19012
0.00523
0.08170
0.07047
0.26111
-0.22053
0.21964
0.03882
-0.19848
0.35140
-0.69052
-0.34115
0.49083
0.46774
0.34784
-0.27089
0.45313
0.04110
-0.50494
0.22598
0.36874
-0.28521
-0.00377
0.10415
0.55344
0.47737
-0.05549
0.03376
0.39510
0.65337
-0.14667
0.34338
0.26340
0.27057
-0.17831
-0.01395
-0.11502
0.03921
-1.33864
-0.84470
0.58572
0.36642
0.45492
0.37838
0.27692
0.11175
-0.10827
0.13991
-0.27860
-0.57475
-0.31664
0.36963
0.22243
0.44654
-0.06855
0.41882
0.48159
0.65641
-0.00586
0.21691
0.05094
-0.43727
-0.22578
-0.10035
-0.01073
-0.35896
-0.14157
0.37044
0.43678
0.28655
-0.13416
0.21561
-0.80872
0.12421
-0.08277
-0.59533
-0.34663
0.05254
0.25091
-0.28835
0.28423
-0.31261
0.16472
0.12850
0.43588
0.32843
-0.03550
-0.09203
-0.31729
0.81467
0.18899
-0.13942
0.30218
0.24570
0.40291
0.19144
-0.27422
0.16305
-0.71674
0.19271
-0.06202
-0.20882
0.48324
0.02591
0.18866
-0.15524
0.09078
0.81166
0.47960
0.29319
0.90517
0.21048
0.40119
0.35137
0.05763
0.14537
0.70194
0.07548
-0.80908
0.57929
-0.11442
-0.29133
0.40402
-0.47051
0.18745
-0.03035
-0.02828
0.06220
0.05591
-0.05267
0.21313
0.02597
-0.07703
-0.24220
0.07286
0.37439
0.16170
0.88969
0.14102
0.22964
0.12404
0.04792
0.20582
-0.32470
0.68859
0.20350
-0.43743
0.78264
-1.17029
-0.30133
0.25028
0.31976
-0.22517
0.26242
0.24415
0.26685
0.35945
-0.07018
0.44019
-0.20422
-0.09312
-0.48057
-0.06698
-0.46187
0.23970
0.11935
0.42877
-0.55840
-0.29405
-0.24941
0.02281
0.11039
0.07423
-0.74192
0.16463
0.10718
0.04366
0.31906
-0.46812
-2.17359
0.32652
-0.28683
0.17485
0.46749
0.23554
-0.54411
0.75467
0.40864
0.35297
0.18182
0.11195
-0.01046
-0.24094
0.03397
0.15225
0.41666
0.25132
-1.40362
0.63399
0.84864
-0.07331
0.25381
-0.24235
0.71543
-0.27415
0.05294
-0.24058
0.46082
-0.00096
-0.10256
-0.01214
0.53690
0.17675
0.03511
0.17291
-0.34511
0.04087
-0.43155
0.29883
-0.00837
0.50033
0.57628
0.41156
-0.02172
0.14105
-0.18707
0.33277
-0.08658
0.38271
-0.09934
-0.27538
0.20540
0.05352
0.44312
0.40630
0.70660
0.24151
0.66176
0.45853
0.24311
-0.41209
0.69352
-0.13154
0.15693
-0.30578
0.22595
0.13642
-0.28081
-0.90991
0.27655
-0.01378
0.62233
0.38208
0.42208
0.56426
0.21164
0.10275
0.27781
0.26912
0.35076
-0.20411
-1.91102
-0.57482
0.50289
0.05965
0.55513
-0.02957
-0.22738
0.16962
0.46153
-0.23079
-0.38738
0.23780
0.48310
0.60248
0.40801
-0.16295
0.04574
0.74617
-0.14638
-0.27597
0.12991
-0.35007
0.11656
0.46017
0.66499
-0.14845
0.01742
0.27974
0.14763
0.46018
0.23262
0.47696
-0.01169
0.17437
-0.34096
-0.11304
0.33197
-0.55114
-0.20253
0.47810
-0.43453
0.58563
-0.24389
0.56704
0.50318
0.11507
-0.05612
-0.18852
0.22847
0.01705
-0.35860
0.10911
0.20443
0.44833
0.20321
0.00400
-0.51438
0.08286
-0.26323
0.75134
-0.11535
0.04671
0.12249
-0.74826
0.23385
-1.21555
-0.09431
0.52677
0.27961
0.45574
0.35851
0.78101
0.20304
-0.83771
0.64893
0.29104
0.80635
-0.17198
0.28671
-0.02361
0.19376
0.19117
0.07870
0.40444
0.17601
0.71969
0.14257
-0.02307
-0.43040
0.02928
0.66156
-0.16682
-0.07030
-0.72544
0.26408
0.39672
-0.52014
-0.32233
0.31461
-0.13055
0.60416
0.12623
-0.12740
0.19826
0.46369
0.34599
0.55853
0.06602
0.01002
0.40925
-0.03118
0.72934
0.59401
-0.48443
-0.22808
0.06008
0.17083
-0.56887
-0.06519
0.04304
-0.05478
-1.17725
-0.02059
-0.23552
0.37468
-0.18484
-0.33804
-0.06619
0.15226
-1.69517
0.21831
-0.22848
-0.69370
0.47703
0.20913
0.10702
-0.59364
0.64068
0.37660
0.02782
0.32060
-0.23982
-0.26747
0.58055
0.07524
0.57860
0.91362
0.53790
0.20279
0.32831
-0.75239
0.43269
-0.25757
-0.23399
-0.12829
0.02784
0.25484
-0.59442
-0.31687
0.21219
0.00958
-0.59409
-0.37050
0.25504
0.34465
0.10269
-0.06734
-0.23784
0.21999
-1.47499
-0.17500
-0.32148
0.22790
0.35910
-0.60950
0.30702
0.07140
0.13051
-0.95387
-0.11371
0.18057
-0.04553
0.27874
0.51197
-0.04778
0.86779
-0.13176
-0.48992
0.56810
0.23873
0.09711
-0.69256
0.37032
0.11455
-0.28556
0.04847
0.06844
-0.35698
0.41873
0.48695
0.05788
-0.51005
0.46872
-0.25425
0.63313
-0.36629
-0.64577
-0.12308
0.11619
-0.89989
-0.39121
-0.05436
0.33850
0.02122
0.15926
0.84956
-0.07049
-0.07023
-0.30705
-0.29307
-0.11155
0.31698
-0.03814
0.40755
-1.07275
-0.12673
0.96487
0.13811
0.16531
-0.13917
-0.23679
-0.16319
-0.21154
0.03258
0.62022
-0.22383
-0.68536
-0.20365
0.55180
0.28063
0.19709
0.40072
0.06892
-0.08163
0.71564
0.56110
-0.16500
-0.43738
-0.92690
-0.43979
-1.00338
-0.47238
0.02698
0.06535
-0.02976
-0.23500
0.48046
0.16786
0.25017
0.48119
0.59946
0.17964
-0.12517
0.07823
-0.12179
-0.85206
-0.28754
-0.35524
0.80773
0.23002
0.60452
-0.22884
-0.37913
0.50510
0.35211
0.29847
-0.02197
0.48352
-0.37797
-0.35166
0.25565
-0.17461
-0.05721
0.16228
0.23460
0.69982
-0.25262
-0.09977
0.14427
0.51510
-0.00502
0.43949
0.40364
-0.93897
-0.05009
0.16935
-0.44583
0.11147
-0.32069
0.36990
-0.40435
0.56314
0.48777
0.59087
-0.54806
-0.12211
0.03161
-0.02009
-0.38087
-0.85146
0.16618
0.35468
0.03287
0.28412
0.62037
0.01178
0.35175
-0.03641
0.40224
-0.06968
-0.31003
0.55449
0.07844
0.09482
-0.33875
0.50086
0.25620
0.14445
0.16338
-0.26743
-0.40701
0.43249
0.41098
-0.00493
0.58334
0.11147
-0.15301
-0.73470
0.22068
0.73160
-0.13432
0.56027
0.69630
0.16404
0.53034
0.47441
0.11106
0.06827
0.19608
-0.42716
-0.32326
-0.03299
0.04803
-0.03224
-1.18752
-0.13813
-0.62518
0.55088
0.13721
0.06244
0.20008
0.30511
0.41304
-0.07990
0.49002
0.53453
0.18255
-0.33057
0.33426
0.30853
0.17899
-0.26134
-0.42279
0.37944
-0.29046
0.50914
0.38812
0.03267
-0.00629
0.38082
-0.39291
0.33774
0.15423
0.27949
0.71771
0.41982
-0.49074
-0.07614
0.33782
0.24072
-0.10189
0.86545
0.21196
-0.47376
-0.10192
-0.99719
-0.04079
0.18114
-0.25074
0.28127
0.21826
0.49644
-0.40477
0.39868
-0.12475
0.53397
0.04929
0.08929
0.67015
-0.05512
-0.95953
-0.08947
-0.03351
0.40693
0.25903
0.51772
0.55880
0.34321
0.48631
-0.50754
0.44975
-0.05506
0.18157
-0.08912
0.10460
-0.03062
0.04272
-0.19799
-0.20469
0.29084
0.11886
0.38766
0.52507
-0.23780
-0.07783
0.07485
0.41113
0.03584
-0.46120
0.15448
-0.15946
0.73701
-0.14829
0.11176
-0.06087
0.55543
0.32075
-0.14312
-0.06113
0.62295
0.35723
0.47017
0.13130
-0.25686
-0.01482
-0.08955
-0.00695
0.25901
0.02331
0.27044
-0.31034
0.16486
0.55070
0.15869
-0.00504
-0.60370
0.02948
0.32426
-0.23465
0.14411
0.49661
-0.49366
0.03920
-0.04260
-0.40247
0.10843
0.31547
0.26627
-0.09795
0.19134
-0.32263
-0.13482
0.40574
0.66554
0.15156
-0.35905
-0.45037
0.43774
0.07031
-0.46112
0.36986
-1.14903
0.46517
0.48472
0.06996
-0.04349
0.48651
0.00454
0.47337
-0.00511
0.02450
0.09723
0.09180
0.06231
0.63032
-0.01441
0.13887
-0.18334
-0.53978
0.40212
0.36454
-0.07000
0.16296
0.08620
-0.49465
-0.06456
-0.12022
-0.08754
0.09554
0.09740
0.56566
0.05970
0.20994
0.10712
0.22960
0.23653
0.35646
0.15469
0.28291
-0.76732
0.34344
-0.08693
0.02223
-0.17804
0.28243
0.63041
-0.51107
0.58692
0.37594
-0.74180
0.49867
0.09692
-0.16004
0.20404
0.32464
-0.58113
0.34906
0.19688
-0.02761
-0.06606
-0.28151
-0.10233
0.51750
0.69945
-0.08717
0.33517
-0.18821
-0.77025
0.52488
-0.40601
-0.56669
0.26696
0.59859
0.27586
0.31265
-0.51328
-0.09206
0.71244
0.06209
-0.30689
-0.38437
0.12502
0.55604
-0.75958
-0.41509
0.48737
-0.30234
0.08300
-0.14698
-0.22202
0.24098
-0.43878
0.24425
-0.53242
-0.10149
0.43032
0.05937
-0.34188
0.42773
-0.50866
-0.16482
-0.36161
0.15952
0.14936
0.38066
0.45964
0.08300
0.52594
-0.10943
-0.83173
0.19774
0.61523
0.29202
0.06955
0.37339
0.66816
-0.13253
-0.45673
0.18236
-0.00817
0.51963
0.19906
0.23042
0.14966
0.26136
0.58663
-1.33693
0.24556
-0.19492
0.15681
0.22381
0.11856
0.04681
-0.01673
0.55002
-0.18654
0.06537
0.24851
0.26431
-0.14873
0.09071
-0.56685
0.20674
0.44540
0.05565
-1.09245
0.76573
-0.51628
0.52992
0.02473
-0.01385
0.18920
0.03308
0.02066
0.40816
-0.13727
-0.74847
0.16489
-0.00353
0.14109
0.43812
0.60733
-0.27357
0.33709
0.55419
0.23876
-0.29552
0.15590
0.27736
0.24928
0.66641
-0.40852
0.54024
0.87261
0.01853
0.57215
0.09944
-0.28987
-0.78078
0.26588
0.63863
0.61802
-0.65822
0.25146
0.12705
0.45106
-0.47134
0.20629
0.64553
0.04875
-0.41720
-0.01109
-0.12209
0.62816
0.22732
0.67439
-0.62807
0.35583
-0.31565
0.44833
0.41000
0.34704
0.21873
0.17647
-0.58716
-0.10038
-0.45465
-0.34362
0.21363
0.34691
0.67892
-0.06690
-0.06555
-0.29914
-0.01558
0.16825
-0.57799
0.61269
0.27030
-0.13071
0.08499
-1.05640
-0.04524
-0.04772
0.36643
0.18717
-0.28536
-0.31918
0.46705
0.36786
-0.07944
0.71203
-0.15544
-0.47368
-0.73571
-0.30821
-0.05100
0.09980
0.39892
0.10293
0.82346
0.29979
0.17460
0.56707
-0.06094
0.64312
-0.08411
0.07721
-0.23121
-0.16901
0.26141
-0.13723
-0.41643
-0.02227
0.37321
0.07410
0.14788
-0.78346
0.09540
-0.02196
0.19054
0.08586
0.02914
0.17345
0.02427
0.01981
0.07343
0.20732
0.14576
0.18040
0.06558
0.06898
0.20658
0.14910
0.18406
0.11476
0.05106
0.11477
0.11667
0.06282
0.12219
0.00816
0.07196
0.06539
0.01442
0.18090
0.04051
0.05636
0.07618
0.08485
0.10154
0.18354
0.01154
0.12388
0.18708
0.03765
0.15993
0.15131
0.07058
0.05102
0.07952
0.14466
0.12540
0.15120
0.03215
0.00156
0.11259
0.04065
0.18354
0.07623
0.08740
0.08235
0.12371
0.06573
0.14361
0.05977
0.19022
0.10006
0.16914
0.01313
0.15659
0.00503
0.20633
0.10802
0.06834
0.02678
0.16881
0.12936
0.10288
0.10979
0.14802
0.14722
0.16167
0.09092
0.09220
0.18060
0.18425
0.10018
0.05298
0.17238
0.08887
0.12809
0.04836
0.09093
0.05174
0.13838
0.01720
0.17618
0.02408
0.10546
0.08841
0.04798
0.04307
0.16622
0.15606
0.02177
0.06536
0.09784
0.03163
0.13462
0.04480
0.14925
0.21034
0.10363
0.06375
0.10376
0.17227
0.14566
0.02810
0.04916
0.05445
0.05498
0.07364
0.15303
0.09660
0.03822
0.02333
0.05889
0.09536
0.07056
0.17217
0.09793
0.05262
0.15012
0.10900
0.19413
0.03007
0.11012
0.12585
0.17485
0.18079
0.19425
0.15546
0.00286
-0.03638
0.11800
-0.06946
0.19519
0.01790
-0.07405
0.12705
0.14504
0.07745
-0.05078
0.20433
-0.15797
0.32911
-0.62779
-0.40379
0.34178
0.04586
0.46263
-0.32630
-0.23463
0.61563
0.17079
0.78552
-0.29152
-0.13272
0.65440
0.28300
-0.33835
0.37623
-0.32743
-0.26537
0.07982
-0.14944
0.72762
-1.07761
0.68067
0.17411
0.61072
0.13822
0.28403
-0.35037
0.38553
0.55764
-0.12217
-0.73464
-0.42804
0.43501
0.18634
0.42539
-0.19571
0.64184
0.44082
0.69183
0.08807
-0.14690
-0.63643
0.60290
0.09197
0.15338
-0.35104
0.55589
-0.85417
0.38539
-0.87199
0.48108
-0.20626
1.24726
0.38954
-0.27928
0.48556
0.05461
-0.39601
0.05809
-0.14951
-0.09085
0.36459
-0.37364
-0.05357
-0.31552
-0.24977
0.53956
-0.39724
0.01731
0.34776
0.33465
-0.32074
0.23375
0.32588
-0.03110
-0.42028
-0.36515
0.54336
0.62391
0.47335
0.80668
0.50232
-0.99326
-1.01934
0.20404
0.58581
0.29723
-0.25876
0.52891
-0.22647
0.75002
-0.93397
-0.28425
0.50478
0.53106
0.19514
-1.36758
0.16813
0.25195
-0.86047
0.61910
0.52887
-0.69381
-0.00995
-0.32696
-0.39779
-0.33332
-1.01449
0.72863
-0.23190
-0.70411
-0.03983
-0.12924
0.02579
0.68195
0.35699
0.13783
-0.41802
0.58965
-0.51879
-0.28095
0.25869
0.01779
0.08163
0.70256
-0.31427
0.53250
0.56116
-0.83306
0.64724
-0.00245
-0.47433
0.20447
0.64561
0.51829
0.26014
0.28841
0.14059
-0.54423
-0.22941
-0.18471
-0.28359
-0.30055
0.22280
0.87986
-0.35104
0.41331
0.60419
-0.62157
0.37368
0.44472
-0.56037
-0.57206
-0.76419
-0.19695
-0.47014
0.28582
-0.74046
-0.09173
0.12806
0.71221
-1.08260
0.12233
0.68292
-0.12078
-1.29916
0.05745
0.50193
0.18154
0.60487
0.74621
0.27190
0.04279
0.54516
0.37026
-0.17320
-0.46138
-0.24523
0.82395
0.22229
0.62663
-0.72206
-0.09596
0.10907
-0.92019
0.13756
-0.12007
0.13687
-0.12245
-0.47659
-0.41121
-0.21844
0.12997
-0.12527
0.01026
-0.10036
0.11695
-0.07265
-0.08272
0.23916
0.05461
-0.14316
-0.70239
0.46611
0.45022
-1.19667
0.06764
-0.15927
0.25670
0.56758
-0.71441
0.28307
0.24612
0.41851
0.03089
0.05470
-0.27801
0.08817
-0.57512
-0.75479
-0.06872
-0.00053
-0.00227
0.38666
-0.24403
-0.09664
-0.06776
0.00692
-0.16925
-0.20450
-0.17139
0.18048
-0.04977
-0.10416
-0.21738
-0.10657
-0.09829
-0.10165
-0.27533
0.16352
0.07195
-0.93609
0.50267
0.16193
-1.15598
-0.18233
-0.11484
-0.50448
0.11275
-0.01330
0.56353
-0.15175
0.30796
0.26937
-0.05625
-0.49225
0.42529
0.07680
-1.13504
0.31323
0.36056
-0.45824
0.29584
-0.25018
-0.38501
0.06499
0.73759
0.03886
0.02468
0.03742
0.46677
0.19536
0.05251
0.11217
0.17903
0.14271
-0.19734
0.43394
0.62136
0.37378
0.35943
-0.73736
0.66852
0.13574
0.44951
-0.18523
0.31312
0.37129
0.11255
0.23677
0.53953
1.12279
0.10905
-0.11716
0.60163
0.51147
-0.15685
0.33950
-0.04421
0.36816
-0.45714
0.36368
-0.42541
-0.92115
-0.00550
-1.29761
-0.00944
-0.05644
-0.04652
-0.06917
-0.05970
0.55493
0.18900
0.47218
0.00539
0.07014
0.76892
-0.28473
0.32078
-0.68389
0.19396
0.19137
0.34730
0.03232
-0.15221
0.32150
0.53573
0.46811
-0.19262
-1.38194
-0.33585
-1.10224
0.25781
-0.32596
0.31685
-0.20460
-0.12858
0.02277
-0.35754
0.36084
0.29929
-1.00194
0.33405
-0.38720
0.59152
0.64587
0.10376
0.27826
0.24202
0.03304
-0.01443
-0.38872
0.19032
0.23531
-0.53769
-0.12989
0.54493
-1.10385
0.57771
-0.45744
0.00669
-0.51790
-0.42512
-0.55306
-0.12627
-0.43394
0.14242
0.46919
0.22930
0.61287
0.28760
-0.59044
0.36393
0.32589
0.14772
0.64250
0.41737
0.50118
0.27993
0.02170
-0.67792
0.58186
0.22992
-0.04503
0.35280
-0.32435
0.14770
0.80208
0.37961
-0.23468
0.56691
0.87203
-0.64391
0.57087
0.33586
0.07644
-0.42045
0.31717
-0.64796
-1.09718
0.03106
0.39558
-0.06854
0.25956
-0.63865
-0.01026
0.28871
0.26074
0.21436
-0.69410
-0.02267
0.12384
0.07653
-0.54792
-0.16281
-0.20143
-0.14149
-1.09070
-0.04320
0.22338
-0.00574
-0.30732
0.69126
0.07331
0.07391
-0.04630
0.53910
-0.51111
-0.92013
0.21489
0.26229
0.44019
0.56153
0.12162
0.54830
-0.91147
0.28542
0.04233
0.69574
0.61537
0.35563
-0.11324
0.13926
0.02832
-0.00156
0.17277
-0.38266
0.35193
-0.61982
0.22924
0.44716
-0.00379
-0.04270
0.72753
-0.02947
0.11530
-0.66488
0.11429
0.67310
0.17109
0.20218
0.43096
0.20610
-0.20837
-0.34612
0.01900
-0.06238
-0.07771
0.23766
-0.26701
0.12547
0.13444
-0.24744
-0.20334
0.76154
0.19677
0.24522
0.33520
-0.00822
-0.03945
-0.29424
0.18300
0.51665
-0.17343
-0.64414
0.56375
0.00666
0.67816
0.23239
-0.41093
0.33859
-0.00099
0.57840
0.42107
0.40176
0.03545
-1.15574
0.08970
0.54317
0.39813
0.28408
-0.20127
-0.52535
0.79340
-0.32172
0.12705
-0.17303
0.56236
-0.21950
-0.14440
-0.39573
-0.34973
0.08468
-0.22055
-0.67822
0.48265
0.25767
0.00268
0.62018
0.56045
0.07811
-0.49911
0.22100
0.13364
0.12540
-0.10242
-0.72686
0.03389
0.62685
-0.53520
0.43796
-0.67509
0.16468
-0.34213
0.46029
0.71317
0.56447
0.72415
0.12055
-0.22753
0.19018
0.64027
-0.17133
-0.56021
-0.17843
-0.08759
-0.27360
0.22087
-0.49830
-0.41009
-0.22462
-0.35243
-0.44694
-0.81284
-0.62819
0.16594
-0.09481
0.10967
-0.68308
-0.99667
0.11618
-0.58371
0.07756
-0.21234
-0.86852
0.24563
-0.49834
0.32648
0.05658
0.05390
0.01907
0.09077
-0.55153
-0.08047
0.06583
-0.52003
0.42817
0.18073
0.16863
0.48671
0.09187
-0.03658
0.39400
0.43002
-0.21866
0.05401
0.12145
0.26918
0.75806
0.39088
0.16094
0.34785
0.11269
0.11776
-0.07149
-1.20740
-0.44920
-0.56173
0.28389
0.06997
0.06095
0.35044
0.40186
0.15997
-0.24784
-0.57463
0.08631
0.19033
0.30401
-0.06236
-0.07206
0.35890
-0.13307
0.33433
0.07724
-0.06003
-0.23931
-0.44569
0.34578
-0.62936
-0.09696
0.58638
0.41678
0.44366
-0.35967
0.12011
0.44604
-0.02747
-0.30899
0.22359
0.22195
0.35635
0.08912
-0.18151
0.47127
0.34994
0.58179
0.41424
-0.04837
-0.45221
0.35546
-0.84447
-0.12912
-0.27524
-0.65428
-0.07443
-0.25094
0.17393
-0.09507
-0.37262
-0.62286
-0.65510
-0.34703
-0.70646
0.70260
-0.46647
-0.58455
-0.46606
-0.44489
-0.82029
-0.72558
0.32288
0.31381
-0.51986
-0.07457
-1.46421
-0.34873
0.51694
-0.64780
0.48999
0.52054
-0.03486
0.09596
-0.22573
0.23081
-0.72130
-0.25932
0.15065
0.02607
-0.18416
-0.20263
-0.22154
0.33119
0.04366
-0.84233
-0.92126
-0.82912
-1.16670
0.03492
-1.01705
0.31814
-0.75544
0.46765
0.26795
-0.10699
0.08952
0.39369
-0.80303
-1.29448
-0.24586
0.06074
0.71099
-0.70598
-0.17352
-0.31691
-0.18523
-1.01239
-0.54107
-0.14076
-0.20767
-0.08625
-0.63168
-0.90082
-0.41843
0.15206
-1.47330
-0.22865
-0.10902
-0.00926
0.07592
-1.03758
0.67974
-0.27470
-0.35139
-0.29181
0.69982
-0.34815
0.14673
0.13031
-0.65794
-0.12482
0.46966
-0.15811
0.15958
0.66624
0.07849
0.37133
0.40961
0.64063
-0.65858
-0.49388
-0.53658
-0.71823
-0.06250
-0.21223
-0.79853
-0.13526
0.46669
0.01715
0.33782
0.19955
0.19737
-0.26528
-0.07436
0.09261
-0.54844
0.14822
0.74746
0.50740
-0.06912
-0.01597
0.31223
-0.57245
-0.22063
-0.05322
0.48324
-0.26079
-0.60355
0.27974
0.58666
-0.11495
0.33730
-0.54083
-0.74705
-0.39602
0.35335
0.63959
-0.31154
0.23603
-0.76584
0.09275
0.19575
-0.62563
0.18197
0.02304
0.41695
0.31457
-0.03983
-0.98868
0.10666
0.43385
-0.84866
0.34794
0.24102
0.01644
-0.37444
0.62190
-0.03442
0.23913
0.23303
-0.05049
0.45022
-0.68873
0.15203
0.04554
-0.14288
0.41248
0.33455
0.14285
-0.87498
0.23768
-0.70198
1.00064
0.06466
0.54472
0.18482
-0.05678
0.03242
-0.15336
-0.46844
-0.75138
-0.46192
0.77922
-0.04093
1.06497
0.52123
0.04417
0.66102
-0.10267
-0.62495
0.31613
-0.58371
-0.73039
0.12196
-0.17033
0.21814
-0.87307
-0.07706
-0.52451
0.72119
-0.64997
-0.02532
0.14628
0.48732
0.96446
-0.46972
-0.22613
0.95939
0.33200
-0.03458
-0.47299
-0.17877
-0.66248
0.23792
0.34264
-0.04084
-0.08940
-0.14258
-0.61681
0.14110
-0.34165
-0.09772
0.15296
-0.96060
-0.02641
-0.07462
0.16481
0.00683
0.22875
-0.07940
-0.18330
0.10451
0.36554
-0.43522
0.07278
0.61999
0.54806
-0.72201
-0.41448
-0.75250
-0.07868
-0.06358
-0.38546
-0.29198
-0.63849
-0.39834
-0.78692
-0.93277
-1.22703
-1.11577
0.07528
0.31295
-0.07177
0.50710
0.48930
-0.93353
-0.20577
-0.76241
-0.41976
-0.25454
-0.31939
0.45153
-0.44514
-0.19384
-0.51889
0.57823
-0.12061
-0.52448
-0.18800
0.20880
-0.21418
0.34765
-0.49162
-0.15597
0.47609
0.20196
-0.00431
-0.50957
-0.28896
-0.76779
0.17650
-0.23121
0.21526
-0.23874
0.37500
-0.22935
-0.74163
-0.21265
0.10237
-0.88918
0.10650
-0.18024
-0.04869
-0.45070
-0.25795
0.00908
-0.10018
0.14192
0.13787
-1.25953
-0.34559
-1.36488
-1.35606
0.26498
-0.24428
-0.73142
-0.10449
-0.12849
0.33062
0.12533
0.57138
-0.02691
-0.70292
-0.20672
-0.49907
-0.44283
-0.30357
-0.98481
-0.98562
-0.35728
-0.08936
-0.12383
-0.15489
0.04635
0.59509
-0.38695
-0.34777
0.26261
-0.28463
-0.44510
-0.87240
-0.91948
0.06447
0.18778
-0.01673
0.36327
-0.63229
0.17258
-0.00309
0.15958
0.24086
0.11199
-0.31527
0.06386
-0.07744
-0.34642
-0.00018
0.16722
0.09681
0.00425
0.39490
-0.74624
0.05431
0.37282
-0.05814
0.14727
0.18791
0.37855
-0.26496
0.91034
0.19533
-0.30439
-0.73229
-0.02486
0.29295
0.03561
-0.17440
0.28988
-0.26318
-0.13354
-0.60139
-0.47848
0.39441
-0.49130
0.30310
-0.13252
0.16404
0.35830
-0.65879
0.19219
0.18136
-0.20201
0.18126
-0.18364
0.13922
0.25617
0.24794
-0.04659
-1.64253
0.45675
-0.68794
0.19810
-0.56805
0.05257
-0.00275
0.22240
0.59797
0.65708
0.54924
0.09344
0.17422
-1.00160
-1.38079
0.28016
0.08951
0.45120
-0.05687
0.13367
0.07600
0.45799
-0.20310
-0.03640
-0.29095
-0.15075
-1.03444
-0.39718
0.85831
-0.41039
-0.40825
0.66141
0.05150
0.56254
0.12128
0.69334
0.11692
-0.50289
0.21835
0.02671
0.13910
-0.38555
-0.47663
0.30358
0.39484
-0.55292
-0.10550
-0.15235
-0.13774
-0.10736
0.12048
-0.39570
0.58190
-0.14035
0.15840
0.47261
-0.45987
-0.24333
-0.51066
-0.17441
0.36248
-0.06971
0.00564
-1.09579
0.31940
0.26419
-0.28173
-0.28564
0.39258
0.05536
0.53421
0.41479
0.19241
-0.33048
0.47630
0.02766
0.31958
-0.58377
-0.36164
-0.94269
-0.64427
-0.44810
0.54180
0.66101
-0.65592
-0.33984
-0.26623
-0.22853
0.57292
-0.11766
0.52845
-0.00143
0.25437
0.99590
-1.13534
0.30127
0.49744
-0.86130
0.44897
0.27750
0.41360
0.34225
0.54244
0.52267
-0.14744
-0.02757
-0.05235
0.58843
0.34723
-0.11700
-0.22008
0.15194
0.36933
-0.31166
-0.58645
-0.90688
0.28021
0.27925
-0.12979
-0.11935
0.23996
0.30389
-1.15693
-0.10468
-0.40705
-0.21290
0.20216
-1.35359
0.12643
-0.47206
0.12344
0.02754
0.12849
-0.32672
0.19842
-1.32190
-0.18862
-0.15077
0.19206
0.31354
0.00905
0.35256
0.68067
0.15183
0.37155
-0.30032
-1.37472
-0.86738
-0.28131
-0.35966
-0.76075
-0.61270
0.38935
-0.30898
-0.38642
0.57320
-0.42555
0.30779
-0.47697
-1.17802
-0.70483
-0.06277
0.11621
0.29693
0.74787
-0.96074
-0.10544
-0.21605
-0.89150
0.58455
0.43925
0.42212
-0.15281
-0.43677
0.16057
-0.30750
-0.04003
-0.37745
-1.51687
-0.79691
0.30456
0.02264
0.27020
-0.55951
0.28643
0.21455
-0.15967
0.28309
0.00545
-0.86539
0.47810
0.03832
-0.62400
-0.52663
-0.17695
-0.04733
-0.71667
-0.02285
-0.32549
0.07145
0.71242
-0.07108
0.23700
0.47476
-0.10700
0.43795
0.27957
0.15634
0.09692
-0.33392
0.21358
-0.68278
0.11821
0.22661
0.22499
0.21788
-1.02104
0.48489
-0.58128
-0.46637
0.49637
-1.12582
-0.35047
-0.65586
-0.32876
0.62755
0.10023
-0.61762
-0.91506
-0.27813
-0.01741
0.08182
0.38292
0.43978
0.48099
-1.17795
0.39727
-0.37719
-1.26508
0.17307
-0.32666
0.28264
-1.47497
0.40148
0.02830
0.01625
0.33985
0.15579
-0.04401
-0.19082
-0.16259
-0.48565
0.00421
-0.94234
-0.28063
0.01357
-0.35604
-0.22906
0.20068
-0.25827
0.01610
0.80381
-0.12496
-0.21498
-1.20660
-0.06380
0.20827
0.09498
0.13658
-0.07961
-0.04618
0.26264
0.40412
0.40448
-0.00172
-0.84261
-1.09919
-0.03234
-1.12838
-0.24591
0.33806
0.12106
0.44108
-0.01821
0.10823
-0.74986
-0.06223
0.20586
0.14434
-0.68237
0.49419
0.15172
-0.07088
0.36819
-0.11122
-0.05324
0.10196
-0.15701
-1.11771
-0.39838
0.57103
0.38229
0.44995
-0.31578
-0.33649
0.07144
0.46723
0.45600
-0.36387
-0.05789
0.16267
0.02976
0.01223
0.24613
0.06951
0.07215
0.38328
-0.35163
0.03451
-0.35458
0.25781
0.40435
-0.34743
0.42165
0.48949
-1.79676
0.73171
0.56624
0.36471
0.16611
0.43507
0.28066
0.44151
0.59351
-0.00989
-0.27301
0.61276
-0.61062
0.29643
0.31985
-0.11268
-0.02013
0.30058
-0.45159
0.28061
0.62923
-0.06146
0.54588
0.33001
-0.67480
-0.10832
-1.03980
0.22531
0.31713
-0.73414
0.27647
0.31360
0.62814
-0.10006
0.02301
0.18713
-0.06750
-0.37457
0.48145
0.65393
-1.64215
0.31320
0.08306
-0.33440
0.17376
0.04878
-0.01922
-0.09695
0.60033
0.63953
-0.09789
0.31266
-0.00831
-0.06606
-0.00791
0.22088
0.27870
-0.05629
0.43095
-0.09706
-0.90632
0.78789
0.08304
-0.72355
-0.05111
0.27923
-1.05589
-0.28039
0.76647
-0.58143
-0.53239
0.20582
-0.27997
0.30918
0.55202
-0.78808
-1.38336
-0.38158
0.64048
0.18568
0.16110
0.11590
0.45020
0.22010
-0.34348
-0.04256
0.43975
-0.13040
-1.49750
0.60421
-0.41291
-0.50963
-0.55818
0.03396
0.69308
-0.49751
-0.16668
0.00791
0.62438
-1.00847
0.47606
0.39042
0.60881
-0.07338
0.40778
-0.71300
0.25255
0.04270
0.38688
-0.30005
-0.21397
0.28618
0.16427
0.37670
-0.09635
-0.03851
0.33612
-0.10335
0.26146
0.13503
0.29164
-0.69256
-0.30916
0.01784
-0.21599
0.17728
0.47951
0.16984
-0.50827
-0.11260
-0.86028
0.46585
-0.08872
-0.64181
0.18387
0.67158
-1.30802
-0.18694
0.19740
0.34726
0.29645
-0.38763
0.47219
0.63478
0.16159
0.00040
0.06463
0.11339
0.48983
0.29446
-1.57039
-1.01955
0.62771
0.43584
0.20411
0.36131
0.10826
0.16229
-0.21157
-0.24958
0.39333
0.39715
0.39992
-0.13437
0.57272
0.46472
0.19728
-0.68796
-0.10223
0.12293
0.45337
-0.02459
-0.10188
0.06791
0.28616
0.20645
-0.33069
-0.22594
-0.43936
0.61366
0.24526
-0.13055
0.19645
-0.05740
-0.76751
-0.20837
0.06915
0.11967
0.31136
-1.78186
0.40368
0.47443
-0.35668
-0.96017
-0.00885
0.21590
0.33503
0.20064
0.32360
0.34715
0.30278
0.05537
0.10392
-1.29745
-0.31856
0.61140
-0.97400
-0.09948
0.23590
0.12892
-0.22418
-0.21226
0.09710
0.15588
0.45086
0.47050
-0.25952
-0.13306
0.82616
0.79997
0.15490
0.10739
-0.09556
-1.59440
0.46962
-0.30395
-0.31005
0.14951
0.11779
0.13649
0.77991
0.12430
0.06547
-0.19923
0.18779
-0.41996
-0.54474
-0.85285
0.10296
-0.21365
-0.24729
0.09052
-0.11430
-0.57208
-0.96349
-0.18326
-0.88884
0.83850
-0.50236
0.14062
-0.27930
-0.23443
-0.55943
0.54023
0.49198
0.88238
0.13810
-0.57414
0.83407
0.09314
-0.20021
-0.16437
-0.31074
-0.56576
-0.52966
-0.49283
-0.53566
-0.18613
-0.04135
-0.24707
-0.53749
-0.44019
-0.58587
-0.74293
0.17764
-0.79772
0.57727
0.52294
-0.96890
0.48630
-0.88668
-0.57639
0.45036
0.48886
0.54363
0.44753
0.50929
-0.07438
0.56535
-1.14182
-1.08227
0.17933
-0.21017
0.22025
0.24713
0.28447
0.22486
0.39867
0.00572
-0.09522
0.40102
0.13023
-0.07092
0.29911
-0.15724
0.48373
0.22799
0.01946
-0.03209
0.57410
-0.04144
-0.05709
-0.03433
-0.11611
-0.03599
0.38291
-0.10559
0.13870
0.40297
-0.12482
-0.13631
-0.02176
0.49108
-0.11320
-0.08377
-0.14495
0.18525
-0.02825
0.23634
-0.54149
0.18078
-0.67017
-1.65712
-0.43597
0.35080
-0.22766
-0.61389
-0.56356
-0.73329
0.68486
-0.36715
0.27204
0.31331
-0.01674
-0.43962
0.36100
-0.98095
0.07726
0.37279
-1.18611
0.19910
0.49449
0.51631
-0.07617
-0.81800
-0.90157
0.71410
0.27309
0.22821
0.58167
0.54022
0.40307
-0.27854
0.58491
0.09883
-0.01886
0.66637
0.14720
0.15306
0.24417
0.17138
0.44697
0.57023
0.54317
0.55320
0.56649
-0.59153
0.42050
0.30718
-0.85109
0.42393
0.42417
-0.21185
0.05866
-0.21142
0.18774
0.10193
-0.24300
0.10117
-0.22447
0.46712
-0.17960
0.12410
0.08168
-0.12292
-0.12258
-0.25809
0.13785
-0.22122
-0.27440
-0.25323
-0.25769
0.16877
-0.21261
-0.53881
-0.26934
-0.74114
0.18524
0.15055
0.16208
0.17477
0.44974
-0.57179
-0.55194
0.30571
0.00385
-0.31301
0.53390
0.58367
-0.35640
-0.13838
-0.78058
-0.45295
-0.71429
-0.61219
0.38233
-0.15896
0.22784
-0.02780
-0.17715
-0.15690
0.21644
-0.71081
0.41154
0.46997
-0.71423
-0.42117
-0.47492
-0.69579
0.72879
-0.25894
-0.65986
-0.18203
0.71566
-0.77881
-0.00930
0.08900
0.35585
0.36167
0.08853
0.46854
0.04954
-0.07128
0.49021
-0.29780
0.44251
0.15241
0.43881
-0.01418
0.57404
-0.03877
-0.06748
-0.04966
0.58256
0.15222
0.00404
-0.21023
-0.92795
0.22368
-0.07464
-0.73676
0.31748
-0.35026
0.00045
-0.86193
0.15540
0.38256
-0.50573
-0.76622
0.47944
0.53690
0.41754
-0.35288
0.57579
-0.11478
-0.08603
0.51498
-0.06324
0.36790
0.27604
-0.41173
0.18402
-0.35827
-0.50035
0.26667
-0.11040
0.27589
0.42207
0.34116
0.21375
0.40749
-0.15300
0.17937
0.12631
0.20003
0.46039
-0.87958
0.00551
0.40664
-0.46546
-0.78006
-0.26968
0.35069
0.54327
-0.06468
-0.07228
0.11489
-1.07069
-0.00664
0.29963
-0.60537
0.24423
0.04110
0.26470
-0.28483
-0.08709
-0.21643
