0.28317
0.10927
-0.19472
-0.59391
0.46671
0.31161
-0.38558
0.73095
-0.17727
0.19384
0.19969
-0.45114
-0.20011
0.55580
0.02264
0.08826
0.16896
0.16134
-0.20649
0.50812
0.63540
-0.17321
0.11751
0.03693
-0.42250
-0.75449
-0.08111
-0.16705
-0.27806
0.07365
0.19718
-0.08994
0.19857
-0.08869
0.74152
0.63328
-1.18465
0.40783
-0.49296
-0.08323
-0.02435
-0.48235
0.12846
-0.50000
0.42120
0.46642
0.46648
0.70869
0.47333
-0.27310
0.32484
0.39573
0.26007
0.30654
-0.59040
-0.59394
-1.24583
0.30713
-0.32223
-0.43260
0.02512
0.38077
0.10214
-0.12349
0.02775
0.22690
0.90819
-0.36696
0.42371
0.54921
0.49417
0.12013
-0.43142
0.09884
0.64656
-0.21302
-0.43415
0.29496
-0.24976
-0.13906
0.12538
0.46286
0.77687
0.81364
-0.43084
-0.07641
0.45773
0.42633
-0.05743
-0.19942
-0.13830
-0.09420
0.26428
-0.23207
-0.08211
0.32424
-0.03076
-0.09527
0.59071
0.27789
0.16808
-0.20831
-0.11676
-0.38447
0.31319
0.52350
0.43788
0.24406
-0.97418
-0.67946
-0.27764
-0.36777
0.19283
0.10646
0.06058
-0.13547
-0.19717
0.21196
0.30929
-0.67110
-0.35477
-0.42810
0.60032
0.24211
-0.71012
-0.58917
0.68488
0.14818
0.21592
0.40623
-0.09661
0.07682
0.40969
0.38976
0.17612
0.02288
0.34938
-0.30627
0.61857
-0.01481
0.17688
0.18468
-0.60270
0.05188
-0.07096
0.33717
0.32282
0.08875
0.12786
0.06078
0.06540
0.42382
-0.25155
-0.52467
0.36854
0.64979
-0.58832
0.39359
0.02623
-0.60083
0.09996
0.14222
-0.39977
-0.06306
0.36234
0.08676
0.06628
-0.28845
0.66701
0.91027
0.41962
-0.77897
-0.11587
-0.73293
-0.90406
-0.72673
0.39730
0.10522
-0.52403
-0.55751
0.42712
0.66780
0.16786
0.03562
0.02834
0.04484
0.43628
-0.07995
0.37760
-0.01408
0.00584
-0.63802
-0.07646
-0.14407
0.45773
-0.64970
0.40490
0.42585
-0.35873
-0.81656
0.85505
0.44031
0.23055
0.17155
0.16880
-0.25375
0.16048
-0.48813
-0.16327
0.28373
0.26660
-0.21424
-0.18042
0.59868
-0.48160
-0.21145
0.35350
0.01209
-0.50501
0.07615
0.38190
0.21144
0.43334
0.57759
0.10992
-1.13592
-0.19230
-0.51953
-0.31950
-0.01255
-0.38285
-0.28449
0.16399
-0.07233
-0.13628
0.58102
0.31964
0.38184
-0.10557
-0.29181
0.28234
-0.44175
-0.38281
-0.20065
-0.15176
0.10695
-0.46508
0.10142
0.10861
0.17989
0.05584
0.15212
-0.35944
-0.31977
-0.30197
0.10895
0.32324
-0.24476
-0.12387
0.41217
0.32594
-0.12400
-0.04719
-0.36207
-0.15056
-0.54091
-0.23719
0.09876
0.87471
-0.10560
0.18688
0.29172
0.56780
0.04074
-0.97048
-0.03558
-1.21403
0.70816
0.28516
0.51751
0.62858
-0.08937
0.25935
-0.32000
0.01702
0.25379
0.41986
0.16511
-0.39055
-0.61850
-0.02503
-1.35824
0.00825
0.25558
-0.32187
0.36987
0.04194
-0.59717
0.22300
0.14184
-0.36871
-0.09665
-0.31371
-0.01007
-0.52019
0.23057
-0.76332
-0.25239
0.30252
0.41760
-0.57163
0.05181
-0.22447
-0.73280
0.27008
0.09905
0.23653
0.04306
0.46744
0.50019
0.15735
0.48167
-0.20259
-0.70290
0.28769
0.58025
0.27253
-0.30688
0.19226
0.14694
0.04468
0.75699
0.34933
0.53194
0.25658
0.58118
0.13364
0.29695
-0.41940
-0.20923
0.25832
0.59404
0.05970
-0.30426
0.48411
0.57509
0.22861
-0.60101
0.35150
-0.31235
-1.34115
-0.09925
0.46755
0.33751
-0.03358
0.03168
0.26425
0.16806
-0.01302
0.07789
0.40509
0.07285
-0.39468
0.04776
0.20125
0.47461
0.73124
0.53803
-0.34837
-0.73129
0.17578
0.61929
0.18550
0.31427
-0.18787
0.08545
0.09669
0.42736
-0.13878
-0.58998
0.20102
-0.06926
-0.26728
-0.23054
0.11057
0.26841
0.58824
0.17013
0.40683
-0.30654
0.03932
-0.03591
-0.19246
0.01664
-0.54740
0.52956
-0.65747
-0.05914
0.51781
0.18965
0.54969
-0.10950
-0.12622
-0.29075
0.14836
0.36977
-0.14041
0.15921
-0.14358
0.29020
-0.28027
-0.13151
0.22708
0.58431
-0.26575
-0.09678
0.81843
-0.66305
-0.34296
-0.26719
-0.61201
-0.20498
0.72750
0.29300
0.13378
0.23585
-0.01353
-0.50269
0.01249
-0.03708
0.09250
-0.34179
-0.47516
0.27524
0.62294
0.27777
0.02842
0.14142
0.31868
-0.65064
0.32447
0.40980
0.34510
0.05410
-0.21239
-0.44653
0.29585
-1.66513
0.38034
0.57090
0.06628
-0.15471
0.09213
0.01094
-0.49460
0.06836
0.07878
0.42325
0.06877
0.09100
0.30329
0.05792
-0.50684
0.53314
0.58039
0.18120
-0.40318
0.14854
0.28675
0.05245
0.41003
-0.42301
-0.56593
0.44062
-0.27468
0.37373
-0.48180
-0.92561
-0.06869
0.40285
0.14510
0.09602
-0.38030
0.08205
0.04387
0.26982
0.01168
0.24613
0.04196
-0.17150
0.31954
-0.30673
-0.50575
0.12846
0.49305
0.35175
-0.28641
0.48112
0.13926
-0.26232
0.15498
0.46175
-0.30063
-0.12264
-0.04486
0.47564
0.46892
0.20622
0.15046
0.42107
0.67090
0.02733
0.44683
0.38914
0.33625
-0.18148
0.04502
-0.04503
0.11285
-0.96743
0.54530
0.33662
0.51969
0.52391
0.28391
0.18954
-0.02673
0.07904
-0.44837
-0.50033
-0.46563
0.26529
0.29795
0.44668
-0.01085
0.41535
0.25470
0.65282
-0.06048
0.23462
-0.30123
-0.48331
-0.22299
-0.11746
0.28450
-0.03823
-0.05576
0.44138
0.43239
0.33098
0.16071
0.20357
-0.78083
0.22105
-0.17975
-0.71651
0.17179
0.06435
-0.27760
0.47788
-0.25300
0.16404
0.13962
0.44267
0.10928
0.00732
0.15725
-0.24316
0.73981
0.02303
0.03209
0.40066
0.27511
0.54460
0.00276
-0.10545
0.14562
-0.50445
0.16798
-0.18894
-0.30848
0.39608
-0.36640
0.26210
-0.12930
0.18402
0.71255
0.37720
0.50411
0.39529
0.85987
0.16994
0.27241
0.06123
0.15847
0.72353
0.13848
-0.64149
0.53552
0.07904
-0.36775
0.38693
-0.40933
-0.23121
0.00889
0.12246
0.12027
0.06832
0.21989
0.13173
0.19960
-0.20892
-0.09109
0.08731
0.22923
0.20877
0.91506
0.04199
0.36745
-0.00666
0.09321
0.09635
-0.30304
0.73819
0.28998
-0.43824
-0.58676
-0.14355
0.29345
0.28916
-0.22080
0.01321
0.19180
0.32098
0.02720
-0.05351
0.44443
-0.19193
0.09005
-0.52171
0.01246
-0.62251
0.27994
0.10504
0.33724
-0.23736
-0.15989
-0.34004
0.09352
0.14627
0.03104
-0.59259
0.26863
0.09894
0.06791
0.44241
-0.33498
-2.20802
0.38997
0.04189
0.16945
0.30923
0.40952
-0.58670
0.67820
0.48135
0.30571
0.47872
0.32875
0.09016
0.23839
-0.21941
0.13837
0.28365
0.25980
-1.42986
0.82334
0.78202
-0.06801
0.54618
0.00038
0.70926
-0.16876
0.12851
0.01734
0.44058
-0.04650
-0.01037
-0.13660
0.67606
0.39101
0.22728
0.14250
0.31779
-0.16165
0.14018
-0.21481
0.45600
-0.17590
0.49161
0.60891
0.52097
-0.02879
0.31626
-0.09514
0.34611
-0.26023
0.37001
0.02845
-0.04838
0.15488
0.72519
0.48969
0.58667
0.74731
0.14324
0.60210
0.40321
0.27834
-0.55530
0.76767
-0.14674
0.12057
-0.37746
0.21377
0.06818
0.01623
-0.95572
0.48039
-0.02457
0.60809
0.25680
0.41929
0.64471
0.02653
0.09122
0.26531
0.31334
0.34675
-0.21360
-2.06021
-0.82821
0.17778
-0.11993
0.58430
0.17192
-0.21534
0.09145
0.43257
-0.16893
-0.53364
0.24330
0.45378
0.29576
0.24979
-0.18294
-0.17249
0.44086
-0.35380
-0.05107
0.12038
-0.39834
0.15158
0.46556
0.63312
-0.24406
0.28446
0.22644
-0.05971
0.45278
0.22526
0.51838
0.00897
0.33700
-0.22981
0.01152
0.24826
-0.72614
-0.14095
0.30523
-0.43322
0.48680
-0.11646
0.59710
0.56192
0.17820
0.15829
-0.44133
0.08048
-0.01514
-0.36429
0.07886
0.21505
0.74024
0.06942
0.05124
-0.74504
0.07533
-0.19976
0.66710
-0.05461
0.23066
0.01282
-0.51465
0.24419
-1.12506
-0.38648
0.35828
0.21881
0.40442
0.33116
0.73558
0.15469
-0.82114
0.43250
0.35474
0.62832
-0.15886
0.11073
-0.11043
0.23494
0.23943
-0.02545
0.60996
-0.07257
0.77272
0.06904
-0.15764
-0.71110
-0.13397
0.64909
-0.00021
-0.12889
-0.71789
0.20137
0.43560
-0.40387
-0.14316
0.28833
-0.16544
0.71408
0.05169
-0.01032
0.20210
0.49615
0.21766
0.57824
-0.18230
0.04731
0.40566
-0.00235
0.65353
0.55782
-0.63899
-0.09139
0.18837
-0.28957
-0.50352
0.12631
0.10592
-0.06103
-0.91131
-0.02392
-0.42611
0.29362
-0.32699
-0.18286
0.05312
0.04538
-1.72953
0.10390
-0.05020
-0.72271
0.45336
0.26742
0.16197
-0.37309
0.60381
0.18890
-0.07310
0.34347
-0.32572
-0.34198
0.78369
0.19156
0.58566
0.90625
0.57613
0.20355
0.37997
-0.79943
0.43299
-0.25036
-0.18338
-0.04442
0.34434
0.43554
-0.60672
-0.28552
0.29650
-0.06301
-0.66695
-0.28333
0.19787
0.23539
0.13962
0.04750
-0.05178
0.18020
-1.26323
-0.28469
-0.33668
0.29291
0.33920
-0.27605
0.16489
0.00934
0.09153
-1.17753
-0.20492
0.26333
0.09963
0.46863
0.45844
0.48094
-0.01143
0.90826
-0.13970
-0.49603
0.64776
0.39266
0.21175
-0.36074
0.46619
0.15139
-0.27548
0.13961
0.18215
-0.35938
0.36177
0.57869
-0.15467
-0.94709
0.42909
0.06865
0.38461
-0.01580
-0.69529
-0.25698
0.23052
-0.49125
-0.30138
-0.19212
0.28113
-0.24973
0.19225
0.69187
0.07318
-0.08992
-0.32402
-0.24703
0.04532
0.44190
-0.11907
0.44199
-0.25227
-0.09432
0.62212
0.22900
0.05253
-0.11941
-0.22743
0.38242
-0.16871
0.24300
0.66436
-0.22516
-0.64367
-0.15006
0.62650
0.32336
0.30331
0.34601
0.07117
0.12637
0.92482
0.55456
-0.17321
-0.33184
-1.00562
-0.36085
-0.86815
-0.49813
0.09238
0.06183
-0.09581
-0.22386
0.53687
0.20520
0.30444
0.11475
0.64598
0.18226
-0.23272
0.25478
0.18410
-0.67258
-0.24953
-0.29840
0.66137
-0.39985
0.46352
-0.16293
-0.31243
0.31715
0.38738
-0.28673
0.45891
-0.35078
-0.57611
0.27506
-0.57217
-0.08433
0.11431
0.38596
0.76901
-0.19064
-0.16257
0.16579
0.25430
-0.04847
-0.07909
-0.85755
-0.04421
0.05708
-0.13426
-0.06661
-0.25990
0.34925
-0.34526
0.65641
0.53269
0.46625
-0.20218
-0.02304
-0.02796
-0.38526
-1.05673
0.12194
0.29851
-0.01232
0.34099
0.59254
-0.06340
0.33855
0.12363
0.35436
-0.26970
-0.12361
0.63869
0.03720
0.16557
0.12349
0.50811
0.17343
0.20788
0.16139
-0.42464
-0.30199
0.26575
0.26081
-0.14967
0.61011
0.14059
-0.27955
-0.65171
0.39881
0.87314
-0.33279
0.58027
0.64380
0.09294
0.72734
0.37598
0.35717
0.15986
0.12066
0.20717
-0.37858
-0.72910
-0.01000
0.14046
-0.00378
-1.04732
-0.44835
-0.58255
0.59484
0.38377
-0.04542
0.10237
0.32966
0.51471
-0.13362
0.58265
0.61042
0.28327
0.25016
0.28749
0.35206
0.02341
-0.37084
-0.57040
0.32173
-0.04891
0.14249
0.22654
0.12306
0.05062
0.45303
-0.10578
0.33014
0.24533
0.31280
0.49746
0.41100
-0.59794
-0.02472
0.38550
0.20545
-0.06039
0.76926
0.25368
-0.43478
-0.17284
-0.74944
0.01200
0.17198
-0.10021
0.18100
0.27432
-0.18008
-0.43080
0.19383
-0.14258
0.52206
-0.06075
-0.00773
0.63435
0.00376
-0.96286
-0.07693
-0.04622
0.38128
-0.00896
0.42653
0.60309
0.22502
0.43753
-0.64733
-0.44190
0.48606
0.06482
0.18009
-0.15571
0.19604
-1.31543
-0.14026
-0.22164
-0.23344
0.34029
0.20319
0.71989
0.35233
-0.23562
-0.03584
0.03491
0.35648
-0.10113
-0.34767
0.06607
-0.00175
0.80859
-0.14282
0.04460
-0.05581
0.60542
0.30653
-0.07838
-0.10774
0.78536
0.10985
0.21875
0.11254
-0.26911
-0.01731
-0.32437
0.30469
0.37325
-0.01583
0.26051
-0.23546
0.18234
0.28338
0.20927
-0.00393
-0.65456
0.17795
0.13082
-0.28550
0.25525
0.11862
-0.70422
0.11130
-1.26175
-0.14501
-0.34379
0.12540
0.38088
0.00174
0.32223
0.17632
-0.16593
-0.27364
0.37882
0.64602
0.05714
-0.31421
-0.35694
0.54150
-0.23774
-0.31299
-0.06677
-1.11695
0.38044
0.57488
-0.04153
-0.11427
0.55349
0.19243
0.55188
-0.18865
-0.09374
-0.51118
0.22588
0.07420
0.42166
0.64711
0.02578
0.07963
-0.19651
-0.23947
0.43721
0.44619
0.05217
0.26418
-0.03560
-0.39227
0.06642
0.05479
-0.41218
0.14949
-0.03159
0.69631
0.34981
0.19913
0.23785
0.22597
0.34782
0.33022
0.31048
0.30817
0.49205
0.23849
-0.02673
0.12064
-0.16734
0.05971
0.66628
-0.34560
0.36536
0.30428
-0.78151
0.48777
-0.09080
-0.15963
0.19542
0.41176
-0.33853
0.29799
0.33299
-0.03891
-0.01985
-0.47819
-0.12446
0.38296
0.65613
-0.00036
0.36336
-0.05297
-1.07271
0.37565
-0.18869
-0.36265
0.27245
0.59523
0.36211
0.11320
-0.29652
-0.02979
0.74276
0.11621
-0.47326
-0.05733
0.24047
0.63249
-0.75368
-0.42754
0.47031
-0.33227
0.06779
-0.17613
-0.26996
0.18285
-0.65583
-0.03327
-0.45427
-0.13522
0.43359
-0.02730
-0.52742
0.40821
-0.31633
-0.32806
-0.28188
0.19071
0.26495
-0.19156
0.42596
0.18733
0.56455
-0.35820
-0.99845
0.41017
0.25198
0.23138
0.45902
0.38668
0.75029
-0.15306
-0.40663
-0.12113
0.11667
0.54523
0.14389
0.07122
0.13102
0.29640
0.45008
-1.32688
0.32178
-0.28635
0.12525
0.13920
0.27880
0.37537
0.13728
-0.23153
0.03369
0.32337
-0.04979
0.14110
-0.66996
0.21862
0.23794
0.30154
-1.03226
0.83619
-0.79897
0.37461
-0.12368
-0.04926
0.22347
0.03263
-0.35388
0.56804
-0.36076
-0.76316
-1.75120
0.11176
-0.00878
-0.06726
0.05074
0.59404
-0.36538
0.29346
0.48520
0.45119
-0.35105
0.01829
0.28055
0.34463
0.61192
-0.48608
0.46430
0.68659
0.04869
0.43856
-0.05215
-0.55434
-0.51119
0.20053
0.64050
0.66652
-0.60947
0.26000
0.02860
0.55101
-0.25641
0.24564
0.67019
0.06964
-0.49053
-0.03619
-0.09029
0.51130
0.23942
0.59077
-0.56864
0.28699
-0.36637
0.49209
0.46533
0.06236
0.09222
-0.63513
-0.05270
-0.65934
-0.31645
0.18434
0.38996
0.69544
0.06775
-0.09490
-0.22818
-0.04631
0.07408
-0.30121
0.58853
0.13339
-0.00362
-0.20851
-1.30478
-0.10898
0.30267
0.26917
0.64881
-0.25169
-0.16045
0.41414
-0.22798
0.55899
-0.17180
-0.87580
-0.47832
-0.38857
-0.02615
0.13629
0.40047
-0.23337
0.10705
0.80323
0.32415
0.09947
0.61154
-0.15069
0.83213
-0.23129
0.22276
-0.36114
-0.35495
0.27942
-0.73357
-0.48288
-0.04331
0.35202
0.13058
0.04157
-0.77743
0.25079
-0.08486
0.18100
0.14551
0.18009
0.13647
0.13802
0.06404
0.03594
0.11533
0.12249
0.12517
0.14241
0.18541
0.10111
0.02204
0.11731
0.14345
0.04477
0.15436
0.10380
0.15217
0.14354
0.15036
0.15564
0.19462
0.08235
0.16997
0.07836
0.20023
0.10879
0.01005
0.17183
0.08816
0.05080
0.03334
0.04381
0.20222
0.20977
0.00146
0.01782
0.05064
0.05453
0.09007
0.02796
0.18906
0.20484
0.14902
0.05405
0.12247
0.04319
0.12740
0.05915
0.07620
0.07163
0.13023
0.17721
0.00489
0.03337
0.08045
0.17557
0.12447
0.08169
0.09204
0.04715
0.17112
0.02511
0.09016
0.09228
0.03861
0.07950
0.06440
0.08349
0.02823
0.10303
0.10583
0.13453
0.21116
0.01042
0.03483
0.11644
0.15045
0.08912
0.11300
0.02331
0.12198
0.03910
0.06926
0.19569
0.00541
0.01560
0.04890
0.18528
0.05224
0.19984
0.08860
0.00022
0.18772
0.09828
0.14110
0.14269
0.02268
0.17829
0.16337
0.00829
0.12783
0.17022
0.01046
0.04748
0.10001
0.00055
0.07287
0.08957
0.11359
0.14979
0.17650
0.15188
0.10264
0.02213
0.19397
0.19779
0.17557
0.14254
0.08348
0.14302
0.17772
0.12942
0.07704
0.09482
0.07252
0.02177
0.15180
0.03079
0.09845
0.13373
0.01823
-0.00717
0.05272
-0.01126
0.13369
0.16845
-0.07709
-0.02782
0.12730
0.16744
-0.11259
0.32432
-0.13620
0.29459
-0.64861
-0.34038
0.35002
0.04606
0.43176
-0.00705
-0.25662
-0.24638
0.12886
0.15256
0.06189
-0.32390
-0.02288
0.64099
-0.10939
-0.37847
0.42201
-0.25412
-0.72214
0.05090
-0.08706
0.72172
-1.04313
-0.32474
-0.05676
0.48780
0.12033
0.60882
-0.19944
0.50424
0.72495
-0.14144
-0.80392
-0.63123
0.32890
0.00956
-0.00908
-0.29484
0.58776
0.47065
0.52833
0.07433
-0.51887
-0.11534
0.44095
0.26255
0.14736
0.72647
-0.38638
-0.91482
0.16106
-0.12374
0.46668
0.56254
1.51499
0.53822
-0.77559
0.33847
0.18715
-0.26870
-0.00108
0.05417
-0.74182
0.17420
0.00607
-0.33791
-0.34749
0.10538
0.57217
-0.45498
-0.12941
0.07165
0.32285
0.36338
-0.36470
-0.54380
0.12438
-0.11403
-0.42103
-0.25988
0.25078
0.60105
0.43507
0.91221
0.14655
-0.68470
-0.87995
0.13749
0.59099
0.18502
-0.06459
0.53868
-0.25727
0.67873
-0.56677
-0.58724
0.52646
0.36724
0.28647
-0.89710
0.19809
0.27907
-0.96361
0.48612
0.51205
-0.31669
0.14311
-0.11263
-0.31774
-0.10283
-0.39093
-0.90743
0.80989
-0.37848
-0.57276
-0.09270
-0.11791
0.00587
0.70160
0.25558
0.19203
-0.31459
0.71102
-0.55584
0.17267
0.17321
0.01954
0.45167
0.40983
-0.19953
0.46894
0.42647
-0.59978
0.49317
0.17377
0.27127
0.08794
-0.07030
0.49704
0.59438
-0.33867
0.48590
-1.17818
-0.20844
0.48512
-0.64241
-0.05519
-0.14418
0.50148
-0.33980
0.25160
0.47887
-0.67057
0.30197
0.43833
-0.43742
-0.01477
-0.25753
-0.45236
-0.50549
0.29348
-1.27015
-0.33438
0.16290
0.68357
-0.10012
-0.03396
0.37276
0.36231
-0.37806
-0.75172
-0.06755
0.55185
0.28943
0.67837
0.63806
0.30646
0.19598
0.18720
0.36551
0.31797
-0.21216
-0.20773
0.81695
0.16697
0.43927
-0.36007
-0.06579
0.01553
-0.68578
0.11890
0.03697
0.10082
-0.02470
-0.48039
-0.60347
-0.04195
0.19910
-0.03631
0.07521
-0.02138
0.15976
-0.11889
-0.04566
0.30637
0.11516
-0.10653
-0.50155
0.64801
-0.68855
-0.71627
0.33451
0.53759
0.89488
-1.04750
0.55427
-0.54866
0.63369
-0.14451
-0.07267
-0.24207
0.01855
-0.72391
-0.67948
-0.04142
-0.09813
-0.06792
0.33550
-0.34732
-0.25193
0.00385
-0.13215
0.07118
-0.12721
-0.31974
0.16136
0.09962
-0.11839
-0.16737
-0.07940
-0.04581
-0.14864
-0.10403
0.36817
-0.10323
0.26809
-0.23940
-1.19892
-0.00766
-0.13088
-0.63730
-0.35802
0.06859
0.08834
-0.22646
0.22997
0.24799
-0.58377
-0.25766
0.45066
0.02395
-1.10730
0.25012
0.31217
-0.94733
0.12723
-0.25619
-0.28987
-0.03790
0.32331
0.64796
0.07439
0.00928
0.05290
0.48521
0.23340
0.22402
0.32445
0.24845
0.27478
-1.16307
0.46533
0.23929
0.38982
0.18735
-0.81344
0.64924
0.08478
0.26378
0.02065
0.43648
0.53619
0.41159
-0.03034
0.22465
0.50796
1.16408
0.03492
-0.00972
0.68172
0.67028
-0.10026
0.30497
0.81335
0.35199
-0.51100
-0.15738
-0.36467
-0.95539
-0.25258
-1.74368
-0.43806
-0.57225
0.34341
-0.17702
-0.58965
0.20124
-0.42577
0.24499
0.52317
0.15513
0.01227
0.05594
-0.12650
0.25766
-0.42770
0.37269
0.17918
0.34392
-0.03729
-0.08279
0.43053
0.51319
0.30357
-0.14219
-0.82387
-0.18061
-1.04115
0.29546
-0.30887
-0.26686
-0.11635
0.19936
-0.37271
0.31571
0.45429
-1.16309
0.33012
-0.20461
0.39688
0.44782
0.26796
0.36585
-0.05729
0.08490
-0.16718
-0.25020
-0.17530
-0.12451
-0.04254
0.39054
0.61256
-1.00278
-0.95280
-0.59843
-0.02051
-0.89115
-0.83019
-0.07258
0.10141
-0.55696
0.16605
0.50736
-0.01905
0.70737
-0.05403
-0.01432
0.22808
0.19770
0.16924
0.44996
0.41502
0.54453
0.20004
-0.27670
0.54507
0.21439
-0.70678
0.31409
-0.94698
-0.08702
0.76130
0.24908
-0.15995
0.58446
0.86659
-0.61798
0.26627
-0.28396
0.13789
0.18370
0.36428
-0.71412
-0.84839
-0.05237
0.40826
0.01605
0.22236
-0.45591
0.24121
0.25568
0.26740
0.16741
-0.86822
0.23715
0.13400
0.05550
-0.00239
-0.29270
-0.17946
-0.05138
-0.70828
-0.04411
0.23681
0.00082
-0.37992
0.58423
-0.03951
-0.01576
-0.74373
-0.18726
0.26860
-0.31889
-0.94531
0.08402
0.27623
0.72314
-0.54021
0.55001
-0.37410
0.54743
-0.64826
0.36750
0.08084
0.73626
0.54650
0.37615
-0.47665
0.02724
0.07191
0.03268
0.27144
-0.47907
0.47350
-1.03887
0.30348
0.19538
0.08133
0.03014
0.76422
0.02787
-0.19693
-0.41228
0.65442
-0.27223
0.20565
0.59928
0.30024
-0.41393
-0.29380
-0.48585
-0.10528
-0.09370
0.13767
-0.29844
-0.03035
0.24584
-0.33925
-0.32986
0.19691
0.20335
0.27061
0.42035
-0.11960
-0.30198
-0.14249
0.67748
-0.11027
-0.57581
0.43773
0.20599
0.64544
0.20414
-0.43499
0.27194
-0.30565
0.05069
0.23751
0.31668
0.52418
-0.24892
-0.75090
0.01210
0.68945
0.59168
0.14874
-0.33368
-0.21456
0.65399
-0.01019
0.07000
-0.24493
0.59803
-1.03192
-0.19465
-0.39068
-0.33491
-0.03410
-0.10268
-0.70535
0.42936
0.04433
-0.14317
0.52666
0.47469
0.10582
-0.42493
0.16762
0.37613
0.05285
-0.63600
0.16498
0.59237
-0.07602
-0.63691
0.38953
-0.48112
0.09218
-0.29842
0.51479
0.79556
0.00791
0.65350
0.13069
-0.98786
0.26595
0.22267
0.39477
0.67763
0.44567
-0.20401
-0.53701
-0.12747
-0.59462
-0.86051
0.42548
-0.48853
-0.17116
-0.11257
-0.12135
-0.31275
-0.53270
-1.06407
0.37400
0.08970
-0.10539
-0.64148
-1.02367
-0.28495
-0.60561
0.08588
-0.19969
-0.73468
-0.25013
-0.32484
0.25801
0.00825
-0.01988
0.13205
-0.57693
-0.18948
0.20500
-0.50620
0.32006
0.32522
0.27249
0.25673
0.06480
0.14511
0.03615
0.41214
-0.20968
0.29500
0.11150
0.30178
0.69559
0.37739
0.06414
0.35582
0.39247
0.15224
0.16840
-0.40127
-0.06912
-0.15485
-0.72208
0.41555
0.29197
0.43549
0.46947
0.28398
0.21421
-0.31887
-0.64332
0.01879
0.41782
0.18234
0.12574
0.02594
0.28853
-0.34827
0.40877
0.12623
-0.30093
-0.14913
-0.30941
0.29599
-1.02707
-0.09753
0.56073
0.38059
0.48389
-0.00895
0.20489
0.14340
-0.00402
-0.03884
0.28922
0.11264
0.35389
-0.04157
-0.28320
-0.02233
0.38621
0.07474
-0.01479
-0.33724
0.38193
-0.80152
-0.13139
-0.36149
-0.58926
-0.26652
-0.35965
0.08792
-0.07073
-0.49233
-0.18235
-0.71420
-0.36577
0.78904
-0.81879
-0.96364
-0.46385
-0.33649
-0.70473
-0.17329
0.33768
-0.16283
-0.32868
0.08649
-1.25995
-0.14033
0.35135
-0.82893
0.12102
0.56302
0.10718
0.08858
-0.18505
0.22437
-0.36528
0.12893
-0.07322
-0.39315
-0.11556
-0.25976
0.17137
0.17858
-0.77758
-0.96630
-0.78414
-1.15797
-0.16557
-1.05979
0.16727
0.31782
-0.75662
0.38709
0.30643
0.03189
0.20985
0.31552
-0.30431
-1.25115
-0.04766
-0.19570
-0.73503
-0.25326
-0.34392
-0.49913
-0.96265
-0.70197
-0.30807
-0.05763
0.11660
-0.44174
-0.74426
-0.43143
0.23728
-1.22927
-0.58402
-0.06235
0.06222
-0.03846
-0.77061
0.42527
-0.16146
-0.32198
-0.38627
-0.60522
-0.58371
0.27790
0.23502
-0.66827
-0.73091
0.90801
-0.20679
0.15966
0.66529
0.63896
0.27404
0.59809
0.52315
-0.79274
-0.23483
-0.04602
-0.56387
-0.37272
-0.01994
0.03191
-0.10328
-0.06895
0.32187
-0.02411
0.29115
0.23585
0.32285
-0.11698
0.18421
0.11345
-0.31643
0.11342
0.66410
0.24212
0.16883
-0.25050
-0.05493
-0.31598
0.22466
0.52507
-0.14379
-0.44784
0.29500
0.63604
-0.32565
0.18578
-0.30856
0.31606
-0.07221
-0.81990
-0.45296
0.51867
-0.35873
0.35419
-0.74291
0.42151
0.10595
-0.78216
0.22167
0.09936
0.52551
0.34914
0.14140
-0.87416
0.11864
0.49719
-0.70792
0.18601
0.66169
-0.01258
-0.11247
0.54694
-0.01855
0.13871
0.36861
-0.15219
0.61369
-0.54197
0.69921
0.34776
0.08722
-0.38284
0.36076
0.25954
0.14539
0.23926
-0.68375
0.20464
0.20936
-0.04302
-0.04832
-0.45312
-0.75352
0.12526
-0.71285
0.70610
-0.12430
0.88758
0.52006
0.64221
-0.23553
-0.31803
0.28142
-0.58271
-0.60590
-0.17763
-0.27850
-0.01784
-0.88700
-0.07665
-0.01895
-0.62205
0.71975
-0.62257
-0.03922
-0.04931
0.52810
0.98406
-0.67040
-0.47393
0.71362
0.27304
0.20384
0.87979
-0.62045
-0.22424
-0.62040
0.39676
0.10921
-0.13765
-0.06755
-0.48244
-0.06790
-0.39901
0.08151
-0.46883
-0.55198
0.05248
-1.19129
-0.06828
0.29832
0.14828
0.03126
0.34610
-0.00977
-0.22612
0.55589
0.24707
-0.38345
0.05048
-0.28538
0.41072
-0.99819
-0.89103
-0.33514
-0.00023
-0.16798
-0.43379
-0.07607
-0.55402
-0.61571
-0.73279
-1.11424
-1.10075
-1.03892
0.14877
0.35421
-0.14038
0.49441
0.39309
-0.91902
0.18656
-0.29287
-0.64416
-0.59919
-0.14036
-0.48150
0.46485
-0.44502
-0.76809
0.70050
0.06628
-0.18844
-0.26242
0.17126
0.27712
-0.23977
-0.50258
0.06546
0.49527
0.05258
-0.53891
-0.03005
-0.66806
0.40275
-0.30842
0.06806
-0.21989
0.31103
-0.09653
-0.72597
-0.11180
0.38460
0.23787
-0.82423
-0.17250
0.03784
-0.48040
-0.20186
-0.52726
-0.12949
0.15077
-1.27172
-0.44952
-1.17132
0.11718
-1.25530
0.37668
-0.10057
-0.75723
-0.21282
-0.18796
0.34950
0.16916
0.11445
0.12765
-1.19251
-0.18969
-0.53316
-0.10551
-0.92062
-1.10298
-0.44146
-0.08112
-0.09647
-0.01108
-0.00806
0.65102
-0.45959
-0.61138
0.32867
-0.41077
-0.58560
-0.87585
-0.94315
0.21552
0.14528
0.07593
-0.00498
0.29583
-0.43621
0.24517
0.06765
0.15098
-0.07754
-0.15456
-0.34066
0.66533
0.34109
-0.99805
0.06414
0.23173
0.40885
0.63435
0.37933
-0.99755
0.24674
0.32745
-0.40421
0.29875
-0.02205
0.42340
-0.31940
0.84711
0.19808
-0.37163
-0.40100
-0.19207
0.05431
-0.31157
-0.17351
0.05282
-0.29850
-0.16688
-0.38903
-0.39052
0.32875
-0.46179
0.57250
-0.20692
0.60452
0.11691
0.13793
0.50451
-0.24186
-0.08028
-0.22244
0.65186
0.25337
-0.21609
-0.01744
-0.46329
0.07120
-0.70585
0.40660
0.20220
-0.52759
0.00906
-0.38533
0.04729
0.27358
0.59287
0.49240
0.05486
0.14657
-1.00071
-0.86927
0.33985
0.09725
0.50420
-0.12199
-0.41075
0.17072
0.24531
-0.24599
-0.05769
-0.27111
-0.27207
-0.78236
-0.90508
-0.43663
0.69400
0.67634
-0.01089
0.60142
0.50781
0.33402
0.20475
0.76271
0.40609
-0.34199
-0.32394
0.18570
0.32117
-0.56286
-0.94635
-0.92343
-0.40227
0.15413
-0.33984
-0.28127
-0.12433
-0.07922
-0.33255
0.01115
0.34981
0.52103
0.46418
0.47251
0.42776
0.41425
0.04684
-0.51333
-0.11530
-0.18099
-0.09272
-0.59226
0.10231
-0.82657
-0.19416
0.02151
0.08021
-0.24685
0.21642
0.09051
0.52748
0.51188
0.08159
-0.44556
0.80646
-0.12565
0.32739
-0.63393
-0.32566
-0.55254
-0.77255
-0.79881
0.87539
0.41365
-0.80122
-0.40886
-0.27096
0.16639
0.51018
0.18101
0.20003
-0.32228
0.15449
0.84612
-1.13573
0.01181
0.26708
-0.79994
0.55150
0.20231
0.50238
0.17927
0.83458
-0.10809
-0.05132
-0.00693
-0.87386
0.28391
-0.00104
-0.08989
0.07576
0.37769
-0.25666
-0.87044
0.03147
-0.99730
0.31695
0.34988
-0.43795
0.35359
0.47461
-0.56304
0.20137
-0.21714
0.25851
0.20822
0.43018
0.06088
-0.81565
0.03048
0.35337
0.37342
-0.25649
0.09295
-0.73465
-0.62948
-0.01654
0.27789
-0.22399
-0.00375
-0.22144
-0.30895
0.11983
0.37432
-0.60852
-0.52836
-0.03456
-0.66673
-0.22201
-0.77511
-0.04432
0.51722
-0.30929
-0.59576
-0.18914
0.88836
-0.25402
0.33907
-0.42571
-1.00307
-0.25426
-0.07835
0.19914
0.42275
-0.64040
-0.81091
-0.25022
0.32257
-0.29316
0.57402
0.01818
0.58316
-0.06831
-0.44395
0.11043
-0.38276
0.31685
-0.16680
-0.33756
-1.13576
-0.68012
0.11644
-0.09918
0.35351
-0.42859
0.28012
0.13295
-0.10357
0.04736
-1.36697
0.43323
0.02974
-0.17252
-0.52878
-0.52406
-0.28418
-0.03552
-0.63621
-0.04191
-0.16090
0.37719
0.49163
0.10660
0.07645
0.53412
-0.11373
0.41216
0.19002
-0.51055
0.20446
0.05276
0.36911
0.37503
-0.17785
-1.06993
-0.60628
0.64089
-0.68294
-0.64478
-0.45448
0.48315
-1.24210
-0.47578
-0.26090
0.55889
0.38777
-0.88527
-0.20956
-0.03965
0.21322
0.44257
0.40567
0.38290
0.45966
-0.00583
-0.02823
-1.30529
-1.07098
0.45732
-0.62802
0.39850
-0.70598
0.58280
0.01780
0.02044
0.47042
-0.38014
-0.14393
0.05941
-0.16598
-0.92404
-0.06175
-0.28856
0.02345
-1.14845
-0.16221
0.24702
-0.37628
-0.03176
0.78113
-0.08889
-0.08169
0.20536
-0.81029
-0.12494
0.26874
-0.03568
0.16234
-0.08997
-0.22507
-0.04690
0.61902
-0.37253
0.47494
0.49870
-0.02263
-1.34536
-0.19779
-1.24779
0.33635
0.39878
-0.94591
-0.28111
0.50369
-0.05227
0.15193
-0.79459
0.06738
0.53387
-0.44776
-0.67626
0.29432
0.03628
-0.11002
0.37939
-0.16133
0.19403
0.07024
-0.16233
0.51646
-0.33925
0.55164
0.44012
-0.32115
0.44073
-0.34722
-0.60765
0.03706
0.45660
0.46831
-0.37949
0.41902
0.84219
-0.05276
0.16539
0.07863
0.05698
0.26521
0.07280
0.01818
0.44110
-0.35748
0.41128
-0.41989
0.53832
-0.35786
0.43667
0.54982
-1.81711
0.76178
0.42855
0.12474
0.32799
0.25728
0.67048
0.61071
-0.13179
0.22996
-0.29264
0.65415
-0.68361
0.34368
0.01378
0.28484
-0.10706
0.28217
0.65663
-0.08054
0.62095
0.16868
-0.72983
-0.11205
-1.05797
0.23415
-0.77943
0.18339
0.25642
-0.09477
-0.11702
0.15830
-0.11954
-0.34803
0.30353
0.51982
-1.73832
-0.40215
0.26290
0.03388
-0.46256
0.20582
-0.06812
-0.07967
-0.31506
0.27557
0.54287
-0.10298
0.33962
-0.09644
-0.13130
-0.80486
0.05408
-0.07286
0.39324
-0.05646
-0.37006
0.66583
0.28675
0.12688
-0.59783
-0.03673
0.14056
-1.09309
0.15621
-0.17973
0.31866
0.18687
-0.57762
-0.10415
-0.65965
-0.61583
0.56749
-0.29791
0.67472
-0.79273
-0.35281
0.49970
-0.54614
0.64800
0.19118
0.28770
-0.30632
0.60565
-0.05999
0.02750
0.38357
-0.20709
-1.07221
0.41997
0.22670
0.15776
-0.90530
0.61950
-0.48597
-0.46946
0.13451
0.11447
0.72295
0.50367
0.53974
0.47178
-0.64314
0.32813
0.06345
-0.36903
-0.07454
0.22714
0.22686
0.28516
-1.02980
0.10071
0.09772
0.41872
0.49748
-0.20694
0.47552
0.95483
0.35866
-0.40409
-0.24587
-0.23149
0.13044
0.31732
-0.00819
-0.90280
0.51460
-0.00701
-0.20337
0.34219
0.39954
0.64002
-1.60248
-0.15336
0.31370
0.25767
0.21757
-0.05745
0.33920
0.65512
0.43757
0.15119
0.06538
-0.14553
0.34995
0.31350
0.40346
-1.01833
0.65334
0.44506
0.33735
0.38522
0.08162
0.47709
-0.22093
0.41516
0.44794
0.32556
0.48489
0.41110
0.26211
0.56833
0.41641
0.23137
-0.81052
-0.11546
0.41107
-0.12090
-0.03157
0.05611
0.34004
-0.27519
-0.51111
0.17138
0.64709
0.29871
-0.04204
-1.09147
0.36187
-0.10094
0.11026
-0.40118
0.12365
-1.62261
0.29491
-0.86518
0.03522
0.59686
-0.08463
0.17769
0.41992
0.36985
0.04656
0.12579
0.35278
0.17041
0.20217
0.14946
-0.98848
0.19623
-0.13974
0.15116
-1.00412
0.23398
0.81210
-0.75651
0.01405
0.12906
-0.16606
-0.54713
0.12528
-0.17998
-0.29384
-0.96961
0.52891
0.10429
0.45811
0.08487
-0.23076
0.64234
0.40579
0.12346
0.14279
0.09228
-0.18219
-1.61591
0.43357
-0.33628
-0.34326
0.11841
0.12428
0.70630
0.10962
0.10978
-0.40130
0.08598
-0.49534
-0.24880
-0.61446
-0.28595
0.46691
0.04353
-0.20929
-0.27024
-0.06577
-0.57993
-0.97782
-0.95328
-0.00927
-0.53180
-0.08862
-0.20283
-0.25289
-0.57696
0.40017
0.44070
-0.24357
0.15078
0.78664
-0.19066
0.07407
0.15305
-0.20601
0.39469
-0.22951
-0.59648
-0.52216
-0.24590
-0.02076
-0.25627
-0.57425
0.03917
0.06765
-0.21602
-0.38968
0.42889
0.12374
-0.57034
0.17107
0.51565
0.24273
-1.09493
0.53598
-1.08992
0.53940
-0.69152
0.45694
-0.57304
0.46866
-0.77345
0.58793
0.59382
0.60809
-0.30209
0.40934
0.14730
0.05241
-0.21141
0.14817
0.04673
0.24277
0.37694
0.21481
0.36345
-0.45281
-0.14313
0.33166
0.19119
0.09299
-0.11957
0.42404
-0.11557
0.15152
0.45777
-0.05103
-0.02694
-0.04191
0.35929
0.01112
0.16835
0.42601
-0.12755
-0.07670
-0.00205
0.50506
-0.02181
-0.35514
-0.08285
-0.04776
-0.04519
0.21846
-0.58833
0.37690
-0.29659
-1.45186
-0.46122
0.38479
-0.24552
-0.28151
-0.54385
-0.48702
-1.00189
0.61354
0.20860
0.40970
0.02239
-0.52103
0.08402
-0.95413
0.27611
0.27941
0.30193
0.33675
0.11642
0.63926
0.75301
0.06672
-0.81624
0.68251
-0.42209
0.70296
0.25693
0.27224
0.47837
0.42585
0.32282
-0.25990
0.05900
-0.05079
0.71742
0.12631
0.11429
0.35395
0.17911
0.40747
0.52077
0.52530
0.45281
-0.74524
0.49641
0.32962
0.58578
0.57555
-0.21394
0.20737
-0.16876
0.13465
-0.15229
0.18437
-0.19668
0.52465
-0.22875
0.18896
-0.52425
0.12024
0.22466
-0.22896
0.19549
-0.16541
-0.19607
-0.19207
0.19962
0.11874
-0.26636
-0.54216
-0.17263
-1.31769
0.13426
0.13771
0.18631
0.19414
-0.23131
0.53346
-0.46152
-0.54126
0.36544
-0.31425
0.30487
-0.05157
0.42334
-0.17386
0.19405
-0.69880
-0.96404
-0.78974
-0.04997
0.37829
-0.90213
0.24401
0.34552
-0.30908
-0.05673
-0.62741
0.45163
0.51060
-1.59334
-0.52659
0.59049
-0.76041
0.32237
0.73340
-0.29698
-0.81497
-0.22781
-0.26874
-0.31092
0.20851
-0.85884
-0.00840
-0.24087
-0.62835
0.23565
0.39946
-0.17738
0.43970
0.18746
0.13578
0.18689
-0.31115
0.39540
0.14463
0.39856
0.04879
-0.47730
0.66901
-0.04387
-0.03386
-0.03567
-0.01727
-0.29165
0.60375
-0.22390
0.04961
-0.26666
0.34656
-0.72912
0.38103
-0.16813
-1.01235
0.40206
-0.73727
-0.70558
0.19719
0.44785
-0.50141
-0.75408
0.54798
0.63208
0.20219
-0.51268
0.62255
0.39529
-0.01492
0.69958
-0.02392
0.43947
0.23857
0.49470
-0.46679
0.29782
-0.21528
-0.23613
-0.42633
0.56243
-0.04482
0.39798
0.37110
0.25278
0.58042
-0.11018
0.09564
0.67241
-0.78983
-0.60517
0.07187
0.53400
-0.37940
-0.64869
-0.07072
0.42279
0.70974
0.02195
-0.04957
0.16820
0.00729
-0.98389
0.01951
0.23775
-0.49106
0.32686
0.10412
0.46731
-0.07729
-0.10107
0.14515
-0.17175
