0.44361
0.03978
-0.21704
-0.69018
0.04282
0.27181
-0.34813
0.71323
0.14450
-0.23092
0.25343
0.17864
-0.09958
-0.14967
0.13677
0.33864
0.12749
0.21699
0.14526
-0.21110
0.54833
0.61283
-0.01177
0.24167
0.00099
-0.00628
-0.48867
-0.16742
-0.19877
-0.45810
0.02840
0.07052
-0.29679
0.11148
-0.29970
0.64991
0.65043
-1.23017
0.38758
-0.49338
0.14132
-0.38149
-0.53865
0.00042
-0.82376
0.40878
0.58716
0.48145
0.70679
0.52903
-0.29315
0.31331
0.39819
0.44989
0.36096
-0.67796
-0.27581
-1.44420
-0.40855
-0.42898
0.01837
0.39908
0.22404
-0.23442
-0.23813
0.20608
0.92971
-0.14574
0.41245
0.51450
0.61029
0.12854
0.11514
0.00805
0.43817
-0.25012
-0.18772
-0.55052
0.16379
-0.32154
-0.05994
0.00927
0.61903
0.83219
0.75176
-0.55306
0.01533
0.24550
0.42005
0.16195
-0.14608
-0.11198
0.04835
0.38803
-0.11481
-0.13248
0.26675
-0.53807
0.00587
0.67984
0.26244
0.14947
-0.21620
-0.03719
-0.29652
0.36129
0.37548
0.45919
0.16739
-1.01857
-0.77221
-0.31030
-0.27026
0.18253
0.08487
0.03303
-0.11617
-0.06383
0.31236
0.22911
-0.58724
-0.09253
-0.78987
0.55667
0.11045
-0.66920
-0.51493
0.62107
-0.08688
0.27688
0.39879
-0.18913
0.00869
0.40874
0.34026
0.27059
0.05073
0.34149
0.06686
0.80737
-0.11135
0.17609
0.28037
-0.21404
0.04679
-0.13612
0.38649
0.24120
0.09735
0.20170
0.09396
0.12691
0.23330
-0.64667
-0.62282
0.33135
0.72457
-0.42551
0.38997
0.07497
-0.64089
0.37703
0.13286
-0.17629
-0.22503
0.27575
0.04129
0.12228
-0.01640
0.65990
0.91051
0.32699
-0.77949
-0.20678
-0.87552
-0.63239
-0.39250
0.26711
0.12937
-0.50047
-0.72368
0.35686
0.71934
0.32225
0.09985
-0.19677
0.00361
0.46260
-0.03726
0.43280
0.09027
0.05558
0.64968
-0.50649
-0.00043
-0.09624
0.30551
-0.58567
0.33783
0.52508
-0.31189
-0.82827
0.87899
0.42948
0.19720
0.10213
0.14628
-0.12552
0.06130
-0.62863
-0.11979
0.22516
0.33870
-0.14902
-0.02175
0.51834
-0.62868
-0.28480
0.37198
0.03322
-0.25682
0.07511
0.24264
0.22692
0.45882
0.61641
0.23271
0.23553
-0.65020
-0.12150
-0.39087
-0.27407
-0.11483
-0.40444
-0.19140
0.10576
-0.13183
-0.19173
0.54519
0.33699
0.13603
-0.04384
-0.32585
0.20786
-0.37755
0.10025
-0.35237
-0.25512
-0.09382
0.32788
0.01829
0.18768
0.17867
0.40637
0.35470
-0.41990
-0.35291
-0.34725
0.19199
0.38226
-0.03225
-0.18699
0.37869
0.22866
-0.27499
-0.13523
-0.43123
-0.17044
-0.67793
-0.12140
0.11020
0.86052
0.03906
0.12895
0.22312
0.51811
0.00027
-1.05293
0.08320
-0.98894
0.59542
0.33800
0.53684
0.65706
-0.48440
-0.60001
-0.49444
-0.03829
0.20855
0.37965
0.14299
-0.38433
-0.55142
-0.11682
-0.58313
0.13017
0.36363
-0.38095
0.37448
0.05650
-0.71115
-0.65115
-0.49325
0.35965
-0.09318
-0.10494
-0.13474
-0.76270
0.06874
-0.85630
-0.20975
0.29062
0.69950
-0.88709
-0.02658
-0.19359
-0.58672
0.31088
0.05982
-0.10371
0.07295
0.42787
0.60487
0.08600
0.41337
-0.27731
-0.50477
0.13732
0.51410
0.32458
0.00185
0.13814
0.18869
0.06450
0.49617
0.37665
0.45280
0.07704
0.61065
0.11816
0.24425
-0.35135
0.14524
0.32179
0.58299
-0.03905
-0.48458
0.46307
0.70291
0.25816
-0.62214
0.42156
-0.34811
-0.98679
-0.35211
0.30808
0.36226
-0.02751
0.13415
0.30827
0.21721
0.24483
0.13436
0.23329
0.20466
-0.13254
0.49077
0.20606
0.06979
0.73700
0.77547
-0.52762
-1.03404
0.37030
0.69426
0.12206
0.33236
-0.11427
0.05618
-0.04346
0.40288
-0.00938
-0.71628
0.14833
-0.20579
0.24924
-0.30415
0.09253
0.36767
0.81085
0.11876
0.52669
-0.47180
0.10228
-0.23718
0.27192
-0.16763
-0.57762
0.54703
-0.44891
-0.18087
0.54191
0.21721
0.50923
0.05018
-0.13721
-0.18221
0.00379
0.43116
-0.04003
0.15913
-0.00354
0.23940
0.15132
0.12740
0.10382
0.71471
-0.35257
0.07151
0.76730
-0.81563
-0.36047
-0.36793
-0.24583
-0.05078
0.71879
0.36991
0.08595
0.21204
-0.05101
-0.63537
0.04501
0.05639
0.11002
-0.60782
-0.25537
0.26875
0.71126
0.25232
0.01361
0.07241
0.34925
-0.69608
0.31671
0.35813
0.28977
-0.08328
-0.15659
-0.15680
0.30428
-1.66330
0.36764
0.48211
0.19391
-0.14241
-1.24056
0.10402
-0.44662
-0.07679
0.46744
0.37788
0.04256
0.20445
-0.03707
-0.60477
0.25749
0.53159
-0.07540
-0.27110
0.29991
0.20579
0.13193
0.44755
-0.54848
-0.35145
0.40986
-0.35774
0.40081
-0.26645
-0.90410
-0.08530
0.43288
0.14764
-0.00746
-0.43730
0.03451
0.15767
0.32505
-0.14627
0.18008
0.04466
-0.10363
0.02854
-0.70384
-0.36143
0.32476
0.47662
0.33669
-0.32055
0.38878
-0.04218
-0.41626
0.34950
0.49344
-0.19198
-0.05464
0.07346
0.36218
0.55990
-0.09703
0.16140
0.35167
0.57730
0.04953
0.17150
0.44915
0.48684
-0.32277
-0.00057
-0.19897
0.10168
-1.52288
-0.90536
0.63094
0.36978
0.48530
0.37108
0.37236
0.28313
-0.00546
0.07595
-0.43506
-0.48826
-0.66137
0.10745
0.30728
0.45431
-0.02008
0.42482
0.58662
0.63756
-0.02279
0.25015
-0.10679
-0.71915
-0.30215
-0.15510
0.46500
-0.20040
0.09311
0.54352
0.45719
0.18511
-0.03011
0.10807
-0.79019
0.09693
-0.25769
-0.52610
0.53958
0.00518
-0.38688
0.46839
-0.30038
0.16459
0.17921
0.48166
0.10138
0.04355
-0.13416
-0.22359
0.77025
0.46667
-0.01492
0.33840
0.17690
0.20702
0.19049
-0.11159
0.14338
-0.67105
0.21807
-0.21293
-0.41066
0.37369
-0.30607
0.27049
-0.12075
-0.00632
0.71926
0.19098
0.51282
0.24210
0.80827
0.26017
0.42219
0.01978
-0.14160
0.08423
0.81679
0.19320
-0.96812
0.58255
-0.03122
-0.28895
0.55847
-0.50479
-0.30246
0.13200
0.03212
0.25405
0.12300
0.15419
0.29143
0.21719
-0.16834
-0.39225
0.07944
0.41081
0.34028
0.90052
0.12030
0.33170
-0.15583
-0.06996
0.03983
-0.48981
0.72343
0.20053
-0.51001
0.65752
-0.64293
-0.11910
0.29753
0.36606
-0.17837
-0.18326
0.28087
0.07386
0.08782
-0.09247
0.43325
-0.32848
0.19955
-0.56413
0.00820
-0.30750
0.20121
-0.13850
0.38906
-0.72960
-0.10766
-0.28962
0.21474
-0.00395
0.03979
-0.67475
0.23150
0.22058
0.23408
0.36760
-0.60137
-2.21897
0.40914
-0.06289
0.11805
0.42096
0.29924
-0.63301
0.76269
0.43869
0.03458
0.18323
0.19009
0.00094
-0.04276
-0.01272
0.13969
0.20422
0.27538
-1.34209
0.79881
0.69479
-0.23908
0.53229
0.06624
0.67653
-0.23338
0.19532
-0.08848
0.35756
-0.10759
-0.05118
0.05723
0.60183
0.33776
0.26625
-0.04088
0.20652
-0.20841
0.25766
-0.35428
0.64320
0.01731
0.47998
0.44000
0.30663
-0.10360
0.24369
-0.20999
0.35552
-0.16412
0.43317
0.02914
-0.06126
0.26819
0.69210
0.48937
0.75910
0.25702
0.62975
0.41943
-0.01490
-0.45986
0.71599
-0.28282
0.12479
-0.47842
0.22264
0.14793
-0.37540
-0.95748
0.15375
-0.10012
0.53329
0.23161
0.40709
0.52812
0.14809
0.20996
0.40293
0.26694
0.36737
0.14369
-1.99751
-0.35774
0.41870
0.13327
0.48898
0.16588
-0.14402
0.03577
0.54013
-0.04340
-0.43098
0.29199
0.44306
0.41106
0.31191
-0.25850
0.01488
0.67230
-0.09713
-0.19123
0.10993
-0.44452
0.04527
0.39855
0.60286
-0.24096
0.01496
0.28713
-0.36384
0.47793
0.14903
0.44414
-0.05140
0.44039
-0.11335
0.28369
0.26255
-0.67287
-0.06108
0.27724
-0.37876
0.53058
-0.34356
0.46949
0.41596
0.18340
-0.15228
-0.52126
0.26777
-0.13375
0.07039
0.17258
0.73617
0.17681
0.14623
-0.38926
0.18672
-0.25214
0.56689
-0.01134
0.12425
0.06443
-0.49979
0.30151
-1.33779
-0.00233
0.37015
0.18458
0.47337
0.30915
0.75837
0.12599
-0.91906
0.71894
0.34653
0.66886
0.03019
0.26431
-0.16088
0.23250
0.30185
0.13419
0.46085
-0.00423
0.74207
0.12239
-0.14466
-0.44929
-0.08739
0.63742
0.49179
-0.10108
-0.74311
0.18727
0.46221
-0.29435
-0.23555
0.34663
-0.08096
0.61361
0.17036
-0.17419
0.14829
0.55366
0.19676
0.50800
-0.13656
0.12697
0.33914
0.01400
0.76907
0.41336
-0.79337
-0.36602
0.15492
0.09230
-0.42063
0.19363
0.09191
-0.12962
-0.71740
0.03262
-0.20791
0.35385
0.04386
-0.38292
0.18152
0.18167
-1.79963
-0.10500
-0.28294
-0.61040
0.44090
0.26033
-0.57611
0.58246
0.21468
-0.07884
0.34922
-0.35363
-0.35952
0.70639
0.33402
0.61801
0.91662
0.52473
0.19028
0.46003
-0.71411
0.44272
-0.04594
-0.07892
-0.03968
0.37531
0.37333
-0.59447
-0.30039
0.12269
-0.12007
-0.61181
-0.25811
0.34955
0.28879
0.22877
-0.20059
-0.14042
0.24491
-1.43730
-0.15648
-0.15620
0.16870
0.10302
-0.62124
0.53057
0.13059
0.11953
-1.17700
-0.19689
0.30770
-0.02863
0.17160
0.53299
0.01632
0.71702
-0.21165
-0.44227
0.64468
0.20858
0.18509
-0.77830
0.51204
-0.07878
-0.31200
0.26076
0.24662
-0.35283
0.38324
0.56703
-0.27350
-0.40251
0.38110
-0.16588
0.34587
-0.35028
-0.51382
-0.02093
0.25727
-0.64351
-0.47628
-0.09306
0.12483
-0.08291
0.20291
0.66287
-0.03868
-0.12804
-0.08948
-0.27217
0.06685
0.45386
-0.02458
0.46154
0.74285
-0.17187
0.54365
0.15262
0.17788
-0.06992
-0.21270
0.04800
-0.11685
0.19159
0.75862
-0.22293
-0.61067
-0.05555
0.61906
0.21423
0.21059
0.45093
0.12423
-0.03675
0.74949
0.72533
-0.15897
-0.30731
-0.82055
-0.28294
-0.95710
-0.52604
0.12708
-0.12111
-0.01604
-0.19568
0.67081
0.07408
0.08474
0.34284
0.60633
0.25343
-0.20613
0.41850
-0.12322
-0.56913
-0.18725
-0.14296
0.71449
0.12617
0.55499
-0.27821
-0.31552
0.32320
0.36644
0.25308
-0.01549
0.32269
-0.36991
-0.71372
0.30124
-0.23289
-0.09846
0.06069
0.29935
0.62497
-0.21722
-0.19551
0.05527
0.45766
-0.25745
0.38628
0.37940
-0.98891
-0.02408
0.10354
-0.28808
-0.06292
-0.29516
0.26894
-0.19753
0.57441
0.55893
0.53884
-0.36138
0.03442
0.01871
-0.01045
-0.17322
-0.64280
0.15419
0.24204
-0.02112
0.30885
0.64277
0.07122
0.41881
-0.08158
0.55950
-0.05447
-0.53711
0.60734
0.01044
0.21166
0.11187
0.51169
0.14367
0.38351
0.05468
-0.37542
-0.45807
0.26509
0.31003
-0.16054
0.67294
0.10532
-0.12658
-0.58994
0.26872
0.79018
-0.26165
0.66151
0.74520
0.10758
0.62434
0.42878
0.45285
0.09273
0.10135
0.13196
0.29468
-0.74403
-0.00141
0.08924
-0.07641
-0.16755
-0.71084
0.50418
-0.03823
-0.02364
0.10580
0.34678
0.63463
-0.01884
0.59591
0.54278
0.37009
-0.09704
0.29229
0.32866
0.27210
-0.29100
-0.29659
0.37670
-0.07899
0.52191
0.44138
0.11753
0.03446
0.31547
-0.38609
0.29819
0.33052
0.38600
0.46008
0.41943
-0.47269
-0.06246
0.34659
0.17907
-0.01074
0.80449
0.14022
-0.59205
-0.02960
-1.00866
-0.06401
0.03593
-0.22623
0.19816
0.26499
-0.42737
-0.38788
0.30807
-0.17102
0.51505
0.16291
-0.13108
0.65349
-0.08653
-0.90312
-0.07193
0.06634
0.27005
0.01459
0.46788
0.55489
0.25997
0.42594
-0.51791
0.45857
-0.17769
0.24766
-0.08963
0.13642
-0.35261
-0.17163
-0.14330
0.09886
0.40651
0.17004
0.46857
0.25265
-0.33376
-0.05771
-0.13995
0.44194
0.29778
-0.09692
0.26463
0.22079
0.73751
-0.14440
-0.01524
-0.18638
0.46251
0.32598
-0.21920
-0.11275
0.71696
0.35467
0.42799
0.14771
-0.17725
-0.07804
-0.28157
0.20427
0.51053
0.07317
0.35781
-0.37072
0.18860
0.49872
0.11671
0.01680
-0.59039
-0.11493
0.20208
-0.26883
0.06203
0.24373
-0.52653
0.26392
-0.23272
-0.07954
-0.03416
0.42675
-0.07997
-0.05412
0.20779
-0.21277
-0.11799
0.57284
0.64429
0.26494
-0.42693
-0.44576
0.60955
-0.20391
-0.50571
0.23641
-1.22097
0.35703
0.55008
0.11054
-0.11821
0.54221
0.15923
0.49103
-0.05824
-0.00798
-0.55068
0.23346
-0.04018
-0.07760
0.61217
-0.00130
-0.00519
-0.39533
0.33252
0.40632
-0.31951
0.18703
-0.05913
-0.65225
-0.00952
-0.07613
-0.28357
0.11631
-0.14038
0.59423
0.21730
0.10235
0.21874
0.20720
0.34641
0.33193
0.29429
0.29386
-0.82783
0.28896
-0.10118
0.13432
-0.09975
-0.00226
0.66148
-0.40047
0.38856
0.44685
-0.91302
0.42368
0.05524
-0.15716
0.26898
0.21948
-0.23699
0.24583
0.38565
0.19449
0.00378
-0.34719
-0.09187
0.39437
0.65157
-0.03166
0.35606
0.04335
-1.08114
0.39950
-0.27853
-0.36578
0.32655
0.61104
0.22126
0.47249
0.21351
-0.21490
0.53004
0.76529
0.26799
0.39828
-0.13639
0.20993
0.64312
-0.98034
-0.50445
0.48323
-0.39821
0.23743
-0.22304
-0.15453
-0.03247
-0.69117
-0.07324
-0.43355
-0.14968
0.51818
-0.03269
-0.50323
0.40843
-0.49969
-0.41377
-0.27092
-0.06788
0.26538
-0.36776
0.38452
0.16864
0.71553
-0.48848
-0.89720
0.42972
0.16114
0.19274
0.19137
0.29704
0.75053
-0.08741
-0.05764
0.09640
0.52466
0.39843
0.21733
0.13328
0.26652
0.46297
-1.14443
0.17826
-0.14303
0.20795
0.19082
0.31858
0.17222
-0.17125
0.54376
-0.07914
0.15784
0.13514
0.36335
-0.12633
0.08760
-1.08323
0.33715
0.28662
0.35537
-1.03850
0.83834
-0.32565
0.16148
-0.04225
-0.19340
0.32026
-0.10508
-0.16985
0.56497
-0.16866
-0.78992
0.07979
-0.01783
0.06643
-0.01058
0.62051
-0.24268
0.34728
0.53167
0.27940
-0.26572
-0.02479
0.35774
0.05733
0.61108
-0.30790
0.50540
0.67467
0.14234
0.50678
0.06723
-0.25281
-0.80961
0.29154
0.67562
0.60953
-0.60107
0.23660
0.17823
0.50984
-0.45949
0.18413
0.64725
-0.00976
-0.44794
0.04658
-0.06095
0.61318
0.04854
0.66235
-0.52862
0.38586
-0.27825
0.50945
0.45198
0.27122
0.37470
0.18113
-0.78172
-0.09692
-0.53725
-0.36081
0.19856
0.42125
0.82601
-0.12231
-0.00862
-0.24223
-0.03993
0.48467
-0.38531
0.62832
0.20974
-0.04634
-0.33736
-1.41566
-0.07181
0.33042
0.23226
0.00292
-0.40526
-0.18092
0.59593
0.32809
-0.09458
0.58030
-0.14905
-0.46906
-0.71139
-0.42889
0.14002
0.12174
0.30161
-0.12002
0.09721
0.70374
0.41225
0.15321
0.62882
-0.26579
0.90373
0.07411
0.17210
-0.23382
-0.42371
0.25111
-0.83361
-0.32841
-0.01696
0.37875
0.03376
0.11223
-0.24298
-0.25460
-0.15724
0.18736
0.04761
0.08178
0.01356
0.11328
0.17615
0.19435
0.09936
0.04893
0.20397
0.18714
0.13169
0.05682
0.03249
0.10585
0.06283
0.12244
0.14005
0.00785
0.01144
0.19154
0.03662
0.16899
0.18552
0.07264
0.14794
0.15720
0.12736
0.12454
0.12930
0.20771
0.16312
0.03961
0.15848
0.05242
0.01775
0.04323
0.16285
0.11568
0.02812
0.04936
0.12586
0.12760
0.02186
0.04979
0.14202
0.18836
0.07771
0.02748
0.19777
0.13848
0.06397
0.06175
0.10924
0.20345
0.07509
0.05461
0.05871
0.15444
0.09888
0.06570
0.14541
0.03960
0.12687
0.06974
0.12642
0.19673
0.01355
0.12086
0.00274
0.03876
0.10870
0.20633
0.04205
0.10134
0.11633
0.10487
0.02294
0.19154
0.17216
0.00908
0.02566
0.08986
0.03766
0.19125
0.17941
0.14509
0.13611
0.04137
0.09429
0.09993
0.16559
0.13813
0.20010
0.10958
0.10110
0.13927
0.03105
0.12575
0.07701
0.19254
0.15023
0.03244
0.15724
0.17274
0.19257
0.00621
0.03750
0.04194
0.09399
0.12529
0.13003
0.14522
0.09671
0.03814
0.08919
0.02595
0.01458
0.16913
0.03110
0.08643
0.19419
0.16046
0.14311
0.14956
0.02451
0.19982
0.18870
0.14722
0.15085
0.21065
0.20475
0.12255
0.13714
-0.09093
0.10852
0.08307
0.07505
0.15347
-0.11047
0.02194
0.15544
0.20558
-0.02364
0.29163
-0.10855
0.18860
-0.94879
-0.44848
0.07089
0.07283
0.45047
0.05927
-0.12328
-0.34036
0.55463
0.14264
0.24652
-0.39767
-0.08117
0.78526
0.23878
-0.48007
0.30047
-0.07740
-0.49392
0.01563
0.13507
0.69958
-1.07821
0.14786
-0.00640
0.10690
0.29972
-0.36076
0.56137
0.64680
-0.17261
-0.88945
-0.64864
0.27095
-0.33939
0.61906
0.46546
0.69448
0.06321
-0.40475
-0.77515
0.56117
0.17246
0.58214
-0.34272
0.08655
-0.95945
0.25556
0.05631
0.60566
-0.29721
1.52253
0.44098
-0.54548
0.22913
-0.00378
-0.33447
0.03029
0.06450
-0.77130
0.10960
-0.11143
-0.33177
0.43833
0.32928
-0.34884
-0.14734
0.21623
0.33147
0.38878
-0.36053
-0.54752
0.06563
0.10154
-0.26027
-0.28704
0.50987
0.77355
0.43373
0.90075
0.11279
0.12344
-1.05263
0.15350
0.58544
0.15659
-0.26798
0.84637
0.12599
0.72321
0.25784
-0.32600
0.46167
0.41628
-0.87122
-0.20451
0.26340
-0.87897
0.45230
0.71712
-0.70197
0.48760
-0.10907
-0.33045
-0.07510
-0.38739
-0.08915
0.81138
-0.46130
0.21812
0.21738
-0.07314
0.12120
0.68759
0.31287
0.13715
-0.30743
0.55616
-0.59642
-0.26334
0.15977
-0.10334
0.55889
0.62684
0.01055
0.66921
0.45851
-0.17066
0.60500
-0.05430
-0.25153
0.36990
-0.15495
0.50350
0.50969
-0.36674
0.18203
-1.25167
-0.22883
0.52609
-0.53388
-0.19212
0.17657
0.86141
-0.29284
0.42248
0.40525
-1.21364
0.46240
0.65625
-0.50696
-0.63955
-0.71850
-0.45878
-0.49283
0.38552
-1.40046
-0.08609
0.09860
0.63070
-0.92736
0.07986
0.55745
0.36065
-0.48690
-1.38263
0.03720
0.18628
0.55685
0.60530
0.57116
0.29374
-0.02793
0.64317
0.34937
-0.22360
-0.48776
-0.22018
0.71218
0.10179
0.41830
-0.39911
-0.07285
0.10599
-0.95210
0.03152
0.01450
0.21976
-0.16746
-0.64989
0.02794
-0.26367
0.18280
-0.00779
0.07016
-0.09826
0.10380
-0.07169
-0.06523
0.24306
0.13728
-0.11859
-0.31527
0.71131
0.32471
-0.65840
-0.92347
0.33074
0.27825
-0.49260
0.21110
-0.47965
0.45012
-0.02735
-0.00935
-0.27261
-0.03876
-0.80657
-0.85032
-0.21967
-0.28380
-0.17537
0.39219
-0.37989
-0.22673
0.04528
-0.04134
-0.16040
-0.18976
-0.19705
0.15649
0.03474
-0.06403
-0.16941
0.05913
0.02574
-0.10009
-0.19353
0.30744
0.08796
-0.99516
0.32451
0.22848
-1.31886
-0.21924
-0.05488
-0.09895
-0.08932
0.07461
0.33263
-0.09809
0.27389
0.17375
-0.12345
-0.46406
0.37943
0.18933
0.54505
-1.22073
0.19182
0.10392
-0.40763
-0.15504
0.19577
0.72064
0.07037
-0.32368
0.43454
0.14020
0.52886
0.42055
0.08448
0.12560
0.10156
0.42454
0.68798
0.61141
0.24813
-0.80094
0.65147
-0.05612
0.20216
-0.05294
0.46148
0.38712
-0.07434
0.36996
0.36762
0.00365
0.08721
0.70087
0.49924
-0.16738
0.45243
1.75155
0.35072
-0.69256
0.13982
-0.44453
-1.37872
0.21031
-0.83282
-0.65072
0.72066
0.75929
0.12084
-0.03402
0.18253
-0.47298
-0.31747
0.54661
0.08013
-0.27943
0.59651
-0.15096
0.31043
-0.27850
0.21222
-0.00041
0.40343
-0.14656
-0.16462
0.40064
0.45902
-0.18186
-1.22260
0.05178
0.15698
-0.93319
0.51591
0.14107
-0.15953
-0.05199
0.08669
-0.40888
0.47490
0.38309
-0.81206
0.26554
-0.47444
0.39768
0.45367
0.19408
0.13182
0.20680
-0.04833
-0.01095
-0.03097
0.09675
0.05517
-0.33944
0.03979
-0.87677
-0.52884
-0.51586
-0.29515
-0.56424
-0.82615
-0.04417
-0.10110
-0.75847
0.15105
0.46246
0.17046
0.59486
0.03148
0.05529
0.44510
-0.04031
0.45517
0.50062
0.40529
0.77532
0.25292
-0.42379
-0.68652
0.57846
0.08577
-0.14762
0.36126
-0.74040
-0.16652
0.43927
-0.12197
0.62715
0.66710
-0.61437
-0.11181
0.24612
0.14405
0.16985
0.33979
-0.69700
-0.63904
0.29118
-0.24237
0.26228
-0.31740
0.44210
-0.34455
0.22760
0.04655
-0.62805
-0.00827
0.08572
-0.03527
-0.31245
0.20512
0.07685
-0.01985
-0.77710
-0.09914
0.19035
0.21063
-0.43274
0.58872
-0.05370
0.06487
-0.61944
-0.02109
0.17873
-0.36242
-0.92496
0.17864
0.17385
0.65529
-0.58374
0.51060
-0.22238
0.46987
-1.02886
0.29087
0.08199
0.91692
0.57917
0.30948
-0.29468
0.12292
0.07881
0.00812
0.20847
0.39043
0.16663
-0.77051
0.43500
0.35719
0.05089
-0.14450
0.48170
-0.02670
0.15352
-0.30584
0.21466
0.68989
-0.03881
0.02093
0.57421
0.25570
-0.23983
-0.47427
-0.27231
-0.12707
-0.03943
0.10560
-0.30347
-0.07985
0.38851
-0.30618
-0.30464
0.13877
0.27059
0.14359
0.35983
-0.52694
-0.37458
-0.66520
-0.22817
0.48280
-0.10395
-0.67320
0.39642
0.05196
0.74944
0.14591
-0.35532
0.24627
-0.16108
-0.01048
0.20373
0.32032
0.35863
-0.19879
-1.02732
0.09692
0.67622
0.08753
0.18916
0.03573
-0.41399
0.74708
-0.10806
0.11594
-0.13698
0.55346
-0.01587
-0.19111
-0.34606
-0.29651
0.07727
-0.02284
-0.50262
0.64356
0.39949
-0.00484
0.24327
0.72257
0.14316
-0.58148
0.13437
-0.06713
0.14574
-0.09198
-0.83181
0.05408
0.65901
-0.09106
-0.59373
0.58283
-0.83282
-0.03479
-0.41295
0.74651
0.62514
0.65131
0.26183
0.12306
-1.16325
0.25302
0.15669
0.71204
0.55730
-0.22667
-0.13532
-0.05401
-0.53582
-0.19333
-0.47623
0.29532
-0.43674
-0.19901
-0.01677
-0.18998
-0.06400
-0.62281
-1.25578
0.09060
0.01580
-0.13137
-0.75039
-1.01004
-0.08411
-0.70059
-0.05601
-0.38993
-0.73774
0.04142
-0.51295
0.19659
-0.06158
-0.04491
-0.03030
0.01467
-0.15016
-0.22332
0.08949
-0.25036
0.52781
0.16110
0.09516
0.41577
0.12224
0.09022
0.36203
0.41457
-0.48838
0.18950
0.03942
0.45225
0.71485
0.32878
0.26401
0.41460
0.40565
0.13646
0.14572
-0.59343
-0.28332
-0.42531
0.32040
0.32963
-0.06173
0.37818
0.40047
0.74522
0.36376
-0.22911
-0.51720
0.02671
0.36334
0.06915
-0.07935
0.07374
0.40250
-0.14926
0.40759
-0.08496
0.30621
-0.42518
0.18464
-0.75755
-0.09245
0.59840
0.43281
0.43600
0.12208
0.08113
0.19338
0.14528
0.51741
-0.10173
0.25359
0.31322
0.07814
-0.19114
0.36690
0.52240
0.29290
0.53235
0.08117
-0.24779
0.37560
-0.89426
-0.14620
-0.41625
-0.60091
-0.24585
-0.43394
0.14618
0.08309
-0.29507
0.20240
-0.42198
-0.77912
-0.77999
0.64624
-0.98609
-0.77130
-0.52653
-0.35864
-0.72794
-0.68404
0.37720
-0.19447
-0.41406
0.10578
-1.68188
-1.09050
0.43533
-0.61468
0.17779
0.50415
-0.04818
0.12279
-1.22291
0.04877
-0.77553
-0.32639
0.35549
0.08953
-0.06045
-0.29119
-0.19863
0.27765
0.16394
-0.79687
-0.95228
-0.57273
-0.15199
-0.12618
-1.55762
-0.28726
0.23856
-0.65645
0.56279
0.32572
-0.06869
0.39139
0.14313
-0.65475
-1.57478
-0.32463
-0.06478
-0.65680
-0.24327
-0.26016
-0.52501
-1.13838
-0.35457
-0.33724
-0.26228
0.04840
-0.68065
0.03923
-0.72113
0.18059
-1.14683
-0.41611
-0.25779
-0.07257
-0.04648
-1.19215
0.44131
-0.21274
-0.37019
-0.52380
-0.12376
-0.57100
-0.02245
0.05753
-0.35635
-0.59211
0.55977
-0.20178
0.17414
0.34170
0.37346
0.53739
0.16236
0.54563
0.53840
-0.69375
0.19283
-0.78129
-0.45599
0.10938
-0.11588
-0.38072
-0.87009
-0.07922
0.39247
0.07199
0.33189
0.06984
0.37124
-0.65281
-0.32196
-0.26854
0.07134
0.23688
0.28050
0.30320
0.27394
-0.10783
-0.47826
-0.06133
-0.26839
-0.19041
0.68514
-0.24684
0.23021
0.78636
-0.22193
0.40210
-0.58374
0.11622
-0.18002
-0.48740
-0.21808
0.44215
-0.42497
0.26145
-0.49462
0.39619
0.55138
-0.66470
0.40609
-0.20900
0.44984
-0.25972
-0.20246
0.15648
0.49491
-0.59476
0.10422
0.61275
-0.07909
-0.12482
0.35868
-0.04129
0.20298
0.22114
-0.03685
0.50371
-0.57318
0.60480
0.34079
-0.03079
-0.59687
0.36600
0.15575
0.02379
-0.13064
0.92030
-0.12603
0.51736
0.03872
-0.09699
0.45913
0.01337
-0.58492
-1.17206
0.11810
-0.40237
0.65854
-0.04972
0.95542
-0.04042
0.63252
-0.46439
0.18254
0.07440
-0.81080
0.29837
-0.24848
-0.10570
-0.95692
0.24069
-0.11501
-0.60572
0.02851
-0.07073
0.38768
0.82755
-0.53799
-0.35932
0.74360
0.15917
0.15090
0.92831
-0.41740
-0.53710
0.14102
0.12187
0.06665
-0.08058
-0.58699
0.01382
0.11644
-0.41518
-0.31574
0.16948
-0.78963
0.17940
-0.12083
0.13634
-0.03538
0.28958
0.14344
-0.18574
0.38920
0.44283
-0.70058
0.15795
-0.28671
0.34980
-1.10464
-0.84353
-0.34708
0.01783
-0.34558
-0.41693
-0.28672
-0.53330
-0.64900
-0.65482
-0.56329
-1.36060
0.44689
0.34150
-0.26670
0.40475
0.49350
-0.87065
0.15236
-0.13134
-0.72210
-0.49386
-0.19817
-0.26949
-0.11656
-0.49962
-0.22548
-0.48718
0.73881
0.15137
-0.06366
-0.13529
0.17601
0.13276
-0.22826
-1.03012
-0.15473
0.38333
0.07622
-0.14721
-0.46726
0.05809
-0.73545
0.38156
-0.21913
-0.08490
-0.17796
0.39077
-0.16759
-0.17765
0.15597
-0.93000
0.03917
-0.21635
-0.02194
-0.92417
-0.71291
-0.25501
-0.66584
-0.14266
0.19767
0.20613
-1.42570
-0.51566
-0.51128
0.09693
0.43948
-0.19848
-0.64946
-0.16979
-0.16994
0.32474
0.12939
0.37020
0.15224
-1.19995
-0.16311
-0.38555
-0.36006
-0.32745
-1.03429
-1.06077
0.31268
0.20951
-0.12458
-0.02995
0.02433
-0.34183
-0.29753
0.28985
-0.22184
-0.58792
-0.73402
-0.84715
-0.14227
0.16593
0.02705
0.39939
-0.45423
0.16925
0.00379
0.12000
0.27474
-0.07599
-0.41575
-0.17176
0.48745
-0.53295
-0.13370
0.09341
0.34260
-0.22581
0.20650
-0.90236
0.21141
0.32506
-0.12474
0.05145
-0.02903
0.59708
-0.36434
0.81016
0.18535
-0.13901
-0.41919
-0.20828
-0.07899
-0.38823
-0.20278
0.34547
0.00653
-0.32993
0.07645
-0.46290
0.15549
-0.56185
0.53060
-0.17251
0.70356
0.12029
0.03614
0.17002
-0.00042
0.36405
-0.34710
0.13866
-0.27816
0.63014
0.04576
0.08836
-0.22463
0.12175
0.48722
0.31114
-0.51561
-0.11297
-0.37228
-0.07150
0.56960
0.63657
0.54381
0.09173
0.20546
-0.79625
-0.78171
0.35734
0.01274
0.48701
-0.03408
-0.03844
0.18980
0.31092
-0.54972
-0.05740
-0.33239
-0.33750
-0.48777
-0.71082
-0.35080
0.45304
-0.11859
-0.45984
0.52960
0.35351
0.30633
0.66886
0.43371
-1.24387
-0.21416
0.17532
0.09027
0.02053
0.39675
-0.47287
-0.00222
0.26254
-0.34179
0.17648
0.56017
-0.09554
-0.32363
0.09935
0.60941
-0.10222
0.21623
0.52402
0.40952
-0.27710
-0.37056
-0.10190
-0.00483
0.04855
-0.75454
0.32731
0.21250
-0.18397
-0.22433
0.23337
0.14984
0.53412
0.53509
0.15393
-0.28344
0.48905
-0.06039
0.17663
-0.39841
-1.03743
-0.67985
-0.83207
0.79477
0.29794
-0.10848
0.02369
0.16129
0.49740
-0.05133
0.56636
0.43623
-0.15814
0.14258
0.99875
-1.41170
-0.40854
0.27804
-0.45839
0.42700
0.21524
0.58061
0.20009
0.44415
0.74668
-0.01043
-0.05516
-0.03657
0.29415
0.27393
-0.06348
0.10218
0.49035
-0.59071
-1.07005
0.06010
-0.88515
0.17447
0.45517
-0.06446
-0.20783
0.06212
0.35924
0.26416
-0.49816
0.16787
0.17651
-0.15811
0.16786
0.50178
0.07941
-0.80410
-0.14326
0.14716
0.01341
-0.38462
-0.37764
-0.73100
-0.67734
0.02438
0.13670
0.25055
0.07388
0.03328
-0.36183
0.41527
-0.84137
-1.32800
-0.55040
-0.48608
-0.26486
-0.76178
-0.55091
0.43962
-0.33824
-0.64600
-0.20065
0.82106
-0.23130
0.08578
-0.46818
-1.10321
-0.68639
0.03607
0.11841
0.33658
-0.02278
-0.91699
-0.13363
0.00306
-0.23655
-0.07638
0.57758
-0.04792
0.65530
0.53813
-0.28269
-0.36394
-0.32410
-0.05300
-1.21682
-0.93081
0.37861
0.02037
0.26829
-0.45307
-0.01237
0.13312
0.06002
-0.05269
-0.02435
-0.86634
0.46704
-0.44165
-0.32033
-0.51665
-0.55505
-0.26676
-0.02439
-0.62166
-0.02999
-0.21675
0.07435
0.57748
-0.02484
0.10053
0.31267
-0.29536
0.40948
0.25166
-0.32663
-0.20070
-0.33565
0.14376
-0.53152
0.18705
0.20678
0.21548
0.22948
-1.18845
-0.70426
0.60967
-0.72011
-0.60776
-0.42995
0.53358
-1.11426
-0.39116
-0.68202
-0.32252
0.51480
0.07831
-0.71521
-0.90057
-0.19469
-0.24114
0.14092
0.48525
0.31822
0.44131
0.46519
0.14431
-0.35893
-1.66838
-0.16704
0.14883
-0.55612
0.35202
-1.51088
0.42886
-0.11037
-0.09072
-0.06451
-0.10931
-0.18221
-0.46460
0.13526
-0.30640
-0.32979
-1.36026
-0.19975
0.25631
-0.63737
-0.05492
0.62454
-0.13398
0.29545
-0.76037
0.20352
0.30924
0.16140
0.16947
-0.36300
0.05480
-0.04258
-1.08470
0.43726
-0.42917
0.45933
0.45308
0.10182
-0.94865
-1.37759
-0.25237
-1.41584
0.10942
-1.00988
0.07425
0.19932
0.45879
0.07051
0.14565
-0.51223
0.00168
0.54688
-0.07770
-0.70025
0.39297
0.26471
-0.13487
0.33974
-0.12316
-0.08237
0.42631
-0.07275
-0.98216
-0.24031
0.27905
0.14991
-0.34044
0.45771
-0.59645
0.42549
0.38512
-0.30259
0.43205
-0.39035
0.86890
0.01226
-0.06942
0.15551
0.04956
0.04085
0.26677
-0.00391
0.45595
-0.32490
0.40313
-0.30248
0.69922
-0.39089
0.41746
0.47737
-2.00127
0.60672
0.26385
0.30781
0.12148
0.45142
0.26029
0.38569
0.58843
-0.05567
0.25531
-0.24242
-0.71744
0.39505
0.27878
-0.10147
-0.10945
0.25826
-0.28379
0.26481
0.57027
-0.08990
0.56545
0.16366
-0.01509
-1.04363
0.27654
0.21356
-0.81782
0.27127
0.20290
0.22692
-0.08248
-0.13181
-0.23932
-0.07867
-0.39099
0.23035
0.65004
-1.76349
-0.45063
0.00071
0.10212
-0.35003
0.24360
-0.07609
-0.26761
0.26164
0.30071
0.17199
-0.13530
-0.92770
0.15538
-0.10988
0.18269
-0.07183
0.32841
0.20155
-0.41453
0.68316
0.45851
-0.70681
-0.21484
-0.24649
-1.26262
0.06977
0.02018
0.29328
0.18687
0.15313
0.21787
-0.58346
0.36697
0.63985
-0.42694
0.78818
-1.39562
-0.28311
-0.57849
0.06466
0.39362
0.37209
0.42859
-0.13938
0.64982
-0.10611
0.37828
-0.14579
0.45033
-0.12399
-1.28271
0.57476
-0.47855
0.37278
0.41470
-1.49165
-0.51028
-0.49793
0.04668
0.64014
-1.04505
0.36322
0.74212
0.48098
-0.07811
0.35809
0.32054
-0.01947
0.28764
-0.34058
-0.42970
0.01210
0.19996
0.28319
-0.92022
0.03258
-0.48347
0.60122
0.45569
-0.24207
0.12739
0.26773
-0.33757
-0.17906
-0.34257
-0.07529
-0.81289
0.27626
0.29940
0.18271
-0.41357
-0.08882
-0.83404
0.55344
0.24281
0.30117
0.29746
0.11422
0.60958
-1.22286
-0.15501
0.05680
0.07445
0.35147
-0.03555
0.45053
0.58017
0.61247
-0.07694
0.11731
0.08938
-0.14344
0.10757
-0.91174
-1.02386
0.64143
0.36890
0.45638
0.37246
-0.08344
0.48020
-0.44465
-0.18172
0.50563
0.43257
0.30746
0.47745
-0.14484
0.39975
0.54023
0.11065
0.60073
-0.09878
-0.01944
0.34028
-0.15466
-0.05623
0.21588
0.35799
0.54963
-0.24254
-0.49437
-0.39226
0.62955
0.29738
0.00328
-1.19673
0.35234
-0.11902
0.08177
-0.34072
-0.36112
-0.04641
0.09940
0.12233
-1.64882
0.39157
-0.92829
-0.12945
0.06725
-0.92034
0.02255
0.22276
0.48461
0.37478
0.06850
0.25495
0.24545
0.34094
0.31521
-0.97024
0.19690
-0.14482
0.14371
-0.96728
-0.06584
0.67474
-0.70724
-0.14739
0.13324
-0.24646
-0.29589
-0.97882
0.33269
0.13709
0.14498
0.48312
-0.23819
-0.24177
0.70451
0.91803
0.14733
0.15065
0.14168
-0.12871
-1.73060
0.47808
-0.28824
-0.79037
0.14593
0.93828
-1.03155
0.17683
-0.38536
0.09682
-0.52275
-0.26879
0.55738
-0.65866
0.48576
-0.95819
0.16579
-0.23743
0.16117
-0.01684
-0.58535
-0.22073
0.08314
-0.64933
-0.15579
-0.20703
-0.15341
-0.63625
0.53442
0.57189
0.89750
-0.24882
0.18190
-0.64113
0.90089
-0.19274
0.15860
0.08893
-0.15151
-0.28715
-0.56439
-0.62256
-0.54730
-0.21928
0.51241
-0.20524
-1.37118
0.11099
-0.23768
-0.33235
0.57378
-0.58744
0.59769
0.55572
-0.31918
-1.41629
0.44402
0.43843
-0.95287
0.57512
-0.92020
-0.53585
0.42042
-0.47357
-0.74168
0.44268
0.47621
0.45194
-0.11917
0.53590
-1.10092
0.17925
-0.12347
0.15088
0.16391
0.44049
0.38831
0.17140
0.45906
-0.05867
-0.07082
0.07973
-0.13228
-0.02775
0.17799
-0.09545
0.19127
-0.06211
0.25365
-0.02919
-0.08108
0.40387
-0.15427
-0.08360
-0.01681
-0.19063
-0.09725
0.19720
0.44724
-0.02194
-0.15558
0.13208
0.28020
-0.07415
-0.09056
-0.28442
-0.06069
-0.09865
-0.34273
-0.02779
0.08094
-0.64433
-0.28252
0.50399
0.05039
-0.34480
-0.47060
-0.66388
-1.00537
0.62246
-0.17119
0.13369
0.28647
-0.08334
-0.49563
0.25466
0.25904
0.08971
0.24457
0.29091
-1.31929
0.08487
0.52248
0.66051
-0.00763
-0.77745
0.65247
-0.40188
0.68940
0.36661
0.44710
0.55262
0.61186
0.37317
-0.22403
0.51304
0.24716
-0.03286
0.64724
0.62177
0.20377
0.26490
0.02710
0.48483
0.52698
0.48234
-0.52440
0.52178
0.36103
-0.79148
-0.21263
0.25409
-0.17941
0.13416
-0.57012
0.16963
-0.12732
0.54917
0.48575
-0.16584
-0.51305
0.08686
0.14966
-0.22592
-0.20535
-0.09559
0.09067
-0.18339
-0.18084
-0.18495
0.18592
0.07283
-0.12808
-0.52925
-0.18736
-0.71031
0.16142
0.14695
-0.15870
0.50354
-0.58657
-0.60358
0.44000
-0.25903
-0.16529
0.42390
0.03866
0.48415
0.14419
-0.52075
0.11915
-0.99380
-0.48772
-0.52968
-0.15590
-0.71496
0.25539
-0.13131
0.17433
-0.01175
0.19627
-0.71892
0.49584
0.44145
-0.91255
-0.56635
0.93061
-0.58209
-0.52981
0.62806
-0.85443
0.65705
-0.22689
-0.73728
-0.25541
-0.31371
-0.23867
0.24287
-0.75509
-0.04537
-0.07157
-0.31725
-0.75844
0.63094
0.28577
0.41677
-0.11819
0.41591
0.12077
0.20848
0.12044
-0.31965
-0.39825
0.29982
0.39383
-0.01112
0.66342
-0.06255
-0.18297
0.01179
-0.08119
0.64672
-0.29518
-0.14358
-0.26981
-0.89877
0.17443
0.02066
-0.64631
-0.25859
-0.08719
-0.87420
-0.74704
0.17151
-0.40342
-0.70964
0.79559
0.66076
0.33131
0.20021
0.58973
0.42210
-0.06216
-0.09535
-0.02804
0.52384
0.12668
0.46918
0.24921
-0.28198
-0.48416
0.41747
0.42135
0.26841
-0.01666
0.11985
-0.07282
0.20066
0.62638
-0.71567
-0.50361
0.08528
0.55520
-0.39183
-0.70784
-0.09412
0.42842
0.57606
-0.02771
-0.05487
0.29838
-0.94848
-0.10387
0.34593
-0.54979
0.19917
0.02282
0.28680
-0.24439
-0.28431
0.11621
-0.13831
