0.46443
-0.78749
-0.12832
-0.65829
0.48250
0.21681
-0.15760
0.56369
0.13390
-0.35936
0.35543
0.14965
-0.14835
-0.34513
0.06322
0.20443
0.45221
0.02583
0.10632
-0.21174
0.61071
0.67487
-0.18411
0.33474
-0.07993
-0.68679
-0.96852
-0.19407
-0.21244
-0.98389
-0.09153
0.08934
0.00354
0.21037
-0.45714
0.68763
0.69916
-1.22532
0.44129
-0.53495
0.14730
-0.28247
-0.58860
-0.17591
-0.55094
0.36552
0.52286
0.43909
0.52657
0.48325
-0.39579
0.13984
0.47079
0.47400
0.34573
-0.52444
-0.34409
-1.21042
0.44392
0.05751
-0.58058
0.14951
0.32022
0.15912
-0.21063
-0.10810
0.05270
0.88805
0.05258
0.39746
0.41086
0.42849
0.16255
-0.59906
0.13683
0.51818
0.08699
-0.16066
-0.41816
0.31445
-0.19771
-0.12781
0.08559
0.51995
0.82489
0.87802
-0.13362
-0.39590
0.41270
0.44661
-0.15293
-0.03695
-0.15679
-0.06668
0.51891
-0.20371
0.01395
0.33490
-0.22667
-0.06047
0.49902
0.29933
0.03618
-0.15628
-0.08810
-0.23953
0.24070
0.32609
0.47007
0.22180
-0.75844
-0.74510
-0.42507
-0.44951
0.18957
0.04338
0.07756
0.23901
0.02469
0.32464
0.27915
-0.62222
-0.58521
-0.44658
0.52236
0.28387
-0.81114
-0.39265
0.59116
-0.15603
0.17344
0.30429
0.05749
0.11524
0.38996
0.44033
0.23185
0.03523
0.38241
0.24076
0.50162
-0.07941
0.13233
0.21431
-0.47521
0.13644
-0.14059
0.20257
0.09179
0.02282
0.14716
-0.19278
-0.00664
0.28960
-0.81072
-0.46614
0.37826
0.68672
-0.55066
0.38678
0.11159
-0.60425
0.30879
0.07544
-0.18771
-0.49506
0.40498
0.21280
0.01232
-0.35519
0.71708
0.87157
0.23092
-0.65944
-0.16174
-0.88820
-0.68707
-0.52662
-0.06792
0.06441
-0.53810
-0.52588
0.43311
0.74820
0.13996
-0.05194
-0.08399
0.03460
0.54820
-0.14332
0.54342
0.36566
0.00464
0.57582
-0.45579
-0.19404
-0.21531
0.19341
-0.69539
0.42678
0.44062
-0.32253
-0.74875
0.89705
0.52915
0.23189
-0.18119
0.19756
0.06589
0.13929
-0.28246
-0.09786
0.15115
0.08556
-0.33514
-0.13547
0.57028
-0.60546
-0.00511
0.36949
0.11299
-0.17623
0.08493
0.38467
0.18993
0.48253
0.58450
0.18648
-1.14696
0.04605
-0.27217
-0.33423
-0.14111
-0.09258
-0.44800
0.11042
-0.25003
-0.16750
0.52646
0.39476
0.39466
-0.18271
-0.38347
0.22819
-0.04282
0.17389
-0.45573
-0.27221
0.06562
0.21341
-0.43940
0.22295
0.12348
0.25812
-0.75325
0.35606
-0.16034
-0.40942
-0.25773
0.23154
0.22535
-0.24397
-0.30908
0.42785
0.24875
-0.35502
-0.24315
-0.35978
-0.27103
-0.55428
-0.12672
0.05555
0.86002
0.13371
0.43882
0.24857
0.55576
-0.05267
-0.81378
-0.00073
-1.08172
0.72337
0.28443
0.57707
0.65449
-0.04936
-0.42211
0.13356
-0.06133
0.17532
0.43916
0.15911
-0.26211
-0.32341
-0.05774
-0.75934
0.24712
0.10837
-0.29802
0.27010
0.01433
-0.92351
-0.35628
-0.57501
-0.23006
-0.05860
-0.33459
-0.06799
-0.53789
-0.00114
-0.94021
-0.00860
0.25139
0.72588
-0.47300
-0.17375
-0.22161
-0.95360
0.28561
0.06316
0.44976
0.04843
0.52048
0.48058
0.05357
0.32888
-0.28580
-0.64014
0.21874
0.49477
0.17558
0.05139
0.15980
0.20476
-0.02704
0.61191
0.43433
0.54416
0.21426
0.56991
0.03537
0.19990
-0.35945
-0.07172
0.36055
0.66582
0.03317
-0.27775
0.48610
0.48601
0.13065
-0.40433
0.42348
-0.24056
-1.41774
-0.12945
0.33348
0.46055
0.04655
0.20184
0.26429
0.18844
0.12557
0.13118
0.26520
0.09915
-0.34077
0.20917
0.20149
0.47461
0.60253
0.74266
-0.56938
-0.74481
0.28683
0.68537
0.07901
0.40844
-0.28487
0.15649
0.05726
0.24899
0.02120
-0.82976
0.33389
-0.24905
0.00132
-0.40020
0.08299
0.38130
0.63251
0.13434
0.41465
-0.29551
0.07536
0.12315
-0.19227
-0.59045
-0.31531
0.51280
-0.49409
-0.02562
0.58919
0.23466
0.51090
0.02816
0.09938
-0.23878
0.12270
0.46493
-0.11020
0.18542
-0.31006
-0.05103
0.03041
0.21280
0.76395
-0.37539
0.10434
0.74010
-0.83026
-0.36074
-0.35450
-0.37260
-0.01036
0.69834
0.29942
0.11979
-0.06793
-0.59705
0.05832
-0.04295
0.05115
-0.41521
-0.14522
0.27878
0.69477
0.29465
0.07738
0.11217
0.35505
-0.74553
0.22973
0.34617
0.31480
-0.01004
-0.35554
-0.45109
0.30777
-1.68062
0.44984
0.55377
0.15962
-0.14298
-1.32511
0.11317
-0.45288
-0.17668
-0.03708
0.38809
0.41660
0.14446
0.30297
-0.04687
-0.29754
0.14951
0.43089
0.17159
-0.48668
0.25050
0.16123
0.79538
0.48349
-0.44298
-0.53629
0.44537
-0.28655
0.38219
-0.41030
-0.75623
0.04577
0.39563
0.06717
0.27142
-0.20321
0.10513
0.05750
0.13720
-0.05201
0.22243
0.08064
-0.09453
0.34050
-0.74048
-0.38723
0.21851
0.48083
0.32477
-0.27949
0.40213
0.23087
-0.25301
0.25113
0.47839
-0.21644
-0.15389
0.17090
0.46737
0.41021
-0.06847
0.25483
0.27030
0.82360
-0.01371
0.44089
0.39437
0.34482
-0.30668
-0.13324
-0.29927
0.16758
-1.53112
-0.97810
0.61485
0.32459
0.44640
0.37322
0.37188
0.13630
0.05913
0.17190
-0.20001
-0.51556
-0.43383
0.16401
0.11951
0.32299
0.01895
0.38079
0.43141
0.56882
0.15991
0.19241
-0.14583
-0.49875
-0.28180
-0.00085
0.20064
-0.31193
0.19585
0.41368
0.42396
0.32355
-0.01856
-0.70193
0.11342
-0.15713
-0.82962
0.12738
-0.06531
0.51994
-0.29777
0.50138
-0.19631
0.22767
0.15298
0.47976
0.01448
0.00613
0.08075
-0.26858
0.74525
0.36391
0.02218
0.52548
0.41144
0.30225
0.28013
-0.08124
0.21191
-0.45997
0.14386
-0.23627
-0.54600
0.40006
-0.29051
0.29320
-0.08245
0.24606
0.73817
0.32885
0.27609
0.85134
0.12401
0.43214
0.14637
0.07646
0.09846
0.76208
0.06932
-0.69969
0.55776
0.07617
-0.40802
0.38811
-0.34691
-0.11516
-0.11282
0.10375
0.14373
0.05497
0.12549
0.18348
0.14935
-0.06792
-0.10307
0.17870
0.32525
0.40826
0.90073
0.04205
0.24957
-0.08341
0.07387
0.02623
-0.26933
0.72444
0.13033
-0.52653
0.69012
-0.69446
-0.25925
0.31083
0.27341
-0.23820
-0.38038
0.18130
0.45384
-0.02549
-0.10603
0.38518
-0.13252
0.27113
-0.26165
-0.13194
-0.51468
0.33903
0.03514
0.39820
-0.23781
-0.18377
-0.33299
0.08031
0.01389
0.15202
-0.69554
0.12065
0.12575
0.13504
0.52482
-0.45641
-2.20556
0.33071
-0.24070
0.13020
0.38374
0.31674
-0.50862
0.65138
0.45195
0.09899
0.25993
0.04229
0.15329
0.00044
0.00725
0.13570
0.24939
0.25932
-1.57593
0.85657
0.63235
-0.18197
0.43554
0.04016
0.70322
-0.03122
0.10617
0.30084
0.42319
-0.07154
0.02055
-0.19318
0.60816
0.43247
0.12708
0.08978
0.14856
-0.35942
0.06984
-0.38715
0.54308
-0.05952
0.46778
0.62434
0.47691
-0.06942
0.20160
-0.05344
0.34309
0.10091
0.37545
0.17599
-0.02292
0.13182
0.60939
0.51805
0.51074
0.73870
0.12253
0.56855
0.30761
-0.08904
-0.42131
0.71932
-0.03815
0.08372
-0.39463
0.14206
0.11082
-0.22230
-0.89923
0.19625
-0.03946
0.57447
0.28451
0.41270
0.44716
0.08283
0.21662
0.35971
0.28820
0.28907
-0.12893
-2.09686
-0.26003
0.24066
0.11394
0.42924
0.19985
-0.15306
0.04397
0.51885
-0.15205
-0.51935
0.26621
0.52934
0.52841
0.27338
-0.19357
0.35267
0.81134
-0.45721
-0.24907
0.17731
-0.46558
0.13539
0.46215
0.60952
-0.30452
0.03903
0.30179
0.03736
0.41936
0.26515
0.49970
-0.06161
0.17744
-0.23493
0.00300
0.09674
-0.59388
-0.09806
0.31641
-0.41124
0.39754
-0.35364
0.62064
0.48640
0.25186
0.36131
-0.35214
0.17297
-0.11967
-0.29076
0.15966
0.22160
0.83012
0.46956
0.44689
-0.61227
0.08259
-0.24623
0.76303
0.11257
0.28777
0.28698
-0.54035
0.17732
-1.33145
0.41073
0.58079
0.20282
0.54886
0.32948
0.80232
0.18670
-0.68633
0.45192
0.29780
0.65817
-0.22332
0.17802
-0.26973
0.34315
0.20908
-0.09208
0.47848
-0.08287
0.68953
0.09929
-0.10216
-0.62388
-0.22176
0.68455
-0.03510
-0.18944
-0.63734
0.21470
0.43881
-0.48347
-0.23721
0.34586
0.03311
0.74279
0.16752
-0.25103
0.20792
0.49887
0.56467
-0.32737
0.10239
0.39807
0.08231
0.71830
0.46741
-0.61197
-0.35938
0.09951
-0.17202
-0.23060
0.28456
0.28476
-0.10495
-0.90055
-0.00231
-0.16261
0.35708
-0.12325
-0.08703
-0.02510
0.15807
-1.93825
-0.09083
-0.16424
-1.12273
0.47656
0.32639
0.07632
-0.11266
0.56926
0.24246
-0.00275
0.33245
-0.35883
-0.15946
0.66935
0.10601
0.52306
0.89876
0.33028
0.23582
0.32967
-0.68767
0.33990
-0.26018
-0.15757
-0.06895
0.33725
0.36305
-0.42595
-0.39349
0.38546
0.08801
-0.47296
-0.07407
0.20466
0.31740
0.09604
0.20701
-0.02041
0.29610
-1.41422
-0.15180
-0.49817
0.36707
-0.31281
0.57925
0.00015
0.09077
-0.78014
-0.17349
0.19721
-0.04328
0.14461
0.44211
0.57843
0.04860
0.85618
-0.00602
-0.39098
0.59992
0.30305
0.25390
-0.37241
0.49426
0.08578
-0.37266
0.21968
0.04371
-0.30456
0.39314
0.51363
0.16577
-0.63294
0.45684
-0.13570
0.61851
-0.40089
-0.61052
-0.32448
0.01129
-0.56477
-0.45039
-0.25636
0.22726
-0.19675
0.11619
0.75685
0.40530
-0.08255
-0.23080
-0.15370
-0.03294
0.16887
-0.05148
0.09559
-0.36929
-0.23480
0.68384
0.23020
0.15658
-0.15964
-0.16160
0.10307
0.00437
0.16908
0.58809
-0.40617
-0.62951
0.00338
0.67113
0.32415
0.32643
0.39344
0.01719
-0.09186
0.70407
0.72609
-0.13103
-0.41223
-1.03467
-0.57617
-1.06645
-0.50405
0.31357
-0.04345
-0.06940
-0.19544
0.46335
0.07461
0.26108
0.34687
0.73752
0.46334
-0.13957
0.18182
-0.12126
-0.70030
-0.15332
-0.38389
0.78442
0.11908
0.51113
-0.09556
-0.41846
0.58024
0.31571
0.28222
-0.25280
0.36079
-0.79774
-0.61957
0.32118
-0.31725
-0.11662
0.08154
0.24434
0.57227
-0.23137
-0.18738
0.09928
0.28062
-0.29649
0.46401
0.55091
-0.85082
-0.04806
0.04752
-0.30903
0.02697
-0.29410
0.33434
-0.23894
0.62880
0.33818
-0.53468
0.05150
0.32759
-0.45243
-1.34018
0.02384
0.45378
0.00289
0.23257
0.45783
0.13788
0.37044
-0.20538
0.44034
-0.24331
-0.39935
0.62900
-0.07370
0.06114
-0.22114
0.51880
0.07765
0.08975
0.12097
-0.42859
-0.52691
0.18567
0.41888
-0.08768
0.65508
0.07391
-0.02044
-0.56665
0.15697
0.85621
-0.34721
0.49078
0.71396
0.26814
0.60154
0.36296
0.44504
0.17549
0.14155
0.29167
-0.38380
-0.26132
-0.02892
0.03820
0.17242
-1.02046
-0.21110
-0.54735
0.50473
0.08830
0.12878
0.05474
0.14484
0.52080
-0.16750
0.75268
0.48418
0.36401
0.14841
0.30532
0.32275
0.32783
-0.16030
-0.55021
0.44006
-0.14419
0.53498
0.45567
0.00977
0.02163
0.38247
-0.28150
0.32533
0.23543
0.33320
0.83420
0.38206
-0.40154
-0.05326
0.36888
0.30323
0.02278
0.91897
0.07440
-0.67156
0.00486
-0.74677
-0.02934
0.13616
-0.03493
0.33386
0.31213
-0.05897
-0.36350
0.09344
-0.19160
0.51483
0.04587
0.04163
0.63677
-0.08272
-1.30684
-0.14379
0.02924
0.37886
-0.01999
0.46546
0.54451
0.47985
0.42630
-0.64836
-0.30928
0.51575
-0.04563
0.28096
-0.07265
0.02519
-0.99930
-0.21736
-0.16342
-0.25888
0.35809
0.06563
0.38548
0.14784
-0.27274
0.00846
0.10298
0.54162
-0.12676
-0.25817
0.21723
0.21412
0.74706
-0.12806
0.11878
-0.17773
0.49301
0.30642
-0.20034
-0.15845
0.75893
0.36966
0.29854
0.11644
-0.16780
-0.00303
-0.22680
0.06973
0.57470
0.00009
0.29763
-0.43645
0.41842
0.40955
0.01385
-0.06936
-0.62064
-0.18084
0.23202
-0.24732
0.29396
0.03434
-0.68155
0.24311
-1.28657
-0.11068
-0.37947
0.06924
0.37514
0.07717
-0.12272
0.18759
-0.26739
-0.36727
0.52243
0.63230
-0.03478
-0.39648
-0.53580
0.20141
0.16203
-0.45251
-0.17917
-1.18006
0.37876
0.50478
0.08832
-0.14676
0.61576
0.06162
0.27832
-0.04427
-0.13684
-0.48159
0.08402
0.20280
0.13659
0.09205
0.09679
-0.34483
0.35967
0.21719
-0.21383
0.19579
-0.01740
-0.52390
-0.04720
-0.18850
-0.38038
0.07388
-0.19975
0.10214
0.27001
0.20728
0.13209
0.42886
0.23388
0.54335
0.18651
0.29718
-0.68652
0.20957
-0.04990
0.07374
-0.11037
0.12040
0.55754
-0.37881
0.29195
0.41212
-0.83191
0.48539
-0.11723
0.01469
0.25653
0.25137
-0.27803
0.26943
0.25419
-0.03902
0.01675
-0.59691
-0.18238
0.45881
0.68279
-0.17526
0.45196
0.02244
-1.04421
-0.21862
-0.51700
0.27637
0.60086
0.38001
0.06157
0.26695
-0.22616
0.50515
0.71788
0.09081
0.33445
-0.14545
0.02592
0.61428
-0.85686
-0.32291
0.55527
-0.42224
0.11828
0.01736
-0.25426
0.12649
-0.48164
-0.09984
-0.49724
-0.09629
0.50314
0.01113
-0.47718
0.34605
-0.28690
-0.20606
-0.50030
0.10008
0.19563
-0.42951
0.52598
0.67578
-0.11653
-1.23292
0.58273
0.55775
0.11995
0.15215
0.31777
0.75444
-0.06496
-0.55581
0.05009
0.01740
0.50504
0.13090
-0.00476
0.20419
0.21407
0.51546
-0.27806
0.15632
-0.13905
0.08556
0.16528
0.21849
0.33671
0.13315
-0.04070
0.03251
0.17664
0.33800
-0.00424
0.05031
-0.52242
0.24563
0.30774
0.54478
-0.54115
0.80013
-0.39262
0.39191
0.07590
-0.08292
0.21344
-0.10073
-0.16394
0.44465
-0.39072
-0.75021
-1.34792
0.29900
-0.15219
0.12124
0.10980
0.55188
0.17721
0.22651
0.50883
0.29071
-0.29634
-0.04446
0.25099
0.26918
0.58656
-0.37555
0.42481
0.72573
0.22281
0.56527
-0.10102
-0.24177
-0.81269
0.23886
0.54302
0.57117
-0.61917
0.14273
0.18178
0.45295
-0.38977
0.26881
0.69167
0.29028
-0.39401
0.26225
0.00191
0.41894
0.19982
0.59244
-0.56624
0.57363
-0.61853
0.55591
0.38196
0.43300
0.22389
0.12424
-0.69409
-0.10702
-0.58329
-0.24444
0.01731
0.36937
0.78256
-0.25594
-0.03514
-0.27301
-0.01366
0.08012
-0.62350
0.61307
0.14084
-0.02980
-0.49168
-1.28441
-0.16011
0.15225
0.43430
0.55368
-0.51008
-0.05841
0.49419
0.30853
-0.14631
0.51240
0.02001
-0.47031
-0.70049
-0.38897
0.03102
0.19223
0.33504
-0.17395
-0.05071
0.76712
0.21424
0.09084
0.53363
-0.19965
0.80659
-0.22354
0.14111
-0.04728
-0.23287
0.34535
-0.49940
-0.44113
-0.07471
0.32275
0.08933
0.07146
-0.83001
0.46764
-0.09695
0.00198
0.05165
0.03759
0.05539
0.02736
0.18271
0.14493
0.04036
0.09063
0.16838
0.12861
0.07687
0.03951
0.05139
0.02633
0.01966
0.16814
0.17780
0.00254
0.04001
0.02592
0.17494
0.20473
0.15429
0.17286
0.09909
0.15244
0.17045
0.17966
0.06869
0.12832
0.06304
0.02707
0.06531
0.00046
0.13049
0.09253
0.18888
0.09601
0.11741
0.00355
0.17923
0.05759
0.15940
0.08896
0.16325
0.06378
0.12535
0.18541
0.09078
0.04607
0.08023
0.16248
0.04659
0.16850
0.08293
0.10614
0.13783
0.20177
0.20987
0.11831
0.04159
0.05090
0.17414
0.10421
0.16356
0.16178
0.20887
0.00977
0.02855
0.04884
0.20332
0.19039
0.04321
0.05311
0.02336
0.03002
0.00619
0.15671
0.09945
0.08934
0.01646
0.16019
0.16891
0.00001
0.02470
0.17687
0.00261
0.11614
0.19206
0.20299
0.01917
0.07085
0.16638
0.10185
0.20314
0.10191
0.07383
0.03367
0.18366
0.13900
0.03584
0.08689
0.07958
0.13464
0.19730
0.02885
0.06381
0.14615
0.20444
0.14019
0.09949
0.08293
0.17850
0.06519
0.20566
0.07343
0.09061
0.12591
0.13068
0.17749
0.19374
0.18661
0.07348
0.13150
0.20131
0.12954
0.01748
0.19210
0.12229
0.02430
0.14433
0.06886
0.00039
0.07502
0.11158
0.05881
0.10627
0.05729
-0.00583
0.16271
0.19627
0.09368
-0.08784
0.22360
-0.05689
0.23735
-0.65134
-0.37794
0.13326
0.10728
0.60342
-0.31293
-0.16967
-0.69051
0.63043
0.11446
0.23752
-0.28388
-0.02826
0.76347
-0.39044
-0.24770
0.11251
-0.16817
-0.75019
-0.16629
-0.02587
0.73784
-0.39249
0.80112
0.30069
0.54337
0.68057
0.26205
-0.71161
0.53833
0.78298
-0.11107
-0.88778
-0.61991
0.52304
-0.02577
0.50350
-0.18760
0.68370
0.60941
0.57768
0.05529
-0.32169
-0.75555
0.55164
0.12056
0.56531
0.66501
0.64501
-1.02973
0.35703
-1.15030
0.27398
-0.88942
1.46718
0.28645
-0.49024
0.24639
-0.01447
-0.04478
-0.07831
0.37358
-0.81760
0.16701
0.13962
-0.09563
-0.36913
0.07801
0.60385
-0.19871
-0.19297
0.15517
0.24378
0.41192
-0.16792
-0.60794
0.50934
0.34030
-0.34452
-0.29844
0.54828
0.95074
0.39577
0.98322
0.14078
-0.93113
-0.77485
0.08395
0.65815
0.27208
-0.21413
0.64688
-0.21572
0.75657
0.28017
-0.34372
0.64483
0.44738
0.21920
-0.83588
-0.10459
0.31513
-0.85680
0.51285
0.58927
-0.78750
0.19974
-0.20648
-0.06327
-0.15436
-0.47241
-1.00091
0.78270
0.27919
-0.74378
0.33886
0.01167
0.01608
0.75801
0.33794
0.22146
-0.33848
-0.63325
0.08509
0.03532
0.01696
0.09238
0.56910
0.03420
0.71691
0.54183
-0.67611
0.51938
0.04718
-0.31905
0.07623
0.26962
0.48098
0.12739
0.24574
0.22053
-0.24243
-0.31418
-0.28816
-0.19700
0.22703
0.98393
-0.44891
0.31896
0.43106
-0.57500
0.37908
0.60890
-0.46127
-0.70183
-0.86852
-0.39463
-0.50524
0.37889
-1.45607
-0.01620
-0.14326
0.53656
-0.16882
0.05617
0.62694
0.15022
-0.26991
-1.49583
-0.11743
0.44193
0.36487
0.76867
0.70834
0.57091
-0.01614
0.67259
0.09778
-0.31770
-0.27128
0.01155
0.66743
0.28362
0.46025
-0.43669
-0.05652
0.15164
-0.61917
0.10368
-0.12371
0.10811
-0.10138
-0.47264
-0.14686
0.17986
-0.00660
0.08475
-0.07565
0.12451
-0.00470
0.05647
0.43900
0.04500
-0.14470
-0.43539
0.85272
0.51087
-0.78091
-0.77853
0.23187
0.53162
0.78131
-0.66667
0.34216
-0.59618
0.14515
0.00413
-0.05700
-0.20753
-0.06747
-0.74567
-0.03074
-0.06936
-0.07863
0.35133
-0.16934
-0.17535
-0.03604
-0.10158
-0.01885
-0.22242
-0.36170
0.16648
-0.02988
-0.14466
-0.04501
-0.05478
-0.16658
-0.21615
-0.25262
0.30557
0.02605
-0.49888
0.51484
0.22614
-1.03190
-0.38857
-0.08417
-0.60889
-0.05040
-0.03126
0.54832
-0.15363
0.10941
-0.24835
-0.11180
0.50143
0.04139
-0.98519
0.36130
0.48419
-0.97042
0.33014
-0.21536
-0.43835
-0.18447
0.25818
0.67679
-0.02457
0.07122
0.07283
0.44745
0.14708
0.18634
0.58409
0.34505
0.16159
0.61553
0.50318
0.69529
0.32973
0.10459
-0.82177
0.63582
0.19301
0.30126
-0.27129
0.39757
0.39714
0.41885
-0.10384
0.24222
0.61774
1.13120
-0.11982
-0.01295
0.73347
0.51647
-0.10896
0.35115
1.78667
0.66226
-0.35533
-0.02255
-0.39665
-0.68160
-0.02993
-1.60023
-0.45707
0.11304
0.55440
-0.19749
0.07546
0.26045
-0.42660
-0.55775
0.62332
0.06056
0.01301
0.68940
-0.22307
0.26236
-0.52723
0.15259
0.06533
0.49486
0.28944
0.42041
0.48004
0.02878
-1.40983
-0.22493
0.12411
-0.99694
0.19578
0.12723
-0.22138
-0.31601
-0.29812
-0.18691
0.28127
0.45818
-0.90182
0.17228
-0.32560
0.65719
0.41577
0.12506
0.38202
0.19862
0.10949
-0.04501
-0.21219
0.15275
-0.49668
0.16437
0.60829
-0.99644
-0.60369
0.51702
-0.65980
-0.14233
-0.05426
-0.17397
-0.47590
0.15553
0.36052
0.12973
0.63555
0.10729
0.40576
-0.04327
0.31947
0.75467
0.37041
0.56582
0.26732
-0.02471
-0.82499
0.63459
0.23155
-0.13406
0.23160
-0.74680
0.18865
0.39512
0.40048
-0.18968
0.67758
0.60819
-0.62444
0.39078
-0.30994
0.13601
-0.35659
0.64962
-0.70890
-1.10596
0.06041
0.37739
-0.22879
0.26275
-0.40717
0.28615
-0.23481
0.20322
0.11705
-0.11338
0.21078
-0.10472
0.14875
0.26301
-0.23264
0.09558
0.01327
-0.74998
-0.13140
0.37896
0.02899
-0.24841
0.66410
0.26587
-0.08100
-0.90641
-0.03584
0.37887
-0.29601
-0.93151
0.13021
0.11436
0.61560
-0.25660
0.33506
-0.27338
0.49192
-1.22215
0.26653
0.00594
0.92181
0.59048
0.44940
-0.30113
0.29595
0.06341
-0.02427
0.23211
-0.33837
0.19836
-0.62198
0.28548
0.50828
-0.02742
0.02080
0.84139
-0.00254
0.10893
-0.66088
0.07779
0.57809
0.01298
0.11560
0.32963
0.19864
-0.24241
-0.60724
-0.49826
-0.08348
-0.04504
0.15828
-0.47104
-0.06091
0.17501
-0.27833
-0.28867
0.74330
0.18372
0.29925
0.32718
-0.53302
-0.30771
-0.43593
0.51905
0.04689
-0.62549
0.61354
0.13858
0.70234
0.30235
-0.35431
0.21083
-0.17602
0.49668
0.37939
0.42933
-0.06467
-1.26470
0.07261
0.70326
0.55305
0.16644
-0.05373
-0.43150
0.75667
-0.53089
0.14055
-0.24859
0.57112
-0.08445
-0.47072
-0.45104
0.14196
-0.10496
-0.67298
0.50476
0.24127
-0.11348
0.26234
0.08806
-0.16925
0.14841
0.12459
-0.01246
0.02621
-0.53646
0.04415
0.66454
-0.59446
0.59354
-0.42802
0.48562
-0.23430
0.58342
0.68523
0.10575
0.50480
0.35281
0.05627
-0.85303
-0.25989
0.70246
0.65471
-0.14192
-0.56889
-0.20694
-0.40569
-0.39812
-0.64081
-0.40214
-0.10954
0.05058
-0.12592
-0.26490
-0.42892
-1.13651
0.09039
0.04493
-0.13956
-0.58767
-1.02812
-0.40251
-0.65886
-0.00551
-0.47467
-0.86638
0.03171
-0.37400
0.25111
0.03642
0.02477
0.01276
-0.20545
-0.06196
0.07072
-0.27534
0.51733
0.22246
0.01123
0.54695
0.19340
0.13501
0.24061
0.42933
-0.26338
0.46420
0.29509
0.38656
0.12319
0.35937
0.42288
0.14370
0.28460
-1.13757
-0.16126
0.20144
-0.53414
0.41043
-0.02048
0.12246
0.24837
0.24947
0.25142
0.15632
-0.30212
-0.52083
0.14492
0.41624
0.28864
-0.00785
-0.01287
0.36415
0.00309
0.40835
0.13573
-0.11882
-0.18679
-0.42234
0.37294
-0.97530
-0.09101
0.46512
0.43848
0.47078
-0.35855
0.20005
0.08761
-0.11988
0.09243
0.00189
0.47131
-0.26462
-0.28850
-0.24055
0.15323
0.20844
0.08857
-0.03108
-0.45680
0.45216
-0.60788
-0.09402
-0.13736
-0.71414
-0.37784
-0.39766
0.20468
0.06631
-0.29563
-0.54602
-0.25038
-0.75626
-0.76941
0.65112
-0.26824
-0.70981
-1.27720
-0.31405
-1.20203
-0.81311
0.36610
-0.12326
-0.76142
0.22621
-1.59742
0.75202
0.38634
-0.71931
0.23222
0.54595
-0.03925
0.11746
-0.95998
0.11119
-0.76211
0.29840
0.17348
-0.22490
-0.15661
-0.23601
-0.26825
0.37935
-0.00739
-0.55608
-1.02738
-0.90258
-0.83924
-0.18940
-1.59678
-0.52001
0.35007
-0.72398
0.58653
0.30562
0.16346
0.15901
0.34739
-0.55988
-1.65441
-0.11502
-0.24755
0.66793
-0.64401
-0.23033
-0.29832
-0.53272
-1.18791
-0.46296
-0.35580
-0.21534
0.04641
-0.38193
-1.15033
-0.82738
0.09017
-1.45924
-0.56848
-0.05201
-0.05185
0.09617
-1.16312
0.48256
-0.26721
-0.62281
-0.37278
-0.07317
-0.23172
-0.06292
0.11732
-0.26983
-0.60389
-0.06567
-0.18191
0.19817
0.69233
0.44036
0.26778
0.66652
-1.06183
-0.50665
-0.08844
-0.60474
0.23730
-0.02204
-0.04862
-0.40946
-0.66366
-0.07419
0.44617
0.08260
0.20807
0.10895
0.16201
-0.57013
0.02779
0.09141
-0.97688
0.18992
0.04269
0.51184
0.34934
-0.56535
0.35979
0.02195
0.49022
0.06681
-0.33095
0.08892
0.60951
-0.41405
0.25304
-0.57356
0.23578
-0.04819
-0.40939
-0.25147
0.51378
-0.37938
0.37396
-0.72388
0.39715
0.18513
-0.69695
0.14886
0.37733
0.44655
0.38378
-0.16355
-1.00067
0.11680
0.53789
-0.84818
-0.10872
0.64253
-0.29626
0.53539
0.44283
0.07220
0.23273
0.22134
-0.03932
0.51606
-0.50418
0.77670
0.25278
0.05470
-0.42433
0.36675
0.40043
0.11140
0.32819
0.25429
-0.73981
0.96566
0.10223
0.52864
0.20100
-0.04122
-0.05393
-0.13696
-0.47621
-0.41769
0.12294
-0.44977
0.78190
-0.06435
0.99660
0.52669
0.10031
0.64685
-0.26271
-0.26047
0.29441
-0.53360
-0.62349
0.06556
-0.06980
0.13350
-0.94116
-0.09555
0.09207
-0.67614
0.82329
-0.63500
-0.17905
0.00447
0.42329
1.01267
-0.44998
-0.16557
0.85054
0.25058
0.93690
-0.34120
-0.20333
-0.50147
0.13572
0.12161
0.02796
-0.11660
-0.50316
-0.03526
-0.56584
0.06558
-0.13551
-0.56452
0.22552
-0.24159
0.21388
-0.22662
0.43483
-0.36490
0.14211
-0.12038
0.35758
0.48822
-0.31538
-0.93266
-1.14133
-0.88475
-0.78283
-0.01463
0.31284
-0.60849
-0.15689
0.04187
-0.74275
-0.66171
-0.06826
-0.96315
-1.14853
0.44081
0.37210
-0.24531
0.39301
0.38296
-0.81677
0.13667
0.26539
-0.15782
0.26651
-0.21178
-0.42978
0.31900
-0.40538
-0.22208
-0.47319
0.61918
0.13967
-0.61417
0.15281
0.01174
-0.23093
-0.64896
0.04224
0.39348
0.06102
-0.09292
0.01046
-0.75903
0.25915
-0.16727
0.03231
-0.15977
0.36037
-0.21613
0.26280
0.04154
-0.87290
0.04839
-0.27449
-0.00216
-1.04608
-0.50812
-0.28845
-0.04040
-0.06181
-0.01329
0.06540
-1.37035
-0.39643
-0.41436
0.08014
-1.24928
0.32521
-0.71410
-0.15275
-0.15810
0.28962
0.51636
0.08444
-1.14054
-0.24918
-0.40971
-0.40818
-0.42829
-1.07195
-1.02331
-0.16459
0.08469
-0.09380
-0.00049
0.00714
0.60786
0.28919
-0.56332
0.38643
-0.21378
-0.36275
-0.74955
-0.98806
0.07464
0.02635
0.05546
0.40063
-0.47699
0.38830
0.05347
-0.09330
0.15631
-0.34706
-0.47835
0.04665
0.40939
-0.59377
-0.15637
0.15008
0.29929
-0.06874
0.30914
-0.93661
0.18910
0.30859
-0.16370
-0.09900
0.16965
0.50521
-0.35727
0.82051
0.14796
-0.29349
-0.47334
-0.07016
-0.03938
-0.49811
-0.13850
0.01548
-0.26358
-0.42261
-0.48468
0.30291
-0.62473
0.56597
-0.23412
0.48076
0.44116
-0.06889
0.35938
0.00218
0.39506
-0.11913
0.05303
-0.36409
0.57413
0.06510
-0.19402
-0.01604
-0.67702
0.15927
-0.61639
0.49923
-0.15129
-0.34985
0.50660
0.00489
0.41411
0.56980
0.71510
0.53951
-0.30188
0.36925
-0.71638
-0.80172
0.35382
0.10333
0.19622
-0.02123
-0.10936
0.26411
0.01111
-0.50241
-0.06786
-0.32571
-0.14026
-0.82202
-0.34413
-0.44188
0.73148
-0.46231
0.64323
0.42782
0.34107
0.14978
0.64926
0.66655
-1.25939
-0.14235
0.16842
0.07722
0.17997
-0.26919
-0.29083
-0.14502
0.35533
-0.15788
-0.23126
-0.16335
-0.09628
-0.18988
-0.00251
-0.17763
0.20744
-0.17974
0.12065
0.47412
-0.72926
-0.29712
-0.18146
-0.34434
-0.17830
0.10256
0.15418
-0.85301
-0.25130
0.09236
-0.31658
-0.31521
0.12453
0.03703
0.50727
0.49046
0.15125
-0.77313
-0.09991
0.36531
-0.59381
-0.26014
-0.57048
-0.71489
-0.79853
0.73433
0.30715
-1.69957
-0.39449
0.05751
-0.37765
0.48880
-0.15866
0.51924
0.34658
-0.28013
0.17402
0.86114
-1.30174
0.04946
0.59844
-1.22410
0.18009
0.46183
0.03161
0.70402
-0.13857
0.04160
0.03349
0.32391
0.17848
-0.18674
0.08248
0.47361
-0.81170
-0.88453
0.00162
-1.13574
0.37723
0.29122
-0.09714
-0.04680
0.14235
0.45257
0.47465
-1.35789
0.19473
-0.00679
-0.40810
0.07985
0.46279
-1.21459
0.11910
-1.04171
0.20822
0.01469
-0.00798
-0.33109
0.22548
0.24838
-0.40542
0.03263
0.53771
0.09176
-0.03135
-0.20793
0.13578
0.40621
-1.03354
-0.47594
-0.63395
-0.62396
-0.08848
-0.84700
-0.67262
0.42703
-0.40674
-0.44049
-0.42302
0.65277
-0.29641
0.25015
-0.10834
-0.82268
-0.04513
0.06895
0.33279
-0.77353
-0.84894
-0.14953
-0.04614
-0.08987
0.59348
-0.03984
0.55658
0.11554
-0.33478
-0.39154
0.19090
-0.38704
0.19309
-0.19650
-1.16452
-0.05559
0.44392
-0.03596
0.31783
-0.51328
-0.06905
0.09664
-0.17610
0.22058
-0.44386
-0.91420
0.42044
-0.56669
-0.01705
-0.51631
-0.53174
-0.08176
0.34131
-0.08766
-0.02345
-0.17162
0.14430
0.71651
0.04558
-0.07572
0.53179
-0.26665
0.57140
0.03933
-0.24695
0.06599
-0.28044
0.12599
-0.69657
0.24531
0.28400
0.26862
0.30029
-0.19577
-1.18538
-0.74072
0.59902
-0.53941
-0.77009
-0.32435
0.48713
-1.21225
-0.43672
-0.67134
-0.31452
0.43660
0.45063
0.03479
-0.70229
-0.18525
0.39219
0.36368
0.43388
-0.06815
-1.24290
-1.14522
-0.07433
0.27343
0.33668
-1.46047
0.43990
0.01613
0.05457
0.48760
0.60539
-0.53684
0.23010
-0.24252
-0.45068
0.02592
-0.90732
-0.23832
0.08268
-1.08015
-0.25678
0.28111
0.02261
-0.12815
-0.00600
-0.20057
-0.10424
-0.14088
0.39834
-0.64321
-0.62909
0.28888
0.36868
0.05527
-0.10712
-0.05519
-0.13615
-1.18315
0.29948
-0.47817
0.39652
0.56762
-0.01038
-0.84623
-1.36485
-0.19313
-1.28629
0.10688
-0.32389
0.39642
0.17988
-0.08252
0.18793
-0.54090
0.54528
0.00175
-0.64997
0.33110
0.10423
-0.06034
0.38207
-0.08453
-0.13228
0.25921
-0.47816
0.52428
-0.36939
0.31024
0.41905
-0.35041
0.41141
-0.69443
0.03502
0.45853
0.42296
-0.37772
0.41139
0.80722
0.03209
-0.06032
0.27243
0.05559
-0.00325
0.07211
-0.01586
0.50834
-0.39391
0.35999
-0.43778
0.46573
0.41617
-0.42550
0.36868
0.51890
-1.53056
0.46897
0.73144
0.40220
-0.54766
0.30284
0.20945
0.37991
0.61112
0.22911
-0.24012
0.58273
-0.82182
0.36698
0.30673
-0.05501
-0.02853
0.29204
0.53656
0.63491
0.58089
0.25987
-0.34000
-0.74767
-0.06154
-1.11075
0.19281
0.21882
0.28055
-0.04799
-0.35629
-0.19388
-0.00055
-0.45184
0.39595
0.58344
-1.82472
-0.46190
0.27961
0.08528
-0.42295
0.20180
-0.11643
-0.08699
-0.25807
0.32083
0.58379
-0.09287
0.24488
0.18109
-0.10950
-0.09196
-1.22236
0.16426
-0.03562
0.27685
-0.05383
0.15255
-0.09774
-0.39813
0.78734
-0.05747
-0.40832
-0.01615
-0.17855
-1.01554
-0.15172
0.79158
0.12599
-0.53278
0.16434
-0.64182
0.24028
-0.42843
-1.07121
-0.35277
-0.59895
0.19446
0.17893
0.23142
0.22376
-0.17700
0.58689
-0.26427
-0.83100
0.00173
0.54550
-0.08699
-1.17388
0.47803
-0.37496
-0.41971
-0.65118
0.14551
-0.62496
-0.46913
-0.06616
-0.01442
0.72735
-0.87434
0.41596
0.62591
0.53366
-0.04421
0.45680
0.15796
0.04452
0.20835
-0.29023
-0.16027
0.18599
0.22272
0.34010
-0.39912
0.08081
-0.03267
0.39068
-0.35942
0.47439
0.07462
0.36243
-0.34123
-0.24757
-0.36849
-0.03604
-0.85615
0.23381
0.42831
0.21029
-0.57669
-0.05002
-0.87683
0.57933
0.18770
-0.26724
0.22949
0.37219
0.60584
-1.31332
-0.04968
0.18200
0.41155
0.42944
-0.00877
0.33206
0.60874
0.53092
-0.12512
0.08593
0.07544
-0.16394
0.19738
-0.93920
-0.97616
0.64287
0.39228
0.38910
0.24801
0.22016
-0.43873
-0.14810
0.43192
0.46158
0.52787
0.55332
0.44339
0.48562
-0.32041
0.53865
0.44233
0.16484
-0.77568
-0.18495
0.10746
0.40738
-0.10140
-0.09803
0.02025
0.35980
0.52411
-0.23909
-0.57583
-0.55363
-1.02634
0.02093
0.28592
-0.35313
-0.09438
0.15392
0.20859
-1.55862
0.35140
-1.04554
0.38424
0.01188
-0.95931
0.03976
0.15439
0.41559
0.37541
0.12398
0.32636
0.36784
0.35550
0.31196
0.11593
0.16432
-0.97584
0.21639
-0.09708
0.57403
-0.66741
-0.01728
-0.23499
-0.50805
0.16072
-0.16816
-0.21266
-0.86781
0.33386
0.16308
0.47761
0.11984
0.48309
-0.15124
-0.25814
0.62709
0.89886
0.22263
0.15442
0.15776
-0.20288
-1.59998
-0.31183
-0.31072
0.15620
0.13975
0.23177
0.09473
-0.45117
0.13952
-0.45093
-0.23339
0.47782
-0.23884
0.46841
-0.17462
0.20875
-0.21197
-0.85360
-0.17854
-0.92679
0.09054
-0.51910
-0.52301
-0.05499
0.45953
0.47083
-0.23251
0.16817
-0.59421
-0.23530
0.15805
0.14762
-0.25720
-0.58585
-0.32279
-0.49239
-0.49367
-0.52610
-0.18619
0.42527
-0.53231
0.15787
-0.15801
-0.39931
0.51968
0.72744
0.32491
0.22668
-0.71237
0.68610
0.44790
-0.98443
-1.04392
0.41553
-0.58121
-0.82187
0.43648
0.49092
0.48648
0.42748
-0.41953
-1.13712
0.26177
-0.10755
0.10921
0.17586
0.48040
0.49293
0.23778
-0.24461
-0.04516
0.29488
0.17602
0.01060
0.20111
-0.08610
0.32885
-0.01503
0.20723
-0.01465
-0.03094
-0.08668
-0.04628
-0.01116
-0.03771
0.56633
-0.06959
0.24206
0.50809
-0.06347
0.08574
0.37753
-0.07200
-0.00325
-0.28567
-0.06368
0.32700
-0.02684
-0.04415
0.26143
-0.28021
-0.00922
0.32563
-0.13613
-1.44506
-0.33087
0.26666
-0.32669
-0.24138
-0.60791
-0.83275
0.54705
-0.26944
0.31766
0.39189
-0.04493
-1.04427
0.35172
0.34842
0.39870
0.21331
0.20987
-1.34507
0.52794
0.51561
-0.39477
-0.76903
0.54570
-0.47495
0.87286
0.37963
0.58274
0.65629
0.40291
-0.33669
0.62165
0.10254
-0.05776
0.69376
0.19731
0.13056
0.24942
0.02982
0.66624
0.52413
0.63364
0.50175
-0.69177
0.19626
0.42990
-0.24512
0.16180
0.85002
-0.28726
0.21358
-0.53113
-0.26323
0.46516
0.44494
-0.22066
0.11260
0.05411
0.15857
0.16449
-0.20803
-0.30363
0.06166
-0.27701
-0.24686
0.07268
0.07868
-0.16933
-0.26254
-0.73673
0.10548
0.09788
0.22779
0.10653
-0.22276
0.42382
-0.63606
0.42773
0.08714
-0.24377
-0.26563
0.39792
-0.02732
0.32066
-0.12761
0.27890
-0.64286
-0.74612
-0.73412
-0.41257
-0.50247
0.19643
-0.60832
-0.22231
-0.51896
0.19996
0.48738
0.47623
-0.67190
-0.40644
-0.53661
0.43265
-0.81037
0.75927
-0.27910
-0.77981
-0.31513
0.46130
-0.11737
-0.35961
-0.68354
0.67288
0.34807
0.33236
-0.19313
0.41874
0.07640
0.15847
-0.42022
-0.58859
0.35832
0.40869
0.14076
0.35558
-0.10001
-0.44713
-0.04131
-0.01272
0.01015
-0.04264
-0.31802
0.59436
0.09405
-0.03636
-0.19793
-0.87321
0.06685
-0.03885
-0.70380
0.40494
-0.24466
-0.02400
-0.89063
-0.68309
-0.71943
0.16859
0.31511
-0.51311
0.69191
0.55433
0.34733
0.58164
-0.03109
0.65325
-0.05930
0.21484
0.48779
-0.40953
0.26617
-0.27342
-0.21057
-0.40514
0.48739
0.03033
0.32712
0.46642
0.24098
0.32439
0.39849
0.53827
-0.10572
0.17626
0.06676
-0.09304
0.24037
0.60340
-0.64822
-0.49684
0.44892
-0.48441
-0.40786
0.38862
0.62587
0.02095
-0.03574
0.16536
0.65614
0.15817
0.06162
0.26449
-0.47962
0.45239
0.13588
0.44593
0.03675
-0.27012
-0.34350
0.09765
-0.25980
