0.27634
-0.72214
-0.15996
-0.69102
0.14485
0.38028
-0.37757
0.59397
0.22764
-0.09133
0.21426
0.19804
-0.11750
-0.28295
0.47804
0.13388
0.13194
0.13931
0.20529
-0.21589
0.59600
0.56638
-0.13505
0.43359
-0.00767
-0.43202
-0.81677
-0.15356
-0.35438
-0.34595
0.07356
0.10104
-0.12066
0.29302
-0.26346
0.68385
0.66869
-0.84562
0.37617
-0.66555
0.16621
-0.00268
-0.43176
0.08103
-0.67003
0.46152
0.56755
0.46899
0.73900
0.39921
-0.19040
0.21767
0.32392
0.45437
0.18135
-0.63478
-0.67771
-1.53990
0.19675
-0.80042
-0.26423
0.02537
0.28528
0.17048
0.03570
-0.45337
0.19688
0.90154
-0.16704
0.36615
0.57063
0.58336
0.11097
-0.36669
0.06006
0.46422
-0.30159
-0.15276
-0.57283
0.24632
-0.26740
-0.06936
-0.04177
0.56805
0.81962
0.75158
-0.37786
-0.04552
0.39565
0.42727
0.02864
-0.26772
-0.05077
0.00439
0.44198
-0.16823
-0.15556
0.23056
-0.34092
0.01036
0.55762
0.21757
0.00992
0.02014
-0.10296
-0.34627
0.32840
0.65318
0.45542
0.24229
-0.79737
-0.85017
-0.51673
-0.00954
0.17367
0.06124
0.05300
-0.05395
-0.01616
0.30769
0.10292
-0.69152
-0.45078
-0.55967
0.40227
0.05055
-0.50340
-0.53166
0.61718
0.06584
0.37097
0.42030
-0.00304
-0.06614
0.18474
0.39369
0.10688
0.08871
0.44507
0.17856
0.54649
-0.16767
0.25066
0.29539
-0.40984
-0.05068
-0.16543
0.14702
0.27640
0.09854
0.07537
0.05908
0.16639
0.32491
-0.67477
-0.38729
0.12920
0.77467
-0.70356
0.44819
0.05354
-0.47456
0.30838
0.24558
-0.24797
-0.23609
0.29747
0.07012
0.03461
-0.50729
0.68829
0.91726
0.35461
-0.82745
-0.18271
-0.84984
-0.72329
-0.57665
0.26651
-0.07301
-0.48289
-0.62943
0.40925
0.72765
0.33350
0.02164
-0.15253
0.03048
0.53544
-0.17707
0.45712
0.11431
0.08450
-0.54448
0.20475
-0.21063
0.16741
-0.66296
0.39427
0.43876
-0.14394
-0.89258
0.88719
0.44455
0.22029
-0.13915
0.08487
-0.06924
0.20236
-0.54861
-0.32202
0.46445
0.22725
-0.30603
-0.23388
0.52272
-0.52305
0.32337
0.38434
-0.09061
-0.28230
0.09547
0.50606
0.36168
0.44289
0.62376
-0.00544
0.42584
-0.67988
-0.22062
-0.46661
-0.31863
-0.27041
-0.27502
-0.20960
0.11833
-0.14185
-0.09764
0.53424
0.28572
0.39531
-0.00233
-0.47956
0.19774
-0.46852
0.10252
-0.08855
-0.11100
0.00971
0.24104
0.08891
0.08210
0.33014
-0.07729
0.46338
-0.09121
-0.25202
-0.01412
0.22616
0.49881
-0.07726
0.10603
0.40299
0.31575
-0.31057
-0.13210
-0.33583
-0.22969
-0.32666
-0.19725
0.15089
0.87591
-0.00538
0.16122
0.18459
0.45842
0.00940
-0.84316
-0.01520
-0.78997
0.62112
0.34353
0.56609
0.59131
-0.36026
-0.53953
-0.44107
-0.00067
0.28497
0.53690
0.14487
-0.40257
-0.37882
-0.14566
-0.54697
-0.00577
0.31520
-0.40682
0.39886
0.03498
-0.81832
-0.61886
-0.39977
0.19188
-0.17783
-0.22883
0.10127
-0.45685
0.15776
-0.77013
-0.30815
0.43549
0.52636
-0.86137
-0.12392
-0.28800
-0.99860
0.35992
-0.00411
0.00782
-0.04045
0.54878
0.52265
0.14812
0.27670
-0.54646
-0.99042
0.28531
0.51473
0.19554
-0.27061
0.13784
0.22148
0.04192
0.75250
0.38036
0.54226
0.14900
0.58387
0.09188
0.40084
-0.40661
-0.10567
0.21167
0.65675
-0.03184
-0.38358
0.51216
0.54523
0.04337
-0.64408
0.32019
-0.44771
-1.23049
-0.05878
0.27299
0.37201
0.19854
0.16656
0.31552
0.16750
0.00720
0.19936
0.20510
0.11195
-0.30066
-0.23972
0.43900
0.47462
0.48003
0.36217
-0.45324
-0.38123
0.41989
0.65849
0.11693
0.40082
-0.39220
0.06455
-0.14237
0.39989
-0.07329
-0.52426
0.29423
-0.07594
0.13447
-0.19692
0.05031
0.15319
0.66440
0.16027
0.44959
-0.38681
-0.01588
-0.03218
0.08261
-0.13520
-0.58480
0.58614
-0.31200
-0.05129
0.37061
0.29336
0.55202
0.21125
0.06439
-0.04216
0.04658
0.28755
-0.00268
0.25798
-0.47832
0.25432
0.09813
0.13699
0.03964
0.53574
-0.41964
0.06787
0.73216
-0.92097
-0.26458
-0.35156
-0.35187
-0.07940
0.75499
0.32735
0.30967
-0.12312
-0.14854
-0.26749
0.01459
0.17732
-0.62789
-0.31404
0.15496
0.59574
0.24959
0.00960
0.33650
-0.66557
0.24809
0.52675
0.23216
0.06946
0.10185
-0.34518
0.31171
-1.59600
0.38379
0.57747
0.02883
-0.15630
-1.31537
0.03437
-0.39304
-0.14137
0.10002
0.47596
0.24102
0.09275
0.30101
0.05574
-0.51505
0.37046
0.59604
0.03248
-0.48479
0.07548
0.03611
0.04704
0.49926
-0.54277
-0.65510
0.26827
-0.26535
0.28300
-0.40993
-0.76253
0.17800
0.37178
0.07008
0.06197
-0.25462
0.05111
0.09677
0.22530
-0.10447
0.15592
0.14677
-0.10380
0.27472
-0.79128
-0.35454
0.01508
0.29503
0.39246
-0.28251
0.45837
0.00737
-0.26814
0.08622
0.39587
-0.13778
-0.05249
0.03071
0.74810
0.45866
0.03202
-0.03403
0.31644
0.75325
-0.07552
0.65768
0.39247
0.41581
-0.23533
0.01918
-0.12574
0.08040
-1.27748
-0.86064
0.88585
0.25040
0.40242
0.35892
0.30105
0.34815
-0.05375
0.20679
-0.16561
-0.46810
-0.43251
0.27672
0.23326
0.33347
-0.01806
0.46887
0.14746
0.64990
0.20161
0.37216
-0.02470
-0.38758
-0.31542
0.11873
0.29895
-0.21822
-0.08797
0.46615
0.52643
0.40361
-0.19507
-0.64350
-0.12586
-0.12684
-0.73436
0.52834
0.30159
-0.29992
0.49716
-0.45197
0.18383
0.09748
0.56172
0.20031
0.02398
0.07949
-0.18114
0.69359
0.12118
0.00504
0.45573
0.20127
0.41361
0.38724
-0.19018
0.02779
-0.69589
0.17213
-0.24446
-0.12786
0.57939
-0.30733
0.28579
0.06043
0.28441
0.78794
0.21017
0.62001
0.25868
0.84739
0.05203
0.34824
0.10227
0.05575
0.15628
0.53255
0.08464
-0.73596
0.52901
0.08324
-0.35588
0.49088
-0.55464
-0.57993
0.04244
0.04088
0.04023
0.09585
0.18348
0.01296
-0.00955
-0.27078
-0.28962
0.13834
0.36309
0.35829
0.86235
-0.05771
0.25726
0.06749
0.02446
0.05041
-0.57960
0.66325
0.16488
-0.49808
0.51607
-0.73712
-0.06686
0.24918
0.25585
-0.04919
-0.18676
0.30973
0.26058
0.11534
-0.20855
0.44591
-0.38302
0.29184
-0.46917
-0.02324
-0.55885
0.39701
0.00462
0.45473
-0.42788
-0.23842
-0.26279
0.18149
0.01233
0.04412
-0.54329
0.26439
0.19487
0.05055
0.51941
-0.48459
-2.22404
0.39819
0.07377
0.22889
0.51401
0.23453
-0.70639
0.71071
0.47597
0.38066
0.30502
0.24700
-0.16540
0.08308
0.03960
0.16728
0.18165
0.27855
-1.30638
0.71684
0.67465
0.01924
0.49920
-0.02905
0.62560
-0.09499
0.16674
-0.18123
0.42179
-0.05752
-0.03267
-0.36130
0.65899
0.51558
0.11956
0.05335
0.11340
-0.52232
-0.03351
-0.25597
0.77889
0.02436
0.49140
0.53792
0.38117
-0.01544
0.15200
-0.31385
0.38998
-0.17801
0.28255
0.08664
-0.15526
0.22563
0.14342
0.61318
0.49694
0.69712
0.19553
0.63093
0.34006
0.20977
-0.51054
0.71387
-0.04287
0.10798
-0.28145
0.17076
0.29637
-0.06405
-0.86118
0.27288
0.01500
0.58875
0.39812
0.35627
0.58093
0.25900
0.28529
0.39876
0.28740
0.32700
-0.50461
-2.09416
-0.49002
0.25247
0.08354
0.51556
0.12948
-0.18116
0.03146
0.54115
-0.13855
-0.27473
0.21382
0.43216
0.54918
0.18693
-0.15656
0.18477
0.72228
-0.31222
-0.26659
0.15446
-0.42029
0.07384
0.47228
0.63173
-0.22589
0.06080
0.40209
0.02240
0.41943
0.23375
0.44853
-0.10039
0.05703
-0.23411
0.17046
0.26072
-0.59090
-0.11774
0.21675
-0.31622
0.55250
-0.19492
0.61566
0.52425
0.04040
0.01101
-0.25821
0.24421
-0.11822
-0.26084
0.07800
0.30597
0.76450
0.01833
0.05106
-1.06580
0.12321
-0.09626
0.52907
-0.10929
0.04226
-0.60706
0.21364
-1.25382
0.20687
0.49166
0.27552
0.48928
0.34915
0.77781
0.21129
-0.75735
0.30611
0.44386
0.71001
0.01650
0.16108
-0.04702
0.17886
0.23038
0.02741
0.46183
-0.05004
0.70462
0.15966
-0.07699
-0.65119
-0.14055
0.67876
0.02921
-0.17209
-0.69201
0.14073
0.39906
-0.57718
-0.17865
0.38574
-0.08286
0.77932
0.01213
-0.13719
0.20361
0.45905
0.25797
0.64962
-0.10542
0.05890
0.39111
-0.04765
0.70244
0.55152
-0.63487
-0.24975
0.14144
-0.16308
-0.51492
0.08046
0.06540
-0.05885
-0.96681
-0.28306
-0.27982
0.38788
-0.10277
-0.31651
0.24248
0.05382
-1.79726
0.04065
-0.28684
-0.84788
0.45322
0.39336
0.20746
-0.55380
0.53716
0.26822
0.02229
0.43602
-0.36696
-0.11127
0.70172
0.24165
0.62637
0.90841
0.55082
0.22264
0.33460
-0.76142
0.46762
-0.15304
-0.06427
-0.01803
0.09982
0.27035
-0.55798
-0.34154
0.26343
0.02131
-0.34844
-0.67628
0.23385
0.34329
0.00173
-0.01702
-0.07549
0.25247
-1.37863
-0.22693
-0.41421
0.21908
0.34942
0.38703
-0.39324
-0.02641
0.13361
-0.03067
-1.25969
-0.21257
0.33812
-0.28835
-0.01111
0.44220
0.54290
-0.07221
0.86598
-0.01767
-0.39117
0.65380
0.33599
0.20480
-1.09060
0.56125
0.11059
-0.38073
0.12655
0.17643
-0.24039
0.47824
0.61207
-0.07429
-0.57388
0.45535
-0.04915
0.15536
-0.36258
-0.78323
-0.30611
0.00495
-1.15091
-0.43049
-0.15260
0.14574
-0.21108
0.16852
0.72881
0.11972
-0.07797
-0.55001
-0.17183
0.14443
0.42566
-0.06392
0.60069
0.77992
-0.09057
0.59737
0.36426
0.14577
-0.11328
-0.12583
0.65413
-0.08828
0.15856
0.74179
-0.16879
-0.59237
-0.02235
0.60418
0.47394
0.18130
0.73586
0.06439
-0.01503
0.74495
0.68965
-0.21572
-0.35882
-0.93949
-0.39861
-0.83853
-0.42201
-0.13337
0.07643
-0.00224
-0.12344
0.68415
0.28989
0.34964
0.06868
0.64539
0.43966
-0.04253
0.23762
-0.30366
-0.77056
-0.27762
-0.46616
0.77687
-0.23720
0.57816
-0.28005
-0.37395
0.59452
0.32918
0.32379
-0.24741
0.55455
-0.41310
-0.41704
0.34120
-0.86755
-0.05768
0.25508
0.68414
-0.16437
-0.11495
0.07678
0.45084
-0.08379
0.19049
0.40980
-1.08337
0.04934
0.18606
-0.45827
-0.04767
-0.39548
0.31954
-0.28934
0.61625
0.59696
0.54424
-0.30996
-0.17407
0.08293
-0.01875
-0.10428
-1.05818
0.10605
0.40148
0.07023
0.21692
0.54949
-0.13669
0.35270
0.00719
0.35110
-0.12359
-0.41327
0.59755
0.03985
0.21918
-0.31209
0.55852
0.07534
0.31573
0.15772
-0.31164
-0.53771
-0.18328
0.34708
-0.12903
0.68489
0.06913
-0.25071
-0.63895
0.40109
0.81202
-0.11193
0.73009
0.08995
0.42132
0.44368
0.59739
0.18784
0.04529
0.15679
-0.53389
-0.65470
-0.03680
0.00078
-0.06487
-1.11670
-0.30810
-0.67112
0.54773
0.14105
-0.09456
0.04505
0.25696
0.46194
-0.12299
0.50999
0.56217
0.38432
0.24958
0.33311
0.38887
0.14878
-0.09808
-0.28141
0.44475
-0.09848
0.56175
0.56027
0.06357
0.15804
0.24413
-0.45995
0.34708
0.50723
0.36632
0.57754
0.43055
-0.50887
-0.04988
0.33334
0.19989
-0.00357
0.80447
0.33654
-0.43727
-0.08281
-1.03981
0.09688
0.03258
-0.09679
0.31846
0.28175
0.62181
-0.45918
0.50695
-0.18648
0.52563
0.10695
0.01175
0.52141
0.03640
0.47513
-0.08740
-0.02512
0.48440
-0.11298
0.33186
0.57047
0.34061
0.47277
-0.62955
-0.30674
0.48546
-0.21427
0.06085
0.26756
-0.05951
0.46432
-0.30911
-0.28990
-0.08833
0.34610
-0.03187
0.70278
0.48309
-0.27140
-0.09838
0.06588
0.43002
-0.20341
-0.47430
0.07708
0.19494
0.76736
-0.11605
0.02837
-0.09439
0.73936
0.39153
-0.12951
-0.12411
0.75579
0.34920
0.22593
0.19001
-0.16372
-0.03593
-0.30050
0.04758
0.56106
0.01270
0.45299
-0.23683
0.27503
0.34297
0.19669
-0.02267
-0.46989
0.03892
0.28726
-0.03381
0.20010
0.06602
-0.63939
0.12025
-1.27153
-0.09178
-0.21074
0.12774
0.34109
-0.03523
-0.08879
0.23314
-0.45969
-0.14562
0.44834
0.76313
0.18332
-0.39306
-0.31710
0.37938
-0.23949
-0.38916
0.60062
-1.23487
0.50398
0.63671
0.11031
-0.01622
0.50510
0.01705
0.48771
-0.03368
0.05082
-0.53579
0.08001
0.08959
0.09730
0.65518
0.01302
0.02154
-0.24387
-0.46888
0.42668
0.25645
-0.22708
0.20977
-0.11369
-0.29201
0.07811
0.09621
-0.28992
0.15549
-0.08117
0.54907
0.14961
0.13285
0.09732
0.30080
0.43803
0.49925
0.17264
0.41792
-0.66525
0.17802
0.02760
0.16231
-0.04644
0.30063
0.55189
-0.61687
0.27923
0.50667
-0.98018
0.51622
-0.07160
-0.34101
0.33996
0.28414
-0.41553
0.31183
0.23325
0.17934
-0.19998
-0.47471
-0.27507
0.50211
0.66335
-0.08050
0.35480
-0.03102
-0.92663
0.21708
-0.27236
-0.27378
0.27573
0.55286
0.33978
0.30452
-0.48695
-0.10170
0.65437
0.67418
0.08948
0.36777
-0.11554
0.20068
0.62857
-0.42190
-0.14661
0.45970
-0.32080
-0.08572
-0.08036
0.01351
0.17865
-0.43654
-0.04000
-0.66732
0.12086
0.45963
-0.11602
-0.39835
0.60172
-0.21990
-0.32337
-0.31522
0.08635
0.26479
-0.33621
0.40510
0.09496
0.56706
-0.36406
-1.05730
0.46496
0.43585
0.31851
0.32402
0.28545
1.03175
-0.04377
-0.22811
0.09063
0.09209
0.54263
0.34793
0.14638
0.25075
0.40312
0.49159
-1.14058
0.30822
-0.05549
0.28166
0.31267
0.46047
0.26609
-0.01970
0.47947
-0.15727
0.04620
0.38580
-0.13448
0.05342
-0.91853
0.14367
0.33611
0.33426
-0.87910
0.77459
-0.38607
0.60059
-0.10707
-0.09206
0.18872
0.02588
-0.21283
0.57044
-0.27257
-0.82529
-1.25942
0.15287
-0.16345
0.12306
0.45504
0.63244
-0.28987
0.32699
0.50362
0.25776
-0.30493
0.13431
0.32906
0.12087
0.63376
-0.30560
0.41291
0.74818
0.26414
0.52424
0.20832
-0.58901
-0.76047
0.30412
0.58399
0.61716
-0.60417
0.22373
0.12466
0.54749
-0.36058
0.26992
0.74156
0.07297
-0.38158
0.01069
0.02727
0.40856
0.15112
0.60105
-0.64159
-0.56226
0.62294
0.36985
0.37113
0.39480
0.25361
-0.61885
-0.01549
-0.54665
-0.35030
0.02842
0.49542
0.63167
-0.16534
0.00233
-0.31891
-0.20482
0.60859
-0.29529
0.57694
0.21356
-0.13460
-0.11292
-1.19322
0.05087
0.02141
0.38952
0.14578
-0.35248
-0.21104
0.51706
0.32391
-0.03750
0.63016
-0.23402
-0.37922
-0.36192
-0.38400
0.09484
0.22276
0.36832
-0.02322
0.05959
0.79585
0.13296
0.01641
0.63797
-0.13715
0.76400
0.39711
0.06064
-0.31865
-0.43790
0.31886
-0.68932
-0.57048
-0.11883
0.34236
0.09793
0.15071
-0.74733
0.15020
-0.27482
0.13025
0.19837
0.04191
0.12273
0.17970
0.16579
0.05783
0.04629
0.12121
0.13953
0.01047
0.10347
0.08251
0.13614
0.06423
0.03974
0.08926
0.12690
0.15573
0.15945
0.16955
0.13263
0.14580
0.15959
0.11072
0.08499
0.13052
0.10250
0.02534
0.04079
0.02388
0.19764
0.01925
0.10378
0.17790
0.17742
0.18428
0.17970
0.09499
0.19636
0.09192
0.10946
0.03551
0.12885
0.18545
0.03046
0.08791
0.04782
0.18221
0.08191
0.15675
0.11631
0.02930
0.09794
0.20153
0.10520
0.14379
0.03861
0.15834
0.14787
0.10925
0.19171
0.16932
0.08839
0.10018
0.18017
0.10380
0.18183
0.06448
0.09134
0.08815
0.03152
0.10887
0.00858
0.19970
0.04921
0.15029
0.05129
0.20312
0.18924
0.09613
0.20515
0.02890
0.00426
0.01934
0.00044
0.05028
0.05100
0.20173
0.19860
0.01717
0.00166
0.03083
0.09294
0.18480
0.03270
0.07438
0.06260
0.20611
0.00566
0.12982
0.16220
0.10176
0.10714
0.12770
0.10664
0.05332
0.00481
0.18588
0.11111
0.16278
0.10899
0.12010
0.19985
0.18391
0.00662
0.08817
0.16575
0.11244
0.14011
0.05923
0.12916
0.11364
0.08394
0.11771
0.12022
0.09958
0.11230
0.00201
0.03042
0.19880
0.15611
0.06020
0.13417
-0.11507
0.10847
-0.04264
0.10791
0.21617
0.02163
0.03344
0.18500
0.07881
-0.10918
0.30723
-0.22926
0.08493
-1.21602
-0.18026
0.43165
0.11150
0.26251
-0.00735
-0.08129
-0.67389
0.12421
0.12150
0.28457
-0.66576
0.14252
0.79597
-0.07421
-0.29156
0.34785
-0.24858
-0.44487
0.10449
0.14676
0.73759
-1.03677
0.10974
-0.31966
0.56702
0.63701
-0.02215
0.36428
0.43019
0.51258
-0.17881
-0.80365
-0.51644
0.46831
-0.00186
0.28866
-0.23835
0.33032
0.16844
0.51863
0.08603
-0.23541
-0.55075
0.48827
0.12898
0.24912
0.77077
-0.75732
0.18336
-0.86550
0.54249
-0.32138
1.39368
0.38946
-0.60413
0.34808
0.01505
-0.48317
0.00793
0.09752
-0.10355
0.14176
-0.32696
-0.15721
-0.34037
0.17740
0.61106
-0.45449
-0.12298
0.24235
0.35003
0.31500
-0.33912
-0.57286
0.05161
0.07246
-0.48743
-0.25030
0.49113
0.19833
0.40765
0.94598
0.16813
-0.63440
-0.95458
0.12539
0.59786
0.17326
-0.23342
0.15187
-0.26863
0.56877
-0.56973
-0.27877
0.50078
0.43474
0.18611
-1.08118
0.19421
0.43550
-0.69020
0.12474
0.71526
-0.39090
0.57137
-0.06273
-0.06529
-0.17248
-0.31590
-0.96215
0.96562
-0.30318
-0.69090
0.30303
-0.16021
-0.00074
0.72965
0.29659
0.03334
-0.29891
-0.02297
-0.26294
0.20679
0.00987
0.32547
0.53314
0.10382
0.49412
0.21667
-0.22525
0.59630
0.31604
-0.58627
0.75277
0.30119
0.56426
0.07993
-0.35364
0.23525
-1.28975
0.21247
-0.33550
-0.37136
0.25607
0.25634
0.93668
0.13550
0.38696
-0.64982
0.52936
0.30646
-0.63807
0.49558
-0.80955
-0.82863
-0.40648
0.37423
-1.42618
-0.28505
-0.00429
0.59632
-0.91974
0.03582
0.61886
0.41099
-0.19057
-1.43614
-0.01985
0.15489
0.25540
0.70550
0.71659
0.31217
0.02523
0.48613
0.42305
-0.15550
-0.51137
-0.27084
0.78976
0.32356
0.41308
-0.38925
-0.02527
-0.11386
-0.89744
0.09836
-0.01535
0.16015
-0.14906
-0.67980
-0.56699
-0.20201
0.16985
-0.07595
0.04275
-0.16619
0.09798
-0.10828
-0.13857
0.33830
0.10881
-0.18510
-0.57769
0.72823
0.71382
-0.99292
-0.76974
0.29075
0.20863
0.93910
-0.64461
0.49644
-1.02263
0.54250
0.01052
-0.13588
-0.21027
0.05701
-0.76888
-0.86805
-0.04362
-0.13467
-0.09984
0.40737
-0.39485
-0.18843
-0.10106
0.01827
0.00247
-0.19213
-0.23727
0.09875
0.02056
-0.09438
-0.06703
-0.02853
-0.10443
-0.10539
-0.03915
0.21910
0.00326
-0.56180
0.17803
0.12181
-1.22225
-0.29629
-0.09913
-0.52355
0.07311
0.28663
0.48678
-0.12322
-0.11012
-0.41400
0.41295
-0.97356
0.36873
0.53508
-0.23685
0.30955
-0.15005
-0.32885
0.05594
0.23607
0.73341
-0.02506
0.09998
-0.05496
0.46381
0.40832
0.43556
0.24564
0.46087
0.09124
0.04187
0.26191
0.67858
0.44122
0.36930
-0.69457
0.72689
0.26289
0.22876
-0.15863
0.52432
0.45340
0.36826
-0.05155
0.07723
0.57800
0.92568
0.19905
0.01810
0.72589
0.64893
-0.26863
0.49203
1.40949
0.39637
-0.48438
0.28915
0.23773
0.33191
0.13237
-1.71383
-0.59234
-0.05976
0.37355
0.20420
-0.07895
0.17075
-0.53394
-0.36143
0.50445
0.17559
0.02385
0.64153
-0.14346
0.31817
-0.37734
0.27305
0.09311
0.47284
-0.02703
-0.11482
0.40993
0.43671
0.19701
-0.44702
-1.18693
-0.11049
0.16042
-0.93295
0.15103
-0.44378
0.29951
0.18296
0.05378
0.08619
-0.55634
0.44730
0.38650
-0.83448
0.22950
-0.68519
0.62300
0.19218
0.07491
0.21112
0.15526
-0.02832
0.09069
-0.29178
0.05516
-0.08379
-0.22313
0.06644
0.51994
-0.90888
0.48068
-0.33750
-0.02194
-0.71659
0.34990
-0.55203
0.26547
-0.40061
0.20264
0.29265
0.21215
0.61967
0.09311
0.71090
0.34587
0.06597
0.21809
0.77048
0.54480
0.55160
0.30960
-0.25343
-0.54284
0.53036
0.20900
-0.61364
0.26121
-1.23576
-0.26636
0.71653
0.40783
-0.21253
0.58847
0.90798
-0.63840
0.33230
0.22255
-0.00434
0.26336
-0.66054
-1.00972
0.14686
0.36959
-0.32226
0.21526
-0.34803
0.36753
0.27988
0.29828
0.22763
-0.86838
0.05685
0.13332
0.09361
-0.05175
-0.46123
-0.09430
-0.01329
-0.87969
0.01913
0.28728
0.00615
-0.42431
0.64099
0.18547
-0.04043
-0.60440
-0.02034
0.54129
-0.45235
-0.93622
0.04297
0.34958
0.61493
-0.07736
0.51606
-0.04961
0.31478
-1.17635
-0.04060
0.97645
0.56778
0.44404
-0.21891
0.07790
0.32135
-0.02591
0.30016
-0.36570
0.31532
-0.70799
0.32059
0.48572
0.13212
-0.06625
0.73200
-0.02827
0.30157
-0.45093
0.49932
0.69304
-0.02626
0.16351
0.50884
0.23234
-0.17579
-0.44054
-0.56718
-0.47199
-0.05132
0.32212
-0.29029
-0.12300
0.21469
-0.28557
-0.28803
0.20200
0.27030
0.24008
-0.45452
-0.07639
-0.76743
0.36237
0.52903
-0.12177
-0.69288
0.50064
0.12739
0.37194
0.34154
0.35337
0.28566
-0.12078
-0.07309
0.29879
0.39920
0.42215
-0.20528
-1.05464
0.04993
0.55450
0.54825
0.12132
-0.14360
-0.18993
0.69461
-0.47880
0.03043
-0.04235
0.57161
-0.23670
-0.08431
-0.36287
-0.38452
0.14051
-0.08797
-0.83653
0.47916
-0.00432
-0.24145
0.37003
0.60360
0.06099
-0.19246
0.59483
0.05309
0.12640
-0.12139
-0.65813
0.00974
0.56709
-0.10368
0.41581
-0.07239
0.14443
-0.32862
0.49400
0.72423
0.23180
0.40892
0.22619
0.11779
-0.35751
0.22799
0.53174
0.67064
0.45576
-0.12583
-0.61055
-0.21423
-0.23120
-0.05048
0.29380
-0.35726
-0.10646
-0.03795
-0.40268
-0.24477
-0.54151
-1.20163
-0.01774
-0.05360
-0.19557
-0.60360
-1.00844
-0.31059
-0.84857
-0.07168
-0.46916
-0.73154
-0.06231
-0.34555
0.27648
0.08047
0.03220
-0.00746
0.07105
-0.72159
-0.02349
-0.24360
-0.45860
0.70492
0.45200
0.24111
0.40050
0.08431
0.11211
0.43207
0.43046
-0.09142
0.32550
0.10267
0.43193
0.27687
0.42135
0.30273
0.32543
0.40095
0.16900
0.13105
-0.84948
-0.17246
-0.14871
-0.65609
0.42082
0.16968
0.31366
0.29634
0.69387
0.10974
-0.35095
-0.58740
0.13900
0.40858
0.04797
-0.01217
0.22443
-0.37911
0.11756
-0.05822
0.23224
-0.44398
0.40608
-0.68253
-0.05708
0.48623
0.50718
0.38788
-0.06181
0.25184
0.20604
0.06436
-0.14652
0.22005
0.13717
0.07110
-0.01261
-0.21356
0.08305
0.37658
0.41829
-0.24611
-0.38474
0.25224
-0.84700
-0.14870
-0.32271
-0.66791
0.34758
-0.41694
0.14371
0.12487
-0.30666
0.07979
-0.62332
-0.93192
-0.95927
0.67606
-0.49241
-0.70981
-1.02827
-0.33915
-0.91875
-0.78424
0.28529
-0.27992
-0.71803
-0.06215
-1.35777
-0.65678
0.30304
-0.95977
0.06214
0.63688
0.20086
0.08910
0.13178
0.10728
-0.78737
-0.37076
0.21666
0.24869
-0.01527
-0.34880
-0.20635
0.32892
0.02513
-0.54278
-1.01290
-0.77022
-0.88686
-0.10615
-1.25471
-0.37192
0.19627
-0.78870
0.49371
0.24180
0.12211
-0.18439
0.36037
-0.87979
-1.55072
-0.08666
-0.11096
-0.73708
-0.25833
-0.28744
-0.54435
-1.11130
-0.81248
-0.38288
-0.02713
-0.19196
-0.40818
-0.87853
-0.88214
0.16282
-1.43069
0.34070
-0.02708
0.05026
-0.06112
-1.12591
0.35554
-0.35342
-0.66974
-0.43580
-0.03986
-0.59071
0.22883
0.05743
-0.66791
-0.60951
0.22200
-0.30513
0.17042
0.74655
0.56209
0.17723
0.52852
0.57191
-0.82851
-0.28996
-0.09743
-0.86447
-0.48192
-0.02641
-0.04427
-0.43789
-0.77329
-0.11815
0.37887
0.15782
0.25620
0.10461
0.16845
-0.41837
-0.16913
-0.00327
0.17422
-1.03588
0.21171
0.48668
0.35860
0.11470
-0.69517
-0.03771
-0.55421
-0.19504
0.92658
0.53992
-0.31884
-0.59728
0.16724
0.65047
-0.58862
0.38890
-0.24791
0.27443
-0.28229
-0.42738
-0.57121
0.66819
-0.43072
0.30966
-0.79137
0.12322
-0.11812
-0.75445
0.18809
0.15116
0.56865
0.38249
-0.12805
-1.02052
0.16265
0.28551
-0.56210
0.28261
0.60738
-0.16475
-0.21983
0.51125
-0.06720
0.58462
0.34336
-0.05025
0.48209
-0.40669
0.70333
0.13581
0.05856
-0.27441
0.39166
0.27161
0.19722
0.11947
0.49502
-0.75837
0.97313
0.13270
0.51833
0.31537
-0.13451
-0.25442
-0.17709
-0.29493
-0.75610
0.11850
-0.72607
0.71030
-0.18787
0.95025
0.49036
-0.05687
0.57938
-0.24142
-0.50070
0.34048
-0.60808
-0.63190
-0.23924
-0.20571
0.03797
-0.78550
0.06660
-0.10179
-0.62367
-0.07003
-0.01570
0.56716
0.47515
-0.36728
0.23122
0.44378
0.99677
0.29037
-0.25977
-0.18733
0.42651
0.13657
0.02058
-0.08392
-0.04536
-0.58104
0.20840
-0.42632
-0.23431
0.11624
-0.78075
0.20831
-0.05901
0.15169
-0.45804
0.22916
-0.08097
-0.20186
0.39453
0.40116
-0.55934
0.10570
-0.36105
0.40803
-1.33232
-0.92280
-0.70677
-0.05052
-0.32839
-0.38531
-0.03974
-0.67813
0.32315
-0.58995
-0.56643
-1.14586
-1.16271
0.32603
-0.36004
0.43792
0.54709
-0.63729
0.22257
-0.25914
-0.10369
-0.42677
-0.20870
-0.35427
0.48290
-0.16096
-0.17837
-0.98304
0.13161
-0.15243
-0.56900
-0.14053
0.10831
0.16675
-0.21268
-0.46264
0.00408
0.14913
-0.10242
-0.37108
-0.18595
-0.70237
0.39310
-0.23096
-0.01390
-0.21794
0.40812
-0.15708
0.45278
0.24373
-1.04988
0.12956
-0.15336
-0.03470
-0.84828
-0.59532
-0.40126
-0.81462
-0.05322
0.09696
0.14240
-0.54095
-0.39773
0.06712
-1.29342
0.29396
-0.67948
-0.08088
0.37916
0.09432
0.56404
0.09814
-1.40725
-0.14206
-0.42766
-0.33734
-0.38049
-0.86607
-1.01940
-0.15043
0.22585
0.14775
0.00033
0.00419
-0.87562
-0.22603
0.37295
-0.17378
-0.36107
-0.84108
-0.92503
0.04487
0.11882
0.14176
-0.00004
0.51281
-0.49086
0.17843
-0.05540
0.12975
0.25146
0.39186
-0.55810
0.14497
0.02699
-0.83586
-0.01906
0.26291
0.23218
-0.13690
0.40348
-0.92339
-0.04612
0.35558
-0.40373
0.11001
0.60140
-0.76655
0.85013
0.25938
0.09127
-0.52323
-0.08771
-0.04611
-0.29016
-0.14318
0.29294
-0.37096
-0.18739
-0.06546
-0.55350
0.34176
-0.54518
0.63432
-0.11641
0.24891
0.22869
-0.55692
0.26413
0.13823
0.47225
-0.25933
0.10146
-0.61747
0.48076
-0.02782
-0.24013
-0.15951
-1.50410
-0.19143
-0.75295
-0.36110
0.46902
-0.49522
0.05339
-0.37823
0.14915
0.55487
0.62290
0.56588
-0.15141
0.21557
-0.73982
-0.88286
0.35279
-0.50910
-0.10019
0.00783
-0.22915
-0.05290
-0.29371
-0.11074
-0.74627
-0.80291
-0.47157
0.63312
0.04900
0.16082
0.67279
0.45145
0.28129
0.17329
0.76590
0.57060
-1.35809
0.06480
0.15856
0.35724
-0.57295
-0.40180
-0.27856
0.42726
0.19016
-0.25305
-0.16802
-0.26266
-0.16239
-0.29492
-0.00984
-0.14456
0.41339
-0.14992
0.20031
0.43843
-0.47308
-0.22275
-0.61238
0.36927
-0.20291
-0.10055
0.03229
-0.85291
-0.19921
0.17262
-0.26514
-0.27779
-0.02098
0.06262
0.55386
0.28579
0.16269
-0.34790
0.79657
-0.27965
-0.59161
-0.90465
-0.60183
-0.86043
0.54520
0.93610
-0.04060
-0.31387
0.28180
0.42355
-0.25209
0.52941
0.37698
-0.20829
0.15746
0.51761
-1.62067
-0.55035
0.55428
-0.60948
0.62832
0.45297
0.66071
0.46174
0.00292
-0.13030
-0.06975
-0.14291
0.37700
0.41710
0.13166
0.33215
-0.70585
-0.89075
0.12765
-0.97106
0.27437
0.07972
-0.15763
-0.20385
0.26040
0.20944
0.47462
-0.91622
0.23656
-0.05355
-0.55204
0.10669
0.39075
-1.44596
0.01992
-0.54463
0.13864
-0.06502
0.60328
-0.37262
0.15270
-1.29600
-0.85532
-0.39413
0.09818
0.03939
-0.12562
0.11294
-0.11449
0.26139
0.44394
-0.66936
-1.40062
-0.05425
-0.54146
-0.46539
-0.87564
-0.66327
0.24859
-0.32072
-0.71974
-0.48437
0.66478
-0.31154
-0.06186
-0.32667
-0.86850
-0.81417
-0.11674
-0.10415
0.22316
-0.22593
0.01130
-0.09167
0.52852
0.55570
-0.04389
0.63827
-0.01488
-0.29872
-0.33635
0.04908
-0.28701
-0.02442
-0.28796
-0.47592
-1.12046
-0.76110
0.37998
-0.03889
0.25762
0.48933
0.19790
-0.12319
-0.07326
-0.13663
-0.71347
0.45303
-0.47225
0.05967
-0.57669
-0.61222
-0.25114
0.28827
-0.74263
-0.07697
-0.24558
-0.00032
0.74618
0.03740
0.14530
0.50226
-0.06428
0.13480
0.32102
-0.23425
-0.09886
-0.34698
0.13220
0.02900
0.36623
0.21447
0.32043
-0.32386
0.55393
-0.72662
-0.57621
0.48129
-1.32453
-0.27991
0.37540
0.36520
-1.01009
-0.32394
-0.14017
0.16989
0.34289
0.41921
0.40001
0.35804
-1.26029
0.11971
-0.19057
-1.33723
-1.17023
0.21654
0.34399
0.35803
-1.44522
-0.10017
-0.04161
0.69934
-0.54289
-0.19303
-0.06118
-0.20301
-0.94230
0.03052
-0.86433
-0.01068
-0.91225
-0.07619
0.18678
-0.06650
-0.16162
-0.02280
0.81084
-0.13094
-0.02989
0.18394
0.04671
0.44437
-0.04346
0.06355
-0.06472
-1.08975
0.53843
-0.43096
0.60350
0.32454
0.03805
-1.50052
-0.05083
-1.23388
0.31816
0.53145
-1.16782
0.57823
0.24989
0.51636
0.01249
0.12535
-0.62826
0.15271
0.66231
-0.53868
-1.08982
0.14789
0.09606
-0.24578
0.18615
-0.17607
0.26769
-0.26494
-1.20875
-0.37532
0.56980
-0.35520
0.38532
0.44525
-0.35300
0.40091
-0.37618
-0.30111
0.06414
0.45373
0.45255
-0.36908
0.41131
0.04211
-0.04213
0.14537
0.05511
0.58801
0.04176
0.06160
0.50549
-0.28394
0.36160
0.02814
-0.35560
0.54875
0.43722
-0.38171
0.44791
0.49206
-1.71893
0.70168
0.70629
0.22044
0.15903
0.39195
0.43463
-0.04872
0.18736
-0.26431
0.45824
-0.73537
0.31443
0.24063
-0.14504
-0.04486
0.24038
-0.13187
0.20507
-0.09758
0.55229
0.21106
-0.71546
-0.07430
-1.07040
0.30584
0.21967
0.26321
0.18608
-0.10034
-0.10677
-0.04017
-0.00411
-0.38853
0.40086
0.60227
-0.42325
0.16532
0.19453
0.04364
-0.10227
-0.30920
0.52884
0.23887
-0.03541
0.30514
0.15073
-0.04386
-0.11806
-1.30420
0.09426
0.22017
0.31588
0.46876
-0.22270
0.22916
0.75745
0.44332
0.02623
0.00359
-0.12203
0.68972
0.14478
-0.53539
0.24125
-0.27080
-0.65726
0.63323
-0.39771
0.62134
-1.41879
0.42581
-0.28832
0.14753
0.14218
0.34624
0.48655
-0.01260
0.66673
0.00900
0.10805
0.47643
-0.06585
0.38603
-0.71414
-0.90809
0.45324
-1.33062
-0.38072
0.02421
0.01467
0.54316
-0.86888
0.40761
0.62768
0.47402
-0.13126
0.26626
-0.84940
0.24916
-0.08457
0.24388
-0.44177
-0.62128
0.55109
0.18696
0.21014
-0.98950
0.10413
-0.42941
0.57177
0.51244
-0.19325
0.11752
0.26671
-0.53335
-0.17401
-0.24306
-0.04031
-0.26220
0.30532
0.42771
0.15992
-0.28172
-0.53863
-0.16007
-0.82252
0.65747
0.19149
-0.25473
0.28047
0.41339
0.50378
-1.30285
-0.06479
0.10350
0.31347
0.34344
0.29329
0.39147
0.59918
0.17942
-0.26968
0.37113
0.46590
-0.28201
0.06775
-1.19488
-1.33423
0.63310
0.30234
0.31618
0.36981
-0.14112
0.62663
-0.17236
-0.26307
0.35596
0.43521
0.31178
0.40268
0.38062
0.25831
-0.31909
0.34214
0.33335
0.08013
-0.82395
0.04692
0.44206
-0.17738
-0.04765
0.05160
0.21483
0.55153
-0.24636
-0.40702
0.23598
0.23370
-0.01801
0.38337
-0.09183
0.17355
-0.31537
-0.28735
-0.06319
0.01328
0.37209
-1.04501
-0.04176
0.01505
0.57755
-0.13374
0.04888
0.25828
0.35016
0.17107
0.41054
0.34592
0.24945
-0.99566
0.15422
-0.07308
0.14292
-0.11214
0.78064
-0.69453
0.01391
0.19846
-0.24558
0.11791
-0.18450
0.30408
0.10893
0.10380
0.53692
-0.23405
-0.26867
0.60880
0.51428
0.10170
0.09570
-0.22736
0.49117
-0.29788
-0.21736
0.15440
0.06704
0.13411
0.87101
-0.94129
0.09483
0.08206
-0.27151
0.18698
-0.50161
-0.23473
0.46977
-0.56686
-0.24094
0.46277
-0.96082
0.11324
-0.22996
-0.16955
0.15609
-0.09658
-0.94224
-0.16378
-0.99509
-0.03386
-0.55691
-0.09284
-0.22714
-0.22119
-0.62730
0.45493
0.45780
0.77021
-0.27666
0.14624
-0.54929
0.12814
0.09209
-0.19311
-0.30382
-0.64353
-0.59297
-0.20805
0.30767
-0.24725
0.12025
0.01246
-0.20064
-0.33376
0.82379
0.52588
-0.08322
-1.59133
-0.01561
0.49970
-0.87793
-0.56978
0.49673
-0.56173
0.46750
0.50918
0.53730
-0.53406
0.08935
-0.24442
0.14423
0.12918
0.49529
0.42684
0.13613
0.38594
-0.35850
-0.05687
0.34461
0.10916
-0.16115
-0.05676
0.20588
-0.15092
0.48692
-0.02928
0.09104
0.00211
0.15625
0.43217
0.00531
-0.03295
-0.12947
-0.06281
-0.02379
0.52430
-0.04414
0.12113
0.32450
-0.07613
-0.13440
-0.42249
-0.19796
0.14024
-0.10103
-0.08768
0.20839
-0.62853
0.24003
-0.42131
-1.64966
-0.44096
0.37843
-0.29124
-0.69910
-0.66066
-1.05394
0.49394
-0.21431
0.38987
0.35342
-0.01351
-0.01451
0.24892
-0.88209
0.16319
0.43850
0.30424
0.33118
0.19145
0.57026
0.70542
-0.37137
0.71184
0.34673
0.61079
0.47350
0.47341
0.39327
-0.26939
0.12250
-0.05144
0.71225
0.38937
0.13233
0.26887
0.16325
0.54789
0.48470
0.45122
0.46062
-0.70916
0.28389
0.42487
0.49974
0.16221
0.83001
-0.57807
-0.23550
-0.00519
-0.21324
0.45472
0.49391
-0.23226
0.14401
-0.57988
0.07216
0.16739
-0.27592
-0.24251
-0.19206
0.09861
-0.17525
-0.21967
-0.17932
-0.18228
0.11856
0.13901
-0.23767
-0.64123
-1.44264
0.10178
0.11087
0.16269
-0.26793
0.39544
-0.57070
-0.59472
0.42157
0.13080
-0.34339
0.28576
0.00021
0.66536
0.28135
-0.13360
0.17091
-0.97496
-0.95764
-0.73603
-0.48579
-0.32870
-0.57374
0.20842
-0.18481
-0.28264
0.50114
0.23864
-0.71231
0.45877
0.47951
0.15626
-0.84179
0.55253
-0.46951
-0.64162
0.36343
-0.84662
0.74595
-0.26018
-0.84699
-0.27732
-0.28182
-0.32327
0.41988
-0.79008
-0.07005
-0.09501
-0.37398
-0.64935
0.59837
0.31705
0.17847
0.59563
0.06096
0.26839
-0.16360
0.19442
-0.22179
0.27971
0.46123
0.16636
0.40779
0.02941
-0.50821
0.64905
-0.16177
-0.10927
-0.34383
0.56769
0.28420
-0.06004
-0.26536
-0.90305
0.20079
0.02911
-0.71000
0.41816
-0.03766
-1.01329
0.39056
-0.66645
-0.74210
0.22433
0.40423
-0.48628
0.52171
0.62742
0.52123
0.20735
-0.47177
0.57081
0.38004
-0.01299
-0.07766
0.62862
0.00184
0.41084
0.17438
0.45166
-0.80756
0.18455
-0.43209
-0.43594
0.32584
-0.08128
0.32954
0.36691
0.31885
0.35497
0.53821
-0.02916
0.26354
0.28419
-0.07886
0.18088
0.57951
-0.91238
-0.63349
0.58650
-0.41277
-0.63035
-0.36936
0.39018
0.57275
0.02726
0.01299
0.16692
-1.01140
-0.19520
0.24395
0.22880
0.38824
0.07682
-0.24352
-0.13589
-0.14832
