0.40314
-0.71332
-0.21477
-0.10581
0.52476
0.37508
-0.41185
0.70632
0.67322
0.45721
0.07211
-0.01063
-0.43235
0.44456
0.12267
0.38425
0.28604
0.20719
-0.16813
0.51551
0.72246
-0.16750
0.34091
-0.02582
-0.40376
-0.89312
0.01122
-0.17033
-0.58872
0.04689
0.14641
-0.45707
0.23161
-0.10602
0.70360
0.69545
-1.19840
0.22162
-0.56762
0.21175
0.01865
0.12492
-0.02381
-0.73694
0.42196
0.49649
0.37737
0.68807
0.45475
-0.31317
0.28318
0.38455
0.65944
0.23380
-0.27935
-0.67322
-1.30208
0.32312
-0.28264
-0.48526
-0.03882
0.35297
0.13017
-0.23427
0.07897
0.12391
0.91202
-0.34335
0.49170
0.42405
0.53724
0.07982
-0.35580
0.08765
0.51513
-0.40052
-0.17169
-0.48912
0.16892
-0.24867
-0.37592
0.03164
0.54418
0.78141
0.86746
-0.46827
-0.06476
0.50687
0.63167
-0.11408
-0.19124
-0.06589
-0.05538
0.22739
-0.16202
-0.02512
0.34338
-0.19150
0.05147
0.25488
0.16779
0.06734
-0.01784
-0.08008
0.21084
0.37326
0.31018
0.15611
-1.08829
-0.62857
-0.10468
0.18430
0.11335
0.01307
-0.01162
-0.09322
0.23891
0.19336
-0.74872
-0.14787
-0.36559
0.48106
0.03491
-0.68091
-0.70562
0.68821
-0.06481
0.29356
0.46571
0.04937
0.04898
0.26717
0.35483
0.33006
-0.05559
0.29551
0.02204
0.72902
-0.11816
0.13666
0.17683
-0.42023
0.17475
-0.08863
0.37642
0.22218
0.04254
0.02346
-0.20288
0.12598
0.39127
-0.42611
-0.46010
0.38685
0.51675
-0.46410
0.41833
0.06108
-0.59917
0.24139
0.19214
-0.31626
-0.03444
0.36869
0.04414
0.08541
-0.34668
0.72778
0.92603
0.48089
-0.66261
-0.32082
-0.68006
-0.56483
-0.52980
0.25392
-0.02834
-0.62888
-0.39760
0.39604
0.73499
0.28552
-0.07450
-0.06664
-0.08120
0.51927
-0.10453
0.49810
0.19644
0.16875
0.61573
-0.55877
-0.17478
-0.16837
0.34196
-0.76188
0.38089
0.33986
-0.07083
-0.86343
0.86503
0.56864
0.32276
0.03836
0.13739
-0.21707
0.14018
-0.21694
-0.12882
0.44899
0.26936
-0.24304
-0.15409
0.56116
-0.57352
-0.27675
0.29602
0.05048
-0.16175
0.13230
0.30667
0.07442
0.55604
0.57148
0.26435
-1.07001
-0.20902
-0.47576
-0.32346
0.18062
-0.31934
-0.22474
0.06594
-0.18916
-0.12546
0.53976
0.29774
0.34222
-0.13496
-0.15065
0.23404
-0.01046
-0.38194
-0.19367
0.05273
0.23492
-0.57007
0.12831
0.19499
0.25606
-0.58245
0.46070
-0.42482
-0.42466
-0.19008
0.16345
0.46660
-0.05973
-0.18527
0.40233
0.26007
-0.85209
-0.04359
-0.36368
-0.24580
-0.48625
-0.10698
-0.04697
0.86924
-0.08037
0.28156
0.21332
0.48795
-0.08849
-0.87808
0.08025
-1.09644
0.61404
0.28325
0.56452
0.66481
0.31740
-0.37965
-0.24705
-0.10168
0.30289
0.52190
0.08298
-0.30618
-0.53645
-0.18104
-0.67258
0.08649
0.07172
-0.37477
0.37501
0.07408
-0.76642
-0.56426
-0.45442
0.05485
-0.14778
-0.21517
-0.00401
-0.52047
0.19967
-0.83446
-0.06463
0.30788
0.50688
-0.58861
-0.01720
-0.11248
-0.72468
0.33703
-0.05019
-0.13092
-0.11889
0.51911
0.54179
0.25712
0.41869
-0.36036
-0.71280
0.23012
0.58298
0.15892
-0.20790
0.20864
0.18794
0.34308
0.46215
0.39279
0.69295
0.30033
0.62543
0.12011
0.24673
-0.46177
-0.10559
0.23831
0.57688
0.02006
-0.33131
0.57334
0.36715
0.09345
-0.67729
0.23195
-0.31777
-1.35107
-0.32770
0.30053
0.48134
-0.06675
0.03188
0.38879
0.03240
0.15395
0.11251
0.25019
0.12739
-0.31692
0.30589
0.22732
0.05117
0.77627
0.60778
-0.42589
-0.49262
0.35859
0.55245
0.30122
0.34364
-0.27744
-0.02832
0.01084
0.13125
-0.02855
-0.56812
0.26161
-0.22073
-0.25490
-0.26446
0.11952
0.16352
0.67145
0.16690
0.49471
-0.35577
0.01797
0.14285
0.02395
0.01043
-0.52906
0.58557
-0.30745
-0.04454
0.52823
0.15408
0.56089
0.04804
-0.01539
-0.32260
0.23850
0.27789
-0.09602
0.23658
-0.00840
0.31318
-0.11670
0.14727
0.14168
0.75718
-0.28246
0.04118
0.64061
-0.74210
-0.43775
-0.38539
-0.36077
0.00161
0.70750
0.30936
0.18469
0.16341
-0.05123
-0.52900
0.48120
-0.17372
0.20138
-0.62968
-0.16284
0.21648
0.59818
0.34710
0.09792
0.08787
0.30107
-0.54326
0.21694
0.32680
0.37130
0.16209
-0.24324
-0.19345
0.25118
-1.61811
0.28141
0.47271
0.18546
-0.12177
-1.42941
0.05248
-0.57834
-0.38234
0.04893
0.50223
0.45180
0.09059
0.30720
0.12715
-0.36004
0.37528
0.53815
0.11394
-0.49445
-0.01295
0.06382
0.08931
0.31898
-0.55775
-0.47443
0.33033
-0.38196
0.43595
-0.31752
-0.70776
-0.27313
0.41796
0.08223
0.17883
-0.35517
0.05371
0.15797
0.29643
-0.02797
0.26107
-0.00449
-0.19531
0.34242
-0.77871
-0.27991
0.16417
0.45134
0.42104
-0.27316
0.36611
0.07916
-0.44095
0.26718
0.45873
-0.27335
0.00818
-0.05971
0.64979
0.40357
-0.13789
0.02440
0.36668
0.75370
-0.03350
0.75676
0.37069
0.33892
-0.22276
-0.02918
-0.08013
0.17799
-1.61263
-0.64457
0.62004
0.32795
0.06689
0.49364
0.30644
0.36361
-0.09823
0.05847
-0.36646
-0.59667
-0.63618
0.10825
0.25561
0.40693
-0.13478
0.34923
0.62952
0.56417
0.07275
0.14723
-0.06047
-0.45620
-0.30316
-0.15336
0.27725
-0.33761
0.09712
0.45395
0.47000
0.13168
-0.01921
0.24237
-0.77734
0.11635
-0.10588
-0.61581
0.22409
0.18053
0.43912
-0.21037
0.61486
-0.44188
0.15203
0.18133
0.60034
-0.03578
-0.08234
-0.08089
-0.30049
0.78833
0.21937
-0.07431
0.22613
0.24675
0.42474
0.19113
-0.05574
0.02258
-0.56201
0.11258
-0.12696
-0.23722
0.43423
-0.44349
0.28977
-0.01692
0.05108
0.63344
0.24676
0.34139
0.85884
0.18271
0.41649
0.14370
0.01172
0.04010
0.75919
0.03161
-0.68753
0.64901
0.07918
-0.63550
0.40249
-0.50697
0.11882
0.22683
0.11743
-0.07125
0.12157
0.18952
0.26065
0.16265
-0.34162
-0.23771
0.16475
0.50465
0.12874
0.90227
0.09928
0.37290
-0.05949
-0.05951
0.10253
-0.39999
0.64578
0.23579
-0.54270
0.79320
-0.68621
-0.25851
0.31090
0.45379
-0.46474
-0.01407
0.31715
0.08234
-0.09745
-0.06523
0.34063
-0.30825
0.05908
-0.54841
-0.02605
-0.64961
0.23191
0.16420
0.40760
-0.45760
-0.26122
-0.36671
0.18811
0.00923
0.12851
-0.64967
0.17759
0.12568
-0.00168
0.25542
-0.49235
-2.19464
0.37044
0.09912
0.20314
0.40593
0.15332
-0.56607
0.72720
0.42861
0.09519
0.34418
0.23584
0.05733
0.13200
0.06400
0.11068
0.31550
0.21513
-1.32003
0.70274
0.85999
-0.11881
0.46847
0.06063
0.71759
-0.15946
0.02721
-0.17761
0.39867
-0.10337
-0.02927
-0.26266
0.47257
0.41668
0.20612
0.04445
0.10075
-0.21763
0.05820
-0.32513
0.31452
-0.06649
0.51892
0.75915
0.45255
-0.01312
0.21166
-0.25021
0.43087
-0.12315
0.44485
0.07376
-0.08254
0.08802
0.51404
0.53756
0.58006
0.71835
0.22457
0.56510
0.42907
0.00870
-0.37649
0.70664
-0.13499
0.11608
-0.42483
0.19800
0.14672
-0.18731
-0.81800
0.27913
-0.02451
0.58673
0.36075
0.32811
0.32594
0.22599
0.13894
0.32340
0.32994
0.43913
-0.23636
-2.10743
-0.32243
0.34612
-0.01720
0.50264
-0.12074
-0.19076
0.03055
0.47690
-0.10847
-0.41205
0.16457
0.47936
0.46835
0.35150
-0.19459
0.04546
0.64603
-0.33319
-0.26948
0.11273
-0.44921
0.00649
0.53797
0.59540
-0.26916
0.19336
0.30064
-0.23567
0.34949
0.29555
0.48762
-0.07792
0.25096
-0.15992
0.01368
0.31921
-0.63434
-0.19964
0.43443
-0.45688
0.53256
0.03357
0.56894
0.43576
0.25121
-0.47409
0.20338
0.05599
-0.35558
0.11009
0.26821
0.77953
0.15328
0.21343
-0.68321
-0.01324
-0.26715
0.61301
0.16723
0.19441
0.01616
-0.68467
0.27594
-1.09644
0.15777
0.50821
0.13825
0.38885
0.30396
0.76090
0.18830
-0.83555
0.43990
0.18369
0.83840
-0.14098
0.24654
0.12203
0.20116
0.26165
0.06178
0.22353
-0.07327
0.78392
0.21143
-0.13116
-0.47296
-0.10896
0.67765
-0.06508
-0.06179
-0.75224
0.25230
0.44470
-0.33786
-0.08358
0.43482
0.00948
0.65295
0.06653
-0.25660
0.26112
0.58932
-0.19773
0.15764
0.37323
-0.03660
0.67090
0.58760
-0.56396
-0.14451
0.01360
-0.02894
-0.53277
0.12175
0.14133
-0.13179
-0.77815
-0.28660
-0.25023
0.40927
-0.36561
-0.32525
-0.03222
-0.15114
-1.62982
0.02145
-0.24056
-0.39761
0.51994
0.25733
0.09698
-0.22847
0.63886
0.26220
-0.01556
0.38134
-0.27429
-0.35137
0.77418
-0.02545
0.67593
0.91558
0.25140
0.29559
0.42837
-0.69752
0.49215
-0.32966
-0.13469
-0.04954
0.28946
0.35285
-0.45813
-0.23234
0.30958
0.02883
-0.60700
-0.29994
0.29764
0.24700
0.01204
0.12844
-0.19988
0.23472
-1.61103
-0.23517
-0.26189
0.33359
0.57772
-0.48210
0.37735
0.06428
0.12847
-1.04907
-0.33910
0.27605
-0.08006
0.12659
0.51764
-0.01985
0.92788
-0.14143
-0.48166
0.53994
0.15153
0.20662
-0.60123
0.39042
0.03877
-0.17116
0.14472
0.31401
-0.32087
0.41489
0.51478
-0.00974
-0.65785
0.33752
-0.10911
0.48617
-0.38699
-0.64098
-0.52799
0.22120
-0.69693
-0.57045
-0.13597
0.40342
0.08626
0.22442
0.68719
0.51916
-0.08776
-0.38358
-0.20553
-0.07219
0.49338
0.02070
0.50688
-1.09879
0.00990
0.93331
0.15676
0.17404
-0.12929
-0.15815
0.07261
-0.09328
0.16896
0.70297
-0.31380
-0.61268
-0.13406
0.56827
0.31688
0.19114
0.44808
0.15103
-0.10461
0.78367
0.68803
-0.37405
-0.43548
-1.10114
-0.16282
-1.09851
-0.57263
0.30169
0.08820
-0.08490
-0.15306
0.48927
0.04109
0.20846
0.28524
0.71340
0.46982
-0.02951
0.34413
-0.18264
-0.94062
-0.20243
-0.25085
0.58834
-0.56209
0.54727
-0.09740
-0.23435
0.57084
0.39201
0.32839
-0.22774
0.34559
-0.37580
-0.61597
0.32041
-0.64607
-0.01854
0.20198
0.35356
0.59470
-0.31139
-0.14339
0.04769
0.46806
-0.18913
0.43590
0.43070
-0.99844
0.00839
0.18154
-0.39834
0.02577
-0.35899
0.29946
-0.21588
0.55886
0.46281
0.53364
-0.26102
-0.20752
-0.18624
-0.42244
-0.99126
0.18596
0.41304
0.05127
0.32015
0.53615
-0.01879
0.41992
-0.01268
0.50621
-0.11318
-0.44385
0.59658
0.03513
0.08191
-0.33009
0.55627
0.10216
0.31862
0.06230
-0.30645
-0.46842
-0.40832
0.26070
-0.08303
0.63132
0.17840
-0.17303
-0.52523
0.14776
0.75524
-0.31714
0.67352
0.10566
0.69717
0.47329
0.14759
0.00519
0.18181
-0.61712
-0.75860
0.05130
0.00155
-0.11361
-1.01786
-0.15473
-0.73753
0.53121
0.17981
0.12723
0.11194
0.38594
0.16900
-0.18349
0.51988
0.52853
0.04271
0.36279
0.21298
0.15822
-0.35996
-0.65006
0.33302
-0.20640
0.44677
0.42773
0.13462
-0.15656
0.43052
-0.45666
0.32400
0.32355
0.54920
0.45553
-0.62204
-0.13603
0.36078
0.32101
-0.06235
0.92338
0.16627
-0.51574
-0.00008
-0.86105
-0.10174
0.11201
-0.15522
0.25134
0.36235
0.49343
-0.37132
0.18756
-0.19825
0.55198
0.10574
0.05646
0.61894
-0.09772
-1.03343
-0.01188
0.00176
0.26917
0.09114
0.42374
0.57210
0.16715
0.37439
-0.63922
-0.46128
0.45934
0.01135
0.18772
-0.12783
0.14312
-0.27596
-0.17912
-0.28018
-0.03645
0.37371
0.15829
0.40706
0.24732
-0.17337
-0.03402
0.03482
0.45488
0.52687
-0.32653
0.12687
0.64004
0.84231
-0.14403
0.09551
-0.20530
0.58756
0.44370
-0.11160
0.00682
0.74630
0.21449
0.39246
0.19113
0.01361
0.00996
-0.11902
0.35266
0.51478
0.06777
0.34310
-0.14336
0.26381
0.45910
0.25345
-0.01430
-0.65353
-0.09505
0.37476
0.06388
0.04656
0.42043
-0.62984
0.04684
-0.16573
-0.23833
0.07068
0.35675
-0.14314
-0.09874
0.19243
-0.44723
-0.26207
0.49909
0.69747
-0.01043
-0.40141
-0.22382
0.34110
-0.23569
-0.38104
0.22911
-1.31401
0.34076
0.48627
-0.01252
-0.08358
0.46516
0.10200
0.45491
0.02522
-0.14730
-0.47395
0.17491
0.03503
0.06905
0.55578
0.07696
-0.04755
-0.21713
-0.39944
0.37283
-0.42433
0.27066
0.12320
-0.51965
-0.02765
-0.14774
-0.28396
0.25402
0.21177
0.56955
0.24171
0.16228
0.09705
0.38135
0.25234
0.38431
0.36911
0.39605
0.35533
0.34857
0.05608
0.13793
-0.17131
-0.14122
0.62099
-0.42765
0.49463
0.24694
-0.90592
0.47771
0.10303
-0.37850
0.19301
0.31891
-0.00821
0.31859
-0.04550
-0.00682
-0.43220
0.11098
0.53294
0.72809
-0.17532
0.26092
-0.02364
-0.81640
0.54411
-0.24719
-0.52779
0.33377
0.42150
0.34400
0.35269
-0.46732
-0.39071
0.45659
0.67778
0.06152
-0.30251
-0.16260
-0.09306
0.57354
-0.41142
-0.08489
0.47191
-0.17914
0.05698
-0.21784
0.06889
0.29508
-0.62013
-0.01811
-0.62369
-0.01286
0.32418
0.05188
-0.28290
0.36939
-0.26221
-0.14243
-0.35805
0.23107
-0.31219
0.50706
0.52193
0.60934
-0.53645
-0.90891
0.43646
0.62968
0.44525
0.54700
0.37659
0.78386
-0.06358
-0.62323
-0.04168
0.11387
0.57965
0.02916
0.33923
0.24884
0.25797
0.54348
-1.11585
0.27028
-0.15670
0.23942
0.19280
0.27136
0.26640
-0.03428
0.30782
-0.13800
0.05942
0.23896
0.22843
0.00206
0.12558
-0.66834
0.22404
0.29305
0.18238
-0.87561
0.86619
-0.22028
0.49149
-0.13786
-0.21161
0.34375
-0.02808
-0.06167
0.53467
-0.63739
-0.81289
-1.75118
0.10901
-0.01937
0.20138
0.03388
0.65899
-0.18293
0.05913
0.50025
0.10059
-0.42267
0.04350
0.27303
0.28051
0.63996
-0.52339
0.44094
0.79148
0.15313
0.53649
0.01413
-0.34997
-0.78930
0.24481
0.65139
0.68708
-0.59650
0.27251
0.06587
0.48727
-0.11387
0.31156
0.68144
0.06041
-0.37933
0.00984
0.06945
0.46701
0.19306
0.62772
-0.52903
0.42711
-0.45723
0.58708
0.42507
0.32344
0.42732
0.08923
-0.81696
-0.06752
-0.38027
-0.27304
0.29369
0.47504
0.67058
0.04358
-0.00407
-0.23305
0.03668
0.20580
-0.45360
0.61054
0.14749
-0.14010
-0.17103
-1.30403
0.06448
0.12496
0.07937
-0.60043
-0.06342
0.41961
0.33568
-0.14463
0.58665
-0.12222
-0.45028
-0.56275
-0.31668
0.08624
0.27402
0.35422
-0.01784
0.11452
0.74423
0.18383
0.05190
0.55502
0.19350
0.75822
-0.02929
0.11126
-0.23908
-0.33556
0.12586
-0.75710
-0.37955
0.02857
0.31444
-0.08326
0.15126
-0.75173
0.24507
-0.08636
0.12398
0.01359
0.01600
0.02385
0.05152
0.09886
0.21173
0.14249
0.01441
0.16498
0.04798
0.12975
0.19020
0.06472
0.00962
0.00119
0.20020
0.03240
0.00877
0.11483
0.06469
0.06024
0.10317
0.01978
0.17730
0.11002
0.17924
0.04574
0.19828
0.14270
0.12756
0.17715
0.05144
0.21125
0.04616
0.20668
0.19976
0.15328
0.04180
0.09822
0.16997
0.17456
0.09715
0.00246
0.04585
0.07277
0.05272
0.14309
0.17797
0.20598
0.10983
0.02391
0.05808
0.04202
0.02604
0.13663
0.04682
0.03608
0.10771
0.12646
0.08910
0.16904
0.12535
0.08920
0.14659
0.01147
0.16143
0.14486
0.00514
0.12417
0.17773
0.17384
0.07665
0.08235
0.09538
0.06676
0.08170
0.07955
0.15624
0.02720
0.13745
0.06771
0.04285
0.19154
0.02757
0.17424
0.18161
0.06711
0.07471
0.20363
0.08296
0.20532
0.08293
0.10606
0.07722
0.05984
0.18258
0.11339
0.00377
0.08358
0.18712
0.03329
0.02179
0.19238
0.17915
0.12557
0.20304
0.17228
0.00752
0.12928
0.11342
0.12102
0.09023
0.08120
0.15549
0.19401
0.20413
0.09543
0.03336
0.04446
0.08833
0.01492
0.15082
0.16850
0.20296
0.13754
0.19220
0.14234
0.17690
0.03300
0.02529
0.03448
0.15581
0.00769
0.01474
0.08191
-0.02532
0.10150
0.23364
-0.02112
0.05083
0.18360
0.04812
-0.12121
0.26511
-0.05887
0.22606
-0.60835
0.40330
0.06155
0.22549
0.11695
-0.36734
-0.47932
0.09731
0.18488
0.14183
-0.29465
-0.15053
0.63073
0.48749
0.01623
0.39250
-0.34417
-0.66277
0.05463
0.12891
0.82446
-0.93438
0.20468
0.03523
0.62395
0.69468
0.65004
0.29517
0.53969
0.58462
-0.12840
-0.80067
-0.48287
0.63510
0.01214
0.33234
-0.24720
0.34894
0.61191
0.76183
0.10584
-0.18877
-0.50966
0.23192
0.40344
0.21989
-0.34158
0.15036
-0.20210
0.61031
0.07369
0.51313
-0.74883
1.52311
0.42362
-0.31358
0.31944
0.15835
-0.42929
-0.00206
-0.18207
-0.68671
0.05925
-0.10376
-0.35733
-0.05060
0.61461
-0.30491
-0.06212
0.25599
0.28123
0.38284
-0.34786
-0.97773
-0.10817
0.19405
-0.38731
-0.44321
0.30038
0.64893
0.63336
0.22100
-0.65030
-0.74060
0.15892
0.54718
-0.00821
-0.21837
0.65645
-0.23380
0.79778
-1.02544
-0.23886
0.52048
0.08031
0.22325
-1.31030
0.26111
0.41058
-0.89841
0.52505
0.74970
-0.48018
-0.07312
-0.10355
-0.00153
0.16298
-0.30533
-0.81439
0.92944
-0.41144
-0.70891
0.75838
-0.09328
0.11368
0.57274
0.38505
0.23244
-0.30842
0.86250
-0.66448
-0.25234
0.25583
0.09543
-0.07362
0.60860
-0.24210
0.77959
0.54033
-0.56589
-0.03454
-0.15354
0.19504
0.25106
0.54473
0.23356
-0.27280
0.25569
-0.56594
-0.16062
0.63255
-0.15582
-0.00975
0.26455
0.93467
-0.29790
0.42838
0.48064
-0.57119
0.55405
0.54218
-0.34797
-0.57807
-0.74926
-0.38001
-0.50613
0.08046
-0.71934
-0.34991
0.27738
0.61811
-1.05013
0.08548
0.62926
0.40380
-0.32016
-1.48797
-0.03856
0.48331
0.29067
0.60718
0.73644
0.40959
0.00249
0.50270
0.39608
0.37503
-0.50249
-0.22140
0.70423
0.10018
0.20439
-0.79437
-0.00053
-0.15162
-0.60386
-0.03710
0.11426
0.20044
-0.08493
-0.44535
0.36666
-0.12826
0.05717
0.00197
0.02851
-0.15850
0.11978
-0.18415
-0.03123
0.38163
0.03727
-0.13470
-0.34325
0.25693
0.35061
0.27011
0.17304
-0.07680
0.44242
0.70137
-1.03818
0.25881
-0.59852
0.49874
-0.07734
-0.11915
-0.29875
0.17196
-0.73330
0.06182
-0.12040
-0.07329
0.39113
-0.24911
-0.13098
0.06482
-0.11767
-0.15695
-0.16884
-0.07276
0.14823
-0.05619
-0.17307
-0.03462
-0.01903
-0.09018
-0.18149
-0.31247
0.14825
-0.02041
-0.50648
0.32593
0.02933
-1.07012
-0.19532
-0.09638
-0.51454
-0.24425
-0.04124
0.35089
-0.13583
0.10826
-0.41863
-0.30204
0.41240
-0.96829
0.15875
0.53757
-0.70822
0.18759
-0.60677
-0.39683
-0.09005
0.61226
-0.03686
0.00863
0.30546
0.46426
0.45205
0.25643
0.32395
0.16404
0.23494
0.04870
0.36394
0.63344
0.25458
0.39608
-0.93600
0.65573
0.01272
0.45667
0.08973
0.41637
0.38222
0.40213
-0.06058
0.34576
0.47119
1.13363
0.06896
0.03616
0.71338
0.55469
-0.11639
0.34488
0.64620
-0.47327
0.08916
-0.79182
0.61484
-0.08858
-1.51705
-0.40774
-0.13629
0.39136
-0.25840
-0.13217
0.08090
-0.30260
-0.62673
0.64030
0.10455
-0.07555
0.72282
-0.25157
0.15080
-0.61660
0.24040
0.16068
0.44430
-0.07461
0.39514
0.41228
0.30652
-0.24933
-1.44008
-0.20849
0.10757
0.39440
-0.36495
-0.26008
-0.09377
0.17668
-0.35270
0.41510
0.55595
-1.06251
0.35935
-0.31109
0.40711
0.18416
0.30151
0.02049
0.08741
-0.04268
-0.10016
0.14155
0.04851
-0.39449
0.01048
0.55116
-1.08540
0.53231
-0.55685
-0.08463
0.58409
-0.39766
-0.54735
0.24400
-0.45352
0.50438
0.28004
0.26444
0.58435
0.07663
0.07061
0.43488
-0.03865
0.23330
0.72511
0.38071
0.50428
0.21699
-0.30910
-0.59118
0.63888
0.17423
-0.32608
0.37153
-0.90463
-0.29550
0.70196
0.42516
0.37814
0.64196
0.67330
-0.48621
0.29026
-0.17345
0.20075
-0.46372
0.23178
-0.69381
-0.98922
0.08536
0.50669
0.19477
0.16947
-0.49934
0.14535
0.03203
0.25488
0.26077
0.24831
0.17840
0.23754
0.03750
-0.46853
-0.24048
0.30901
0.05667
-0.68282
-0.13937
0.36678
0.00662
-0.31623
0.79202
0.12649
-0.09933
-0.71819
-0.00412
0.24301
-0.36729
-0.77038
0.15049
0.48863
0.61656
-0.23535
0.25760
-0.05449
0.53583
-1.08895
0.30246
-0.24805
0.88931
0.64041
0.43117
-0.22851
0.18225
0.07704
-0.05327
0.27148
-0.36800
0.32402
-0.66238
-0.27752
0.26990
-0.01196
0.04608
0.21452
-0.00753
0.11439
-0.23828
0.16608
0.79498
-0.03137
0.40067
0.27444
0.21392
-0.85878
-0.79104
-0.36893
-0.24110
-0.40804
-0.07087
-0.26627
-0.15417
0.35077
-0.24281
-0.24537
0.03223
0.29073
0.29233
0.31457
-0.47869
-0.03484
-0.60354
-0.23859
0.64413
-0.08366
-0.68034
0.42748
0.18742
0.69776
0.33994
0.29160
0.29670
-0.16630
0.01555
0.38745
0.29039
0.33394
-0.09107
-1.20489
-0.10086
0.57047
0.48288
0.23055
-0.10379
-0.38006
0.63025
-0.37098
0.09464
-0.25471
0.51134
0.50975
-0.04254
-0.25702
-0.36286
0.29629
-0.10784
-0.67124
0.45777
0.17295
-0.26222
0.65535
0.06743
-0.48911
0.11131
0.00613
0.20059
0.13001
0.41556
-0.15446
-0.63505
0.32839
0.03249
0.16040
-0.32868
0.41078
0.80551
0.29899
0.36042
0.20759
0.36099
-0.88734
-0.35082
0.09851
0.43186
0.68441
0.48459
-0.22912
-0.50493
-0.16328
-0.28732
-0.47600
0.22692
-0.51396
-0.11592
-0.00983
-0.86518
-0.34070
-0.56243
-0.93514
0.10696
-0.03613
-0.22784
-0.75526
-1.02560
-0.30561
-0.64761
0.14077
-0.31235
-0.74185
-0.20981
-0.53207
0.23310
-0.04252
0.03778
0.08932
-0.10254
-0.05171
-0.01530
0.02864
-0.55586
0.45709
0.16873
0.08970
0.44740
0.04213
0.00500
0.12772
0.33971
-0.26462
0.12626
0.09772
0.48195
0.59516
0.27514
0.34550
0.35233
0.29663
0.18827
0.07778
-1.36964
0.21829
-0.22275
-0.53131
0.36060
0.06704
0.20250
0.32393
0.20326
0.70054
0.10537
-0.65538
-0.40531
0.05823
0.24738
0.19675
0.04737
-0.07142
0.35685
0.24576
0.04841
-0.05438
0.23217
-0.47592
0.28681
-1.44686
-0.11448
0.61465
0.53856
0.47826
-0.06205
0.21036
0.42922
-0.32535
0.28026
0.74068
0.30189
0.04300
-0.08077
-0.06272
0.38443
0.08453
0.25582
-0.27371
-0.44013
0.37710
-0.71385
-0.12191
-0.35600
-0.57245
-0.42051
-0.46676
0.09119
0.19099
-0.31211
-1.05361
-0.26838
-0.82845
-0.72606
0.73402
-0.30587
-0.57021
-0.44424
-0.02179
-1.25760
-0.78917
0.32780
-0.30423
-0.67163
0.10392
-0.77610
-0.39898
0.28448
-0.22890
0.05518
0.57433
-0.02183
0.16872
-0.75978
0.07344
-0.78171
-0.32333
0.13720
-0.17333
0.20283
-0.14146
-0.26077
0.33614
-0.06216
-0.67739
-0.93508
-1.00596
-0.86444
-0.30737
-1.60332
-0.41898
0.30532
-0.76417
0.54625
0.34672
-0.24723
0.10102
0.41392
-0.56642
-1.71724
-0.13773
-0.26562
-0.68264
-0.66536
-0.20583
-0.61448
-1.03365
-1.23859
-0.33033
-0.28986
0.10530
-0.41412
0.10691
-0.86701
0.30943
-1.33475
0.47343
-0.32986
0.01848
0.13559
-0.90259
0.46037
-0.35260
-0.70015
-0.53966
-0.10227
-0.36181
0.40325
-0.03410
-0.50961
-0.60014
0.35746
-0.25578
0.18853
0.73130
0.34758
0.41602
0.46846
0.46360
-0.72654
-0.18826
-0.09543
-0.64066
-0.55684
-0.02189
-0.31913
-1.76884
0.18928
0.00631
-0.11454
-0.06222
-0.39245
-0.15616
0.30909
0.22500
-0.90548
0.16604
0.05434
0.36954
0.31627
-0.32238
0.02006
-0.42867
0.14193
0.63438
-0.25617
-0.68951
0.24564
0.54803
-0.53238
0.45609
-0.23857
0.57752
0.41892
-0.77549
0.54006
-0.40502
0.37550
-0.87120
0.26514
0.13972
-0.96229
0.12060
-0.19968
0.43408
0.41439
-0.17077
-0.99391
0.14056
0.29291
-0.78002
0.14422
0.59236
0.03317
0.00188
0.54829
0.03612
0.12090
0.29024
0.03351
0.53438
-0.74796
0.09146
-0.00369
-0.32109
0.07103
0.26200
0.02832
1.04172
0.24010
-0.72268
0.99799
0.13961
0.60465
0.14241
-0.03219
-0.04170
0.12177
-0.44405
-0.92665
0.14190
-0.52967
-0.03619
1.07090
0.48139
0.05449
0.64684
-0.57725
0.26556
-0.64530
-0.71658
0.04354
-0.25065
-0.07893
-0.91679
-0.07914
-0.26288
-0.54661
0.70819
-0.74723
-0.08793
-0.00989
0.46736
0.78332
-0.50389
-0.35733
0.75648
0.28235
1.07280
-0.35801
-0.66213
-0.05862
0.17876
-0.10294
-0.00124
-0.61193
-0.06909
-0.54084
0.10927
-0.40224
-0.26887
0.15247
-0.78538
0.31133
-0.11153
0.24284
-0.12230
0.22708
0.01393
-0.13804
0.15749
0.54822
-0.67470
0.13583
-0.69210
0.49866
-0.93900
-0.63078
-1.02252
-0.06217
-0.10553
-0.32968
-0.08178
-0.56917
-0.23504
-0.89432
-0.93536
-1.22602
-1.01017
0.25501
0.28730
-0.28938
0.40310
0.37857
-0.53125
0.14520
-0.26008
-0.68439
0.67125
-0.39366
0.40850
-0.46362
-0.18497
-0.89565
-0.14056
-0.48649
-0.17448
0.16590
-0.03284
-0.27251
0.15841
-0.01702
0.38604
-0.11309
-0.41689
0.04977
-0.75049
0.19940
-0.21670
-0.15762
-0.21946
-0.10581
-0.70945
-0.19825
0.47629
0.19131
-0.81555
0.07924
-0.11518
0.02850
-0.91577
-0.59292
-0.24376
-0.49390
-0.08171
0.13321
-1.25204
-0.42853
-1.10782
0.09688
-1.23652
0.40032
-0.13432
-0.68611
-0.24246
-0.13843
0.31476
0.07779
0.68236
-0.12340
-1.30054
-0.12328
-0.46120
-0.42581
-0.44882
-1.06723
-0.10810
0.08140
-0.02728
-0.05571
0.04334
0.60477
-0.49847
-0.04159
0.37574
-0.32747
-0.56577
-0.92032
-0.95835
-0.05220
0.13922
0.04796
0.40692
-0.48302
0.30119
0.04558
0.19551
0.27201
-0.18065
-0.56927
0.04799
-0.07105
-0.43652
0.04119
0.25112
0.29024
0.00329
0.36366
-0.78872
0.22854
0.36307
-0.43614
-0.01151
0.21926
0.82000
-0.45641
0.75274
0.18771
-0.18702
-0.60200
-0.02644
0.06448
-0.48132
-0.19136
0.47817
-0.29888
-0.21480
-0.07386
-0.45679
0.28557
-0.47559
0.56139
0.36198
0.13455
-0.39265
0.17632
0.42693
-0.15439
-0.20239
0.66056
0.58840
-0.04518
0.34367
-0.15304
-1.44581
0.59275
-0.69674
-0.30195
0.06032
-0.55643
0.02660
-0.05347
0.57538
0.64085
0.50426
-0.48468
0.14428
-0.81630
-0.74199
0.67000
0.15831
0.45896
-0.14946
-0.11980
0.21036
0.18282
0.17432
0.11668
-0.29605
-0.16296
-0.82986
-0.83742
-0.50781
0.65685
-0.01251
-0.52744
0.51225
0.43137
0.35194
0.21526
0.61982
0.34021
-1.26163
-0.61949
0.15077
0.11723
-0.47620
-0.37947
-0.41921
-0.09636
0.06558
-0.24319
0.15662
-0.32701
-0.37514
-0.13883
0.04600
-0.14454
0.22226
-0.15742
0.05847
0.56438
0.43857
-0.23819
-0.62742
-0.15003
0.26113
-0.28457
-0.75974
0.07845
-1.13739
-0.25616
0.16869
-0.31244
-0.29675
0.19170
0.06393
0.54391
0.56577
0.18155
-0.26760
0.85722
-0.17160
0.24007
-0.62637
-0.32997
-0.56190
-0.75397
0.78051
0.38900
-1.58185
-0.10178
-0.33910
0.27495
0.47054
0.02408
0.52853
0.28396
-0.03187
0.08163
0.82985
-0.47061
0.50885
-0.01924
0.53395
0.30022
0.56192
0.17592
0.52444
0.02397
0.03579
0.06971
-0.06230
0.32620
0.03009
0.15842
0.50416
-0.64237
-0.72287
0.10630
-0.83293
0.30481
0.37096
0.03764
-0.13311
0.15440
0.46229
0.12252
-0.70778
0.10033
-0.02036
-0.22070
0.31947
-1.22273
0.07389
-0.84871
0.13751
0.32492
-0.10229
-0.47084
0.20006
-0.74021
-0.14508
-0.08894
0.18742
-0.27719
-0.08680
-0.11852
-0.26475
0.29411
0.17954
-1.35089
-0.47562
-0.55244
-0.38974
-0.76754
-0.62987
0.46371
-0.30170
-0.65085
-0.35114
0.67069
-0.19320
0.27601
-0.45749
-1.07703
-0.72769
-0.02510
0.14383
0.30256
-0.16880
-0.88501
-0.06279
0.29534
-0.17577
-0.27064
0.58380
-0.00104
0.24951
0.58866
-0.21674
-0.30723
0.16016
-0.33070
0.26726
-0.11797
-1.19410
-1.52745
0.36313
0.09405
0.03637
-0.88230
0.33367
0.35983
-0.11945
-0.22883
-0.67816
0.50148
-0.32596
0.34543
-0.79312
-0.30485
-0.31904
-0.08393
-0.67639
-0.06484
-0.25265
-0.02947
0.22034
0.00606
0.13263
0.36908
0.97843
0.45751
-0.37642
0.12141
-0.41300
0.19215
-0.61656
0.12344
0.26729
0.29950
0.27740
-0.21840
-1.06821
-0.64265
0.58339
-0.78527
-0.49191
0.40542
-1.06151
-0.49109
-0.21878
0.48847
0.43208
0.06989
-1.00648
-0.19351
-0.10137
0.16654
0.40917
-1.47825
0.35170
-0.47242
-1.30734
-0.09658
0.29834
0.43270
-1.53977
0.41547
-0.09376
-0.07822
0.53158
0.50201
-0.40840
0.21332
-0.13311
-0.13397
-0.52592
0.03955
-0.98624
-0.72301
0.41812
-0.88381
-0.21493
0.28435
-0.00154
-0.13649
-0.07752
0.58341
-0.17901
-0.03468
0.30822
-0.85888
-0.36578
0.34222
0.10289
0.09272
-0.10474
-0.05645
-0.08398
0.55285
0.44402
0.58147
-1.21479
-1.52305
-0.19910
-0.65017
0.31164
0.33159
-1.34758
0.04120
0.13799
0.41055
-0.08118
0.02635
0.14468
0.11377
0.56460
-0.73747
-0.00235
0.27285
0.21906
-0.07083
0.20447
-0.14227
-0.06023
0.33116
0.12762
-0.36503
0.65682
0.54695
0.41828
-0.34403
0.48776
-0.29130
-0.15556
0.04477
0.50324
0.49512
-0.34038
0.48921
-0.31680
0.03447
0.12686
0.10133
0.47483
0.03439
0.10258
0.44300
-0.33190
0.46972
0.06175
-0.31619
0.72507
0.48837
-0.30388
0.50447
-1.75271
0.61437
0.55113
0.34709
-0.16231
0.22318
0.27052
0.57276
0.66314
0.24862
-0.25479
0.67545
-0.68371
0.36165
-0.04251
0.02573
0.30018
-0.94876
0.29947
0.61779
-0.05764
0.58202
0.23005
-0.35501
-0.02369
-1.06355
0.29434
0.29989
-0.06293
-0.00666
-0.21869
-0.33304
0.35914
0.66460
-1.58284
-0.27000
0.05954
0.12447
-0.37145
0.01851
-0.25810
0.65953
0.27020
0.64922
0.02398
0.29151
0.19283
-0.00218
-0.03690
0.08255
0.31036
0.16527
0.53190
-0.10268
-0.54339
0.56967
0.07727
-0.66099
-0.07430
0.16365
-0.12337
0.80375
0.12818
-0.52697
0.35313
-0.44269
0.56561
-0.46669
-1.06635
-0.32959
0.48435
-0.64995
0.75138
0.18342
0.15932
0.35639
0.46691
-0.21580
-0.10281
-0.14422
0.11070
0.52372
-0.01524
-1.14671
0.60100
0.17119
-0.39802
-0.64529
0.26869
-0.61841
-0.50755
-0.46623
-0.07686
0.56439
-0.96963
0.40294
0.60809
0.47567
0.26084
-0.53772
0.29063
0.08266
0.24992
-0.62329
0.25731
0.20313
0.40650
-0.93584
0.33879
-0.47077
0.45667
0.48281
0.44736
0.50163
0.19788
0.33865
-0.69058
-0.18715
-0.26283
-0.27287
-0.30087
0.19561
0.17830
-0.12427
-0.51632
-0.10208
0.41007
0.37265
-0.20732
0.33324
0.60093
0.67169
-1.26876
-0.03701
0.28707
0.22643
0.33097
0.00621
0.39431
0.35018
0.14576
-0.05582
0.42077
-0.03470
-0.20552
0.29437
-0.94971
-0.93616
0.59333
0.31426
0.33248
0.40570
0.08963
0.21719
-0.19610
-0.14895
0.43223
0.44405
0.36896
0.53897
0.42219
-0.24487
0.66282
0.39608
0.31761
-0.72793
-0.05415
0.15902
0.46480
-0.14088
-0.11237
0.13098
0.23575
0.44982
-0.30685
-0.60483
-0.57966
0.76482
0.30584
0.00401
-1.02622
0.39137
-0.11788
0.37206
0.15478
-0.17555
-0.07073
0.03075
0.22068
-1.42108
0.26359
-0.96629
-0.04641
0.02109
-1.19130
0.03845
0.22965
0.06858
0.19157
0.28954
0.17649
0.22794
-1.13502
0.19980
-0.15093
0.14948
-1.19895
0.17184
0.73285
-0.17591
-0.07099
-0.33653
0.07280
-0.19178
-0.18890
-0.91592
0.24482
0.51494
0.16203
-0.19201
-0.19272
0.45678
0.51770
0.11793
0.10010
0.18618
-0.13921
-1.60849
0.55521
-0.25276
-0.29288
0.13431
0.12779
0.81497
-0.93781
0.18083
-0.47393
0.13401
-0.19928
-0.23338
0.44204
-0.60033
-0.23037
-0.95911
-0.17160
-0.15361
0.15405
-0.07436
-0.57345
-0.87940
-0.89581
0.81229
-0.49108
-0.53297
-0.09044
-0.25382
-0.22587
0.51476
0.56457
0.92017
-0.13307
0.17613
-0.51709
0.94119
-0.16039
0.15723
-0.23523
-0.11828
-0.31156
-0.57328
-0.58744
-0.54491
-0.16563
0.05726
-0.20604
-1.20236
-0.18861
0.62461
0.14660
0.72361
0.45196
-0.29617
-1.12044
0.40234
0.43241
-0.83348
-0.87388
-0.49795
0.47978
-0.48381
0.49625
-0.78818
0.50925
0.17245
0.43465
-0.37034
-1.04799
0.10469
-0.15207
0.27376
0.05317
0.36046
0.29152
0.12507
0.38316
-0.33363
-0.08121
0.34030
0.17733
-0.08468
-0.09573
0.12298
-0.10860
0.41868
-0.12388
0.20107
0.00727
0.42485
-0.14297
-0.11598
-0.10083
-0.21789
-0.03207
0.07098
0.30143
-0.09851
-0.11744
0.05059
0.27019
-0.20976
-0.25938
-0.10444
0.15541
0.00616
-0.05919
0.19594
-0.54926
-0.86791
0.29266
-0.25202
-1.41582
-0.44732
-0.30759
-0.22286
-0.44331
-0.53971
-0.96911
0.68240
0.01193
0.22060
-0.09649
-0.46944
0.20256
-0.97972
0.09910
0.43673
0.34601
0.33483
0.61302
0.59505
-0.12472
0.65816
-0.58698
0.75148
0.32928
0.74283
0.44470
0.52206
0.25816
0.48140
0.16545
-0.02200
0.77270
0.48395
0.09353
0.30750
0.09719
0.36433
0.59834
0.45863
0.57240
0.44393
0.31356
-0.67457
0.50517
0.47617
0.13537
0.65346
-0.27314
0.10617
0.06275
-0.63214
-0.25026
0.16518
-0.26454
0.51267
-0.28171
-0.56575
0.16403
0.11934
-0.27693
-0.25394
-0.26715
0.14847
-0.27113
-0.26885
0.10728
-0.27672
-0.60575
-0.23676
-0.78395
0.15396
0.05913
0.12768
0.31327
-0.65176
-0.04873
-0.30219
0.25503
-0.04763
0.59226
0.42290
-0.35312
0.18214
-0.85293
-0.71730
0.36924
-0.56683
0.15319
-0.42750
-0.22102
-0.46166
0.25336
-0.70913
0.41625
0.36141
-1.00291
-0.50568
-0.46697
-0.55980
0.41573
-0.63703
0.70886
-0.65869
-0.30163
-0.32617
-0.20495
0.66058
-0.72912
-0.00661
-0.08640
-0.11856
-0.51201
0.59078
0.29912
-0.24183
0.43710
0.18758
0.00876
-0.15431
0.14153
-0.32805
0.36084
0.33751
0.12013
0.42841
-0.52711
-0.13463
-0.36516
0.64883
0.06715
-0.19099
-0.95999
0.20564
0.30609
-0.37202
-0.06421
-0.96552
0.40728
-0.62189
-0.79678
0.09934
-0.45714
-0.67099
0.52694
0.63595
0.32281
0.17116
-0.56862
0.50064
-0.12855
-0.09789
0.66567
-0.11221
0.18135
0.49856
-0.77113
0.18330
-0.45811
-0.79329
0.19552
-0.11128
0.43888
0.30107
0.55378
0.40563
0.63241
-0.06518
0.11561
0.18626
-0.10335
0.27185
0.68652
-0.63674
-0.50193
-0.07986
0.45132
-0.37289
-0.64189
0.23060
0.36674
0.59484
0.00480
-0.04448
0.10841
0.57329
0.11868
-1.26135
0.04478
0.36402
-0.61723
0.19804
-0.07945
0.46053
0.15138
-0.10015
-0.17625
0.17708
-0.03000
