0.32510
-0.75569
-0.15677
-0.71630
-0.14997
0.70798
-0.21762
0.67194
0.04511
0.32543
0.32828
0.00568
-0.28767
0.48792
0.23930
0.10653
0.27553
0.19301
-0.16638
0.58036
0.68528
-0.10186
0.31223
-0.06016
-0.53375
-0.87270
-0.19482
-0.14970
-0.30681
-0.11741
0.12672
-0.32534
0.23345
-0.28426
0.66821
0.61181
-1.07211
0.36435
-0.65917
0.19907
-0.49738
-0.45487
0.02518
-0.87822
0.48392
0.68846
0.46768
0.73067
0.49265
-0.28984
0.32519
0.52198
0.68853
0.32370
-0.76483
-0.75131
-1.26764
0.20505
-0.44269
-0.57836
0.16102
0.38253
0.19654
-0.09976
-0.01070
0.21655
0.88604
-0.03870
0.44771
0.51650
0.52301
0.00856
0.14065
0.14295
0.51275
-0.30710
-0.21432
-0.57905
0.34407
-0.29563
0.20809
0.00445
0.54366
0.69804
0.81257
-0.30707
0.16757
0.46076
0.35994
0.16309
-0.19528
-0.03304
0.02050
0.33287
-0.12956
0.01789
0.16536
-0.42724
0.02490
0.50384
0.23344
0.18248
-0.11933
0.03067
-0.15885
0.08014
0.10936
0.47103
0.30322
-0.96913
-0.71319
-0.42453
-0.19866
0.17084
0.18631
0.16245
-0.07037
-0.14004
0.25162
0.30724
-0.42707
-0.40701
-0.74075
0.69703
0.05165
-0.70974
-0.49851
0.72661
-0.10522
0.29014
0.34749
-0.20635
0.07932
0.38136
0.43634
0.17754
0.02318
0.33924
0.02769
0.56712
0.28096
0.16193
0.18775
-0.21541
0.01494
-0.09600
0.26276
0.25581
0.03759
0.05334
-0.12406
0.05297
0.47144
-0.58833
-0.57488
0.27064
0.56665
-0.64388
0.37545
0.12082
-1.41094
0.16680
0.23483
-0.21615
-0.17260
0.34752
0.13827
-0.04139
-0.49016
0.72889
0.92271
0.19522
-0.61906
-0.24383
-0.50750
-0.74809
-0.53938
0.35120
0.08063
-0.59161
-0.40338
0.30216
0.69007
0.25400
-0.17808
0.01877
0.43454
-0.15418
0.58933
0.09034
-0.04217
0.49003
-0.55913
0.03055
-0.22133
0.18605
-0.64195
0.40575
0.43434
-0.24759
-0.72576
0.85895
0.41953
0.19177
0.07470
0.14792
-0.12626
0.17124
-0.69715
-0.24618
0.29332
0.23820
-0.29532
0.03941
0.55920
-0.41584
0.18211
0.25763
0.01032
-0.23862
-0.07477
0.59445
0.02535
0.46279
0.54057
-0.05865
0.08516
-0.16340
-0.32334
-0.29196
-0.08474
-0.35932
-0.51931
0.27065
-0.01954
-0.14396
0.53181
0.12770
0.32745
-0.06100
-0.59286
0.11161
-0.43681
0.01279
-0.37887
-0.12403
-0.23304
0.32542
0.02341
0.13604
0.14998
-0.70713
0.50435
-0.50080
-0.37880
-0.23281
0.27033
0.16731
-0.22376
-0.16928
0.38476
0.43209
-0.58258
-0.04488
-0.24333
-0.27742
-0.54485
-0.19275
0.03293
0.87195
0.04465
0.41856
0.34191
0.54544
-0.15840
-0.66642
0.08131
-1.24185
0.62726
0.32061
0.44909
0.61375
0.02400
-0.44422
-0.35898
-0.01704
0.25954
0.49516
0.20963
-0.31039
-0.37487
-0.14662
-0.45963
0.16926
0.26139
-0.37197
0.37280
-0.04162
-0.62286
-0.74194
-0.57244
0.18977
0.15565
-0.25984
0.04465
-0.48002
0.22776
-0.81331
-0.16969
0.30175
0.55611
-0.57615
-0.03962
-0.29190
-0.94834
0.30240
0.01280
-0.07145
-0.08692
0.47421
0.52143
0.17526
0.33622
-0.25921
-0.16085
0.13863
0.57145
0.37408
-0.28733
0.26369
0.13602
0.27121
0.84937
0.31306
0.48702
0.16081
0.69881
0.15400
0.16685
-0.07465
0.04524
0.43766
0.60822
-0.03160
-0.35009
0.47088
0.65530
0.08418
-0.49430
0.21130
-0.21867
-1.21138
-0.18665
0.46960
0.50423
0.22872
0.11804
0.04585
0.29618
0.38619
0.16870
0.35865
0.15555
-0.35997
0.23420
0.13936
0.08527
0.87428
0.61563
-0.47338
-0.81999
0.36660
0.65388
0.06646
0.38192
-0.23258
0.13218
-0.12655
0.13700
-0.06101
-0.73267
0.03725
-0.29533
-0.30386
-0.22610
0.09498
0.16460
0.70105
0.19458
0.53870
-0.42821
0.06587
0.11839
0.26907
-0.31364
-0.86952
0.62043
-0.59433
-0.34698
0.55120
0.13201
0.61409
-0.01328
-0.20955
-0.29525
0.04341
0.42629
-0.16432
0.15212
-0.04978
0.23556
0.12007
0.58668
0.07088
0.52780
-0.33487
-0.08290
0.76233
-0.80453
-0.52142
-0.49671
-0.35905
-0.11841
0.74409
0.25020
0.21242
0.17840
-0.15658
-0.52419
-0.01937
-0.21407
0.04881
-0.55942
-0.43323
0.21478
0.68909
0.26552
0.02329
0.30851
-0.75828
0.32938
0.22243
0.40634
0.16264
-0.18755
-0.37543
0.29564
-1.69507
0.33458
0.58030
0.14480
-0.15226
-1.18640
0.04376
-0.46846
-0.23883
0.04778
0.47730
0.22299
0.06483
0.13780
0.04638
-0.36997
0.50919
0.54998
0.01357
-0.16555
-0.15031
0.18397
0.16659
0.56919
-0.42930
-0.56650
0.33061
-0.49788
0.30687
-0.38230
-0.88420
0.03593
0.45037
-0.00348
0.25822
-0.41962
0.02626
0.13905
0.27965
0.04626
0.26237
0.10207
-0.18679
0.35082
-0.77978
-0.03522
0.07532
0.41670
0.35475
-0.36391
0.36169
0.21162
-0.27316
0.27644
0.33078
-0.27883
0.02889
0.04206
0.00601
0.42840
-0.10830
0.01384
0.32766
0.69949
-0.05568
0.22190
0.23722
0.21038
-0.17826
-0.18098
-0.16546
0.11383
-1.47504
-1.06034
0.59871
0.29230
0.29916
0.38827
0.32099
0.16365
-0.07071
0.12389
-0.35415
-0.70579
-0.20966
0.19934
0.30317
0.31075
0.02472
0.32908
0.52150
0.55593
0.10849
0.16868
-0.08408
-0.64674
-0.38765
0.04737
0.65146
-0.38289
-0.11977
0.36148
0.37148
0.18057
0.00374
-0.74499
0.23099
-0.16430
-0.72045
0.04619
0.22239
0.39890
-0.36408
0.41087
-0.26225
0.11190
0.11130
0.54924
0.09572
-0.14357
-0.04992
-0.27918
0.72032
0.13884
-0.12733
0.31068
0.14272
0.45972
0.11827
-0.28631
-0.10886
-0.75948
0.20085
-0.15752
-0.33254
0.37253
-0.41760
0.19879
-0.02108
0.18421
0.92122
0.25226
0.27456
0.83863
0.12286
0.52118
0.13474
0.08155
0.10004
0.65470
-0.01290
-0.91515
0.58102
0.10312
-0.23790
0.54381
-0.57481
-0.47425
-0.06862
0.06589
0.07390
-0.06704
0.24202
0.14125
0.14743
-0.32443
-0.11816
-0.00836
0.16902
0.37395
0.91396
0.12945
0.39882
-0.12001
-0.03363
-0.07766
-0.40731
0.65008
0.23309
-0.63515
0.64629
-0.96018
-0.13135
0.30664
0.37229
-0.19254
-0.25712
0.22773
0.25725
0.02782
0.17953
0.38797
-0.22572
0.22399
-0.40354
-0.01921
-0.54188
0.34966
0.20420
0.49373
-0.64807
-0.14869
-0.34830
0.18879
0.10901
0.06475
-0.48236
0.20513
0.17936
-0.06191
0.40099
-0.52023
-2.23211
0.42264
-0.10074
0.14928
0.42084
0.37555
-0.64954
0.75292
0.37136
0.40142
0.12778
0.26274
-0.08516
0.05283
-0.16251
0.16200
0.25362
0.31621
-1.45123
0.62680
0.99875
-0.04651
0.05237
0.70124
-0.30233
0.11728
-0.26154
0.48043
-0.07136
-0.08411
-0.36365
0.59815
0.41401
0.12899
0.08590
0.13000
-0.37168
0.08955
-0.42554
0.42659
-0.19353
0.52713
0.70635
0.41424
0.09068
0.27783
-0.22296
0.29306
-0.10561
0.38220
0.08300
-0.11097
0.21133
0.64085
0.55062
0.56282
0.69184
0.13279
0.61348
0.34171
0.33999
-0.52829
0.70638
-0.10108
0.25579
-0.48754
0.18816
0.17281
-0.04113
-0.76782
0.34252
0.01445
0.60444
0.35541
0.33258
0.42047
0.07843
0.15834
0.28323
0.29431
0.34795
0.07758
-1.95853
-0.54166
0.21140
-0.01014
0.52845
-0.21818
-0.24010
0.08561
0.47128
-0.08425
-0.38321
0.23069
0.38547
0.47202
0.12981
-0.22360
-0.12592
0.67963
-0.27351
-0.19640
0.14285
-0.53968
0.13542
0.49088
0.60802
-0.26041
0.05361
0.32362
0.49898
0.42414
0.33148
0.40698
0.12892
0.23419
-0.32000
-0.27669
0.18990
-0.64893
-0.18790
0.32190
-0.41099
0.62008
-0.26485
0.58610
0.50758
0.16807
0.29542
-0.41597
0.13308
0.03797
-0.41570
0.14163
0.25949
0.63878
0.09688
0.08500
-0.27861
0.23479
-0.48823
0.72962
0.05167
0.23854
0.13899
-0.54864
0.25201
-1.07138
0.12948
0.32396
0.26755
0.46852
0.43400
0.74573
0.06277
-0.16393
0.69529
0.30441
0.74462
-0.09399
0.20753
-0.12137
0.21825
0.37362
0.09032
0.65246
-0.24728
0.77475
0.07663
-0.13920
-0.64022
-0.20556
0.68265
-0.09701
-0.20293
-0.72575
0.11908
0.43993
-0.35240
-0.30746
0.43778
-0.11898
0.35556
-0.06427
-0.17555
0.22033
0.45592
0.20840
-0.33985
-0.01491
0.39177
0.06999
0.71694
0.49366
-0.51986
-0.18984
0.16027
-0.04090
-0.27571
0.42033
0.06940
0.07328
-1.00504
-0.17410
-0.18278
0.33602
-0.18789
-0.35189
0.07613
0.14646
-1.63621
0.13119
-0.34601
-0.62288
0.48286
0.27772
0.14885
-0.35960
0.49983
0.37070
-0.01971
0.46972
-0.27639
-0.25381
0.75459
0.18255
0.66059
0.90146
0.39289
0.33356
0.44012
-0.72112
0.43687
-0.08028
0.04486
0.03145
0.26990
0.32483
-0.49310
-0.43563
0.26125
0.15599
-0.27470
-0.22890
0.16784
0.25025
0.04616
0.04891
-0.01334
0.28289
-1.36092
-0.12547
-0.32553
0.31387
0.41419
-0.42765
0.30848
0.01521
0.00314
-1.26489
-0.24120
0.16404
-0.03816
0.42163
0.44764
0.52001
0.00166
0.79008
-0.03880
-0.46232
0.61838
0.30422
0.16713
-0.59995
0.43887
0.02165
-0.44054
0.16536
0.08680
-0.24099
0.32902
0.54639
-0.27702
-0.85445
0.56156
-0.39511
0.47296
-0.06552
-0.68394
-0.10327
0.26692
-0.27424
-0.41110
-0.23749
0.39678
-0.30276
0.27743
0.74367
-0.02251
-0.07716
-0.21969
-0.22535
-0.04661
0.44706
0.17993
0.58368
-0.42972
-0.09689
0.39646
0.16152
0.13717
-0.13173
-0.19715
0.05294
0.09004
0.26339
0.65005
-0.19272
-0.59955
-0.00168
0.60856
0.37677
0.25732
0.22585
0.03224
-0.09714
0.76282
0.28446
-0.26432
-0.36529
-0.96794
-0.32621
-1.00252
-0.62115
-0.09846
0.05671
-0.11844
-0.06426
0.54960
0.25063
0.34044
0.10673
0.62087
0.47946
-0.32395
0.21958
-0.18498
-0.83664
-0.07480
-0.10114
0.93805
-0.59182
0.47570
-0.26275
-0.12613
0.37482
0.35489
0.36890
-0.48980
0.47198
-0.59962
-0.61438
0.01915
-0.63165
-0.14297
0.23801
0.14238
0.60974
-0.18333
-0.18426
0.23889
0.31994
-0.17994
0.43904
0.34155
-0.90179
0.10713
0.13215
-0.41298
0.14960
-0.19354
0.30501
-0.24835
0.53698
0.39271
0.52727
-0.30999
-0.03073
0.01428
-0.09563
-0.19805
-0.84331
0.12031
0.34480
0.11643
0.30916
0.60984
0.07692
0.48276
0.04177
0.50902
-0.01849
-0.42166
0.62275
-0.16168
0.18628
-0.09674
0.50154
0.15839
0.49709
0.13335
-0.29687
-0.47070
-0.13325
0.21533
-0.16372
0.69682
0.05137
-0.13057
-0.83753
0.37234
0.75716
-0.26182
0.70299
0.69870
0.15599
0.67371
0.29791
0.49013
0.16780
0.14366
0.26663
-0.41895
-0.21237
0.05463
-0.00116
0.24937
-0.87141
-0.27329
-0.72769
0.19261
0.13634
-0.01901
0.10292
0.28362
0.30937
-0.13415
0.64323
0.61288
0.21241
0.30444
0.47528
0.13986
-0.07096
-0.38662
0.42540
0.03029
0.10034
0.38172
0.10722
0.08935
0.42324
-0.40575
0.35414
0.32979
0.32705
0.52050
0.40896
-0.53164
-0.02853
0.43831
0.17026
-0.08772
0.89775
0.21747
-0.40884
-0.09968
-0.90320
-0.02662
0.12311
-0.24844
0.30524
0.19519
0.50186
-0.44358
0.29985
-0.26755
0.43136
0.07435
-0.05563
0.59444
-0.05747
-1.00452
-0.02666
-0.11875
0.40776
-0.04744
0.34194
0.61714
0.37797
0.46725
-0.75613
-0.29259
0.45253
-0.17071
0.22335
-0.09534
0.01233
-0.34949
-0.12606
-0.25693
-0.18278
0.39912
0.23615
0.51893
0.27805
-0.22710
-0.07544
0.06687
0.53300
-0.37021
-0.37427
0.17111
0.19399
0.78803
-0.12188
0.04817
-0.24027
0.54033
0.35023
-0.06423
-0.04224
0.78686
0.32287
0.37094
0.16894
-0.13859
-0.01477
-0.41603
0.18528
0.54644
0.03348
0.12048
-0.28631
0.26053
0.40382
0.02739
0.12750
-0.54317
0.10990
0.32738
0.00220
0.07434
0.49017
-0.51071
-0.00069
-1.25230
-0.08867
-0.20048
-0.00811
0.44970
0.10611
-0.03390
0.16483
-0.21445
-0.18541
0.32128
0.67360
0.01443
-0.21133
-0.41706
0.49763
-0.14816
-0.27714
0.22095
-1.09964
0.18493
0.61382
0.09207
-0.20604
0.48257
0.03384
0.45488
0.16284
-0.10107
-0.50003
0.39325
0.18474
0.36435
0.72876
0.09454
0.12785
-0.43737
-0.47886
0.32594
0.40402
-0.28968
0.19756
-0.05061
-0.60980
0.00948
-0.06873
-0.54660
0.31151
-0.10047
0.59841
0.29118
0.22501
0.15275
0.37684
0.11963
0.21221
0.17938
0.31001
-0.73893
0.27222
-0.02042
0.08825
-0.08251
0.05477
0.70841
-0.34311
0.44470
0.39027
-0.65102
0.44771
0.04562
-0.10610
0.23222
0.37087
-0.45218
0.37259
0.47430
-0.15066
-0.18819
-0.57594
-0.09506
0.45540
0.64283
-0.01666
0.32853
0.24361
-0.60056
-0.20467
-0.50789
0.37075
0.58319
0.35723
0.46081
0.12982
-0.06404
0.47461
0.65414
0.17094
-0.49209
-0.38019
0.19628
0.56643
-0.81118
-0.47708
0.47444
-0.29245
0.08301
-0.14228
-0.22934
0.20750
-0.65934
0.18696
-0.56051
0.15430
0.47636
0.02682
-0.43211
0.46477
-0.23695
-0.26226
-0.41553
0.27313
0.25813
-0.13663
0.49665
-0.11431
0.38991
-0.50208
-0.75718
0.60929
0.51873
0.33033
0.34705
0.36050
0.19783
-0.14592
-0.22318
0.02851
0.14683
0.53565
0.15559
0.07200
0.17291
0.02382
0.51131
-0.27313
0.13792
-0.30269
0.21623
0.43684
0.16684
0.29061
0.02551
-0.12962
0.13175
0.23794
0.37133
-0.22761
0.08246
-0.65876
0.13719
0.35159
0.29518
-0.99232
0.80598
-0.58835
0.47206
-0.15942
-0.05773
0.27109
-0.09865
-0.12265
0.64194
-0.10813
-0.80936
0.16656
-0.04812
0.23610
0.13652
0.65044
0.04322
0.28753
0.57471
0.01822
-0.35142
-0.13147
0.25153
0.24053
0.55695
-0.16001
0.55083
0.63764
0.28437
0.47624
0.06947
-0.44282
-0.90281
0.18040
0.58520
0.71159
-0.46816
0.44784
0.06408
0.48054
-0.34863
0.17184
0.61334
0.15604
-0.49562
-0.01253
-0.19900
0.59276
-0.07257
0.52472
-0.56649
0.48287
-0.54504
0.49846
0.38255
0.30460
0.14971
0.14687
-0.56670
0.04085
-0.45133
-0.49732
0.28305
0.35056
0.72945
0.01989
-0.07712
-0.22099
-0.07119
0.14982
-0.30616
0.55600
0.26955
-0.03254
-0.13845
-1.09983
0.03111
0.21130
0.03483
0.66241
-0.30394
-0.03391
0.38545
-0.20457
0.69580
0.00348
-0.35560
-0.64596
-0.32415
0.13571
0.25106
0.24387
-0.11866
0.06382
0.77137
0.21700
0.05016
0.59807
-0.14081
0.81786
-0.07336
0.12178
-0.21374
-0.34723
0.18913
-0.84722
-0.44542
-0.08931
0.35848
-0.02607
0.15439
-0.75465
0.08368
-0.22394
0.10879
0.07280
0.02876
0.01252
0.18611
0.10984
0.16849
0.02201
0.15090
0.10632
0.14223
0.14653
0.05960
0.15165
0.12238
0.19555
0.06604
0.00959
0.02633
0.12277
0.04578
0.15296
0.01540
0.19604
0.08936
0.01533
0.07628
0.00514
0.13120
0.07587
0.16952
0.10095
0.12734
0.10948
0.08942
0.16990
0.17312
0.18613
0.01682
0.04093
0.13998
0.15799
0.01927
0.02003
0.19554
0.19733
0.11003
0.07137
0.18725
0.15658
0.18540
0.00950
0.18489
0.07199
0.05373
0.14836
0.14809
0.11763
0.15521
0.05915
0.07364
0.11383
0.12333
0.17443
0.12949
0.03880
0.03896
0.12411
0.08784
0.01191
0.20216
0.00680
0.01640
0.07578
0.09383
0.01471
0.15898
0.09483
0.01983
0.06873
0.20567
0.05806
0.06161
0.13435
0.07157
0.02876
0.00491
0.18376
0.18477
0.05198
0.19112
0.10182
0.11020
0.08081
0.07082
0.19720
0.17728
0.07942
0.00717
0.16238
0.03403
0.08110
0.18649
0.00913
0.15030
0.15786
0.17204
0.04808
0.16126
0.06013
0.14685
0.13748
0.09197
0.21106
0.03421
0.07308
0.12638
0.10856
0.16228
0.07147
0.05605
0.02690
0.04716
0.09775
0.15645
0.03363
0.12691
0.01659
0.02498
0.19696
0.05643
0.02245
0.01983
0.18083
0.01371
0.04550
0.07130
-0.02055
0.15870
-0.04720
0.00225
0.12268
0.20811
-0.14134
0.19764
-0.24119
0.22813
-1.12609
-0.67788
0.37149
0.03388
0.63224
0.08850
-0.29845
-0.36501
0.52175
0.12252
0.05716
-0.28873
-0.19249
0.73198
-0.28384
-0.27719
-0.26380
-0.20363
-0.69002
0.00513
0.09138
0.76782
-0.31282
0.20410
0.00739
0.51287
0.08669
0.27574
-0.01921
0.50872
0.71767
-0.15153
-0.80611
-0.44669
0.52384
-0.02185
0.26301
-0.25381
0.67519
0.47321
0.75085
-0.02675
-0.51019
-0.55668
0.47725
0.01197
0.61083
-0.36964
-0.89866
0.17828
-0.01432
0.45191
-0.28423
1.48901
0.44977
-0.53631
0.36416
0.02328
-0.43845
-0.02458
-0.15571
-0.69307
0.19838
0.47110
-0.34523
0.08136
0.60768
-0.28853
0.01823
0.17985
0.33257
0.19773
-0.12599
-1.04534
0.05794
0.07945
-0.37396
-0.23190
0.48794
0.12603
0.74103
-0.11092
-0.63871
-0.99281
0.13652
0.61767
-0.09986
0.00775
0.62236
-0.22178
0.76041
-0.53815
-0.38169
0.50488
0.44463
0.16609
-1.34887
0.17076
-0.03799
-0.95729
0.31730
0.75108
-0.66987
0.19235
-0.07830
-0.16041
-0.25055
0.83427
-0.01246
-1.04138
0.30156
-0.05307
-0.18496
0.62652
0.08439
-0.43819
-0.59225
0.15122
0.18257
-0.09114
0.06108
0.32850
0.07059
0.33122
0.20875
-0.59288
0.47441
0.14519
-0.15237
0.08912
0.15581
0.46341
0.18992
-0.60329
0.58186
-1.13084
-0.30020
-0.65986
-0.30096
-0.30700
0.20418
0.64178
-0.12114
0.23275
0.39097
-0.61254
0.40601
0.46195
-0.78170
-0.74434
-0.83658
-0.29217
-0.24075
0.35504
-1.43975
-0.07654
0.09374
0.53526
-0.88254
0.09605
0.66277
0.50916
-0.07183
-0.77709
-0.06244
0.51325
0.29621
0.69972
0.68458
0.33123
0.21801
0.48931
0.37356
-0.64322
-0.21181
0.00909
0.66968
0.08282
0.40846
-0.47057
-0.04090
0.16654
0.26041
0.10844
0.04376
-0.11786
-0.15050
-1.02239
-0.09014
0.08620
-0.14604
-0.03073
-0.16792
0.13689
-0.15080
-0.16424
0.44432
0.09685
-0.16826
-0.33850
0.52959
0.59792
-0.72707
0.09384
0.19709
0.38967
0.74203
-0.58344
0.36404
0.29741
0.41551
-0.06092
0.04467
-0.28508
0.06397
-0.81636
0.06670
-0.14496
-0.07210
0.25210
-0.35741
-0.10186
-0.14115
-0.18904
-0.14685
-0.18471
-0.14090
0.07133
0.06170
-0.13103
-0.15719
0.03139
-0.05439
-0.19443
-0.14134
0.26833
0.02803
-0.62391
0.47450
0.00030
-1.09595
-0.28116
-0.03225
-0.43418
0.05417
-0.07512
0.36635
-0.14448
0.17159
0.26694
-0.41914
-0.33676
0.40375
-1.05129
0.31132
0.45177
-0.58848
0.25089
-0.31558
-0.31262
-0.11219
0.20893
0.71699
0.07399
0.05148
0.46724
0.28893
0.05170
0.34170
0.36118
0.17548
0.51763
0.68819
0.38524
0.38229
-0.32243
0.65617
0.18898
0.23951
-0.43416
0.47149
0.43783
0.41975
-0.18744
0.37616
0.57011
0.04740
-0.09614
0.69192
0.64959
-0.19416
0.51739
0.58315
0.41007
-0.52040
0.23015
-0.44900
-0.83850
-0.25778
-1.66258
-0.45720
0.00064
0.41861
-0.32156
-0.06416
0.37329
-0.41743
-0.33888
0.65641
0.28445
-0.07453
0.14809
0.03748
0.25323
-0.60277
0.13729
0.07316
0.45146
0.03033
-0.14884
0.27329
0.47818
-0.13553
-1.17679
-0.24646
0.12247
-1.15375
0.57488
-0.36935
0.30803
0.12189
-0.14302
0.13338
-0.48301
0.39346
0.48664
-0.94476
0.30211
-0.22127
0.56701
0.40031
0.14739
0.27307
0.08503
0.08507
-0.09390
-0.14172
-0.40437
0.14902
-0.00437
-0.01835
0.14234
0.58144
-1.04756
-0.62932
-0.39858
-0.07641
-0.51696
0.22678
-0.60435
0.04867
-0.43895
0.13781
0.28037
0.34504
0.60414
0.04792
0.10642
0.47269
-0.01715
0.01497
0.80913
0.43859
0.50157
0.30562
-0.09930
-0.68726
0.63427
0.22955
-0.28663
0.43633
-0.92863
-0.16820
0.83695
0.29273
-0.47812
0.64343
0.60821
0.16587
0.39797
0.32935
0.09867
-0.23143
0.64640
-0.72510
-1.05827
0.11213
0.31976
-0.12327
0.22252
-0.37546
0.14326
0.08473
0.36280
0.07308
-0.72747
0.11454
0.36846
-0.05079
-0.06209
-0.18046
0.44866
0.02799
-0.98679
0.09223
0.30777
-0.05209
-0.12261
0.53917
0.05809
-0.04984
-0.54207
-0.10884
0.20792
-0.20128
-0.82884
0.13701
0.26690
0.70147
0.33652
0.59791
-0.06300
0.54898
-0.97140
0.23606
0.53904
0.73440
0.33698
0.36917
-0.40175
0.15266
0.18506
0.37052
0.38490
-0.09390
0.24720
-0.10926
0.16953
0.44014
-0.00124
-0.10366
0.65918
-0.01755
-0.39472
0.44579
0.82517
-0.04641
0.22560
0.11365
0.28702
-0.43211
-0.43060
-0.34253
-0.15019
-0.08986
0.02570
-0.28553
-0.07612
-0.01578
-0.07023
-0.46132
0.24228
0.10659
0.29600
0.26503
-0.43590
0.05406
-0.57631
-0.47969
0.50904
-0.03889
-0.58071
0.52879
0.16042
0.68941
0.11809
-0.39017
0.33991
-0.14921
0.17768
0.39848
0.47438
0.40671
-0.13050
-0.64286
-0.03946
0.57371
0.53630
0.10506
-0.21105
-0.39804
0.68990
-0.30924
0.08351
0.17924
0.59296
-0.18490
-0.04249
-0.28491
-0.49934
0.08172
-0.10058
-0.74587
0.29138
0.33013
-0.13805
0.27814
0.53266
0.02344
-0.39514
0.17698
0.14926
-0.20656
-0.69259
0.02846
0.43534
0.01487
-0.74142
0.45339
-0.54974
0.23137
-0.09852
0.50577
0.80289
0.18539
0.37459
0.21138
0.12306
-0.85231
0.26984
0.43722
0.64264
0.50527
-0.21870
-0.59734
-0.16264
-0.20510
-0.27161
-0.53364
0.25733
-0.38033
-0.18868
0.10018
-0.37681
-0.31714
-0.88791
-1.04335
0.03240
-0.08151
-0.14004
-0.66049
-0.97237
-0.11484
-0.34942
0.00064
-0.57704
-0.58519
-0.10675
-0.33467
0.17539
0.02354
0.05866
0.00980
0.13438
-0.56539
-0.07743
0.05094
-0.48881
0.42017
0.17428
0.04808
0.49541
0.18554
0.17099
0.35587
0.36923
-0.05624
0.30357
0.09904
0.33353
0.57299
0.36655
0.30125
0.37739
0.35081
-0.10170
-0.05082
-0.97231
-0.18875
-0.16148
-0.64366
0.34814
0.07640
0.05459
0.36206
0.42225
0.23011
0.22679
-0.61823
-0.39110
-0.05364
0.34559
0.22868
0.09020
-0.05232
0.35991
-0.23931
0.35513
0.12634
-0.35535
-0.20006
0.29984
-0.84948
-0.16921
0.61075
0.44122
0.49232
-0.27013
0.22192
0.11296
0.38337
-0.40955
0.08219
-0.10173
0.30579
-0.22421
-0.16183
0.03339
0.50177
0.34553
-0.13706
-0.55917
0.31353
-0.76468
-0.11930
-0.30501
-0.64923
-0.22126
-0.10967
0.10837
0.09053
-0.41694
0.04783
-0.94973
-0.60167
-0.67962
0.66210
-0.45018
-0.44706
-1.07853
-0.45280
-0.61764
-0.83590
0.27558
-0.22437
-0.72675
0.30206
-1.57924
-0.01321
0.44917
-0.23868
0.27946
0.50362
0.11389
0.19047
-0.18244
0.04670
-0.41136
0.28721
0.21169
-0.20820
-0.18414
-0.14339
0.19575
0.08108
-0.67984
-0.97507
-0.78133
-0.89633
0.03119
-1.06243
-0.34306
0.21805
-0.76300
0.51151
0.31114
-0.02513
0.43279
0.44070
-0.26226
-1.53910
-0.00162
0.17625
0.61962
-0.73441
-0.47388
-0.19294
-0.11204
-1.03590
-0.49605
-0.34285
-0.17723
0.06468
-0.22979
-0.83903
-0.68410
0.10046
-1.29310
-0.60284
-0.09604
0.03688
-0.14742
-1.07731
0.50114
-0.30455
-0.70683
-0.47187
-0.11861
-0.49935
0.00378
0.18312
-0.17511
-0.63478
0.28996
-0.09593
0.29712
0.69249
0.35523
0.63369
0.26590
0.54526
0.41294
-1.30209
-0.10430
-0.11284
-0.42811
-0.26122
-0.02653
-0.47413
-0.85118
-0.12650
0.21945
0.11190
0.33876
0.04464
0.25997
-0.41683
-0.22924
-0.18314
0.13236
-0.52579
0.14865
0.41895
0.22290
0.14041
-0.29330
-0.13381
-0.51061
-0.24107
0.82036
0.56701
-0.10415
-0.84132
0.21919
0.73733
-0.28289
0.29223
-0.50037
0.33327
-0.14076
0.59692
-0.67617
0.59949
-0.39611
0.33060
-0.56524
0.28677
0.17400
-0.50062
0.25820
0.19696
0.49601
0.44168
-0.02320
-1.08400
0.10943
0.55785
-0.69997
0.11884
0.60015
-0.12501
-0.16358
0.54950
-0.10460
0.84985
0.09472
0.58500
0.39359
-0.30719
0.83236
0.20136
0.04185
-0.21660
0.32132
0.26088
0.09649
0.06215
0.19205
-0.61061
0.82401
0.27861
0.26646
-0.02020
0.06656
0.05904
-0.53366
-0.74798
0.07525
0.70810
-0.00590
0.53463
0.03849
0.63556
-0.09149
-0.56106
-0.58365
-0.82453
-0.07290
-0.05015
0.71920
-0.72484
0.07760
-0.63019
0.66236
-0.66925
0.50698
-0.01634
0.50019
0.87238
-0.39715
-0.22109
0.71445
0.17418
0.22105
0.84785
-0.11711
-0.26823
-0.48968
0.25677
0.11071
-0.04766
-0.14199
-0.51661
-0.07161
-0.50286
-0.13867
-0.58364
-0.62096
0.17556
-0.78595
0.16882
-0.07614
-0.06937
-0.23627
0.01004
-0.07462
0.51466
0.38701
-0.47345
0.09682
-0.57023
-0.94584
-0.61266
-0.46618
-0.12280
-0.72297
-0.06374
-0.01330
-0.49872
-0.34739
-0.79088
-0.77424
-0.94640
-1.11210
0.41585
0.33064
-0.21170
0.44311
-0.75771
0.15500
-0.16134
-0.54716
-1.03986
-0.15703
-0.34530
0.42063
-0.48148
-0.21343
-1.11773
0.68898
0.07309
-0.11713
-0.48804
-0.18613
0.10454
0.24934
-0.64177
-0.46350
0.07148
0.42333
0.13612
-0.21818
0.00997
-0.79683
0.20701
-0.30669
0.05362
-0.08008
0.29207
-0.19880
-0.90636
-0.20383
0.44579
0.13572
-0.69612
0.09897
0.08735
-1.05523
-0.63338
-0.06683
-0.64241
-0.19326
0.09287
0.01773
-1.40159
-0.42838
-0.45572
0.13409
-1.33614
0.34926
-0.26464
-0.74572
-0.18137
0.32529
0.11395
0.50081
0.08938
-1.57169
-0.12228
-0.53041
-0.44957
-0.35048
-1.08815
-1.09116
0.10563
0.15097
-0.11174
-0.05806
0.07589
0.68515
-0.21773
-0.61414
0.37511
-0.02673
-0.30620
-0.74696
-0.83002
0.11309
0.14987
0.04222
0.46012
-0.62341
0.25884
0.01843
0.07027
0.14340
0.09708
-0.51994
0.49506
0.10190
-0.66145
-0.21057
0.22975
0.32106
-0.28633
0.25755
-0.97900
0.18062
0.32139
-0.45938
0.04038
0.19110
0.57541
-0.50785
0.82144
0.17701
-0.16407
-0.69314
-0.13942
-0.00132
-0.24799
-0.20599
0.33288
-0.61231
-0.19305
-0.07098
-0.39421
0.32715
-0.32569
0.54980
-0.39633
0.26743
0.18647
0.49726
0.07133
-0.15307
0.49260
-0.21503
-0.07047
-0.25134
0.31744
0.08834
-0.28745
-0.09194
-0.80133
0.66631
-0.58228
-0.78687
0.27251
-0.53059
0.43460
0.07847
0.06971
0.22638
0.68067
0.52211
0.00257
0.15840
-1.34042
0.38536
0.24228
0.45924
-0.03825
-0.12121
-0.04103
0.30883
-0.08181
-0.04900
-0.36365
-0.09987
-0.78947
-0.77626
-0.38885
0.72981
-0.03084
-0.47536
0.66688
0.36380
0.27801
0.08312
0.66117
0.38571
-0.41661
-0.44698
-0.00767
0.25939
-0.77852
-0.79873
-0.32961
-0.08136
0.30963
-0.23049
0.00871
-0.15593
-0.38425
-0.21878
0.00374
0.37190
0.49304
-0.15469
0.30734
0.52870
-0.49690
-0.29979
-0.52507
-0.24699
0.18841
-0.16222
0.11035
0.06963
-1.19532
0.22594
0.13237
0.09379
-0.31190
0.18737
0.00378
0.53397
0.47522
0.04467
-0.59262
0.88121
0.15327
0.33890
-0.60246
-0.55717
-0.50370
-0.41223
0.80127
-0.10741
-1.03679
-0.08114
0.09362
-0.25724
0.44532
0.02518
0.46247
0.32209
-0.12512
0.18138
0.56529
-1.31214
0.03856
0.47361
-0.17393
0.42509
0.26111
0.43179
0.17329
0.50841
0.80691
0.05169
-0.09469
-0.04005
0.71320
0.34953
-0.01126
-0.19692
0.09306
0.30637
-0.57759
-0.99696
0.03984
-0.85727
0.16194
0.00919
-0.13152
-0.08246
0.10091
0.17129
-0.93357
0.11899
-0.01524
-0.14710
0.23169
0.27395
-1.21321
0.08121
-0.77155
0.03924
0.27396
0.37823
-0.39552
0.27691
0.14905
-0.59518
-0.38722
0.15214
0.02460
0.02785
0.02204
-0.24941
-0.03439
0.19781
0.20679
-1.45565
-0.11266
-0.55769
-0.38357
-0.82447
0.37444
-0.38908
-0.33542
-0.38714
0.79624
-0.29274
0.22155
-0.54599
-1.23503
-0.37028
-0.11364
-0.04397
0.35624
-0.07215
-0.96530
-0.13700
0.00111
-0.20349
-0.22446
0.46716
-0.03937
0.57113
0.49423
-0.06428
-0.31993
0.17337
-0.43472
0.26533
-0.19839
-1.03695
-0.91896
0.42373
0.04060
0.25211
-0.50092
0.72909
0.36295
-0.17254
-0.39406
-0.92323
0.53941
-0.49052
0.09156
-0.58809
-0.27484
-0.10350
-0.63710
-0.13561
0.07455
0.04082
0.67261
-0.01370
0.25062
0.57604
-0.36900
0.90311
-0.04447
-0.31817
0.01322
-0.21769
0.12090
-0.06398
0.36471
0.35507
-0.91681
-0.62858
0.59216
-0.61566
-0.62689
-0.34999
0.41124
-1.08707
-0.33794
-0.55450
-0.27192
0.51153
0.12732
-0.88132
-0.19000
-0.05112
0.20559
0.54279
-1.44099
0.07296
-0.08319
-1.22373
-1.22343
0.16355
-0.38264
0.25672
-0.69615
-0.10518
-0.48752
0.32596
-0.34169
0.24608
-0.05646
-0.02853
0.47420
-0.92232
-0.25901
-0.35335
-0.79897
-0.04469
0.30049
-1.11205
-0.14522
-0.10249
0.55383
-0.25591
-0.08385
-0.85830
-0.03232
0.50914
-0.05324
-0.09569
-0.10639
-0.09880
-0.04916
-1.16451
0.53027
-0.69393
0.38158
0.44183
-0.97283
-1.50457
0.29282
-1.21067
0.29801
0.35359
-1.19287
-0.21541
0.16626
0.49288
0.36586
0.12165
0.13350
0.61130
-0.56640
-0.63517
0.30923
0.22793
-0.17587
0.32101
-0.18055
0.33825
0.03442
-1.37664
-0.20109
0.52702
0.39433
0.42821
-0.34283
0.47475
-0.35570
-0.14032
0.03610
0.38148
0.41290
-0.35271
0.47476
-0.37500
0.80566
0.09739
-0.01149
0.05406
0.02872
0.07528
0.23896
0.04206
0.05086
0.40476
-0.38448
0.44803
-0.32910
0.20392
0.36926
0.60079
-1.65316
0.48573
0.60128
0.31577
0.23056
0.23893
0.25523
0.39948
0.55670
-0.06513
0.20817
-0.23648
-0.69138
0.23590
0.20005
-0.05937
-0.08507
0.17479
-0.52639
0.56110
0.58988
0.26666
-0.07056
0.28362
-0.77874
0.25359
0.37207
-0.03008
-0.19387
-0.02493
-0.39568
0.44776
0.58657
-0.33573
0.28847
-0.00540
-0.32468
0.21079
0.06571
-0.12600
-0.27731
0.59738
0.29897
0.55853
-0.10852
0.33130
-0.00090
-0.12484
-1.16309
0.18268
-0.00132
0.30129
-0.02103
0.42856
-0.08913
-0.44567
0.68476
0.29777
0.02982
-0.53215
0.01322
0.01191
-1.15883
0.13435
-0.28018
0.69928
0.01841
-0.42343
-0.62921
0.32846
-0.34799
-0.43726
-0.86781
-1.02478
-0.30168
0.45700
-0.59095
0.66809
0.13607
-0.00113
0.31776
-0.41993
0.73764
-0.33548
0.38435
-0.04491
0.44333
-0.31734
0.09768
-0.81522
0.05002
-0.78605
-0.38643
0.00759
-0.13437
0.65392
-0.81656
0.47797
0.60576
0.47312
0.03390
0.34963
-0.42946
0.22871
0.04497
0.19739
-0.25091
-0.14476
0.26377
0.27063
0.25323
-0.86371
0.15158
-0.45272
0.51526
0.35188
0.58186
0.45614
0.20112
0.35675
-0.58137
-0.33107
-0.08069
-0.01121
-0.78024
0.22324
0.44676
0.12189
-0.07262
-0.46964
-0.22207
-0.82599
0.21498
0.02486
-0.24376
0.31910
0.38233
0.64339
-1.15373
-0.18438
0.21795
0.32896
0.23549
0.16849
0.66722
0.02456
-0.02389
-0.10091
0.11671
-0.48598
0.02376
-0.98425
-0.96141
0.50165
0.40796
0.41861
0.37491
0.44694
-0.16637
-0.49165
0.45521
0.35081
0.35269
0.36660
0.41240
0.37067
-0.02927
0.60234
0.58218
0.25524
-1.63985
-0.21579
0.07010
0.46450
-0.15218
-0.23333
0.11258
0.38064
0.47589
-0.53660
-0.59194
-0.18981
-0.10693
0.15249
-0.07678
0.20471
-0.25848
-0.02689
-1.55913
0.38917
-0.91184
0.44499
0.06517
-1.21158
-0.04670
0.30653
0.26871
0.40722
-0.01892
0.21351
0.47780
0.09836
0.29511
0.17159
-0.98626
-0.03614
0.23277
-1.02768
0.59212
-0.02206
0.77828
-0.64157
0.11247
0.28289
-0.29016
-0.53830
0.10757
-0.13484
-0.19466
-0.86804
0.15899
0.13885
0.47804
0.15564
0.51504
-0.20666
-0.20679
0.37716
0.81986
0.19179
0.13595
0.07265
-0.21318
-1.49657
0.45674
-0.27869
-0.68300
0.19319
0.77436
-0.87905
0.12217
-0.27797
0.10014
-0.23128
-0.16981
0.44867
-0.53873
-0.25582
0.54640
-0.87614
0.15879
-0.21242
-0.20505
0.07085
0.15359
-0.85244
-0.18596
-0.09159
-0.56052
-0.55271
-0.13352
-0.14065
-0.14829
0.41590
0.52747
0.16567
-0.48105
-0.18298
0.13801
0.15964
-0.36497
-0.30814
-0.49191
-0.53568
-0.55240
-0.51322
-0.13799
-0.02221
-0.17165
-0.64252
0.20525
0.12514
-0.23594
-0.53165
0.47094
0.18224
-0.56887
-0.51849
0.58330
0.17488
-0.87000
0.49352
0.44035
-0.96309
0.52593
-0.90035
0.54748
-0.52221
0.53490
-0.09625
0.55393
-0.43220
-1.14614
0.23676
0.35403
0.08939
0.36095
0.14895
0.37155
-0.43422
-0.00596
0.37426
-0.11348
0.17087
-0.19533
0.28798
-0.09471
0.04661
-0.06993
0.07052
0.48277
-0.02247
-0.07389
-0.06525
0.01739
-0.13792
0.39021
-0.06654
0.24855
-0.08109
-0.03865
0.10021
0.26994
-0.10622
0.01371
-0.34136
-0.09581
0.24406
-0.00678
0.24328
-0.46813
-0.62603
0.05680
-0.64118
-1.68710
-0.35827
0.35863
-0.25960
-0.31731
-0.50578
-0.90575
-0.14932
0.39396
0.32170
-0.05991
-0.42904
0.29554
-0.93275
0.23188
-0.12134
0.33688
0.34533
0.34451
-1.11321
0.21814
0.66405
0.75216
0.62674
0.65931
-0.35511
0.67969
-0.19214
0.53174
0.39975
0.39849
0.23057
-0.28671
0.53663
0.15142
-0.03661
0.64800
0.39466
0.37476
0.10467
0.57959
0.58483
0.43801
0.47093
-0.55752
0.56628
0.37034
-0.74025
0.51540
-0.24232
0.15362
-0.23059
0.16264
-0.55265
-0.27638
0.12065
-0.59608
0.12620
0.06112
0.11727
-0.19523
-0.18549
-0.24205
0.10574
-0.23340
-0.20053
-0.22666
-0.25991
0.16333
-0.54337
-0.16282
-0.73294
0.13324
0.18420
0.15485
-0.24381
0.48094
0.35520
-0.05241
-0.31555
-0.22268
0.26120
-0.05859
-0.34584
0.19339
-0.98552
-0.40381
-0.78780
-0.65653
0.27561
-0.01021
-0.25284
0.49548
0.33362
-0.81287
0.41293
-0.80322
-0.44651
0.66460
-0.69129
-0.83769
0.65995
-0.71437
-0.25906
-0.29074
0.49914
-0.73094
-0.02445
-0.03599
-0.03162
-0.44300
0.34864
0.33327
-0.24800
0.36355
0.13770
0.09116
-0.11236
-0.33384
-0.20796
0.27445
0.34550
0.10743
0.39634
-0.04143
-0.37517
0.52338
-0.01589
-0.10186
0.00408
-0.27728
0.60962
0.83787
-0.07529
-0.25020
-0.90650
0.10842
-0.03976
-0.71582
0.38906
-0.25247
-0.95746
0.37003
-0.58779
-0.68023
0.10157
0.34123
-0.46511
0.56316
0.66889
0.44998
-0.54764
0.55626
0.41088
-0.10915
0.38341
0.17968
0.40600
0.27804
-0.33597
-0.56944
0.45514
0.34456
0.34802
0.27139
0.46325
-0.10032
0.26787
0.29293
-0.05639
0.10278
0.34507
-0.66883
0.03969
0.58079
-0.45158
-0.69450
-0.04634
0.38912
0.58038
-0.07895
-0.00255
0.16512
0.55200
0.00348
-1.05359
-0.10045
0.24497
0.37314
0.02471
0.36665
0.04013
-0.26255
-0.19699
-0.05340
-0.16891
