0.27642
0.16419
-0.12174
-0.65298
0.54155
0.46089
-0.27776
0.75496
0.28823
-0.20956
0.38914
-0.01487
-0.05031
-0.10865
0.47907
0.06020
0.49069
0.15981
0.22904
-0.25770
0.65619
0.70761
-0.23012
0.37979
-0.10284
-0.24555
-0.81216
-0.07557
-0.21262
-0.41435
-0.19601
0.13470
-0.49294
0.22664
-0.39225
0.73799
0.73366
-1.28020
0.35140
-0.45068
0.17217
-0.03877
-0.53728
-0.17370
-0.12719
0.45310
0.61688
0.42388
0.74107
0.44918
-0.10070
0.59757
0.28718
0.51704
0.22620
-0.61164
-0.24887
-1.13412
0.24219
-0.39438
-0.41655
0.10012
0.37810
0.18717
-0.23169
0.00062
0.19634
0.90222
-0.22403
0.46066
0.44851
0.57647
0.07121
-0.40677
0.01044
0.48322
-0.29830
-0.23724
-0.46720
-0.17675
-0.29418
-0.31563
-0.01269
0.52720
0.78285
0.74673
-0.51678
-0.08639
0.43199
0.32582
-0.10290
-0.05941
-0.01387
-0.09253
0.17324
-0.23610
-0.00207
0.13829
-0.12216
0.00859
0.52521
0.21623
0.03079
-0.24617
-0.03013
-0.00895
0.46367
0.25217
0.45211
0.20068
-1.07494
-0.82170
-0.37295
-0.13564
0.06129
0.09539
0.12939
0.01420
0.01568
0.32213
0.27682
-0.68950
-0.43223
-0.58468
0.53500
0.10778
-0.66618
-0.57496
0.58768
-0.18142
0.28017
0.58271
-0.09449
-0.02337
0.32100
0.47408
0.16512
0.04637
0.30494
0.40004
0.45098
-0.21078
0.12657
0.27231
-0.46034
0.16513
-0.05294
0.59489
0.23976
0.03151
0.04531
-0.18581
0.04068
0.43162
-0.46791
-0.41108
0.33359
0.53339
-0.46160
0.38714
0.07033
-0.57585
0.16149
0.13987
-0.11728
-0.46870
0.35091
0.02677
-0.02584
-0.02403
0.70894
0.92389
0.58393
-0.75918
-0.22384
-0.62996
-0.68471
-0.51111
0.13311
-0.01984
-0.68549
-0.67131
0.31244
0.76277
0.19968
-0.01095
-0.12348
0.06928
0.56143
-0.07601
0.43605
0.08978
0.12732
0.57479
-0.62385
0.14339
-0.09579
0.41946
-0.67327
0.37444
0.45864
-0.20683
-0.88801
0.88169
0.28473
0.20345
0.03688
0.21801
-0.22833
-0.10273
-0.46027
0.01104
0.02510
0.29182
-0.28786
-0.09499
0.73597
-0.41932
-0.04443
0.34757
0.13581
0.11422
-0.01435
0.53540
0.12944
0.54993
0.61890
0.06596
-1.11407
-0.01458
-0.53093
-0.34274
0.19421
-0.21265
-0.45189
0.08612
-0.07780
-0.12592
0.55995
0.18575
0.10569
-0.07380
-0.38857
0.24552
-0.36348
0.20540
-0.33713
-0.17459
-0.13024
0.08833
-0.51414
0.26658
0.16961
0.10642
-0.55877
0.41271
-0.51306
-0.52776
0.10076
0.16182
0.15314
-0.13364
-0.24075
0.44837
0.39277
-0.32154
-0.05084
-0.38239
-0.13782
-0.62696
-0.16367
0.08382
0.85751
0.04403
0.14370
0.31720
0.55684
0.04519
-0.85459
-0.15641
-1.10192
0.63751
0.39589
0.55897
0.59807
0.25100
-0.56112
-0.44694
-0.16486
0.19096
0.42338
0.06658
-0.31019
-0.32737
-0.06824
-0.64405
0.10899
0.21617
-0.40190
0.35630
0.05265
-0.72234
-0.26508
0.13580
-0.28639
-0.24642
-0.26273
-0.08907
-0.31860
-0.03245
-0.75714
-0.23108
0.22336
0.39881
-0.47957
-0.03715
-0.02570
-0.77501
0.26386
-0.06326
0.31634
0.05679
0.54879
0.51140
0.19696
0.23395
-0.30227
-0.65534
0.26328
0.55188
0.03566
-0.25453
0.16800
0.14092
-0.00432
0.54046
0.45152
0.60054
0.20574
0.61593
0.08515
0.35592
-0.29566
0.01273
0.39230
0.61490
0.03052
-0.33065
0.47878
0.52509
0.13584
-0.57275
0.37873
-0.18764
-1.20504
-0.34780
0.33463
0.36952
0.00201
0.18273
0.27074
0.07508
0.07986
0.05906
0.38143
0.09170
-0.04630
0.24858
0.20918
0.07210
0.98580
0.62406
-0.55587
-0.49614
0.15154
0.55095
0.08591
0.50028
-0.32916
0.05390
-0.11155
0.02615
-0.14540
-0.51410
0.25129
-0.13118
-0.48143
-0.34569
0.07250
0.36941
0.68091
0.18419
0.15790
-0.30255
0.08537
-0.10283
-0.33471
-0.15599
-0.60529
0.59956
-0.45741
-0.23509
0.63343
0.47510
0.08060
0.17456
-0.25843
0.25577
0.20077
-0.11147
0.16444
-0.04531
0.21051
-0.16729
0.02697
0.19194
0.58720
-0.30496
-0.02455
0.75916
-0.76063
-0.33395
-0.39530
-0.15731
-0.06178
0.73636
0.38171
0.10747
0.33390
-0.19131
-0.55097
-0.04906
0.02169
-0.57790
-0.67689
0.09446
0.64507
0.24334
0.05778
0.04191
0.30649
-0.66653
0.57054
0.15468
0.38827
0.08177
-0.14712
-0.27085
0.30209
-1.60785
0.30403
0.42502
0.18882
-0.17411
-1.37177
0.04662
-0.47536
-0.18254
0.15683
0.46545
0.31108
0.04874
0.20007
0.06926
-0.25851
0.50482
0.58690
0.39575
-0.42890
0.19691
0.17269
0.06558
0.50658
-0.68365
-0.64369
0.25174
-0.24815
0.35578
-0.34951
-0.76452
0.06796
0.39195
0.24433
0.15995
-0.40171
-0.00229
0.13558
0.27705
-0.01545
0.24485
0.13590
-0.13313
0.32820
-0.83867
-0.02270
0.29660
0.50735
0.28276
-0.23174
0.43955
0.19453
-0.15081
0.22827
0.46077
-0.26375
0.03406
-0.00650
0.44725
0.20132
0.09397
0.36044
0.13249
-0.13790
0.47691
0.25195
0.44955
0.04791
-0.03851
-0.13148
0.05132
-1.44274
-0.68362
0.56324
0.24568
0.49038
0.46688
0.42078
0.12848
-0.13225
-0.08566
-0.45182
-0.51826
-0.59178
0.32561
0.18402
0.52246
0.04897
0.41560
0.60241
0.54312
-0.03097
0.34568
-0.17915
-0.48989
-0.40324
-0.03104
0.38804
-0.21378
0.14664
0.49513
0.33921
0.18506
-0.10582
0.20273
-0.71658
0.02446
-0.19880
-0.60601
0.10193
0.15003
0.39861
-0.29439
0.41181
-0.49029
0.22920
0.07060
0.48444
0.16567
0.03891
-0.19398
-0.25915
0.71556
0.00747
-0.19242
0.35076
0.30959
0.43057
0.18412
-0.25788
0.19931
-0.72239
0.14269
-0.10454
-0.37632
0.40893
-0.28148
0.27185
-0.07984
0.16412
0.76871
0.28015
0.46696
0.27526
0.86395
0.09316
0.22028
0.02151
-0.05983
0.27915
0.44769
0.16052
-0.74443
0.59470
0.15263
-0.42772
0.40376
-0.46007
-0.35653
-0.18845
0.00700
0.10980
-0.01424
0.19425
0.07160
0.10794
0.03745
-0.21002
0.10424
0.06923
0.34381
0.92235
0.16360
0.34847
-0.04540
-0.04114
0.07392
-0.32120
0.74389
0.18398
-0.35181
0.64755
-0.78631
-0.24804
0.32261
0.24607
-0.15484
-0.38196
0.31060
0.32966
0.07567
-0.20002
0.45023
-0.08685
0.15645
-0.91121
-0.16569
-0.68785
0.31228
0.07165
0.33017
-0.72992
-0.22209
-0.16806
0.07160
0.11700
0.02093
-0.64186
0.27849
0.07959
0.02999
0.44089
-0.45921
-2.20682
0.35542
0.08828
0.20451
0.46307
0.25298
-0.65542
0.71747
0.45073
0.16347
0.38576
0.17805
-0.05503
-0.17381
-0.13582
0.13970
0.13822
0.30292
-1.39214
0.82068
0.76356
-0.13867
0.47775
-0.23499
0.66286
-0.14923
0.06851
-0.37499
0.43484
-0.09825
0.06916
0.00289
0.62184
0.40026
0.15253
0.02375
0.00164
-0.32527
0.10859
-0.28409
0.35072
-0.16507
0.54386
0.60367
0.40868
0.03512
0.32541
-0.20921
0.32708
-0.08494
0.33429
0.03116
-0.07701
0.22187
0.63465
0.53414
0.55808
0.73507
0.25687
0.67977
0.37611
0.09829
-0.57391
0.76161
-0.16809
0.06230
-0.34379
0.27294
-0.01645
-0.09097
-0.70127
0.29665
-0.08780
0.65645
0.34558
0.38449
0.51642
0.17974
0.14741
0.07121
0.16753
0.41660
-0.26569
-2.14430
-0.93048
0.11270
0.09531
0.46484
0.06528
-0.20668
0.16664
0.51996
-0.12118
-0.53761
0.30787
0.37049
0.45849
0.22754
-0.19973
0.09483
0.56060
-0.28941
-0.25314
0.18664
0.07290
0.03352
0.39090
0.62105
-0.25592
0.03023
0.32314
0.06521
0.37182
0.25065
0.41162
0.05707
0.19869
-0.24138
0.11863
0.20047
-0.76379
-0.16804
0.29745
-0.42577
0.48589
-0.16058
0.54925
0.50962
0.09176
0.43126
-0.29019
-0.03653
0.51021
-0.09925
0.22228
0.19621
0.65926
0.06368
0.03881
-0.58084
0.08437
-0.23930
0.04512
0.19083
0.15471
-0.61363
0.21225
-1.05569
-0.16332
0.47029
0.23636
0.38592
0.24932
0.79715
0.10721
-0.73914
0.43471
0.24897
0.73119
-0.48777
0.18105
-0.22936
0.13703
0.16752
-0.06790
0.55944
-0.09421
0.77549
0.17097
-0.08316
-0.47797
-0.18107
0.70384
0.16006
-0.15631
-0.68385
0.22150
0.34572
-0.41547
-0.16415
0.29417
-0.07441
0.70473
0.28816
-0.09819
0.12636
0.56977
0.18761
0.55944
-0.27654
-0.02748
0.39401
0.08288
0.67234
0.45440
-0.53297
0.03096
0.16124
-0.26503
-0.36721
0.06810
-0.02945
-0.14124
-0.72611
-0.07820
-0.13356
0.39024
-0.17711
-0.29493
0.06381
0.22830
-1.76564
-0.12175
-0.11055
-0.79458
0.49530
0.30166
-0.06573
0.50298
0.26050
0.02458
0.35223
-0.36488
-0.08373
0.69057
0.25916
0.52874
0.88675
0.35691
0.27895
0.34940
-0.64290
0.40142
-0.01377
-0.22054
0.35222
0.45865
-0.52869
-0.29646
0.20690
0.03875
-0.50165
-0.39165
0.16813
0.30802
-0.01350
-0.05867
-0.05504
0.25358
-1.36506
-0.32802
-0.24110
0.17928
0.30333
0.43665
-0.53341
0.55104
0.12090
0.09372
-1.26557
-0.13533
0.37018
0.00544
0.17724
0.48865
0.55229
0.01565
0.79219
-0.02583
-0.35559
0.69686
0.38415
0.16365
0.59843
0.37412
0.06891
-0.21881
0.09085
0.06495
-0.41261
0.49579
0.60192
-0.20250
-0.66211
0.38165
-0.05419
0.33616
-0.38992
-0.63953
-0.22347
0.27232
-1.12542
-0.31420
-0.18147
0.40341
-0.23534
0.17576
0.72251
-0.11109
-0.14192
-0.29873
-0.25975
-0.10507
0.55446
0.17752
0.46911
-0.36007
0.22800
0.68379
0.16828
0.22208
-0.09634
-0.05684
0.33855
-0.15266
0.10990
0.56491
-0.16635
-0.51158
0.00985
0.67944
0.20307
0.31294
0.37350
0.19113
-0.12598
0.79467
0.70056
-0.38016
-0.39179
-0.90747
-0.25543
-0.92460
-0.57335
0.27247
-0.16214
0.02367
-0.26510
0.50441
0.03172
0.25509
0.00388
0.63792
0.23044
-0.08902
0.46569
0.14541
-0.75534
-0.12161
-0.15789
0.18557
-0.68440
0.46604
-0.25615
-0.16261
0.37867
0.41940
0.40152
-0.15023
0.45616
-0.34423
-0.63531
0.16209
-0.67335
-0.08878
0.14969
0.29813
0.64592
-0.31739
-0.23632
0.15031
0.49182
-0.07545
0.17868
0.45158
-0.71163
0.00399
0.12409
-0.28985
0.02580
-0.31619
0.42806
-0.05258
0.59017
0.50168
0.56458
-0.38779
-0.12572
-0.08321
0.10723
-0.26462
-0.74362
0.05670
0.40730
0.01221
0.33125
0.58541
0.04600
0.44680
-0.05951
0.43335
-0.12736
-0.43034
0.61660
-0.09792
0.18543
-0.05357
0.51706
0.16379
0.15056
0.14034
-0.19305
-0.43661
-0.15956
0.23234
-0.11884
0.77189
0.08296
-0.08650
-0.69356
0.41628
0.79936
-0.23756
0.53807
0.71482
0.27539
0.60425
0.45352
0.48834
0.12884
0.06628
0.20798
-0.60623
-0.33706
0.03407
-0.02159
-0.09658
-1.05990
-0.22500
-0.61724
0.49192
0.14718
-0.09520
-0.01241
0.13770
0.52540
-0.14896
0.57460
0.59782
0.15644
-0.20497
0.39188
0.38988
0.09755
-0.33761
-0.38132
0.31400
-0.15768
0.36088
0.41328
0.09553
0.01059
0.45037
-0.37067
0.30807
0.30452
0.31635
0.68479
0.39114
-0.58860
-0.09309
0.44757
0.20887
-0.02443
0.83710
0.27758
-0.51612
-0.10857
-0.83751
-0.05168
0.09698
-0.13792
0.12432
0.23922
0.45877
-0.41374
0.25289
-0.20527
0.53146
0.01254
0.03439
0.69371
-0.10566
-0.79711
0.12932
0.11180
0.30590
-0.06794
0.41918
0.59810
0.28550
0.46891
-0.62974
-0.38063
0.49832
-0.04657
0.35176
-0.11672
0.22043
-0.34329
-0.29590
-0.13194
0.39468
-0.00415
0.55148
0.31127
-0.22560
-0.00243
0.03387
0.50713
-0.05790
-0.37954
0.15368
0.17751
0.80298
0.08591
0.12081
-0.11492
0.62512
0.31212
-0.04933
-0.29811
0.75547
0.32981
0.57613
0.30779
-0.36982
-0.12188
-0.33823
0.12903
0.42831
-0.01095
0.26114
-0.34293
0.08271
0.47015
-0.00822
0.08983
-0.62701
-0.02868
0.08726
-0.40154
0.15912
-0.18419
-0.45372
0.09657
-1.15211
-0.01242
-0.17750
-0.00671
0.47007
0.21347
0.02890
0.23830
-0.39529
-0.26404
0.51021
0.65702
-0.01113
-0.38654
-0.43483
0.53502
-0.23210
-0.59845
0.36244
-1.28950
0.39227
0.46742
0.01686
-0.16626
0.53679
0.03620
0.51299
-0.02199
-0.03884
-0.51149
0.11659
0.26675
0.37962
0.53423
0.08117
0.41287
-0.26501
0.44799
0.29098
-0.32818
0.18436
-0.01712
-0.48214
0.03569
-0.03795
-0.17896
0.23869
-0.12422
0.31141
0.35439
0.20339
0.17608
0.34690
0.19007
0.41060
0.33263
0.33299
-0.82065
0.41027
-0.00049
0.08538
-0.05582
0.18388
0.61918
-0.49689
0.36475
0.41660
-0.85109
0.33040
0.00012
-0.11333
0.24492
0.37425
-0.34538
0.35550
0.16995
-0.14408
0.02131
-0.94952
-0.17202
0.46193
0.57485
-0.02763
0.27813
-0.08485
0.30476
0.57081
-0.09536
0.06155
0.19919
0.62656
0.26673
0.40851
0.40191
-0.16800
0.45658
0.71314
0.17706
-0.20146
-0.21455
0.17111
0.49413
-0.81030
-0.16163
0.41233
-0.10211
0.04684
-0.06362
-0.44165
0.20880
-0.47718
-0.01339
-0.68047
-0.10594
0.42168
0.00835
-0.32166
0.76036
-0.60095
-0.40392
-0.29916
0.08750
0.18871
-0.13675
0.54945
0.08208
0.56905
-0.39875
-0.86110
0.38339
0.50846
0.27967
0.05422
0.30698
0.77041
-0.05004
-0.55834
-0.16677
0.06948
0.53822
0.07805
0.13399
0.14351
0.26205
0.50543
-1.12783
0.18382
-0.25325
0.15380
0.31244
0.35920
0.12086
-0.04929
-0.15213
0.01128
0.39744
0.01137
0.06813
-0.83242
0.17721
0.27665
0.14063
-1.40261
0.85190
-0.46903
0.42168
-0.07486
-0.08471
0.27976
-0.19139
-0.13757
0.23674
-0.43400
0.19463
0.10164
-0.13481
0.06429
0.39986
0.68312
-0.33008
0.12032
0.46307
0.26373
-0.43585
0.07382
0.27939
0.14078
0.66804
-0.47940
0.46484
0.68040
0.23545
0.47699
-0.02557
-0.25967
-0.58459
0.29580
0.62412
0.62343
-0.59253
0.21059
0.06002
0.46337
-0.18695
0.18482
0.73094
0.22957
-0.68411
0.00408
-0.15881
0.51543
0.34349
0.50790
-0.68986
0.41661
-0.51180
0.56211
0.37823
0.29748
0.20270
0.16973
-0.86440
-0.07368
-0.48078
-0.33088
0.23712
0.31873
0.70446
-0.18008
-0.09532
-0.17654
0.00572
0.31817
-0.39841
0.52895
0.20508
-0.18882
0.01712
-1.26730
-0.06996
-0.02497
0.55111
0.58766
-0.44776
-0.17223
0.66640
0.41199
-0.20347
0.58790
-0.20904
-0.58174
-0.51854
-0.43342
0.09842
0.18962
0.43094
0.02143
0.00886
0.83761
0.25955
0.14241
0.61570
-0.00238
0.82093
-0.00046
0.15306
-0.22256
-0.31340
0.24868
-0.54503
-0.44435
-0.14168
0.35377
0.01639
0.05506
-0.76204
0.26706
0.01359
0.11620
0.01365
0.05250
0.05272
0.18256
0.12466
0.03736
0.15614
0.17471
0.20190
0.02844
0.15663
0.11420
0.13073
0.17463
0.16576
0.17874
0.05868
0.01541
0.12947
0.05909
0.12609
0.11880
0.17134
0.19503
0.17269
0.10851
0.07989
0.08440
0.02218
0.09384
0.03929
0.20647
0.07362
0.16953
0.12056
0.04470
0.07967
0.13460
0.13862
0.04799
0.12687
0.03862
0.10416
0.20145
0.06877
0.01150
0.04952
0.04789
0.18751
0.18887
0.17792
0.18611
0.09070
0.16397
0.15739
0.13270
0.08577
0.00307
0.18465
0.12481
0.16329
0.06911
0.18012
0.17279
0.14536
0.16807
0.04024
0.15931
0.14777
0.16862
0.17580
0.05714
0.16663
0.06709
0.19435
0.20168
0.09794
0.17604
0.20898
0.17176
0.06028
0.00074
0.09239
0.02639
0.03075
0.11148
0.04624
0.10658
0.03434
0.12010
0.16754
0.20236
0.06668
0.00949
0.09511
0.06470
0.17106
0.14535
0.19537
0.17415
0.11081
0.02371
0.02569
0.06579
0.19644
0.12648
0.15788
0.11998
0.05274
0.18814
0.19865
0.12873
0.13580
0.18346
0.07781
0.08263
0.00759
0.20268
0.09560
0.09559
0.13127
0.17364
0.15077
0.06967
0.00120
0.21193
0.08686
0.20573
0.14630
0.18955
0.15923
0.17182
0.10643
-0.02259
0.08085
0.09046
-0.01915
0.15762
0.06354
0.09075
0.21216
0.22546
-0.02892
0.16976
-0.13673
0.22707
-1.06267
-0.57404
0.41231
0.11465
0.56831
-0.34753
-0.19491
-0.35974
0.50717
0.20448
0.28630
-0.46809
-0.07717
0.64921
0.31876
-0.35562
0.21467
-0.19385
-0.77938
0.02603
-0.08532
0.74827
-0.32500
0.08641
-0.28375
0.57591
0.35666
-0.64200
0.63546
0.61715
-0.16978
-0.32234
-0.66459
0.56605
0.03602
0.39234
-0.63642
0.44094
0.53253
0.70827
0.09255
-0.59409
0.10726
0.61350
0.09386
0.29273
-0.47111
0.06331
-0.83950
0.38716
-1.02481
0.49218
0.59948
1.61138
0.35439
-0.32207
0.31637
0.08471
-0.04350
0.04931
0.15435
-0.07645
0.39545
0.09369
-0.14530
-0.30440
0.43855
0.56425
-0.44512
0.03130
0.28335
0.37622
0.38494
-0.34723
-1.10865
-0.06566
0.02377
-0.21329
-0.27402
0.65744
0.58720
0.59359
0.98567
0.08918
-1.01644
-1.29838
0.18120
0.58425
-0.08424
-0.33174
0.53670
-0.20422
0.72487
-1.14911
-0.24683
0.73355
0.49757
0.22707
-0.87017
0.38265
0.18507
-0.81642
0.53430
0.71329
-0.38233
0.14290
-0.04615
-0.34269
-0.23612
-0.40929
-0.07767
0.80845
-0.53771
0.12529
0.02039
0.06821
-0.09909
0.78671
0.36806
0.06283
-0.31192
0.52784
-0.68555
-0.56629
0.23862
0.02656
0.16178
0.53890
0.11014
0.39074
0.54471
-0.65614
0.52677
0.17346
-0.22193
0.20332
0.29055
0.46771
-0.31776
-0.63949
0.33114
-1.14314
0.16660
0.56407
-0.35587
0.30291
0.89952
-0.23160
0.36801
0.45167
-0.58631
0.39120
0.55712
-0.41497
-0.95505
-0.96805
-0.35980
-0.52724
0.41256
-0.77214
0.40421
0.02133
0.63256
-1.12854
-0.09718
0.52897
0.60109
-0.22263
-1.51270
-0.14362
0.49980
0.19165
0.80609
0.70102
0.35619
-0.10364
0.31635
0.41032
-0.19072
-0.53996
-0.54750
0.72470
0.16898
0.41988
-0.38607
0.00761
-0.17706
-0.90729
0.14675
0.02298
0.22314
-0.12531
-0.50359
-0.44157
-0.30214
0.10937
-0.08001
0.06903
-0.02581
0.17422
-0.09298
-0.13426
0.40002
0.07928
-0.21569
-0.34970
0.54658
0.37223
-0.74303
0.48473
0.41940
0.78068
0.39293
0.45241
-0.54238
0.36784
-0.10139
-0.11489
-0.33388
0.08933
-0.65923
-0.76877
0.00493
-0.19788
-0.13507
0.40066
-0.27686
-0.28722
0.08585
-0.07783
-0.08190
-0.22843
-0.31381
0.09459
0.01472
-0.10615
-0.13576
-0.10386
0.04140
-0.16741
-0.10193
0.13271
-0.01066
-0.52065
0.31601
0.01381
-0.86386
-0.22636
-0.10026
-0.40514
-0.24424
0.01301
0.27241
0.02447
0.13636
0.13057
-0.22897
-0.21069
0.27587
-0.00049
-0.88295
0.19881
0.50641
-0.56888
0.25888
-0.29425
-0.39478
-0.06559
0.73263
-0.10918
0.07479
-0.11573
0.53307
0.33813
-0.09822
0.27186
0.28492
0.18699
-0.44882
0.40251
0.56940
0.57433
0.31418
-0.22975
0.68743
0.17124
0.23313
0.00586
0.45755
0.37599
0.45272
-0.12095
0.45429
0.53576
1.06163
-0.06057
-0.07924
0.57014
0.63820
-0.22062
0.44440
0.39001
-0.48683
0.30946
-0.45020
-0.82610
-0.16536
-1.73134
-0.52687
-0.05875
0.36014
0.04983
-0.01143
0.06150
-0.84266
-0.62695
0.51875
0.15902
-0.09149
0.57533
0.12886
0.37072
-0.46322
0.27375
0.39794
0.32165
0.02356
0.34921
0.44654
0.14391
-0.07208
-1.19584
-0.13159
0.30429
-1.06677
0.60893
-0.26338
0.43536
-0.43805
-0.06494
0.16828
-0.22400
0.39375
0.55064
-0.59733
0.42822
-0.29865
0.28070
0.49050
0.23628
0.44216
0.32929
0.06817
-0.07059
0.02027
-0.22547
0.21177
-0.06049
-0.44118
-0.05467
0.69559
-1.00804
0.50169
-0.42605
-0.33245
-0.76209
-0.33554
-0.20065
-0.69540
0.15220
0.36926
0.29280
0.56887
0.06279
0.07117
0.24264
0.11619
0.31572
0.73732
0.45227
0.44069
0.22968
0.00623
-0.68065
0.47845
0.16907
0.06276
0.37834
-0.68515
-0.04683
0.72398
0.30579
-0.21901
0.61177
0.72969
-0.38574
-0.12495
0.27324
0.03400
-0.31890
0.12775
-0.25857
-0.91904
0.15104
0.31020
-0.06685
0.27264
-0.26738
0.12080
-0.33775
0.47467
0.10104
-0.39844
0.21553
0.12624
0.11485
-0.39282
-0.00773
0.02056
-0.06707
-0.93413
-0.16450
0.61129
0.04411
-0.42451
0.56331
-0.12643
0.01726
-0.90864
-0.01248
0.28303
-0.22786
-0.83119
0.05143
0.31580
0.58400
-0.13405
0.46606
-0.18455
0.41854
-0.95367
0.24016
0.11057
0.84732
0.63541
0.37906
-0.22724
-0.03803
0.12374
-0.26621
0.27879
-0.25047
0.14711
-0.68342
0.31580
0.51752
0.12318
0.02654
0.69199
-0.07060
0.11060
-0.27556
0.21785
0.67093
-0.09025
0.17295
-0.06893
0.16156
-0.41368
-0.53776
-0.05071
-0.14801
-0.18014
0.16941
-0.49803
-0.30668
0.23266
-0.19536
-0.33627
0.13114
0.36545
0.29314
0.35115
-0.40554
-0.02068
-0.59000
-0.21045
0.56832
0.07357
-0.75682
0.53602
0.15487
0.71260
0.27546
-0.59178
0.27133
-0.21918
0.28942
0.39911
0.51421
0.25422
-0.26096
-1.16633
0.07802
0.79965
0.29405
-0.28649
-0.49725
0.62698
-0.13407
0.16581
-0.00385
0.54875
-0.77944
-0.21535
-0.02559
-0.37285
0.18580
-0.07969
-1.28801
0.14600
0.23103
0.15821
0.42389
0.68659
0.08136
-0.38021
0.19982
0.04990
0.04647
-0.54962
-0.08007
0.36478
-0.02473
-0.55515
0.37959
-0.46710
0.17148
0.71721
0.14461
0.43869
0.21250
-0.02663
-0.85030
-0.33432
0.23177
0.47245
0.64697
0.54574
-0.18007
-0.47524
-0.21525
-0.22702
-0.72032
0.41538
-0.48790
-0.38085
0.06403
-0.18979
-0.38634
-0.68883
-1.04388
0.11260
0.03406
-0.01440
-0.68868
-1.03946
-0.40419
-0.55133
0.18956
-0.06864
-1.03636
-0.19418
-0.53871
0.18872
-0.07047
-0.11552
0.02868
-0.52691
-0.14454
0.14135
-0.54863
0.59192
0.03986
0.57338
0.35497
0.05293
0.05902
0.53084
0.51059
-0.29126
0.33531
0.18852
0.38771
0.20343
0.33022
0.20171
0.35461
0.31457
0.09074
-0.06813
-1.11265
-0.24987
-0.50417
-0.09030
0.34511
0.08176
-0.08758
0.35473
0.33996
0.52102
0.22764
-0.06655
-0.47217
0.05330
0.36576
0.21454
-0.13088
-0.07771
0.35440
-0.46783
0.32849
0.10220
-0.12550
0.26618
-0.52807
0.25945
-1.20189
0.08873
0.52943
0.49239
0.49512
-0.00863
0.52720
0.16432
0.33775
-0.12213
0.25296
-0.16259
0.36621
-0.23790
-0.31611
-0.20984
0.35819
-0.24770
-0.07176
0.08934
-0.28551
0.27647
-0.33194
-0.15400
-0.02064
-0.74768
-0.17060
-0.15794
0.12161
0.11387
-0.26504
-0.54818
-0.47128
-0.89621
-0.75977
0.66305
-0.40784
-0.60533
-1.09936
-0.48004
-0.98109
-0.81141
0.29128
-0.44128
-0.70302
0.15438
-1.66884
-0.52206
0.28587
-0.67228
0.12277
0.62546
0.08942
0.14449
-0.81617
0.11747
-0.78298
-0.43515
0.21658
0.11495
0.01005
-0.28256
-0.22879
0.29314
0.17939
-0.64131
-0.34320
-0.81934
-0.83220
-0.06208
-1.60272
-0.36391
0.35211
-0.71584
0.51630
0.26031
-0.10200
-0.15595
0.38063
-0.58861
-1.35026
-0.13841
-0.12431
0.61861
-0.64384
-0.55532
-0.29038
-0.54083
-0.59909
-1.02402
-0.34595
-0.29125
0.15778
-0.37715
-0.97315
-0.94594
0.23284
-0.99691
-0.61749
0.05123
-0.03176
-0.16000
-1.12194
0.48793
-0.30485
-0.62690
-0.39137
0.03277
-0.20181
0.20380
-0.72966
-0.74849
0.89027
-0.19046
0.07369
0.38787
0.33844
0.65145
0.25486
0.59636
0.51946
-0.84041
0.02662
-0.05124
-0.86926
-0.60813
0.01073
-0.05545
-0.14182
-0.07508
0.31404
0.12374
0.31143
0.09713
0.12745
-0.46720
0.04161
0.05982
0.28400
0.35619
-0.05027
-0.35832
0.03026
-0.34299
-0.24863
-0.55636
-0.32707
0.28026
0.48680
0.06542
0.31254
0.07408
0.52968
-0.33203
0.46262
-0.23863
0.23139
0.51977
-0.36181
-0.34937
0.56969
-0.36186
0.36314
-0.81240
0.04455
-0.67855
0.30015
0.07630
0.53417
0.35564
-0.19817
-0.94077
0.09771
0.54054
-0.69240
-0.24770
0.63056
0.01001
-0.16455
0.57084
0.06856
0.30551
0.11303
0.54238
-0.38575
0.71447
0.13305
0.05554
-0.34676
0.35106
0.31357
0.16574
-0.05963
0.13621
-0.79391
0.95348
0.23832
0.48005
0.20521
-0.09735
-0.04322
-0.05087
-0.37717
-0.94990
0.07064
-0.37762
-0.04915
1.02841
0.41511
0.80536
-0.25762
-0.53256
0.20931
-0.78108
-0.54360
0.37874
-0.15108
-0.05960
-0.84931
-0.10460
-0.01759
-0.62941
-0.16290
0.01422
0.45290
1.01667
-0.42922
-0.97728
0.64544
0.26727
0.14083
0.95880
-0.36384
-0.27138
-0.53483
0.05429
-0.00833
0.22281
-0.04824
-0.57055
-0.09579
0.10039
-0.37191
-0.37475
0.05123
-0.87080
0.27895
-0.24065
0.33934
0.24935
0.36476
-0.18048
0.49119
0.72054
-0.13304
0.08656
-0.63347
0.59312
-0.66841
-0.96742
-0.40235
-0.11356
-0.19821
-0.43108
-0.06936
-0.44280
-0.83297
-0.74400
-0.84209
-1.04854
-1.27093
0.07772
0.33302
-0.27601
0.51510
0.48316
-1.01417
0.16903
-0.06572
-0.75960
-0.22250
-0.19415
-0.30668
0.41646
-0.45518
-0.11844
-0.60342
0.74339
0.03442
-0.58336
-0.16281
0.19238
0.26693
0.44439
-0.56562
0.00783
0.50218
0.13340
-0.09391
-0.40666
0.02014
-0.73908
0.25958
-0.59709
-0.11055
-0.18258
0.44751
-0.11423
-0.77523
-0.16766
0.52985
0.28358
-0.49270
0.17846
0.21972
-1.05752
-0.40868
-0.22964
-0.84940
0.06493
0.16669
0.19317
-1.33929
-1.47562
0.14195
-1.35957
0.53240
-0.04454
-0.74889
-0.10354
-0.11126
0.22184
0.15774
0.34575
0.13820
-1.18383
-0.35410
-0.50669
-0.42487
-1.06712
-0.05319
0.11396
0.02049
-0.05959
0.05715
0.71546
-0.37911
-0.23651
0.33235
-0.32738
-0.55738
-0.84437
-0.10264
0.13721
-0.02077
0.29838
0.13850
-0.02222
0.08409
0.13954
-0.45867
-0.40746
-0.26876
0.08865
-0.53341
-0.24258
0.17045
0.23211
0.04425
0.35747
0.08532
0.08550
0.35352
-0.36627
0.06394
0.47409
0.53924
-0.77342
0.57336
0.17549
-0.20037
-0.65934
-0.01420
0.02565
-0.08319
-0.12241
0.23310
-0.46430
-0.16871
-0.14719
-0.46199
0.34003
-0.36689
0.56352
-0.18780
0.00298
0.28538
0.07956
0.30213
-0.13879
0.45734
0.35253
0.02148
-0.36123
0.57665
0.11390
-0.33605
-0.14972
-0.71092
0.63696
-0.56493
-0.21345
0.20533
-0.57105
-0.10022
-0.39842
0.06935
0.53460
0.58990
0.67364
0.25868
-1.20263
-1.09687
0.43712
0.37256
0.43493
0.03661
-0.11213
0.23841
0.16591
-0.11181
-0.04122
0.04830
-0.28818
-0.82282
-0.54648
-0.37260
0.51130
-0.42955
0.62721
0.63449
0.43508
0.24666
0.58076
0.26735
-1.15404
-0.59600
0.19889
0.12008
-0.95800
-0.48105
-0.51710
-0.53823
0.33562
0.43025
-0.09625
-0.18321
-0.18204
0.04223
-0.17261
0.27859
-0.22384
0.48629
-0.43394
-0.30612
-0.50246
0.29754
0.10749
-0.74246
0.00765
-0.88709
-0.20725
0.11674
-0.27417
-0.29536
0.01772
0.32173
0.51113
0.07030
-0.30250
0.89693
0.06881
0.23767
-0.43469
0.48046
-0.65294
0.87005
0.31984
-0.94620
-0.11038
-0.41174
0.19756
0.47514
0.08312
0.41624
-0.18086
0.20157
0.80317
-1.28042
-0.34133
0.49522
-0.36687
0.45829
0.19836
0.23299
0.51979
0.77024
-0.02913
-0.04244
0.42537
0.01095
0.11245
0.36639
-0.55930
-0.88075
-0.01567
-0.80775
0.27368
0.47447
0.01500
0.31985
0.24720
0.52344
-1.26807
-0.03230
0.19218
-0.26202
0.16079
0.42291
-1.19434
0.19560
-0.80485
0.07356
-0.01987
-0.20141
-0.42024
0.25827
0.15728
-0.22846
0.27905
0.20770
-0.07464
0.04553
0.01896
-0.37226
0.20340
0.45562
-0.38747
-1.39305
-0.59199
-0.55623
-0.32281
-0.80577
-0.64264
0.40535
-0.33844
-0.64470
-0.34465
0.83791
-0.28236
0.15173
-0.51931
-1.10702
-0.75117
-0.02870
-0.26307
0.33298
-0.07415
-1.02380
-0.03288
-0.61205
-0.21446
0.52800
-0.03466
0.56126
0.45965
-0.39811
-0.34998
0.22449
-0.35911
0.18641
-0.17587
-0.79562
0.40664
-0.07013
0.46186
-0.99155
-0.01232
0.35454
-0.12708
0.31016
-0.30483
-0.97594
0.49664
-0.37268
0.09630
-0.63647
-0.26745
-0.11456
-0.70386
-0.05661
-0.22786
0.12148
0.61225
0.06488
0.14926
0.45497
-0.29261
0.49107
0.51602
-0.24168
0.18761
-0.33179
0.12819
-0.73722
0.16891
0.23716
0.25951
-0.22741
-1.34610
-0.85385
0.56351
-0.84048
-1.05206
-0.66441
0.49480
-1.38764
-0.46097
-0.80286
-0.26677
0.49722
-0.08168
-0.84816
-1.12056
-0.30276
-0.03714
0.18150
0.23802
0.40256
0.48633
0.37480
-1.35760
-0.03999
-0.22591
-1.42232
-0.20351
0.18643
0.32623
0.27813
0.46828
-0.11737
-0.13034
0.50707
0.47168
-0.53763
-0.04767
-0.15055
-0.11866
-0.37407
0.13264
-0.99845
0.42972
0.53534
-0.87533
0.25608
0.03501
-0.19729
-0.08634
0.61531
-0.17533
-0.04284
0.33657
-0.73687
-0.12645
0.27471
0.28908
0.04657
-0.04912
-0.12746
-1.18788
0.34720
0.56308
0.52826
0.02577
-0.97966
-1.27380
0.53756
-1.32821
0.42787
-1.09645
-0.32562
0.16290
0.56464
-0.02369
0.31863
-0.80062
0.13766
0.56517
-0.43587
0.03612
0.26702
0.17931
-0.15446
0.05117
-0.17027
0.29907
-0.22001
-1.07594
-0.42792
0.58777
-0.40535
0.39113
0.39845
0.35609
-0.27568
0.50938
-0.04253
0.42080
0.41490
-0.36384
0.45559
-0.31555
0.79208
-0.06002
0.10970
0.00040
0.09401
0.06880
0.21530
-0.32915
0.47342
0.01169
-0.38982
0.50779
0.40020
-0.32397
0.40679
-1.81654
0.68631
0.67044
0.31462
-0.21183
0.39231
0.29280
0.39347
-0.11440
0.12145
-0.28462
0.48667
-0.75657
0.20066
0.21976
-0.12454
-0.08239
0.19594
-0.25503
0.22123
0.57342
-0.10604
0.62775
0.26719
-0.41684
-0.80905
-1.08932
0.24279
0.20789
-0.78596
0.20577
0.23680
0.27317
-0.12336
-0.10674
-0.03112
-0.45255
0.43684
0.56656
0.25362
0.05210
-0.47665
0.18679
-0.06045
-0.09341
-0.28160
0.58914
0.24272
0.47818
-0.09352
0.43166
-0.10743
-0.07379
-0.95183
0.10401
0.30195
-0.04090
0.54792
-0.24213
-0.52227
0.86424
0.12465
-0.17237
-1.18031
0.29572
-0.05783
0.80000
-1.06761
-0.53009
0.50996
0.59969
-0.44186
-1.40280
-0.55582
0.29379
0.21979
0.47426
-0.23029
0.65510
-0.07258
-0.80001
-0.00396
0.48032
-0.13692
0.45278
0.02056
-0.70435
-0.92782
0.56968
-0.96588
-0.69859
-0.02264
0.04376
0.62873
-0.85617
0.51415
0.85105
0.55268
-0.03184
0.43743
-0.56706
-0.00733
0.30910
-0.27981
-0.37537
0.24959
0.26389
0.27507
-1.01773
0.20957
-0.05347
0.48243
0.35508
-0.35214
0.33764
0.16840
0.26225
-0.36741
0.24888
-0.36602
-0.11979
-0.80698
0.23603
0.16642
0.40995
-0.14145
-0.83957
0.53532
0.13492
-0.26323
0.33678
0.36403
0.60733
-1.22856
-0.10200
0.14803
0.08646
0.34233
-0.00459
0.35442
0.45794
-0.02298
-0.19788
0.07221
0.10332
-0.49909
0.06477
-1.00553
-0.94335
0.58904
0.30858
0.25767
0.30808
0.05950
0.20856
-0.20680
0.39604
0.39188
0.38985
0.39470
0.40325
0.00656
0.66063
0.35720
0.28567
-0.73945
0.11741
0.50078
-0.16283
-0.07710
-0.06509
0.34564
0.60516
-0.36527
-0.62584
-0.16252
0.49573
-0.03217
-0.15225
0.23300
0.21638
-0.41623
-0.08168
0.07299
0.11223
-1.12864
0.31958
-0.91057
0.28082
0.07334
0.70759
-0.04894
0.17495
0.42337
0.32272
0.36938
0.33046
0.24534
-1.02800
0.01978
-0.32357
0.11665
-1.05986
0.12977
-0.23434
0.53742
-0.76107
0.04504
0.30031
-0.61047
0.18053
-0.24577
-0.88745
0.31171
0.18497
0.50214
0.49066
0.70728
0.84887
0.12537
0.15495
0.19343
-1.69089
0.54162
-0.17607
0.19594
0.16722
0.16580
0.83750
-0.89065
0.12501
0.09968
-0.36888
0.10905
-0.48475
-0.23831
0.51163
-0.58168
-0.19884
0.50364
0.09578
-0.19834
0.15731
-0.01135
-0.57399
-0.95210
-0.19502
-0.95033
0.86909
-0.53344
-0.10302
-0.20091
-0.20426
-0.61803
0.58685
0.52311
0.92742
-0.21108
-0.52853
0.86939
-0.19142
-0.21525
-0.12339
-0.21979
-0.54628
-0.61515
-0.56285
-0.21844
-0.04462
-0.19269
-0.44403
0.18966
0.14184
-0.21042
-0.28239
0.53256
0.13631
0.37418
0.21065
-0.89482
0.33932
0.65810
-0.87655
0.64512
-0.85250
-0.42295
-0.46583
0.66747
0.67028
0.70382
0.56507
-0.06803
0.46254
0.10840
-1.10561
0.21198
-0.16374
0.24625
0.16627
0.30360
0.28770
0.40018
-0.11970
-0.14378
0.33391
0.11027
-0.16348
-0.14954
0.42524
-0.13426
0.04105
0.45419
-0.21283
-0.11873
-0.15453
0.40523
0.14789
0.41891
-0.19733
-0.00237
0.23397
-0.12523
-0.11616
-0.42959
-0.10576
0.13921
-0.19258
-0.07947
-0.37894
-0.49193
0.14256
0.01484
-1.49436
-0.41243
0.44489
-0.20248
-0.49643
-0.86610
-0.27055
0.43998
0.24659
-0.07308
-0.36802
0.28498
-0.93315
0.32261
0.36417
0.33507
0.34382
-1.16946
0.58153
0.60817
-0.05815
-0.79343
0.57446
-0.45075
0.27842
0.70723
0.50457
0.54692
0.64059
0.11764
0.48562
0.10307
-0.00438
0.18700
0.13623
0.37933
0.10580
0.49197
0.50092
0.56561
0.55683
0.29778
-0.51384
0.50644
0.25770
0.46535
0.08332
0.72932
-0.27369
0.15085
-0.61882
-0.18848
-0.24827
0.42669
0.42214
0.11151
-0.63913
0.08626
0.08357
-0.27870
-0.23121
-0.23508
-0.24139
-0.25788
-0.25729
-0.27129
0.04673
-0.55979
-0.19926
-0.26889
0.08794
0.09535
-0.17094
0.43861
-0.61564
-0.60004
0.36893
0.03743
-0.27307
-0.28227
0.24620
-0.06807
0.70683
0.27871
-0.15562
-0.02438
-0.97755
-1.07275
-0.73449
-0.62854
0.41036
-0.15963
0.24690
-0.07429
-0.21578
-0.13604
0.24464
-0.45427
0.49684
-0.84708
-0.78400
0.59912
-0.42351
-0.57041
0.40852
-0.90525
0.70511
-0.27015
-0.41941
-0.24821
0.08183
-0.18298
-0.37714
-0.65807
0.55820
0.27254
0.07024
0.43720
0.06980
0.16065
0.12402
0.50843
-0.26094
0.47962
0.27491
0.15483
0.28131
-0.00669
-0.57556
0.53753
-0.12295
-0.10917
-0.11743
-0.36044
0.55173
0.68264
-0.05613
-1.09905
-0.10902
-0.88814
0.30788
-0.09257
-1.04452
0.33860
-0.81836
-0.77394
0.15736
-0.57593
0.33459
0.16061
-0.63914
0.50401
0.37218
-0.10739
-0.18230
0.51714
-0.15716
0.34598
0.15649
0.41215
-0.50903
0.15617
-0.20701
-0.52890
0.46879
0.04861
0.09973
0.27965
-0.10162
0.21374
0.17652
-0.16021
0.21267
0.36591
-0.78967
-0.42237
0.04731
0.68853
-0.30960
-0.83791
-0.08367
0.51137
0.07861
0.26487
0.61166
0.20078
-1.18035
-0.10163
0.06032
0.39825
0.11598
-0.25582
-0.23749
0.02717
-0.14622
