0.47560
0.11501
-0.21656
-0.25305
0.52233
0.20536
-0.42835
0.66870
0.17672
0.34832
0.36950
-0.10147
-0.11009
0.54055
0.16843
-0.25167
0.20519
0.26190
-0.16400
0.47166
0.77161
-0.15143
0.44112
-0.01189
-0.02919
-0.70433
-0.04442
-0.17280
-0.54331
0.17828
0.11595
-0.15607
0.32916
-0.24621
0.75183
0.67621
-1.10919
0.28372
0.28600
0.01726
-0.58546
0.32116
-0.40151
0.35909
0.55123
0.45609
0.35763
0.50801
-0.39182
0.57803
0.38764
0.34812
-0.79684
-0.69826
-1.23378
0.38275
-0.50956
-0.57308
0.07621
0.33645
0.10625
-0.12290
0.09611
0.21043
0.94027
-0.15524
0.50111
0.41272
0.55587
0.18770
-0.36798
0.27676
-0.29690
-0.12627
-0.52545
0.16279
-0.33013
-0.15427
-0.08087
0.53076
0.77642
0.83319
-0.41921
-0.14816
0.42055
0.29634
0.06573
-0.16384
-0.17364
-0.01543
0.33279
0.00403
-0.25905
0.28242
-0.29284
0.09150
0.63401
0.24439
0.13452
-0.20117
-0.16491
-0.13168
0.53981
0.21633
0.32436
0.21141
-0.99234
-0.72911
-0.27503
-0.16945
0.03133
0.22229
0.03695
-0.18550
0.11902
0.29247
0.20243
-0.58601
-0.51936
-0.55644
0.64476
0.30021
-0.46298
-0.50698
0.63313
-0.14704
0.29797
0.42477
-0.16686
-0.12965
0.20028
0.35068
0.26341
-0.09911
0.34789
0.10728
0.79138
-0.10505
0.29549
0.17024
-0.55928
0.00336
-0.21992
0.19304
0.22037
0.00961
0.09296
-0.37054
0.17977
0.35685
-0.59780
-0.46770
0.44562
0.62988
-0.38503
0.38328
0.06526
-0.90860
0.14869
0.16224
-0.20846
0.12943
0.34735
0.09305
0.03299
-0.47659
0.73030
0.92891
0.40594
-0.74044
-0.13897
-0.78527
-0.62829
-0.46957
0.04003
0.09044
-0.62889
-0.57203
0.38618
0.60767
0.25914
0.09995
-0.14655
0.01422
0.48133
-0.16098
0.46265
0.15870
-0.08905
0.55136
-0.56451
0.11275
-0.23449
0.40517
-0.65753
0.37764
0.43434
-0.18378
-0.78244
0.88949
0.41185
0.13644
0.13897
0.09059
-0.24665
-0.14069
-0.26336
-0.42243
0.18748
0.22013
-0.36668
0.00160
0.47292
-0.57666
0.03564
0.42829
0.06233
-0.07133
0.10080
0.44050
0.19981
0.47703
0.52550
0.18915
-1.10410
-0.21410
-0.47212
-0.22286
-0.17560
-0.52023
-0.26856
0.21575
-0.16980
-0.08810
0.60751
0.34600
0.33733
-0.16379
-0.37294
0.30637
-0.41375
0.16147
-0.42082
-0.05335
-0.12251
0.08902
-0.42799
0.02723
0.15808
0.13522
-0.84199
0.51498
-0.44043
-0.32387
0.16256
0.11455
0.38534
-0.18181
0.02169
0.39922
0.28238
-0.33105
-0.28886
-0.16473
-0.20596
-0.47075
-0.13352
0.14983
0.85466
-0.00587
0.10869
0.48690
-0.08727
-0.86343
-0.00386
-1.12074
0.31725
0.31906
0.48516
0.63111
-0.21500
-0.43398
-0.47225
-0.17195
0.22066
0.35011
0.04222
-0.38760
-0.41414
-0.17127
-0.48176
0.17046
0.19118
-0.35591
0.36787
-0.12600
-0.72966
-0.38931
-0.61694
0.04602
-0.12485
-0.35465
-0.25722
-0.43267
0.10453
-0.80403
-0.22733
0.26746
0.46642
-0.79754
0.06574
-0.17337
-0.87557
0.35035
0.00919
0.05375
-0.04263
0.51842
0.54462
0.17236
0.43055
-0.21977
-0.31602
0.20531
0.43730
-0.01120
-0.27829
0.25091
0.21313
0.09550
0.46228
0.38832
0.57942
0.13786
0.63386
0.04270
0.17716
-0.49731
-0.05433
0.32210
0.60011
0.00840
-0.29552
0.49327
0.56242
0.22021
-0.60716
0.35838
-0.36718
-1.16208
-0.22261
0.47238
0.41580
0.08250
0.22410
0.39572
0.16231
0.09139
0.17316
0.30713
0.16544
-0.17757
0.25716
0.27789
0.03996
0.72277
0.10372
-0.48552
-0.53572
0.29453
0.67845
0.33385
0.23853
-0.20114
0.10487
-0.07886
0.24899
-0.15393
-0.65249
0.27517
-0.33582
0.02440
-0.18493
0.12572
-0.00100
0.72013
0.21491
0.47860
-0.34861
-0.07000
-0.09910
-0.24586
0.00326
-0.37524
0.63020
-0.41224
-0.07580
0.67411
0.18005
0.50869
0.09621
0.15695
-0.28799
0.08195
0.34330
-0.14036
0.22819
-0.14224
0.14808
0.09006
0.20354
0.65997
-0.30982
-0.12726
0.70379
-0.70068
-0.17084
-0.55944
-0.42158
-0.05837
0.74163
0.34113
0.28724
0.09083
-0.46223
0.09754
0.06548
0.15739
-0.51447
-0.34281
0.19086
0.57356
0.33550
-0.01732
0.13173
0.29001
-0.61046
0.26363
0.32130
0.38391
0.19764
-0.13930
-0.28882
0.23973
-1.59057
0.31197
0.43568
0.16451
-0.22186
-1.38866
-0.03912
-0.58961
-0.31413
0.57077
0.46281
-0.02111
0.30436
0.16760
-0.20052
0.21205
0.59804
-0.02814
-0.33706
0.19442
0.15837
0.11228
0.49915
-0.60408
-0.60677
0.37777
-0.34589
0.37798
-0.39479
-0.82386
-0.19452
0.47137
0.10758
-0.01364
-0.41877
0.13139
0.15918
0.21049
-0.01016
0.16940
0.04803
-0.07330
0.37589
-0.63284
-0.49331
-0.16996
0.47497
0.41124
-0.28991
0.35219
0.05085
-0.28643
0.34562
0.34842
-0.18427
-0.05318
-0.01080
0.17362
0.39492
-0.10700
0.04612
0.33812
0.62834
-0.05028
-0.00975
0.33946
0.49407
-0.22709
-0.08023
-0.02049
0.19971
-1.47695
-0.90718
0.30484
0.19893
0.35767
0.47050
0.47272
0.06118
-0.09537
-0.01091
-0.34231
-0.56553
-0.48387
0.13268
0.31808
0.31348
-0.02060
0.35544
0.67684
0.58400
0.10335
0.24696
-0.21277
-0.54390
-0.17134
0.17831
0.17368
-0.22754
0.29838
0.49315
0.50338
0.29508
-0.03073
0.19845
-0.68851
0.12123
-0.17121
-0.65349
0.02690
0.26064
-0.32209
0.53356
-0.43109
0.11385
0.18734
0.44070
-0.02724
0.00441
0.05121
-0.35954
0.74934
0.51960
0.06208
0.36134
0.37699
0.26730
0.21823
-0.26964
0.28259
-0.61972
0.13473
-0.09612
-0.40246
0.33126
-0.33762
0.29487
-0.01984
0.18326
0.83191
0.08443
0.54079
0.23285
0.88109
0.12603
0.37759
0.13104
0.04642
0.58591
0.10164
-0.87005
0.51147
0.02920
-0.27024
0.33955
-0.42627
-0.31204
-0.06515
0.05898
0.05371
-0.07322
0.24203
0.14546
-0.00996
-0.06087
-0.21927
0.10774
0.24735
0.07038
0.90006
0.06670
0.41210
-0.03870
0.10652
0.01117
-0.51697
0.70225
0.15271
-0.59989
0.65028
-1.09048
-0.13636
0.38195
0.30626
-0.13123
-0.35488
0.20896
0.26644
0.13046
-0.17171
0.43172
-0.27821
0.25292
-0.41781
-0.16172
-0.65550
0.22658
0.12363
0.16038
-0.66459
-0.35166
-0.15782
0.12870
0.10592
0.09740
-0.46696
0.17472
0.23156
0.08466
0.47358
-0.40889
-2.19586
0.34647
-0.10674
0.18672
0.54089
0.36313
-0.59487
0.71437
0.51692
0.38883
0.22245
0.21946
-0.04387
0.03173
-0.13750
0.26183
0.20866
0.26894
-1.29848
0.75319
0.85478
-0.19178
0.10514
0.67384
-0.16103
0.13287
-0.26222
0.44685
-0.03316
-0.15518
0.18997
0.64658
0.47434
0.11742
0.10491
0.28741
-0.16368
0.14549
-0.32962
0.33960
-0.30573
0.44623
0.54470
0.37211
0.04557
0.33557
-0.25934
0.36278
0.07701
0.45319
0.15098
0.17514
0.35755
0.67674
0.58625
0.52489
0.71339
0.22931
0.61246
0.33533
0.01605
-0.54205
0.74804
-0.20354
0.20329
-0.33497
0.20126
0.12625
-0.12188
-1.05225
0.03353
-0.04609
0.67301
0.37883
0.37716
0.55053
0.02917
0.19005
0.28765
0.19075
0.16270
-0.46126
-2.12225
-0.55293
0.14914
-0.12260
0.65110
0.38933
-0.18062
0.20200
0.50445
-0.08233
-0.49516
0.18597
0.39501
0.49113
0.29972
-0.14552
0.07699
0.72066
-0.42946
-0.26575
0.16582
-0.41381
0.04933
0.44430
0.65674
-0.24757
0.36917
0.35457
0.51258
0.47611
0.26541
0.52578
-0.09831
0.38318
-0.12917
-0.06879
0.11358
-0.51829
-0.18118
0.32676
-0.48572
0.40920
-0.49272
0.53211
0.52406
0.17531
0.08315
-0.47652
0.26256
-0.12436
-0.27520
0.07493
0.15872
0.79775
0.29986
0.03905
-0.65399
0.07267
-0.13309
0.51779
-0.01487
0.20300
0.12945
-0.78942
0.23200
-1.27435
0.28703
0.39445
0.18022
0.41745
0.26009
0.80257
0.07552
-0.47707
0.98185
0.32391
0.82631
-0.33030
0.24228
-0.05267
0.16456
0.21872
0.03604
0.38877
-0.26896
0.81675
0.09985
-0.10740
-0.64721
-0.32074
0.63680
0.35527
-0.21454
-0.66782
0.26708
0.40523
-0.04932
-0.27559
0.37185
-0.24823
0.60480
0.00629
-0.23038
0.24689
0.46566
0.19009
0.37676
-0.03272
0.05105
0.40504
-0.02187
0.29056
0.57545
-0.42309
-0.26780
0.02810
-0.23487
-0.28197
0.02915
0.14857
0.01380
-0.90474
0.13921
-0.24676
0.31833
-0.34104
-0.25984
-0.01298
-0.08385
-1.57738
0.04066
-0.11771
-0.95957
0.43962
0.30089
-0.62856
0.59504
0.34825
-0.08929
0.26300
-0.29646
-0.20948
0.75201
0.13149
0.64361
0.91819
0.54475
0.22907
0.29484
-0.77023
0.42809
-0.28887
0.11686
0.02909
0.19173
0.32014
-0.47110
-0.16122
0.27948
0.16445
-0.55466
-0.43652
0.18512
0.28568
0.07695
-0.24207
-0.12758
0.26579
-1.63473
-0.31768
-0.25969
0.07808
0.22492
0.36204
0.21766
0.45277
0.09099
0.10408
-0.98990
-0.16157
0.20402
0.08692
-0.02503
0.59332
-0.02277
0.92114
0.06111
-0.45302
0.64288
0.25971
0.17504
-0.20252
0.44951
0.07093
-0.26034
0.07164
0.17786
-0.33059
0.47019
0.45303
-0.12639
-0.53972
0.36394
-0.47215
0.50648
-0.45071
-0.63090
-0.42764
0.11594
-0.51902
-0.28459
-0.13159
0.35341
-0.23108
0.13740
0.67812
-0.02034
-0.11484
-0.12561
-0.22456
-0.28719
0.53599
0.06528
0.37389
-0.44253
-0.27545
0.59671
0.28444
0.09722
-0.02794
-0.06895
0.60200
-0.01143
0.26251
0.80019
-0.15666
-0.61894
0.00691
0.64160
0.35869
0.18127
0.57346
0.18388
-0.20329
0.78638
0.61654
-0.23566
-0.45314
-0.98814
-0.18647
-0.81013
-0.59652
0.05279
0.04445
-0.07247
-0.26245
0.50505
0.10457
0.20730
0.29838
0.65210
0.17052
-0.12160
0.08463
-0.06246
-0.72799
-0.20934
-0.19788
0.70967
-0.37250
0.49370
-0.33603
-0.35524
0.62246
0.35522
0.29059
-0.40916
0.44412
-0.43278
-0.68178
0.00010
-0.67067
0.04790
0.12728
0.29528
0.70532
-0.19501
-0.12982
0.12326
0.43539
-0.28867
0.10758
0.35881
-0.93349
0.06000
0.11661
-0.25738
-0.00135
-0.33575
0.41710
-0.25969
0.52095
0.46338
0.43791
-0.40689
-0.22000
0.03680
-0.12946
-0.21253
-1.08114
0.31356
0.07528
0.33243
0.48737
-0.19235
0.45351
-0.04861
0.43542
-0.22028
-0.50892
0.61241
-0.13291
0.16552
-0.24135
0.55599
0.25191
0.13314
0.18695
-0.35649
-0.45006
0.15773
0.32932
-0.26995
0.65168
0.11139
-0.01295
-0.93414
0.21409
0.69689
-0.31735
0.62933
0.66042
0.11218
0.66229
0.43212
0.58998
0.22537
0.12309
0.16529
0.30991
-0.68531
0.01234
0.04885
-0.04618
-0.09131
-0.69954
0.50855
0.05527
0.02955
0.06358
0.37748
0.48101
-0.19716
0.44825
0.60586
0.33405
-0.02169
0.29445
0.23612
0.23197
-0.16350
-0.25337
0.34186
-0.21510
0.13514
0.20942
0.05657
0.01797
0.37997
-0.58285
0.34675
0.29309
0.49365
0.46071
-0.42521
-0.09850
0.42652
0.18420
-0.00155
0.86220
0.08785
-0.55568
0.08950
-0.90804
0.12187
0.02592
0.28728
0.23410
0.47802
-0.47288
0.51540
-0.18447
0.51261
0.10003
0.02531
0.65876
-0.06133
-0.88827
-0.05276
0.00290
0.41436
0.00560
0.53340
0.62153
0.30648
0.45983
-0.71529
-0.37197
0.55260
-0.18747
0.24383
-0.10633
0.11500
-0.45882
-0.03085
-0.32910
-0.07168
0.31862
0.25298
-0.01381
0.29027
-0.31230
-0.09460
0.02515
0.55163
-0.08059
-0.41731
0.21128
0.61939
0.81683
-0.22527
0.07136
-0.14992
0.53997
0.36068
-0.12072
-0.27898
0.66374
0.24725
0.29932
0.18221
-0.14266
-0.07777
-0.31557
0.10676
0.52251
-0.05290
0.25964
-0.31486
0.15441
0.31817
0.19096
-0.08031
-0.56655
-0.31516
0.29432
-0.12872
0.17175
0.49819
-0.53190
0.01116
-0.28318
-0.44166
0.09803
0.45044
-0.28313
0.02415
0.18485
-0.26292
-0.28069
0.55593
0.74632
0.02614
-0.10119
-0.31690
0.63528
-0.28687
-0.10886
0.17476
-1.18293
0.39748
0.59544
0.00155
-0.04358
0.57411
0.05345
0.52559
-0.02130
-0.04890
-0.51477
0.31848
0.18621
0.23876
0.60252
0.06521
0.13821
-0.42416
0.48000
0.41034
-0.37688
0.17188
-0.04986
-0.46343
0.07499
-0.03115
-0.02468
0.20262
-0.25144
0.55732
0.36758
-0.14831
0.36104
0.35246
0.12039
0.33144
0.22242
0.32649
-0.85854
0.33909
-0.00688
0.11690
-0.13142
-0.12070
0.59517
-0.46842
0.59914
0.50261
-0.92944
0.49206
-0.12900
-0.25766
0.00972
0.35302
-0.31626
0.37110
0.39692
-0.17397
0.11527
-0.20239
-0.01969
0.43248
0.71885
-0.17681
0.28507
0.01273
-0.91823
0.39345
-0.24414
-0.45497
0.39302
0.54547
0.29958
0.23079
-0.86249
-0.17720
0.77925
0.15909
-0.27094
-0.17455
0.33093
0.61120
-1.02934
-0.51566
0.51916
-0.26155
0.31774
-0.22138
-0.30225
0.21818
-0.53489
-0.26368
-0.55619
0.22633
0.49809
-0.07008
-0.40034
0.52698
-0.25156
-0.06865
-0.39028
0.18382
0.31086
-0.43330
0.54680
0.04543
0.61679
-0.13363
-0.93382
0.32798
0.51808
0.23402
0.12561
0.39054
0.49682
-0.21632
-0.60322
0.01784
0.02922
0.53543
0.26568
0.02280
0.17050
0.32792
0.57753
-0.86710
0.19603
-0.22288
0.20063
0.30402
0.16644
0.34138
0.10769
0.70195
-0.10994
0.06620
0.21211
0.45536
-0.09191
0.02147
-0.78799
0.13971
0.29181
0.50990
-0.98832
0.84750
-0.70329
0.55322
-0.09469
-0.12732
0.19480
0.10355
-0.23291
0.62496
-0.17299
-0.67562
-1.79732
0.10891
-0.08741
0.15467
0.19118
0.64279
-0.38097
0.27282
0.52074
0.30645
-0.30594
-0.05171
0.20439
0.08309
0.66762
-0.26164
0.52175
0.70337
0.24142
0.44190
0.16004
-0.35186
-0.88148
0.19770
0.59932
0.64603
-0.56442
0.25470
0.08585
0.45664
-0.41347
0.17509
0.61320
0.07905
-0.54975
0.06635
0.00203
0.49223
0.12895
0.54741
-0.57085
0.39245
-0.52437
0.57532
0.44600
0.40133
0.47009
0.21432
-0.62309
-0.06970
-0.49347
-0.27053
0.19967
0.41850
0.73173
-0.09120
-0.09892
-0.21219
-0.30799
-0.14841
-0.49697
0.54918
0.13381
-0.12136
-0.20240
-1.09021
-0.02326
0.00041
0.46488
0.60065
-0.47945
-0.23209
0.52048
0.37941
-0.07963
0.20219
-0.22800
-0.40665
-0.93836
-0.32410
-0.00874
0.08333
0.39103
-0.00364
0.12743
0.74475
0.31447
0.18310
0.57416
-0.09683
0.75496
-0.33379
0.23099
-0.12027
-0.47762
0.34534
-0.67312
-0.48266
-0.07315
0.33842
0.09631
0.16197
-0.77045
0.22530
0.01281
0.13793
0.01461
0.10533
0.10439
0.13334
0.06552
0.18105
0.00726
0.13853
0.06914
0.20883
0.12365
0.12036
0.08811
0.09231
0.14894
0.18173
0.04065
0.18668
0.19424
0.07574
0.09922
0.20285
0.04022
0.11287
0.13602
0.06238
0.10386
0.01679
0.11670
0.02911
0.20251
0.20839
0.21162
0.14865
0.10239
0.10082
0.12694
0.11349
0.12161
0.04830
0.07318
0.01033
0.02105
0.18319
0.18065
0.19138
0.10383
0.15395
0.02006
0.17704
0.03394
0.20784
0.02712
0.12325
0.14366
0.20908
0.00530
0.08255
0.15633
0.20965
0.20809
0.04195
0.14360
0.00286
0.12116
0.00541
0.11312
0.20610
0.09100
0.20371
0.00183
0.18629
0.08391
0.00989
0.07798
0.13462
0.10391
0.17757
0.16095
0.08751
0.19622
0.09690
0.03286
0.18218
0.03210
0.03632
0.09772
0.08673
0.18968
0.14006
0.14013
0.12249
0.14757
0.03354
0.18161
0.13417
0.15140
0.01565
0.13524
0.01565
0.20558
0.01199
0.01004
0.03974
0.15613
0.08712
0.13328
0.12599
0.09883
0.01327
0.07795
0.10608
0.12504
0.03257
0.04912
0.20026
0.01691
0.11869
0.04510
0.09995
0.15822
0.11775
0.04554
0.05129
0.18498
0.12470
0.10417
0.09386
0.06084
0.17431
0.17445
0.18317
0.10211
0.00685
0.03820
-0.05955
0.04532
0.22324
-0.01402
0.02983
0.12677
0.10159
-0.04531
0.31711
-0.17849
0.15138
-1.12322
-0.45248
0.38674
-0.07735
0.23084
0.07529
-0.16256
-0.23208
0.47267
0.21767
0.25233
-0.27328
-0.05493
0.88979
-0.14238
-0.24948
0.26613
-0.19037
-0.61972
0.04976
-0.16779
0.54199
-1.03081
-0.30539
0.14537
0.20312
0.18161
0.29917
-0.62437
0.50533
0.70076
-0.10315
-0.21462
-0.48735
0.45351
0.20121
0.24720
-0.27854
0.64575
0.19871
0.64318
0.11930
-0.20086
-0.54181
0.57095
-0.01737
0.60380
-0.31131
0.04714
-0.98160
0.52855
-0.76035
0.61101
-0.23463
0.32352
-0.34422
0.34243
0.11054
-0.33241
0.03556
-0.14566
-0.68927
0.21295
0.05119
-0.03259
-0.41371
0.44784
0.48600
-0.29758
-0.10389
0.12541
0.18422
0.32228
-0.07287
-0.88501
0.18153
0.10398
-0.30974
-0.14942
0.52285
0.59765
0.43295
0.76483
0.24939
0.17503
-0.81127
0.18383
0.39585
0.27819
-0.22256
0.59671
0.15570
0.60043
-0.56258
-0.30045
0.48776
0.39080
0.19242
-1.34549
0.17274
0.25920
-0.87016
0.22736
0.75055
-0.65122
0.21700
-0.04243
-0.28708
-0.04120
-0.41911
0.95306
-0.39094
-0.60055
0.60837
0.08843
0.00370
0.61766
0.04568
0.22366
-0.27311
0.73350
-0.69108
-0.28913
0.23878
0.08776
0.19308
-0.18059
0.37657
0.57836
-0.57863
0.45719
-0.04055
-0.16557
0.02471
0.19368
0.53181
0.17646
-0.25667
0.21039
-1.16354
0.20800
-0.29663
-0.24622
-0.20587
0.17893
0.91504
-0.46551
0.30317
0.17941
-0.60757
0.39341
0.14299
-0.51017
-0.51582
-0.71782
-0.21131
-0.49867
0.33777
-1.18118
0.47666
0.01494
0.54658
0.11869
0.66889
0.39317
-0.22683
-1.41301
-0.08473
0.21356
0.37877
0.70761
0.61431
0.38231
0.06952
0.46931
0.46973
-0.31632
-0.48039
-0.25204
0.75307
0.12100
0.53708
-0.31368
-0.04800
0.05835
0.14618
0.19606
0.00185
0.21139
-0.21535
-0.49871
-0.54864
-0.37737
0.13947
0.00739
0.01901
-0.09590
0.08280
-0.04507
-0.04098
0.44204
0.05036
-0.06034
-0.40979
0.64363
0.29603
-0.84482
-0.81204
0.48131
0.46623
0.81692
0.43048
0.34269
0.44874
-0.08719
-0.12308
-0.33830
0.05450
-0.55708
-0.61586
0.01194
-0.15020
-0.11910
0.24344
-0.31297
-0.25640
0.00296
0.01173
0.16886
-0.12856
-0.23995
0.11854
-0.06609
-0.28208
-0.08594
0.19704
0.00039
-0.17139
-0.25694
0.25821
0.00200
-1.06682
0.28682
-0.05373
-0.38297
-0.43594
-0.00238
-0.86134
-0.19937
-0.03406
0.33870
-0.08520
0.14778
-0.29207
-0.48595
0.40092
-0.07763
-0.85967
0.16172
0.56018
-0.67611
0.30942
-0.27050
-0.25352
0.08068
0.28206
0.59116
-0.12500
0.07958
-0.03025
0.41833
0.22851
-0.05065
0.47209
0.36898
0.11426
-0.18914
0.38508
0.55828
0.55310
0.15736
-0.92722
0.62448
0.13312
0.30206
0.05826
0.46728
0.32244
0.31789
0.02477
0.34363
0.46061
0.23011
-0.09980
0.72146
0.69349
-0.16185
0.45738
0.00210
0.41633
-0.03407
0.14392
-0.37227
-0.99959
-0.08032
-1.82431
-0.46167
-0.05613
0.58564
-0.10655
-0.11356
0.04066
-0.36287
-0.34054
0.53935
0.20789
-0.11033
0.54339
-0.08967
0.28533
-0.56273
0.26298
0.05313
0.42836
0.01895
-0.15786
0.34523
0.51625
0.37732
-0.09649
-1.38681
-0.03807
0.14384
-1.00200
0.22709
-0.26353
0.43693
-0.27464
0.02574
0.16536
-0.40837
0.38596
0.58992
-1.00802
0.34632
-0.75590
0.61654
0.49080
0.20903
0.15184
0.40048
0.15521
-0.08718
-0.26810
0.07684
0.02672
-0.60251
-0.04030
0.57868
-0.92361
0.60950
-0.60835
0.00998
-0.76123
-0.37306
-0.06518
0.00821
-0.78318
0.57007
0.35288
0.18411
0.67961
0.09283
0.10774
0.39047
0.12770
0.21919
0.68139
0.29365
0.53117
0.25365
-0.12868
-0.75656
0.36928
0.14071
-0.33852
0.26643
-0.81584
0.10826
0.63976
0.40307
-0.56137
0.54572
0.61844
-0.19494
-0.01046
-0.64047
0.14225
-0.35849
0.16911
-0.62299
-1.20779
0.03992
0.34012
-0.10123
0.26388
-0.63075
0.22961
-0.01835
0.40168
0.16881
-0.62240
0.27828
-0.02113
0.13527
-0.16970
-0.15150
-0.28864
0.02313
-0.80553
-0.08347
0.68888
0.08978
-0.50431
0.65561
0.02149
-0.07575
-0.18481
0.27547
-0.26221
-0.70182
0.18177
0.19027
0.61612
-0.06767
0.46914
-0.16137
0.48719
-1.00527
0.21942
-0.01597
0.89453
0.56864
0.36348
-0.12507
0.14443
0.15531
0.22727
0.21218
-0.44671
0.52335
-0.11044
0.38915
0.62907
-0.01041
0.00726
0.63715
-0.00954
-0.16209
-0.33836
0.52798
0.61682
-0.15863
0.41179
0.07924
0.23567
-0.52234
-0.51913
-0.50904
0.09362
0.03702
0.14148
-0.23772
-0.02818
0.14830
-0.44361
-0.44812
0.76281
0.17711
0.29296
0.30872
-0.44542
-0.21101
-0.72941
-0.48863
0.48458
0.04280
-0.55036
0.55224
0.20860
0.64375
0.13440
0.28785
0.25131
-0.18675
-0.08390
0.43517
0.21285
0.44980
-0.06497
-1.15668
-0.02708
0.67390
0.49894
0.16656
-0.08475
-0.40777
0.65371
0.11974
0.16017
-0.06651
0.52553
-0.06440
-0.06561
-0.19855
-0.23192
0.05213
-0.04994
-0.75458
0.40519
0.42461
0.22302
0.40206
0.44449
0.10102
-0.01582
0.07062
0.14787
0.10033
-0.09078
-0.63515
0.04001
0.55706
-0.13871
-0.46224
0.20179
0.49566
0.73760
0.23686
0.44297
0.21704
0.20237
-0.85751
0.10778
0.39967
0.60868
-0.28307
-0.94818
-0.23321
-0.26162
-0.30354
-0.67566
0.33522
-0.20352
-0.21199
-0.34216
-0.52322
-0.22155
-1.09515
-0.04239
-0.10367
-0.14630
-0.74069
-0.99607
-0.31140
-0.70290
0.10326
-0.30258
-0.70535
0.11477
-0.47772
0.20241
0.02348
0.13492
0.02820
-0.02660
-0.51962
-0.05643
0.11103
-0.51982
0.25312
0.47204
0.19102
0.48863
0.15892
-0.09494
0.39365
0.38888
-0.22584
0.43546
0.35686
0.64701
0.36270
0.21507
0.41281
0.40706
0.13711
0.10578
-1.37627
0.26414
-0.12202
-0.86482
0.39828
-0.04757
0.39540
0.45776
0.75843
0.18101
-0.29177
-0.28299
0.11754
0.39438
0.24121
0.11275
-0.05078
0.39375
-0.17662
0.37688
0.14781
0.07167
-0.47340
-0.43307
0.47833
-0.09408
0.57144
0.50333
0.40928
0.06514
0.21448
0.38298
0.42033
0.19670
0.25057
-0.04551
0.12789
-0.30048
-0.56939
0.55941
-0.25516
0.42388
0.04329
-0.26383
0.24100
-0.70090
-0.10754
-0.15110
-0.60048
-0.09835
-0.43539
0.17737
0.08959
-0.28603
-0.63572
-0.33433
-0.79713
-0.79877
0.86899
-0.55005
-0.59282
-0.92829
-0.13354
-0.80996
0.00431
0.31280
-0.13785
-0.67410
-0.03736
-1.68418
-0.14755
0.32466
-0.22785
0.26730
0.61748
-0.25322
0.13465
-0.65433
0.11714
-0.81459
-0.34909
0.19963
0.09835
-0.35114
-0.22105
-0.30773
0.21410
0.05933
-0.87395
-0.95836
-0.94345
-1.11390
-0.14591
-1.33219
-0.33160
0.21485
-0.73909
0.49894
0.22575
0.13463
0.17995
0.20817
-0.74868
-1.63258
-0.12023
0.10653
0.73034
-0.64093
-0.84765
-0.23060
-0.53727
-1.15587
-0.44066
-0.19513
-0.24896
0.06100
-0.53997
-0.80068
-0.89823
0.08525
-1.46314
-0.36801
-0.17326
0.02256
-0.07470
-1.30814
0.45531
-0.35190
-0.55623
-0.38510
-0.08903
-0.68688
0.33822
0.21312
-0.57511
-0.10049
0.81877
-0.14586
0.35247
0.40932
0.36141
0.66143
0.25935
0.57699
0.58382
-0.97597
-0.22934
-0.01346
-0.62887
0.17053
0.09648
-0.05264
-0.39271
-0.68956
-0.09501
0.36073
0.05251
0.36188
0.04728
0.12692
-0.31583
-0.01362
0.17939
-0.25898
0.34685
0.44985
0.27620
-0.13465
-0.55150
-0.04152
-0.31560
-0.12527
0.44734
0.64448
0.18962
-0.85153
0.26348
0.61221
-0.44044
0.25107
-0.21707
0.29862
-0.01752
-0.90761
-0.25769
0.29836
-0.39315
0.29491
0.34423
0.11457
-0.74278
0.22509
0.13450
0.43456
0.22775
-0.13782
-1.04027
0.02583
0.53345
-0.74455
-0.17998
0.33442
0.07015
-0.12961
0.62721
-0.06445
0.64933
-0.15942
0.44280
-0.26217
0.78733
0.15671
0.01866
-0.49183
0.34633
0.31697
0.34037
-0.04485
-0.00415
-0.73074
0.11613
0.49593
0.30176
-0.04789
-0.76808
-0.05165
-0.47831
-0.75395
0.04242
-0.48467
-0.15526
0.55181
0.09580
0.54079
-0.46051
-0.72830
-0.25424
0.01400
-0.15570
0.02613
-0.87253
0.26523
0.43888
-0.63703
0.64664
-0.71093
0.04635
0.47001
1.04884
-0.50597
-0.40989
0.80714
0.25950
0.27029
1.07458
-0.36078
-0.17996
-0.46880
0.42834
0.09453
0.36609
-0.04920
-0.26922
-0.58358
0.00046
-0.41868
-0.41776
0.20414
-1.16351
0.18205
-0.42668
0.25360
-0.13595
0.31123
0.05965
-0.14478
0.42930
0.50249
-0.39868
0.18096
-0.25692
0.36634
-0.41854
-0.91036
-0.91785
-0.09229
0.00516
0.31899
-0.16542
-0.68972
-0.46495
-0.63986
-0.86940
-1.20240
-1.15844
0.38996
0.26277
-0.20704
0.32707
0.48539
-0.77754
0.16613
-0.04853
-0.83755
-0.81731
-0.24007
-0.30450
0.42126
-0.48460
-0.17864
-0.71921
0.15113
-0.19655
-0.14082
-0.15842
0.15006
0.04188
0.36912
-0.62509
-0.28377
-0.46273
0.04462
0.20476
0.56029
0.09663
0.28312
-0.13189
-0.71705
-0.24813
0.19210
-0.91025
0.19051
-0.26089
-0.00650
-0.44047
-0.36965
-0.64389
-0.16063
0.11572
-1.30918
-0.55747
-1.22414
-0.01078
-1.42351
0.42198
-0.14480
-0.70023
-0.16881
-0.13514
0.34083
0.06123
0.53882
0.19376
-1.55349
-0.19031
-0.48603
-0.36016
-0.49924
-1.04617
0.21402
0.17402
0.07698
0.02911
-0.00268
0.13093
-0.33847
0.26606
-0.63728
-0.39288
-0.80283
-0.85549
0.08827
0.10414
0.13763
-0.02001
0.41503
-0.48236
0.40140
-0.01462
0.07487
0.04649
-0.16299
-0.18945
-0.13868
0.01916
-0.65292
-0.14819
0.09369
0.10582
0.58152
0.28622
-0.90531
0.12312
0.36776
-0.23411
0.34644
0.17929
0.57537
-0.41856
0.80854
-0.03253
0.10897
-0.80814
-0.16601
-0.15393
-0.14929
0.35663
-0.16039
-0.22146
-0.51208
-0.57066
0.30563
-0.55364
0.52361
-0.17985
0.21941
0.16566
-0.16045
0.45464
0.20064
0.42929
-0.33715
-0.09395
-0.38890
0.70661
0.02161
-0.15105
0.05302
0.73790
0.16490
-0.17898
-0.45300
0.31677
-0.42768
-0.30343
-0.37051
0.60074
0.76782
0.34352
0.01991
0.23779
-0.97383
0.53855
0.25711
-0.24917
0.52087
-0.16642
-0.30382
0.23627
0.19188
-0.13886
0.24816
-0.07680
-0.76591
-0.72273
-0.14486
0.76519
-0.35012
-0.43918
0.59306
0.44989
0.16056
0.12369
0.77299
0.64468
-1.45078
-0.23744
0.07994
0.44285
-0.62447
0.27318
-0.00780
0.25028
-0.28080
-0.14978
-0.15816
-0.13391
-0.33259
0.01195
-0.31885
0.46544
0.40088
0.25481
0.50174
-0.70881
-0.25652
-0.50466
-0.11802
-0.12071
-0.15377
-0.57291
0.20639
-0.73251
0.21685
-0.28309
-0.25308
0.53884
0.08426
0.57223
0.12882
-0.34854
0.88004
-0.25531
0.33548
-0.76509
-0.27213
-0.95705
-0.71236
-0.85105
0.74122
0.39086
-0.92213
-0.09823
-0.47944
0.16017
0.37505
0.02192
0.45416
0.21100
-0.10435
0.28430
0.98852
0.08576
0.38735
0.38116
0.39530
0.25731
0.47524
0.36256
0.54623
0.71561
-0.08630
0.01945
0.02664
-0.08135
0.38551
0.05364
-0.16516
0.12338
0.47912
-0.59125
-0.91548
-0.01367
-1.10726
0.32757
0.29246
-0.06238
0.21935
0.05771
0.14835
0.03415
0.38931
0.18227
-1.12603
0.17608
-0.64677
0.29467
0.02090
-0.05995
-0.37872
0.15277
-1.09145
-0.45708
-0.44304
0.20284
-0.00218
0.02924
0.17392
-0.95015
0.16555
0.27096
-0.93501
-1.41231
-0.56169
-0.30860
-0.42550
-0.40123
-0.19478
0.36220
-0.10745
-0.63727
-0.43093
0.74594
-0.29612
0.22095
-0.48540
-0.08834
-0.78448
-0.11045
0.00496
0.28731
-0.70991
-1.16410
-0.15740
-0.06695
-0.05299
0.52671
-0.06452
0.56714
0.56598
-0.35757
-0.24658
-0.32625
0.18530
-0.03048
-0.23441
-1.10008
-0.88091
0.36286
0.05705
0.41022
-0.45320
0.34522
0.03331
-0.12899
0.16171
-0.30330
-0.63115
0.42673
-0.33663
0.11047
-0.67065
-0.66478
-0.22157
0.14686
-0.58284
0.23534
-0.19631
-0.06825
0.56192
-0.13917
0.11299
0.37304
-0.34613
0.41351
-0.19246
-0.41493
0.02883
0.42280
-0.59607
0.14740
0.38738
0.43391
0.40394
-0.28286
-1.13165
-0.70394
0.60207
-0.59065
-0.46931
0.55538
-1.18247
-0.45899
-0.67460
-0.27474
0.56554
0.49419
-0.01120
-0.13826
0.14162
0.37209
0.33679
0.33181
0.37751
-0.35188
-1.58841
-0.15172
0.22745
-0.38362
-1.46944
0.41789
0.08723
0.50257
-0.26849
-0.09489
-0.08108
-0.27627
0.53575
0.17545
-0.36844
-0.09477
-0.71890
-0.15952
0.33286
-0.14476
-0.15272
0.02394
0.53798
-0.08096
0.32445
0.10385
-0.21145
0.28091
-0.14187
0.33625
-0.16361
-0.04929
-0.01899
-0.98493
0.44311
-0.50949
0.47892
0.01002
-0.87783
-1.50482
-0.09372
-1.25751
0.31887
0.39830
-1.07822
-0.14823
0.19774
0.38993
0.01208
0.00659
-0.95695
0.07947
0.56742
-0.02283
-0.78896
0.30605
0.04455
-0.18752
0.20298
-0.26061
-0.19644
0.30124
-0.33130
0.53780
-0.31970
0.21805
0.44350
-0.27630
0.35118
-0.35978
-0.32666
0.03303
0.44792
0.42456
0.78060
0.02021
-0.02825
0.10297
0.07714
0.00801
0.00098
0.46452
-0.31126
0.45599
0.06048
-0.40327
0.67265
0.34259
-0.40263
0.46760
-1.96929
0.62237
0.69325
0.31675
0.43304
0.33362
0.43695
0.52971
-0.06807
0.17338
-0.31271
0.52743
-0.68198
0.38654
-0.05811
-0.07061
0.25838
-0.53841
0.34953
0.58451
-0.04792
0.23823
-0.67254
-0.06971
-1.02098
0.24470
0.21837
0.33290
0.28894
0.53714
-0.12322
0.06292
-0.05149
-0.35834
0.49376
0.14375
-1.63899
-0.44011
0.23785
0.07535
-0.35806
0.16735
0.61833
0.26258
0.63455
-0.03528
0.36179
-0.05233
-0.15365
-0.91911
0.17951
0.26571
0.20814
0.55663
-0.02279
-0.44414
0.94451
0.23060
-0.51601
0.06543
-0.95807
0.26333
-0.00826
0.85099
0.10529
-0.34867
-0.42799
0.11323
-0.40620
-0.24458
0.65008
-0.39189
0.71678
-1.45351
-0.27270
-0.51815
0.76572
0.21364
0.50045
0.33203
0.38258
-0.37190
0.66933
0.12465
0.04347
-0.23178
-1.24819
0.40332
-0.33721
-0.64688
-0.63652
0.17487
-0.65754
-0.17828
-0.25146
-0.91204
0.35824
0.70465
0.62965
0.45525
-0.55837
0.31023
-0.01539
0.30021
-0.31827
-0.15992
-0.08578
0.19926
0.28423
-0.89452
0.24842
-0.52405
0.34326
0.32914
-0.22176
0.41779
-0.21896
-0.19967
-0.34345
-0.29825
-0.05174
-0.25052
0.34724
0.52146
0.20736
-0.11242
0.25468
-0.13141
-0.98876
0.20976
0.68361
0.32302
0.33851
0.62327
-1.22749
0.04669
0.22671
0.14156
0.42319
-0.04487
0.18973
0.64731
-0.04939
-0.05786
0.08666
0.07956
-0.20958
0.13344
-1.10371
-0.03146
0.33992
0.38595
0.18178
0.40809
0.09676
0.54017
0.36963
-0.20478
0.48116
0.30866
0.47408
0.39381
0.40763
0.54760
-0.19140
0.32906
-0.03010
0.21194
-0.81486
-0.12472
0.11508
0.34137
-0.00784
0.08773
0.29825
-0.20941
-0.54280
-0.19154
0.76141
0.24662
0.02965
-0.98903
0.25957
-0.13432
0.21538
-0.34917
-0.26615
0.10231
0.13892
0.26622
-1.48221
0.26470
-0.78198
-0.33193
-0.05264
-1.41644
0.01437
0.17476
0.30190
0.41067
0.08479
0.36332
0.34249
0.35036
0.21401
-1.06667
0.11223
-0.27697
0.03596
-0.75404
-0.08782
0.20384
-0.56008
0.17534
-0.20637
-0.95866
0.32105
0.47450
0.18131
0.58018
-0.30048
-0.19147
0.72569
0.84796
0.16196
0.15982
0.17998
-0.23374
-1.69732
0.49702
-0.35886
-0.38141
0.18664
0.12815
0.14509
-0.94619
0.19321
0.12786
-0.30659
0.20367
-0.49466
-0.25535
0.47515
-0.59672
-0.23928
0.54830
-0.92361
0.14819
-0.24246
-0.22540
-0.20831
-0.61658
-1.00927
-0.22607
-0.98233
-0.13715
-0.60726
-0.49228
-0.13071
-0.22294
-0.22680
-0.54524
0.54542
0.46156
0.86572
0.15652
-0.61130
0.14904
-0.26407
-0.14750
-0.29713
-0.60260
-0.50630
-0.56953
0.33385
-0.64008
0.13192
-0.21005
-0.41467
0.52773
0.13694
-0.56082
0.75768
0.57769
0.18907
-1.09551
0.56693
0.46850
-0.97986
0.45565
-0.61933
0.47493
-0.49857
0.49914
-0.72973
0.44928
0.42651
0.56221
-0.37474
-0.95816
0.15553
-0.36674
0.16310
0.08053
0.37737
-0.32718
-0.09052
0.41279
0.17600
-0.16750
0.10359
-0.10801
0.47478
-0.01205
0.15088
-0.04556
0.04131
0.46792
-0.14984
-0.17874
-0.11855
0.43973
-0.04098
0.18285
0.31048
-0.16401
-0.10220
-0.07843
0.28159
-0.11334
-0.48406
-0.19725
0.12493
-0.03969
-0.11336
0.17537
0.27263
-0.66230
0.16037
-0.18597
-1.67986
-0.31849
0.54430
-0.27978
-0.48603
-0.51947
-0.84645
0.47664
0.02055
0.12359
0.22639
-0.05679
-0.98702
0.25670
0.09536
0.41525
0.36969
0.09800
0.69893
-0.36120
-0.83745
0.62886
0.35323
0.69080
0.67918
0.50612
0.59190
0.48014
0.36217
-0.25620
0.50289
0.07471
-0.03166
0.45201
0.39737
0.08834
0.19616
0.15616
0.54014
0.56545
0.52524
0.44908
0.49583
-0.67973
0.50575
0.25250
0.42067
0.39051
0.15545
0.80154
-0.22853
0.15890
0.10590
-0.17764
0.25763
0.41477
-0.23195
0.12676
-0.55970
0.21074
0.09870
-0.26360
0.12482
-0.23791
-0.23066
-0.16773
0.04938
0.13878
-0.18026
-0.55541
-0.20324
-0.18878
0.09033
0.22441
0.12569
0.50988
-0.45144
0.11371
-0.29361
-0.28618
0.33314
-0.00842
0.65258
0.38838
-0.44285
0.08604
-0.72033
-0.80398
-0.82217
-0.44789
-0.85448
-0.52003
0.04523
-0.25504
-0.15152
0.22545
-0.44691
0.57264
-1.08728
-0.61568
0.62275
-0.69241
-0.59799
0.35581
-0.75522
-0.15155
-0.87426
-0.12234
-0.25087
0.42974
-0.14896
-0.47470
0.33062
0.16032
0.45133
0.05879
0.44877
0.10101
0.37507
-0.00496
0.18245
-0.18291
0.35041
0.31561
0.17133
-0.03920
-0.54505
0.60998
-0.03308
-0.09760
-0.07850
-0.32460
0.52058
0.21066
-0.05027
-0.22704
-0.92265
-0.02883
-0.77308
-0.27421
-0.09604
-0.97181
0.31559
-0.71096
-0.76052
0.09885
0.36114
-0.51301
0.53983
0.24001
0.12917
-0.55981
0.54321
0.40181
-0.14104
0.54932
0.28720
0.31267
-0.40296
0.28660
-0.20090
-0.14330
-0.53452
-0.09352
0.24613
0.32035
0.30107
-0.15037
0.17398
0.11685
-0.02968
0.04774
0.54310
-0.80157
-0.51156
-0.02850
-0.51443
-0.30706
0.28755
0.45717
-0.11915
0.04912
0.54127
-1.19393
0.05657
0.34132
-0.54403
0.37887
0.06650
0.34652
-0.02660
-0.31415
-0.35525
-0.01058
-0.17885
