0.24649
0.01267
-0.08717
-0.57514
0.06848
0.44911
-0.35907
0.55414
0.21451
0.03862
0.27960
0.12745
-0.05448
-0.23191
0.45004
0.09654
0.06458
0.12404
0.22049
-0.24777
0.60732
0.62850
0.03353
0.37320
-0.14312
-0.19697
-0.72905
-0.13765
-0.28414
-0.59479
-0.12475
0.17305
-0.24305
0.25932
-0.18575
0.75630
0.62610
-1.08049
0.23205
-0.44248
0.27643
0.47266
-0.03779
0.02256
-0.70163
0.40305
0.49970
0.56478
0.81889
0.45737
-0.24159
0.39167
0.32556
0.34075
-0.69016
-0.68667
-0.94889
0.38156
-0.51532
-0.35822
0.03014
0.37819
0.19291
-0.07633
-0.05953
0.23732
0.91252
-0.26184
0.48258
0.40184
0.61771
0.19554
-0.41515
0.11385
-0.13522
-0.50664
0.11899
-0.46318
-0.04948
0.03782
0.63292
0.79472
0.85796
-0.29052
-0.11882
0.46609
0.31263
-0.07411
-0.21352
-0.11430
0.09325
0.54512
-0.10075
0.08557
0.22544
-0.20258
-0.03092
0.52229
0.20156
-0.00807
0.04305
-0.01784
0.00361
0.22615
0.61800
0.33898
0.18360
-0.88879
-0.46121
-0.21366
0.04500
0.10557
0.15190
-0.01257
0.02436
0.32147
0.30109
-0.78025
-0.19619
-0.68216
0.60099
0.25963
-0.49040
-0.68225
0.61970
-0.02337
0.32733
0.41832
-0.15974
-0.04429
0.51261
0.51045
0.24757
-0.21889
0.47523
0.04410
0.55156
-0.09912
0.11836
0.23437
-0.46740
0.16312
-0.03184
0.20722
0.26961
0.07989
0.06784
-0.10399
0.11813
0.44407
-0.49162
-0.64313
0.33537
0.52603
-0.52476
0.51777
0.04872
-0.69788
0.10592
0.14580
-0.17486
-0.29740
0.40019
0.11048
0.00561
-0.44556
0.70808
0.91478
0.40092
-0.70476
-0.28797
-0.54971
-0.70679
-0.58504
0.18723
-0.08545
-0.46243
-0.65247
0.49306
0.69419
0.20720
0.00237
-0.07980
0.02990
0.51775
-0.21248
0.41783
0.19882
0.06299
0.50175
-0.52805
0.18242
-0.21338
0.34537
-0.77404
0.47582
0.44729
-0.33252
-0.93487
0.90068
0.35930
0.16188
0.01053
0.08946
0.06076
0.38941
-0.50454
-0.24783
0.36827
0.24426
-0.25999
-0.10515
0.51498
-0.51795
-0.23643
0.31124
0.03018
-0.18139
0.14486
0.39387
0.31519
0.55537
0.56662
0.19070
0.44087
-0.66830
-0.13407
-0.54308
-0.26348
-0.19877
-0.20864
-0.26486
0.09643
-0.27753
-0.10162
0.62388
0.38037
0.15897
-0.22045
-0.31043
0.17027
-0.25915
0.14304
-0.31419
-0.16342
-0.10625
0.21877
-0.26445
0.26100
0.15430
0.08679
-0.49746
0.40781
-0.48418
-0.41363
0.11145
0.27370
0.36977
-0.05568
-0.08206
0.38785
0.17287
-0.84335
0.09057
-0.26478
-0.26807
-0.41836
-0.08814
-0.01165
0.86437
-0.26455
0.09774
0.24770
0.46257
-0.07064
-0.80942
-0.14227
-1.07282
0.58318
0.36209
0.45367
0.60544
-0.15977
0.42829
-0.38570
-0.06647
0.11284
0.36743
0.01745
-0.29491
-0.46947
-0.12986
-0.77221
0.11030
0.28778
-0.27627
0.49696
0.01212
-0.74460
-0.33340
-0.57716
-0.48435
-0.09384
-0.29094
0.02733
-0.32731
0.20971
-0.88437
-0.26009
0.28011
0.44877
-1.10349
0.03024
-0.11249
-0.74811
0.31876
-0.05248
0.06066
-0.04828
0.54413
0.49583
0.07710
0.33723
-0.39408
-0.52496
0.27817
0.56161
0.15615
-0.10784
0.23804
0.27173
-0.03435
0.43001
0.37582
0.58173
0.02604
0.55597
0.10708
0.27115
-0.53358
-0.00856
0.31634
0.72888
0.00596
-0.45728
0.49576
0.51553
0.13058
-0.67787
0.29409
-0.25021
-1.22258
-0.27692
0.41679
0.29894
0.01389
0.08074
0.21972
0.19440
0.34519
0.20666
0.11378
0.18672
-0.28430
0.07278
0.22557
-0.06823
0.80090
0.72398
-0.34327
-0.63760
0.40485
0.61398
0.37515
0.40122
-0.16682
0.01821
0.05235
0.47806
-0.12809
-0.78345
0.09442
-0.22028
-0.22323
-0.37795
0.04350
0.21794
0.68910
0.13081
0.37851
-0.34975
-0.01048
-0.15902
0.39871
-0.14383
-0.38616
0.63475
-0.42518
-0.05821
0.56872
0.18852
0.46041
0.17375
0.12820
-0.28089
0.09240
0.35307
-0.21734
0.09020
-0.18973
0.09219
0.00718
0.22465
-0.47057
0.00515
0.84015
-0.80994
-0.28428
-0.32620
-0.39466
-0.09240
0.74947
0.23108
0.20982
0.42317
-0.12907
-0.56150
0.17261
-0.10381
-0.08515
-0.58487
-0.37946
0.07852
0.55562
0.26447
0.02334
0.10608
0.30306
-0.48378
0.28936
0.26152
0.39277
0.09351
-0.00392
-0.33230
0.29223
-1.59908
0.31679
0.50429
0.14842
-0.06317
-1.40822
-0.00902
-0.43639
-0.47069
0.03014
0.44260
0.31610
0.20250
0.38061
0.07435
-0.68835
0.10996
0.59150
0.17287
-0.28140
0.07286
0.09220
0.09969
0.49851
-0.30394
-0.82415
0.26800
-0.29581
0.37529
-0.33266
-0.83335
0.12743
0.35683
0.07643
0.07383
-0.42812
0.07973
0.12696
0.33681
0.09925
0.18097
0.09774
-0.11581
0.27713
-0.35136
-0.52644
0.27119
0.33850
0.41263
-0.31892
0.34008
0.12624
-0.29682
0.36932
0.42359
-0.21105
-0.04869
0.12922
0.57403
0.45730
-0.22508
0.02438
0.40404
0.76232
-0.02420
0.39893
0.48276
0.39547
-0.30568
-0.06188
-0.00605
0.30376
-1.61404
-0.73523
0.64782
0.31089
0.41519
0.46277
0.39689
0.14567
-0.08315
0.03706
-0.26363
-0.60636
-0.55169
0.22879
0.24668
0.38726
0.02434
0.37345
0.20154
0.56882
0.02128
0.34065
-0.18044
-0.54837
-0.21898
0.02281
0.32262
-0.48243
-0.10818
0.33445
0.47542
0.35266
-0.25701
0.20973
-0.56264
0.17459
-0.13784
-0.63966
0.34506
0.22652
0.36133
-0.44143
0.39033
-0.32130
0.19684
0.18752
0.51468
0.13660
0.03811
0.05506
-0.31597
0.65603
0.05950
-0.06272
0.36051
0.22150
0.32862
0.29526
-0.41108
0.37237
-0.82412
0.25734
-0.19173
-0.36462
0.39380
-0.31925
0.26620
-0.06834
0.05987
0.74840
0.32931
0.51156
0.23415
0.86057
0.11556
0.45523
0.17871
-0.07501
0.15875
0.75876
0.03076
-0.82426
0.63427
0.19146
-0.26288
0.38340
-0.51017
-0.31350
0.09120
-0.03235
0.02154
-0.00173
0.26392
0.25492
0.11214
-0.07570
-0.35505
0.06941
0.41633
0.01227
0.90776
0.05078
0.36212
-0.33860
-0.05992
0.18943
-0.42760
0.71126
0.17589
-0.37978
0.79013
-1.15233
-0.37936
0.25197
0.31126
-0.11991
-0.06863
0.36524
0.14802
0.07676
-0.12486
0.36823
-0.33646
0.08882
-0.80620
0.00246
-0.59576
0.30987
-0.00620
0.46095
-0.30559
-0.22613
-0.16538
0.03280
-0.03434
0.06981
-0.63515
0.11161
0.02853
0.19054
0.17505
-0.36704
-2.18937
0.40939
-0.08737
0.20684
0.47367
0.34555
-0.55737
0.72569
0.52725
0.30052
0.27240
0.10098
-0.01187
0.05036
0.14566
0.12306
0.35416
0.34352
-1.50682
0.77348
0.83045
-0.13300
-0.12690
0.68813
-0.19315
0.29254
-0.12638
0.40929
-0.08003
0.00181
0.15984
0.58447
0.48498
0.15135
0.03000
0.08200
-0.37710
-0.00073
-0.28869
0.47080
-0.18522
0.42781
0.69149
0.48062
-0.08400
0.23164
-0.18120
0.35132
-0.11923
0.24645
0.20557
-0.02208
0.12973
0.73372
0.56526
0.54548
0.73731
0.19395
0.60847
0.31621
0.27225
-0.48061
0.69958
-0.05965
0.13262
-0.57531
0.21727
0.15788
-0.28764
-0.82996
0.27723
0.01963
0.61112
0.24870
0.32371
0.56179
0.10463
0.14226
0.22182
0.32252
0.39554
-0.17303
-2.04669
-0.30873
0.22347
0.13982
0.44273
-0.36716
-0.13296
0.15053
0.51634
-0.26128
-0.44470
0.21721
0.51792
0.43688
0.23078
-0.13403
0.14207
0.80993
-0.30439
-0.09227
0.17078
0.05416
0.08759
0.30511
0.59626
-0.32044
0.05048
0.15011
-0.03964
0.36740
0.17752
0.52652
-0.04935
0.16864
-0.27548
-0.10348
0.33218
-0.53003
-0.02347
0.51429
-0.21623
0.36370
-0.40902
0.63361
0.52198
0.14696
0.12782
-0.30914
0.13048
0.01984
-0.37562
-0.01183
0.15813
0.43856
0.08420
-0.10154
-0.58392
0.11838
-0.33980
0.68765
0.08350
0.20666
0.13585
-0.30633
0.20665
-1.04393
-0.12718
0.34870
0.20133
0.41594
0.41349
0.82477
0.18248
-0.60364
0.49655
0.34727
0.73969
-0.20460
0.27121
-0.13339
0.20114
0.25298
0.05716
0.25491
-0.25180
0.70164
0.12864
-0.17494
-0.62962
-0.08852
0.72121
0.45551
-0.34622
-0.81369
0.19626
0.46878
-0.19612
-0.26347
0.41914
-0.11409
0.70866
-0.10926
-0.13677
0.13654
0.34384
0.18299
0.48233
-0.17269
-0.00794
0.26047
0.01161
0.75622
0.55611
-0.66818
-0.26133
0.09414
-0.23298
-0.50723
-0.01490
0.32514
-0.01857
-1.05955
-0.03845
-0.21764
0.46361
-0.00014
-0.52749
-0.03023
0.09629
-1.42546
-0.00616
-0.00779
-0.91514
0.44504
0.29570
0.10428
-0.24563
0.49624
0.28461
-0.03696
0.38457
-0.38901
-0.34205
0.60439
0.10088
0.62070
0.90057
0.32592
0.15112
0.39522
-0.72210
0.46905
-0.14987
0.08126
0.03402
0.25448
0.31442
-0.49099
-0.36419
0.21713
-0.13351
-0.46845
-0.55682
0.30778
0.28152
0.32543
-0.02918
-0.26747
0.37731
-1.55270
-0.30578
-0.31475
0.12224
0.41684
0.39184
0.22535
0.20766
0.17822
0.08089
-0.65077
-0.25325
0.19823
0.02746
0.09166
0.44537
0.52296
-0.01207
0.88310
-0.17485
-0.44017
0.60186
0.02781
0.16124
-0.72874
0.47260
0.00066
-0.28370
0.11791
-0.00380
-0.26433
0.40463
0.58216
-0.30182
-0.77782
0.29997
-0.00524
0.46735
-0.37373
-0.61679
-0.51947
0.13860
-0.59431
-0.32182
-0.18254
0.13794
-0.05823
0.26719
0.72141
0.05940
-0.06279
-0.38599
-0.20123
0.03943
0.40493
-0.06960
0.48335
-0.42687
-0.07730
0.45714
0.19061
0.09601
-0.14447
-0.10747
0.28568
0.00499
0.08535
0.72630
-0.16700
-0.57037
-0.12716
0.69147
0.18038
0.15203
0.28507
0.15517
-0.11768
0.77149
0.68601
-0.14245
-0.45659
-0.82391
-0.43640
-0.77528
-0.48485
0.02360
-0.14238
-0.07912
-0.29694
0.59805
0.40044
0.20519
0.37843
0.64109
0.45433
-0.07311
0.20084
-0.20620
-0.69506
-0.19157
-0.36737
0.69250
-0.41335
0.48658
-0.23829
-0.22028
0.36034
0.33462
0.35735
-0.34073
0.54190
-0.45946
-0.57245
0.16847
-0.76456
-0.04187
0.10319
0.27060
0.69242
-0.29580
-0.16088
0.17351
0.39034
-0.21451
-0.10291
-0.76831
-0.07901
0.12806
-0.12140
-0.13825
-0.34677
0.38294
-0.26283
0.60099
0.55258
0.36547
-0.58303
0.03203
-0.03608
0.07004
-0.14880
-0.67144
0.10335
0.02886
0.26986
0.65889
-0.20050
0.38657
-0.00826
0.39829
-0.02740
-0.53724
0.59496
0.12670
0.06995
-0.08856
0.50695
0.16285
0.15524
0.15329
-0.42384
-0.38062
-0.12632
0.20082
-0.16027
0.60248
0.08063
-0.23403
-0.70112
0.24492
0.75545
-0.30925
0.48375
0.62365
0.07439
0.42422
0.38538
0.41701
0.14856
0.11982
0.24188
0.30280
-0.56059
0.06447
0.09630
0.05853
-1.09269
0.00307
-0.70262
0.53538
0.14915
0.01936
0.01623
0.44362
0.49742
-0.19576
0.54296
0.55241
0.48293
-0.07218
0.21761
0.35415
0.14694
-0.29504
-0.44945
0.38583
-0.22306
0.48216
0.30087
0.10069
-0.06514
0.33692
-0.40008
0.34663
0.16082
0.35528
0.68039
0.46774
-0.45894
-0.16801
0.43163
0.34606
0.10855
0.84431
0.43966
-0.53866
-0.02039
-0.77059
0.11949
0.11120
0.00915
0.37057
0.28388
-0.03789
-0.45075
-0.02957
-0.19790
0.50610
-0.01346
-0.05886
0.61367
-0.17827
-0.84300
-0.20332
0.00371
0.31516
-0.10791
0.45994
0.55207
0.27765
0.31709
-0.69209
-0.28306
0.54625
0.05156
0.29383
-0.15482
0.10018
-0.52297
-0.07383
-0.17902
-0.22489
0.34921
0.06116
0.41551
0.24621
-0.27878
-0.06021
0.10075
0.36242
0.05759
-0.46989
0.18242
0.02784
0.77843
-0.21359
0.14009
-0.16052
0.57898
0.46354
-0.14280
-0.03874
0.67329
0.35031
0.37092
0.14791
-0.22780
-0.03327
-0.19348
0.17338
0.51333
-0.00535
0.31818
-0.48548
0.20733
0.33988
0.14138
-0.05360
-0.53054
0.17876
0.01477
-0.36573
0.22697
0.08809
-0.63174
0.10238
-1.29778
0.00507
-0.10838
0.23590
0.43305
-0.18175
-0.09237
0.20763
-0.18326
-0.10082
0.48865
0.55881
0.10879
-0.36178
-0.53548
0.28493
-0.16768
-0.15357
0.15163
-1.30519
0.40702
0.61514
0.00857
-0.19231
0.56865
0.01479
0.52409
-0.02481
-0.04277
-0.47936
0.18788
-0.15719
0.41214
-0.05450
-0.01830
-0.33717
-0.47190
0.42270
0.25136
-0.34679
0.30934
-0.01754
-0.49735
-0.04145
0.10420
-0.61489
0.28173
-0.12531
0.53975
0.28923
0.12975
0.22220
0.25240
0.19629
0.27465
0.25844
0.28129
-0.67786
0.33341
-0.09084
0.14370
-0.12790
-0.00951
0.56069
-0.28328
0.47792
0.50070
-0.84165
0.39249
0.03078
0.01431
0.03026
0.30116
-0.33678
0.27683
0.34242
0.10837
-0.02986
-0.09114
-0.12238
0.47073
0.62217
-0.04523
0.34525
-0.03250
0.23753
0.50700
-0.16178
-0.57520
0.29182
0.42931
0.33350
0.31756
0.11744
-0.10071
0.42080
0.66922
0.13563
-0.32615
-0.07491
0.16368
0.56432
-0.69245
-0.30379
0.47338
-0.23333
0.09336
-0.08834
-0.35155
0.22212
-0.49188
-0.08828
-0.44717
-0.07812
0.45607
-0.04431
-0.26953
0.48261
-0.36034
-0.20969
-0.50776
0.00921
0.19217
-0.46290
0.45457
0.13310
0.65748
-0.28767
-0.75154
0.34648
0.46253
0.33817
0.06958
0.37194
0.49613
-0.09884
-0.28212
0.02159
0.06509
0.54504
0.19054
-0.01512
0.18788
0.17540
0.48011
-1.07159
0.26792
-0.18161
0.21895
0.33847
0.44378
0.29690
-0.13790
0.41117
-0.02374
0.10123
0.17513
0.31303
0.03104
0.06846
-0.72566
0.09873
0.32746
0.32534
-0.95792
0.80976
-0.48837
0.45047
-0.11268
-0.15623
0.20440
-0.14455
0.13600
0.18289
-0.05193
-0.94288
-1.70142
0.15527
-0.04596
0.10525
0.36743
0.68532
0.12614
0.30393
0.46986
0.33432
-0.47789
-0.09250
0.23621
0.12357
0.63487
-0.37303
0.50007
0.75307
0.03003
0.49294
0.07175
-0.22649
-0.42307
0.36270
0.61476
0.58975
-0.62479
0.27501
0.08198
0.47664
-0.37704
0.17690
0.65239
-0.01876
-0.20896
0.01618
-0.11460
0.49389
0.43614
0.61343
-0.57952
0.36544
-0.34512
0.63092
0.31199
0.15131
0.26483
0.00806
-0.80020
0.13349
-0.52288
-0.34483
0.11025
0.39765
0.68416
0.04073
-0.10065
-0.14866
-0.00724
0.01890
-0.22826
0.55733
0.20021
-0.29646
-0.32723
-1.14465
-0.12406
0.17536
0.02970
0.55563
-0.27813
-0.09082
0.46328
0.42640
-0.26081
0.07561
-0.12064
-0.27380
-0.51122
-0.34713
-0.01299
0.17635
0.29473
-0.01292
-0.05415
0.77624
0.36380
0.03940
0.55657
-0.20070
0.76082
-0.19138
0.21402
-0.27763
-0.20611
0.23619
-0.85291
-0.49686
0.07426
0.42274
0.03227
0.13875
-0.69366
0.35948
-0.19194
0.02226
0.06909
0.17636
0.01024
0.13353
0.04774
0.03309
0.07352
0.09967
0.20615
0.13041
0.15667
0.09433
0.15495
0.13030
0.05813
0.02442
0.15891
0.16950
0.21041
0.02162
0.16034
0.15735
0.15122
0.08742
0.13401
0.15865
0.04794
0.18793
0.09555
0.03157
0.16138
0.21046
0.15671
0.09418
0.14926
0.11842
0.04951
0.14109
0.13678
0.10207
0.04666
0.13745
0.04452
0.07076
0.05582
0.15485
0.02967
0.01604
0.02557
0.08097
0.12433
0.01525
0.18345
0.09843
0.11879
0.17566
0.13570
0.20484
0.03839
0.01386
0.05934
0.08884
0.20412
0.13105
0.04736
0.08132
0.04864
0.17862
0.12406
0.13801
0.09983
0.20139
0.21135
0.20280
0.07148
0.01885
0.16220
0.19788
0.07093
0.16943
0.05809
0.03718
0.07437
0.16550
0.13613
0.05491
0.13951
0.19542
0.07639
0.16825
0.18469
0.16576
0.07538
0.08277
0.14684
0.18860
0.04579
0.14054
0.00867
0.00784
0.16496
0.05790
0.09600
0.05493
0.13293
0.18696
0.03112
0.01385
0.11700
0.19671
0.00033
0.04167
0.03984
0.13152
0.18852
0.18748
0.00901
0.14545
0.02974
0.06127
0.13418
0.17670
0.05667
0.11309
0.04477
0.11995
0.18823
0.04429
0.15234
0.07104
0.05559
0.07023
0.19495
-0.13434
0.09497
-0.02451
0.05476
0.06223
-0.01567
0.15570
0.18337
0.11734
-0.12224
0.29874
-0.14518
0.17654
-1.15387
-0.56197
0.38555
0.07897
0.60336
0.06377
-0.21156
-0.67971
0.06020
0.12682
0.13236
-0.59852
0.12604
-0.03752
-0.32136
0.48006
-0.20723
-0.71461
0.02666
-0.02363
0.76700
-0.35089
-0.37358
0.11240
0.50514
0.12841
0.57907
-0.45828
0.50017
0.68534
-0.13133
-0.89419
-0.16606
0.06564
0.29481
-0.43658
0.72607
0.53264
0.77585
0.02114
-0.33423
-0.08134
0.43609
0.16614
0.24347
-0.46509
-0.41502
-0.90619
-0.45919
-0.94176
0.55841
-0.76180
1.49446
0.30001
-0.50833
0.42923
-0.01576
-0.44588
0.00656
0.36068
-0.80690
-0.00678
0.05743
-0.26464
-0.34239
0.05344
0.59647
-0.38355
-0.20077
0.10211
0.37664
0.31166
-0.11643
0.15556
0.18262
-0.43110
-0.33049
0.66914
0.60697
0.35324
0.63167
0.19260
-0.95778
-1.02714
0.15197
0.46112
0.08961
-0.21525
0.56920
-0.28956
0.79320
-0.57637
-0.32181
0.46731
0.60626
0.18716
-1.41025
0.27550
-0.07157
-0.74523
0.52292
0.57909
-0.73824
0.22229
-0.04691
-0.00506
-0.08709
-0.40737
-0.06049
0.92688
-0.35727
-0.74956
0.24661
-0.16551
-0.03605
0.71440
0.24127
0.15854
0.03350
0.80089
-0.61841
-0.52253
0.21284
0.10734
0.23831
0.53509
-0.22350
0.52006
0.43389
-0.61824
0.54838
0.20543
0.40194
0.06747
0.25471
0.32693
-0.30329
-0.42190
0.29803
-0.61371
0.04066
-0.23171
-0.31874
-0.17571
0.88698
-0.28493
0.24713
0.18892
0.40244
0.50855
-0.54558
0.01824
-0.88268
-0.09910
-0.29480
0.60643
-0.78712
-0.34083
0.60846
0.63175
-0.89616
0.10007
0.79271
0.07720
-0.06542
-1.42901
0.02910
0.46687
0.41795
0.54049
0.64531
0.32489
-0.02055
0.23890
0.49042
0.23879
-0.50202
-0.28158
0.74369
0.12660
0.48823
-0.42551
-0.03669
-0.02326
-0.65744
0.41966
0.01574
0.07588
-0.25304
-0.66845
-0.48709
-0.20654
0.12510
-0.15586
-0.04069
-0.12672
0.16783
-0.17685
-0.08334
0.37022
0.04059
-0.09681
-0.58799
0.61739
0.40282
-0.86129
-0.06690
0.36874
0.67106
-0.65228
0.44341
-0.68112
0.43717
-0.24948
-0.00662
-0.23514
0.02218
-0.70405
-0.85909
-0.02020
-0.14009
-0.08157
0.35077
-0.34629
-0.13352
-0.05839
-0.06476
-0.13346
-0.20174
-0.05255
0.11481
-0.06038
-0.10898
-0.10563
0.00671
-0.00612
-0.18870
-0.15981
0.11379
0.00950
-0.94842
0.21390
0.09768
-1.08403
-0.20813
0.03583
-0.46400
-0.09362
0.37507
0.32376
0.02080
0.13101
0.19032
-0.27624
-0.56726
0.45889
0.11494
-0.82336
0.37817
0.30011
-0.61655
0.14364
-0.12473
-0.34105
-0.27583
0.24443
0.54947
-0.08097
0.08470
0.17901
0.55328
0.29773
0.12112
0.19818
0.35763
0.13466
-0.00092
0.36239
0.53793
0.28964
0.50893
-1.04424
0.69087
0.12379
0.25617
0.00815
0.44170
0.38313
0.43823
0.04646
0.24001
0.48121
0.26486
-0.12703
0.67093
0.67853
-0.20583
0.38147
1.43858
0.42679
-0.48314
0.14320
-0.55325
-1.27523
0.03255
-1.64077
0.03233
0.43358
0.06485
0.02325
0.18125
-0.49009
-0.29433
0.56865
0.22817
0.17640
0.73703
0.13743
0.23340
-0.54126
0.11385
0.16618
0.46368
-0.00788
0.39336
0.45719
0.41789
-0.19180
-0.97387
-0.29058
0.14016
-1.08967
0.26851
-0.37393
0.34500
-0.19950
-0.07078
-0.21426
-0.29669
0.40218
0.32702
-0.89767
0.36295
-0.38519
0.56691
0.48223
0.11667
0.22293
0.22606
0.13870
-0.07866
-0.17642
-0.48418
0.06255
0.00126
-0.50717
-0.09684
0.57178
-1.10446
0.60378
-0.50513
-0.16203
-0.56340
-0.31484
-0.04919
-0.06438
-0.60726
0.17553
0.35870
0.09950
0.67076
0.24317
-0.03137
0.39359
-0.00103
0.17653
0.79378
0.35946
0.33279
-0.24043
-0.57332
0.28258
0.12938
-0.44728
0.44945
-1.15163
-0.15214
0.25385
0.38221
-0.56723
0.63552
0.85758
0.17900
0.36392
-0.22578
0.08879
-0.44153
0.16483
-0.67236
-1.06435
-0.04859
0.43098
-0.06542
0.27924
-0.36849
0.06507
-0.00825
0.15525
0.04376
-0.23066
0.11841
0.06763
0.23952
0.26845
-0.41027
0.01817
0.00891
-0.75719
0.02968
0.38355
-0.03997
-0.48875
0.63490
0.16207
0.01484
-0.63605
-0.02340
0.48759
-0.52537
-0.65588
0.13038
0.34806
0.42748
-0.07581
0.39840
-0.11463
0.58753
-0.68927
0.30153
0.09189
0.66424
0.61472
0.16963
-0.19670
0.07236
0.06384
0.04639
0.33651
-0.19414
0.29314
-0.19505
0.43515
0.50150
-0.01379
0.10234
0.74085
-0.10042
0.31573
-0.56338
0.04308
0.53597
0.19590
0.37150
0.25575
0.19108
-0.49522
-0.65749
-0.50912
-0.07725
-0.16277
0.20240
-0.36352
0.01627
0.23642
-0.23515
-0.07201
0.63085
0.36433
0.23007
0.41569
-0.44929
-0.06824
-0.70116
-0.20006
0.53669
-0.14709
-0.70922
0.56334
0.21764
0.74829
0.31703
0.42087
0.45222
-0.11290
0.22441
0.22494
0.45817
0.33833
-0.00761
-1.20372
0.21546
0.32456
0.13663
0.29265
-0.18995
-0.63164
0.55737
-0.24409
0.08814
-0.05045
0.60600
-0.08041
-0.10159
-0.10388
0.14650
-0.00856
-0.12154
-0.98726
0.65091
0.30383
0.08518
0.41257
0.75707
0.20836
-0.26554
0.47590
0.24915
0.05429
-0.00195
-0.56810
0.26111
0.53140
-0.07440
-0.62485
0.42766
-0.70058
0.05015
-0.23441
0.68020
-0.46855
0.74404
0.24155
0.35273
-0.88226
-0.27365
0.18373
0.48619
0.60573
0.40509
-0.14541
-0.92788
-0.15219
0.02986
-0.42592
-0.62917
-0.18302
0.06087
-0.24402
-0.55063
-0.80040
-1.06757
0.04412
-0.04521
-0.20055
-0.71583
-1.12015
-0.28647
-0.53319
0.02012
-0.35305
-0.71643
-0.09771
-0.29058
0.08684
0.10263
0.00753
-0.03646
0.09028
-0.54077
-0.04823
0.00034
-0.61998
0.51247
0.05770
0.24907
0.23028
0.13524
0.12431
0.50307
-0.49362
0.65261
0.06878
0.31578
0.62961
0.34460
0.15987
0.32829
0.34045
-0.08520
0.10971
-1.20861
-0.21883
-0.18569
-0.04650
0.33548
0.09897
-0.06900
0.33395
0.38456
0.53175
0.17388
-0.11675
-0.16518
0.03876
0.31115
0.05059
-0.10204
0.03384
0.31365
-0.07690
0.24548
0.01025
-0.06369
-0.49265
0.28366
-0.61405
-0.13585
0.59160
0.44070
0.41421
-0.17299
0.17283
0.20624
0.10742
0.35996
0.29732
0.19685
0.19886
0.03420
-0.27210
0.30411
0.46162
0.23978
0.13583
0.03933
-0.04048
0.27089
-0.90191
-0.15990
0.15434
-0.60576
-0.09443
-0.12641
0.15163
0.07726
-0.16530
-0.64385
-0.38034
-0.23457
-0.43356
0.74535
-0.60332
-0.69063
-0.39998
-0.47390
-0.90534
-0.89354
0.37370
-0.11506
-0.67066
0.08211
-1.17294
-0.15158
0.39716
-0.30283
0.34940
0.51186
-0.16583
0.10750
-0.85001
0.02766
-0.39202
-0.23878
0.21232
0.04534
-0.06608
-0.21305
-0.40314
0.24348
0.03381
-0.53004
-0.88923
-0.47546
-0.76946
-0.08647
-1.30414
-0.27852
0.15987
-0.73149
0.64681
0.19865
-0.21558
0.13701
0.13255
-0.74870
-1.48833
-0.16022
-0.19247
0.63511
-0.50171
-0.41003
-0.34503
-0.55585
-0.83703
-0.67231
-0.33365
-0.38344
0.13939
-0.53493
-0.91167
-0.92728
0.08207
-1.39008
-0.57039
-0.08608
-0.05008
-0.05880
-1.04558
0.62003
-0.06385
-0.66904
-0.40855
-0.23102
-0.64104
-0.03322
0.13628
-0.57859
-0.59745
0.22344
-0.14452
0.12120
0.66234
0.27490
0.50729
0.18354
0.47061
0.24240
-0.93559
-0.25111
-0.06428
-0.63878
-0.51444
-0.04122
-0.36525
-0.57625
-0.08211
0.29608
-0.01106
0.28882
0.37417
0.09240
-0.45873
-0.28307
-0.06297
0.00154
-0.91974
0.24322
0.45529
0.11231
-0.16387
-0.17549
-0.04520
-0.55130
-0.16575
0.35138
0.48315
-0.31748
-0.43201
0.18367
0.61197
-0.45779
0.44318
-0.53881
0.22592
0.47878
-0.47058
-0.24471
0.46223
-0.47251
0.23249
-0.79767
0.18055
0.52837
-0.93555
0.16002
0.07391
0.44574
0.30429
-0.26660
-0.96929
0.16003
0.49798
-1.12866
0.35241
0.61269
0.08103
0.04896
0.31928
0.01269
0.77177
0.24608
-0.04032
0.52679
-0.47015
0.78728
0.25130
-0.04357
-0.31220
0.07986
0.20259
0.04734
0.09983
0.44651
0.97699
0.18916
0.20590
-0.05732
-0.04976
-0.08676
-0.44267
-0.90467
0.04837
-0.70716
0.09556
0.92608
0.49370
0.06317
0.75694
-0.27944
-0.56586
0.38480
-0.55625
-0.63517
-0.00175
-0.10092
0.11559
-0.81372
-0.15765
0.06637
-0.66808
0.77375
-0.67760
0.57673
0.19972
0.91774
-0.48401
-0.38699
0.80239
0.31509
0.27372
1.00900
-0.34571
-0.25048
-0.19467
0.15415
-0.00204
-0.21115
-0.02097
-0.65737
-0.00330
0.20512
-0.33852
-0.36064
0.04285
-0.77740
0.13300
-0.04873
0.21668
-0.20356
0.34264
-0.10082
-0.09674
0.48616
0.53939
-0.34008
0.09914
0.51109
0.42675
-0.69558
-0.91792
-0.69860
-0.22324
-0.17879
0.03838
-0.13732
-0.54097
-0.30678
-0.59237
-0.55787
-0.92010
-1.14856
0.39085
0.33949
-0.16276
0.53934
0.49973
-0.81610
0.16815
-0.18283
-0.81979
-0.47005
-0.21466
-0.34723
0.39428
-0.40696
-0.20574
-0.52468
0.63348
0.17776
-0.54469
-0.12570
0.19563
-0.04693
-0.67849
-0.97324
-0.02754
0.35653
0.16749
-0.47308
-0.15103
0.38025
-0.27665
0.23152
-0.68437
-0.21079
0.29517
0.05994
-0.46964
0.10514
-0.16471
0.04513
-0.96815
-0.23184
-0.27107
-0.04598
0.02371
0.14525
-0.39116
-1.23502
-1.20697
0.36913
-0.17091
-0.13134
0.32730
0.07932
0.32075
0.12905
-1.24958
-0.39594
-0.48335
-0.22480
-0.92858
-0.97777
-0.15026
0.17863
0.12732
-0.04354
0.00391
0.66095
-0.43364
-0.14308
0.37705
-0.38372
-0.55025
-0.72420
-0.33994
-0.02190
0.09470
0.14909
0.00778
0.40930
-0.52324
0.14717
0.00540
-0.10168
0.01229
-0.24053
-0.43649
-0.05651
0.15978
-0.74417
-0.17858
0.19221
-0.16297
0.29840
-0.93110
0.21703
0.22408
-0.39125
0.27688
0.17962
0.58992
-0.35587
0.81368
0.14293
-0.16675
-0.94568
0.28718
-0.06341
-0.23287
-0.15352
0.28678
0.20608
-0.48590
-0.58236
0.30322
-0.54849
0.56789
-0.41212
0.61458
0.55049
-0.04706
0.45526
0.26688
0.63589
0.48837
0.20037
-0.23694
0.03521
-0.17137
0.03827
-0.61807
0.17229
-0.55881
-0.64074
-0.52851
0.17085
-0.36287
0.12078
0.49510
0.49284
0.53765
0.01118
0.21204
-0.75191
-0.66055
0.37006
-0.03338
0.43737
-0.00883
-0.09008
0.23839
0.19575
-0.14966
-0.03674
0.09563
-0.21309
-0.84656
-1.01081
-0.47394
0.68575
0.14945
-0.81649
0.62143
0.58616
0.27369
0.27071
0.56438
0.33546
-1.21115
-0.44435
0.16325
0.07902
-0.51081
-0.47120
0.37257
0.01042
0.24284
-0.26777
-0.09722
0.43870
0.41674
-0.08829
0.05768
0.45467
0.49537
-0.37505
0.03040
0.52069
-0.50841
-0.25910
-0.45499
-0.16897
-0.24645
-0.17517
0.08508
-1.21415
-0.20886
0.08847
-0.28755
-0.28659
0.47675
0.02836
0.52131
0.54086
-0.28345
0.84934
-0.16854
0.21799
-0.76686
-0.45777
-0.98602
-1.44692
-0.35247
0.74378
-0.18423
-1.10092
-0.74425
0.21442
0.49417
0.02033
0.25765
-0.30090
0.20014
0.36149
-1.41161
-0.02619
0.41203
-0.37704
0.37288
0.16619
0.38156
0.38256
0.36848
0.81097
-0.10589
-0.11811
-0.13322
-0.23862
0.14644
0.39045
-0.12946
0.07579
0.38833
-0.35545
-0.90415
-0.06909
-1.17943
0.34440
0.00175
-0.07479
-0.37126
0.16400
0.33617
-1.01937
-0.13927
-0.15809
0.29701
0.37530
-1.31002
0.10488
-1.04261
0.03463
0.20755
0.09636
-0.09669
0.19980
-0.91534
-0.28737
-0.26346
0.12462
0.08814
-0.01092
-0.03877
0.20878
0.25880
0.41946
-1.01025
-1.27018
-0.45401
-0.40706
-0.68095
-0.56200
0.43522
-0.27867
-0.54033
-0.37639
0.65517
-0.04531
0.26692
-0.43201
-1.00777
-0.68613
-0.13216
-0.01461
0.27812
-0.14807
0.11192
0.01750
-0.01227
0.62902
-0.04805
0.60473
0.62730
-0.24499
-0.33043
0.17129
-0.32990
0.11861
-0.06147
-0.24007
-1.10880
-0.67034
0.60030
0.05709
0.29253
-0.42629
0.30683
0.17721
-0.09319
0.04215
-0.29045
-1.11233
0.42761
-0.43638
0.11208
-1.18040
-0.48636
-0.32332
0.08093
-0.49326
-0.03006
-0.58495
0.12359
0.65629
-0.00515
0.21738
0.38650
-0.20552
0.76390
0.36576
-0.46047
-0.03167
-0.29883
-0.06493
-0.66113
0.21435
0.44950
0.40005
-0.23314
-1.04841
-0.71703
0.56592
-0.70911
-0.76385
-0.46054
0.43537
-1.14310
-0.44530
-0.75543
0.02441
0.50309
0.35103
-0.01167
-0.94663
-0.22112
-0.15953
0.06307
0.36202
0.46674
0.42167
-1.26205
0.13952
-0.53025
-1.72928
0.21215
-0.38434
0.29397
0.47967
-0.26868
-0.19871
0.47320
0.49630
0.09847
-0.11260
-0.13000
-0.27748
-0.91845
-0.02988
-0.99581
-0.30412
-0.37985
-0.12862
0.30502
-0.15494
-0.05266
-0.04372
0.61381
-0.13099
-0.20425
-0.77667
-0.05445
0.27488
0.15937
0.15591
0.00273
0.00594
-0.08223
-1.15703
0.39750
-0.51712
0.32996
0.50949
-0.08984
-0.91496
-1.48373
-0.38386
-1.25156
0.24818
-0.91341
0.35665
0.14130
0.55942
-0.01970
0.15921
0.09770
0.11135
0.56766
-0.36882
-0.62531
0.23729
0.04923
-0.12065
0.24591
-0.05275
0.31321
0.00348
-1.17860
-0.26715
0.48465
-0.41515
0.33587
0.39740
0.40939
-0.41654
-0.22762
0.03142
0.38091
0.43749
-0.42788
0.39054
-0.34445
0.89049
-0.02972
-0.08164
0.08342
-0.07042
0.03784
0.15714
0.05303
0.02442
0.22733
-0.35289
0.40117
0.00303
0.29101
0.41192
-0.37921
0.52835
-1.84136
0.42722
0.59942
-0.00421
0.37556
0.24610
0.03204
0.57363
-0.07497
0.56452
-0.26870
0.56961
-0.75235
0.34679
0.21178
-0.15495
0.27714
-0.27872
0.17633
0.55179
-0.08619
0.53281
0.20785
-0.42585
-0.76066
-0.02645
-1.07444
0.27765
0.20634
-0.74750
0.24478
0.14632
0.67139
-0.05345
-0.06979
0.14490
0.39399
0.53275
-1.69907
0.24001
0.06267
-0.44445
0.03978
-0.10250
-0.05518
-0.32383
0.58321
0.29418
0.65503
-0.06550
0.20196
0.10419
-0.07540
-0.08297
-0.97731
0.10166
0.26241
-0.31271
0.41771
-0.05046
-0.37877
0.55004
0.36702
0.17902
0.14168
-1.00467
0.16664
-0.23919
-0.34441
-1.21130
0.07209
-0.62463
-0.39370
0.51419
-0.38656
0.75177
-1.40152
-0.48837
0.29154
-0.43386
0.69979
0.10220
0.41354
0.57992
0.05720
0.27038
0.55587
0.43369
-0.23859
0.33931
-0.34305
-1.15523
0.30670
-0.25840
0.13744
-0.97173
0.49567
-0.68507
-0.00642
0.08153
0.63388
-1.16093
0.48402
0.64656
0.55643
-0.05377
0.35119
0.20549
0.07309
0.30879
-0.33650
-0.31271
0.19290
0.17578
0.31662
-0.93896
0.12184
0.06708
0.50745
-0.24644
0.21684
0.29146
0.24008
-0.47164
-0.30801
-0.08042
-0.24349
0.25143
0.16840
-0.16765
-0.40074
-0.16151
-1.14263
0.57460
-0.18367
-0.64126
0.38809
0.56917
-1.60647
-0.05767
0.15031
0.10737
0.31000
-0.07690
0.34217
0.34621
0.18765
-0.13156
-0.02090
0.06475
-0.19058
0.10403
0.55662
-1.25889
0.57637
0.33087
0.31351
-0.26350
-0.21175
0.40207
0.41219
0.32191
0.32881
0.43321
-0.29683
0.53916
0.32693
0.17211
-1.60036
-0.14465
0.01145
0.45408
-0.12505
-0.09858
0.17807
0.41827
0.47965
0.07689
-0.55859
-0.23375
0.62344
0.34218
0.03511
-1.07207
0.03695
0.33951
-0.26843
-0.28507
-0.10663
-1.65025
0.45064
-1.01378
-0.34832
0.00524
-1.22067
0.03513
0.14492
0.34226
0.30811
0.26294
0.36263
0.27662
0.26590
0.29777
-1.04574
0.08598
-0.13909
0.15577
-0.97439
0.58180
0.63679
-0.19253
0.15224
-0.55585
0.15692
-0.21849
0.36611
0.11719
0.14498
0.49398
-0.21777
0.42783
0.84064
0.17130
0.20305
0.23062
-0.19428
0.52388
-0.30678
-0.73568
0.12655
0.06173
0.15063
-0.84015
0.14572
0.15462
-0.18967
-0.47974
-0.21649
0.54465
-0.57256
-0.21975
0.54729
-0.94340
0.11610
-0.25160
0.17950
-0.08428
-0.97745
-0.19807
-0.92339
-1.23336
-0.58229
-0.53259
0.17708
-0.20537
-0.20221
0.43659
0.47824
0.85524
0.14725
-0.53635
0.10935
0.09918
-0.16359
-0.32456
-0.22641
-0.57368
-0.58378
-0.56912
-0.59501
-0.19089
-0.07899
-0.66395
0.09143
-0.20689
-0.44961
0.45518
0.11381
-0.60204
0.58878
0.67227
-0.13308
-0.88077
0.41966
0.57577
-0.86239
0.51062
-0.87661
-0.49770
0.55459
-0.49807
0.47293
0.49729
0.45318
0.47336
0.60277
-0.43577
-1.12617
0.10597
-0.18866
0.20005
0.24335
0.28403
-0.24353
0.00547
0.46278
0.02360
-0.09952
0.22951
-0.00950
0.36502
-0.03292
0.02344
0.18870
0.44319
-0.06409
-0.10025
-0.04757
-0.04454
0.35909
-0.06821
0.42590
-0.12443
0.21853
-0.06049
-0.32740
0.13145
-0.13112
-0.07489
0.13101
0.15908
-0.68806
0.09811
-0.35337
-1.53150
0.39455
-0.24602
-0.27507
-0.52101
-0.77217
0.62699
0.05493
0.20488
0.24969
-0.07179
-0.09245
0.43637
-1.05795
0.20475
0.41355
-1.46032
0.68984
0.56622
-0.72948
0.69962
-0.88137
0.78836
0.39959
0.15292
0.59197
0.54206
0.35194
0.41099
-0.09462
0.63694
0.39065
0.23424
0.09891
0.37612
0.57767
0.43260
0.48843
0.39500
-0.70873
0.28693
-0.92291
0.50849
0.58824
-0.23972
0.13212
0.84639
-0.30440
0.06272
0.02129
-0.67662
-0.28389
0.14715
0.47312
0.54955
-0.29001
0.10033
0.10277
0.11534
0.10612
-0.26341
-0.30434
-0.24126
0.15595
-0.28745
-0.26234
-0.29462
0.09917
0.13417
-0.30297
-0.66338
-0.33831
-0.64768
0.06309
0.11672
0.13805
0.11776
-0.32467
0.53267
-0.69619
0.29908
-0.31144
0.33085
0.54582
0.20901
-0.42507
0.15773
-1.10566
-1.03494
-0.76384
-0.12933
-0.23527
-0.87530
0.20045
-0.25748
-0.35421
0.50425
0.17378
-0.79739
0.49385
-1.11352
-0.89496
0.62465
-0.64951
0.40960
-0.70678
0.66935
-0.22813
-0.23160
0.25625
-0.81059
-0.06623
-0.00092
-0.11129
-0.36063
-0.66797
0.60730
0.34373
0.33192
-0.19191
0.32755
0.09210
0.16594
0.04764
-0.44476
0.46620
0.35324
0.14954
0.33461
-0.02988
-0.45600
0.47936
-0.11582
-0.07545
-0.08080
-0.35806
0.55100
0.12595
-0.05713
-0.93073
0.16187
-0.02671
0.33583
-0.32449
-0.07246
-0.91818
0.25819
-0.67011
-0.67416
0.38432
-0.45414
-0.75025
0.53067
0.53442
0.33489
0.09107
-0.44814
-0.18001
-0.07847
0.57366
0.34732
0.47245
-0.17886
-0.23399
-0.46484
0.42161
0.03638
0.39676
0.26910
0.36315
0.19149
0.25583
0.60684
0.14410
0.13017
-0.20309
0.04780
0.60397
-0.66921
-0.44133
0.02505
0.61095
-0.43102
-0.68984
0.27776
0.44394
0.51673
0.00950
0.14528
0.22457
-0.12612
0.26781
0.30257
-0.01350
0.39919
0.03921
-0.25789
-0.15526
-0.18613
