0.37666
-0.79506
-0.18335
-0.66819
0.11393
0.49379
-0.40765
0.61404
0.24304
-0.35414
0.35279
0.05032
-0.30280
-0.24479
0.47935
0.31153
0.06510
0.20554
0.38575
-0.22283
0.66079
0.84085
-0.10776
0.31302
0.06501
0.16385
-0.95985
-0.03879
-0.16411
-0.49274
-0.11419
0.11911
-0.38775
0.33250
-0.26539
0.67580
0.66144
-1.05001
0.29733
-0.53303
0.22261
0.47387
-0.38706
-0.05487
-0.41937
0.42802
0.50932
0.40793
0.51255
0.43905
-0.30461
0.34293
0.36860
0.53104
0.32108
-0.43951
-0.68004
-1.18070
0.07575
-0.40790
-0.60235
0.13753
0.34749
0.11815
-0.18883
-0.04886
0.18662
0.88433
-0.08999
0.45643
0.51855
0.40890
0.13147
-0.39276
0.08618
0.50872
-0.48234
-0.13168
-0.38950
0.14189
-0.18345
-0.20566
-0.00510
0.51637
0.79637
0.81050
-0.27644
0.04818
0.45362
0.21185
-0.19269
-0.38674
-0.19843
-0.02897
0.34912
-0.15130
-0.04987
0.29721
-0.12322
-0.06374
0.59760
0.24458
0.08225
-0.20528
-0.11658
-0.26785
0.42136
0.64899
0.43884
0.22033
-0.90839
-0.51774
-0.27904
-0.15736
0.16317
0.10295
0.14448
0.21666
-0.15965
0.33179
0.30025
-0.88304
-0.47884
-0.37465
0.70635
0.11054
-0.69350
-0.64025
0.65477
-0.09585
0.28484
0.40253
-0.17626
0.17553
0.33742
0.46864
0.19661
-0.08629
0.37224
-0.40467
0.38598
-0.10774
0.29522
0.11809
-0.43124
-0.01921
-0.07991
0.01751
0.20476
0.03659
-0.14570
-0.08707
0.06704
0.40613
-0.55489
-0.63550
0.39014
0.66194
-0.46696
0.36601
0.06898
-0.55223
0.12724
0.23173
-0.20640
-0.03550
0.21930
0.09339
-0.05025
-0.45335
0.61336
0.94271
0.35849
-0.90258
-0.01292
-0.57499
-0.46416
-0.50464
0.38031
0.09206
-0.52437
-0.64993
0.44383
0.68977
0.22457
-0.05219
-0.16179
0.07058
0.50701
-0.07826
0.43662
0.37424
-0.06831
0.49628
-0.67267
0.18766
-0.06504
0.29264
-0.60160
0.38973
0.29795
-0.22532
-0.86825
0.88307
0.25037
0.28034
-0.01241
0.10045
-0.17203
0.35913
-0.09904
-0.32633
0.08636
0.22340
-0.25253
0.04083
0.49955
-0.60959
0.08751
0.38343
0.05549
-0.33114
0.02880
0.43825
0.13838
0.50003
0.63018
0.02651
0.30056
-0.75206
-0.23722
-0.38436
-0.35270
0.20689
-0.40821
-0.31238
0.12517
-0.07311
-0.14970
0.57243
0.27257
0.37377
-0.17515
-0.25961
0.16015
-0.34789
-0.33753
-0.18552
-0.18234
0.26562
0.21205
0.16638
0.26653
-0.63404
0.38712
-0.54573
-0.54451
-0.31213
0.22369
0.37640
-0.14329
-0.38766
0.39285
0.32528
-0.38551
-0.16266
-0.38739
-0.22215
-0.60508
-0.19681
-0.07082
0.86436
-0.17001
0.04693
0.31483
0.58048
0.00410
-0.78710
-0.08633
-1.12341
0.62509
0.35558
0.45816
0.66552
-0.08454
-0.68648
-0.45050
-0.09219
0.28772
0.40474
0.15855
-0.29927
-0.40765
-0.07585
-0.56743
0.09516
0.12995
-0.41015
0.31226
0.11772
-0.86372
-0.53826
0.10182
-0.15610
-0.26641
-0.30777
0.03049
-0.58444
0.13270
-0.83658
-0.13638
0.21413
0.34072
-0.60342
0.02653
-0.27807
-0.74484
0.30946
-0.06124
0.09390
-0.10666
0.58689
0.38674
0.13335
0.38502
-0.15748
-0.75623
0.32214
0.53521
0.22462
-0.18946
0.28609
0.14450
0.36534
0.73428
0.35535
0.57621
-0.00854
0.61715
0.13582
0.17767
-0.21153
0.01761
0.23893
0.65220
0.00990
-0.59120
0.44241
0.53544
0.10744
-0.47341
0.32298
-0.38308
-1.41739
0.27525
0.37972
0.32499
0.03690
0.09222
0.27492
0.12323
0.05460
0.23751
0.09714
0.19430
-0.18555
0.11691
0.23424
-0.03363
0.32295
0.61786
-0.41622
-0.75850
0.42833
0.62604
0.13400
0.41308
-0.14284
0.07323
0.12095
0.33370
-0.10083
-0.60920
0.32673
-0.35727
-0.10309
-0.26318
-0.01013
0.20240
0.75008
0.18516
0.14270
-0.20275
-0.04772
-0.10321
-0.13569
-0.33198
-0.50720
0.60229
-0.38328
-0.18068
0.47598
0.02525
0.58850
0.19016
-0.10258
0.02567
0.01061
0.44738
-0.13861
0.16694
-0.12578
-0.06916
-0.19068
0.15876
0.78310
-0.42958
-0.01871
0.71341
-0.69340
-0.18115
-0.44573
-0.37485
0.01300
0.74215
0.38298
0.51690
0.27006
-0.07516
-0.71853
0.08250
0.00828
0.02292
-0.43503
-0.07787
0.27166
0.78181
0.39330
0.01436
0.08406
0.31150
-0.58424
0.35343
0.27211
0.37323
0.08193
-0.01093
-0.34264
0.36189
-1.70800
0.37973
0.54798
0.20047
-0.01431
0.10772
0.12245
-0.44022
-0.26519
0.06235
0.47854
0.47355
0.01636
0.30638
0.01719
-0.64809
0.23223
0.59069
-0.11929
-0.34958
0.18465
0.05158
-0.17134
0.39839
-0.64990
-0.48822
0.41842
-0.37674
0.35800
-0.31438
-0.70036
0.03213
0.40965
0.07904
0.12431
-0.34115
0.07510
0.03092
0.27366
0.00586
0.16460
0.14027
-0.00924
0.38304
-0.73308
-0.11506
0.20599
0.45570
0.40910
-0.38665
0.38968
-0.03104
-0.22226
0.04102
0.33660
-0.40063
0.10540
-0.00139
0.41896
0.46262
-0.09617
-0.01858
0.39922
0.72904
0.00614
0.21485
0.32591
0.41908
-0.08667
-0.06322
-0.14421
0.13727
-1.55214
-0.95340
0.63418
0.26263
0.53794
0.40362
0.35087
0.19108
-0.11177
-0.08904
-0.32192
-0.57511
-0.44762
0.18491
0.19370
0.39421
-0.02566
0.34479
0.48781
0.53132
-0.06287
0.19985
-0.15649
-0.71200
-0.16817
-0.12993
0.23595
-0.52226
-0.06419
0.30374
0.47835
0.23270
-0.21993
0.28453
-0.79413
0.10248
0.01115
-0.60808
0.56571
-0.16418
-0.36054
0.53774
-0.23408
0.18391
0.11710
0.42768
0.06234
0.03577
0.02125
-0.29752
0.73922
0.17614
-0.24619
0.51345
0.30636
0.35463
0.31435
-0.12031
0.26669
-0.65712
0.17560
-0.13848
-0.25480
0.58477
-0.24120
0.26205
0.18077
0.08265
0.81087
0.28137
0.44532
0.36478
0.84994
0.22026
0.66038
0.19427
0.00742
0.05073
0.73878
0.12301
-0.66135
0.48549
0.11545
-0.44822
0.47500
-0.33056
-0.09386
0.06073
-0.07472
0.03132
0.09070
0.10535
0.21121
0.10012
-0.09850
-0.32097
0.08029
0.34517
0.39940
0.90104
0.07396
0.41866
-0.16303
0.00762
0.17631
-0.25280
0.65840
0.24730
-0.58266
0.55986
-1.24292
-0.19155
0.32219
0.42585
-0.20603
-0.37460
0.26273
0.27126
0.08704
-0.17675
0.46195
-0.19787
0.18583
0.13901
-0.11188
-0.42620
0.18797
-0.03334
0.39839
-0.34661
-0.23697
-0.30805
0.07807
0.27744
0.05818
-0.67071
0.32172
0.09201
-0.07459
0.28732
-0.42173
-2.17163
0.43624
0.03602
0.20745
0.40851
0.33258
-0.58673
0.70121
0.44476
0.26147
0.19474
0.29071
-0.04018
-0.02428
-0.14680
0.14165
0.22398
0.30987
-1.21689
0.81922
0.84842
-0.13662
0.43761
-0.25767
0.70439
-0.37753
0.17410
0.26595
0.38595
-0.06111
-0.00935
-0.08028
0.62466
0.38669
0.10579
0.03616
0.13199
-0.48901
0.04456
-0.34815
0.33009
-0.10075
0.51858
0.49618
0.40620
0.13684
0.24426
-0.16692
0.38825
-0.07873
0.39793
0.04363
-0.19149
0.11477
0.57410
0.51896
0.46831
0.65711
0.18492
0.64590
0.35575
-0.01187
-0.45236
0.75207
-0.15501
0.13377
-0.43577
0.22832
0.08949
0.01517
-1.12210
0.25369
-0.06074
0.50920
0.29108
0.59506
0.48542
0.08556
0.20502
0.24337
0.20741
0.34864
-0.22367
-2.12115
-0.49640
0.25014
-0.05414
0.50557
0.08730
-0.03143
-0.00608
0.50822
-0.19225
-0.46469
0.30633
0.50298
0.39228
0.09026
-0.26619
0.14676
0.74388
-0.29991
-0.26838
0.13948
-0.47305
0.23067
0.48393
0.59587
-0.34903
-0.09137
0.27282
0.04897
0.34794
0.28078
0.51227
0.07122
0.21609
-0.16960
-0.14943
0.33275
-0.70457
-0.15291
0.35899
-0.11786
0.61460
-0.17562
0.65741
0.47809
0.16538
0.15090
-0.29819
0.18362
0.00332
-0.44807
0.15879
0.15818
0.74736
0.08772
-0.02085
-1.01817
0.17434
-0.22420
0.16851
0.13563
0.12030
-0.53999
0.19978
-1.23785
-0.14208
0.35343
0.29887
0.44340
0.30385
0.80072
0.05585
-0.69546
0.45206
0.29053
0.60381
-0.05109
0.27538
-0.02194
0.18296
0.26919
-0.07257
0.47935
-0.17558
0.74997
0.13481
-0.09009
-0.64728
-0.14088
0.68848
0.45573
-0.11127
-0.74422
0.16264
0.34724
-0.44667
-0.14581
0.37326
-0.13004
0.71534
0.16973
-0.10097
0.25165
0.48896
0.24996
-0.07879
-0.02745
0.38699
0.07620
0.75724
0.59039
-0.70231
-0.23757
0.03895
-0.30916
-0.48423
0.12887
0.04218
-0.13062
-1.09042
0.06506
-0.06308
0.35221
-0.16808
-0.31408
-0.04849
0.11025
-1.62546
-0.07088
-0.24307
-0.62351
0.39992
0.11627
0.11474
-0.26103
0.57867
0.22166
-0.01786
0.29701
-0.27584
-0.07134
0.60095
0.17375
0.59688
0.90578
0.36883
0.29060
0.34966
-0.68394
0.42558
-0.10638
-0.04740
-0.05296
0.09850
0.28947
-0.50627
-0.30788
0.20282
0.02609
-0.52365
-0.37005
0.20272
0.31791
0.07705
-0.22999
-0.13606
0.27405
-1.64579
-0.08269
-0.35350
0.07462
0.40933
0.53194
-0.29617
0.34588
-0.00767
0.06964
-1.03592
-0.00334
0.20355
-0.09617
0.03101
0.35250
0.52618
-0.18699
0.88421
0.09444
-0.29521
0.65933
0.41294
0.44707
-0.69830
0.52392
0.04500
-0.25210
0.13985
0.17052
-0.39642
0.33305
0.57526
-0.11589
-0.84160
0.43063
-0.20343
0.53029
-0.28642
-0.65671
-0.10240
0.23237
-0.58552
-0.44671
-0.26912
0.54485
-0.16847
0.12631
0.84772
-0.24407
-0.07362
-0.16586
-0.28517
-0.00324
0.50851
0.19145
0.55385
-0.48967
-0.08331
0.67509
0.16029
0.02448
-0.11888
-0.26589
0.17448
0.05129
0.08393
0.68338
-0.18277
-0.71573
-0.04551
0.59635
0.33006
0.15526
0.16929
0.03491
0.03735
0.74610
0.64337
-0.18810
-0.27783
-1.09039
-0.41309
-0.72220
-0.61381
0.04195
0.06545
0.00161
-0.17828
0.58281
0.09880
0.35845
0.05554
0.69653
0.07275
0.05978
0.13847
-0.29536
-0.82496
-0.10558
-0.38774
0.79333
0.13468
0.60179
-0.24403
-0.24729
0.54192
0.43338
0.19306
-0.23589
0.30870
-0.25269
-0.43724
0.28544
-0.58892
-0.18412
0.14227
0.22994
0.71312
-0.04069
-0.13418
0.08009
0.42342
-0.13945
0.16997
0.29045
-1.09056
-0.01071
0.17874
-0.20989
-0.03158
-0.27494
0.35633
-0.33909
0.52813
0.34754
0.54668
-0.35388
-0.10832
-0.05468
0.00908
-0.41089
-0.85769
0.08408
0.39929
0.01759
0.37679
0.49316
0.03564
0.39741
-0.15797
0.47386
0.04065
-0.47868
0.58935
0.02004
0.23587
-0.14755
0.51781
0.14304
0.19532
0.17640
-0.37211
-0.41238
0.30125
0.35684
0.00293
0.67421
0.04318
-0.12397
-0.68241
0.21255
0.74139
-0.22213
0.56530
0.69095
0.24642
0.68886
0.27242
0.47501
0.16431
0.07688
0.12814
-0.42042
-0.72902
0.04145
0.08115
-0.11767
-1.28882
-0.23929
-0.65813
0.73609
0.15328
-0.14148
0.01328
0.30639
0.50793
-0.21595
0.42095
0.67345
0.27175
0.07809
0.33819
0.18759
0.18295
-0.41941
-0.40741
0.33423
-0.11723
0.15101
0.56244
0.20813
0.08043
0.29473
-0.51120
0.39353
0.39974
0.34595
0.79396
0.41860
-0.41969
-0.01599
0.44563
0.18456
0.03904
0.81563
0.36526
-0.56250
-0.07093
-0.77600
0.06960
0.13447
-0.26320
0.17694
0.20002
-0.03794
-0.36345
0.43548
-0.16553
0.56571
0.13627
-0.06628
0.61246
-0.14409
-0.93544
-0.17023
0.00361
0.31190
0.03482
0.48010
0.64611
0.30124
0.46527
-0.23806
0.44315
0.06418
0.04717
-0.39273
0.08218
0.17015
-0.14198
-0.33827
0.00363
0.25244
0.03752
0.50901
0.26590
-0.24375
-0.08509
0.22902
0.34977
-0.36713
-0.41346
0.14520
-0.03682
0.78103
-0.00487
0.00313
-0.14827
0.54062
0.40539
0.01636
-0.21784
0.69132
0.22922
0.38799
0.17345
-0.37092
0.04934
-0.24609
0.04458
0.51803
-0.03626
0.14836
-0.27392
0.07231
0.37898
0.16966
0.05563
-0.57065
-0.01799
0.15470
-0.18001
0.17721
0.12759
-0.49146
0.05550
-0.18395
-0.22038
0.04205
0.40152
-0.19446
0.03211
0.20677
-0.22273
-0.23382
0.43385
0.63481
-0.01419
-0.37863
-0.32440
0.51462
-0.17873
-0.26812
0.18295
-1.33849
0.43190
0.53948
-0.03841
-0.11285
0.50360
0.00340
0.55264
-0.05521
-0.08508
-0.40933
0.15811
0.19226
0.10086
0.51180
0.05041
0.31828
-0.19210
-0.31279
0.30613
0.52101
-0.39389
0.27144
-0.01041
-0.54469
-0.10531
-0.12816
0.06674
0.19685
-0.17889
0.66938
0.25841
0.21727
0.15405
0.36193
0.31949
0.28025
0.22458
0.27825
-1.52360
0.32374
-0.04331
0.11165
-0.17158
0.07886
0.56251
-0.38759
0.53150
0.36614
-0.95623
0.51088
-0.19601
-0.36508
0.16472
0.36288
-0.46666
0.33151
0.47429
0.00421
-0.01714
-0.54375
-0.05096
0.40263
0.65751
-0.06111
0.41197
0.22123
-0.79704
0.43650
-0.21498
-0.49551
0.27487
0.68007
0.29456
0.36312
-0.54753
-0.04184
0.70354
0.16448
-0.63812
0.01545
0.26221
0.55116
-0.92468
-0.44871
0.42619
-0.27097
0.15953
-0.12918
0.04251
0.08338
-0.61404
-0.14448
-0.40201
-0.05850
0.30494
-0.00535
-0.01298
0.45447
-0.37033
-0.46152
-0.40607
0.03708
0.17934
-0.15283
0.46545
0.13666
0.79119
-0.22022
-1.37248
0.39463
0.57498
0.28398
0.20585
0.33216
0.39019
-0.20355
-0.54220
0.07245
0.06527
0.58921
0.36547
0.30131
0.17750
0.32380
0.53884
-1.20212
0.20962
-0.18535
0.21294
0.24294
0.24215
0.23055
0.03766
0.38629
-0.18746
-0.03933
0.33274
0.30567
-0.02968
0.17539
-0.89708
0.18969
0.16893
0.27403
-0.87562
0.80913
-0.45550
0.06705
-0.19160
-0.13052
0.10869
-0.09971
-0.23711
0.57266
0.20027
-1.01759
-1.56851
0.18515
-0.12804
0.12804
0.39367
0.59228
-0.43954
0.24361
0.53057
0.22784
-0.35315
-0.09662
0.22155
0.05699
0.64058
-0.27087
0.40796
0.68392
0.44535
0.17164
-0.17404
-0.69086
0.30404
0.58416
0.63123
-0.60940
0.13551
0.06002
0.55206
0.03206
0.15170
0.67929
0.04662
-0.66263
0.09599
-0.17750
0.54966
0.30549
0.49463
-0.66347
0.51415
-0.48763
0.55247
0.40402
0.36664
0.23805
0.11454
-0.81085
-0.24528
-0.51260
-0.39850
0.19148
0.44581
0.76297
0.04274
0.09486
-0.31191
-0.05036
0.52496
-0.48305
0.60273
0.17046
0.01816
0.02051
-1.20723
-0.05873
0.42173
0.36081
0.06199
-0.48349
-0.26034
0.47694
0.25477
-0.16941
0.61967
-0.26510
-0.10479
-0.60181
-0.30459
-0.00588
0.21382
0.39824
-0.07737
0.09978
0.80382
0.34151
-0.07229
0.53852
-0.14682
0.80298
0.10020
0.16483
0.06123
-0.22269
0.32806
-0.55827
-0.44397
-0.07579
0.30753
0.06645
0.13081
-0.87516
0.04643
-0.10920
0.19641
0.00823
0.02223
0.03941
0.15944
0.01983
0.05061
0.19636
0.16948
0.02163
0.01407
0.07255
0.00160
0.13642
0.06571
0.03055
0.10647
0.04723
0.17398
0.11304
0.19737
0.06395
0.03882
0.03050
0.21158
0.12381
0.02014
0.00938
0.20548
0.03632
0.18632
0.19564
0.12459
0.18937
0.10016
0.16137
0.02346
0.02750
0.20440
0.10624
0.07022
0.16067
0.10006
0.02798
0.19216
0.04625
0.10694
0.14291
0.20788
0.15601
0.07754
0.05219
0.07827
0.19500
0.18211
0.10502
0.19401
0.11840
0.15352
0.04371
0.17945
0.12843
0.13378
0.01071
0.11102
0.03566
0.02278
0.19401
0.10854
0.15612
0.02072
0.08486
0.01503
0.05522
0.15978
0.13245
0.10150
0.20911
0.03978
0.21206
0.18119
0.07580
0.03329
0.06279
0.16981
0.03875
0.10803
0.11423
0.11477
0.18413
0.08038
0.09756
0.20040
0.07410
0.00514
0.11829
0.08629
0.12281
0.12123
0.04889
0.20850
0.06148
0.18292
0.03956
0.02394
0.09464
0.10347
0.15853
0.16212
0.18335
0.01564
0.15675
0.09227
0.10574
0.18796
0.20007
0.13727
0.03943
0.13483
0.03053
0.11718
0.04862
0.04194
0.04111
0.13123
0.04787
0.14742
0.08073
0.03898
0.07216
0.03428
0.09113
0.17753
0.15151
0.02592
0.09632
-0.06060
0.10363
0.18028
0.06627
0.02849
0.05070
0.10456
-0.22818
0.21567
-0.21789
0.20087
-1.18946
-0.25276
0.37789
0.03317
0.18325
-0.41077
-0.33162
-0.35798
0.02705
0.16126
0.29291
-0.33048
0.10673
0.66034
0.28362
-0.22088
0.65579
-0.19679
-0.66660
0.04981
0.15803
0.68315
-0.99782
0.22894
0.12387
0.23483
0.57055
0.74618
0.58994
0.52513
-0.18628
-0.88914
-0.11232
0.19002
0.16763
0.20247
-0.34682
0.62274
0.32073
0.58465
0.02558
-0.22318
-0.70557
0.43468
0.13437
0.27331
-0.33336
0.59025
-1.33391
0.27757
-0.85493
0.48787
-0.15451
1.28511
0.48193
-0.32954
0.39478
-0.11670
-0.48880
0.00085
0.15859
-1.06503
0.14208
0.66708
-0.12295
-0.39103
0.37111
0.57942
0.00830
-0.09260
0.19605
0.34192
0.38717
-0.36699
-1.10551
-0.07925
-0.16574
-0.36768
-0.35680
0.20548
0.58404
0.44499
0.90417
0.55483
-0.66512
-1.19447
0.08492
0.53236
0.17638
-0.29618
0.57510
-0.23360
0.70969
0.19098
-0.34216
0.42974
0.01938
0.21636
-1.40618
-0.04667
0.24332
-0.93739
0.49317
0.72951
-0.69957
0.18621
0.01323
-0.34035
-0.11686
0.38694
-0.91101
0.87044
-0.35752
-0.71731
0.21935
-0.03348
-0.15601
0.72473
0.29814
0.19864
-0.64112
0.58357
-0.62609
0.22243
0.02709
0.17483
0.55916
-0.33422
0.19114
0.23635
-0.72720
0.67281
-0.00767
-0.16974
0.35759
0.23961
0.53255
-0.27707
-0.35794
0.27210
-1.22663
-0.26219
-0.21697
-0.36323
-0.04662
0.26247
0.83178
-0.24217
0.29329
0.48175
0.60014
0.49539
0.50562
-0.41883
-0.58842
-0.89936
0.29248
-0.55978
0.29319
-0.82472
0.43828
0.21312
0.52559
0.12279
0.61177
0.46789
-0.16667
-0.81441
0.00638
0.45814
0.42737
0.64354
0.71325
-0.12375
-0.09160
0.28575
0.36482
-0.09083
-0.31063
-0.29298
0.74496
-0.04908
0.52579
-0.43451
-0.00892
0.24270
-0.67258
0.10199
0.03752
0.13226
-0.20557
-0.75193
-0.32978
-0.05987
0.12015
0.05259
0.05041
-0.13985
0.14057
-0.10989
-0.13011
0.44821
0.08372
-0.06829
-0.27288
0.76320
0.34349
-0.64249
-0.69729
0.06766
0.51751
0.92809
-0.89380
0.36363
-0.98990
0.14991
-0.14933
-0.00090
-0.24140
0.05161
-0.77432
-0.97114
0.03792
-0.13498
-0.06371
0.33047
-0.23352
-0.22571
-0.00987
-0.04848
0.09091
-0.06328
-0.18931
-0.02166
-0.10106
-0.14122
-0.22028
-0.15846
-0.02966
-0.14101
-0.24639
-0.01555
-0.00116
-1.03763
0.30917
-0.14429
-1.10747
-0.21697
-0.05317
-0.33913
-0.18374
-0.00608
0.02346
-0.12641
0.23222
0.22146
-0.26138
-0.43082
0.33331
-0.89391
0.29554
0.57300
-0.42286
0.34005
0.38054
-0.31890
-0.29728
0.61575
0.00309
-0.00197
0.49858
0.23117
0.03767
0.34641
0.27308
0.18996
0.09217
0.44177
0.70366
0.57990
0.29779
-0.77623
0.45510
-0.10261
0.17889
-0.28889
0.42655
0.43125
0.47607
-0.11601
0.45970
0.88076
0.37765
-0.14988
0.72533
0.56517
-0.15693
0.38655
0.82072
0.36696
0.21764
-0.34190
-0.96423
-0.07909
-1.43033
-0.43330
-0.61654
0.34002
-0.10517
-0.16038
0.64748
-0.36433
0.31225
0.46352
-0.04089
-0.07177
0.05667
-0.08306
0.35322
-0.32467
0.21515
0.19726
0.42839
0.15026
-0.20604
0.33631
0.62489
0.41962
0.30267
-1.18500
-0.09735
0.29364
-0.48395
0.15153
-0.12950
0.17116
-0.06422
-0.62079
0.34433
0.35957
-1.17369
0.25821
-0.35847
0.58195
-0.08665
0.03551
0.19004
0.31204
0.10503
0.02562
-0.36119
-0.03069
0.10676
-0.44642
0.02969
0.50053
0.41222
-0.32392
-0.01060
-0.76249
-0.54397
-0.86467
0.11474
-0.72136
0.47090
0.35693
0.16158
0.63908
0.24826
-0.54824
0.49836
0.15379
0.39426
0.76443
0.37478
0.55354
0.16074
-0.03071
-0.61976
0.41304
0.18655
0.42702
0.30796
-0.50889
-0.33237
0.18653
0.09352
-0.24768
0.67451
0.77922
-0.52162
0.34916
-0.24820
0.06261
0.32529
-0.41467
-1.24605
0.00677
0.37973
-0.14080
0.22052
-0.42515
0.58481
-0.10910
0.24762
0.35687
-0.63944
0.07247
0.06052
-0.10999
-0.55003
-0.27078
-0.15309
0.16835
-0.89709
0.16333
0.27993
-0.08789
-0.51608
0.71753
0.02705
-0.02163
-0.72999
0.12724
0.65618
-0.27968
-0.71458
0.20503
0.26596
0.67244
-0.18313
0.41328
-0.14490
0.46711
-1.03675
0.30578
0.48283
0.90675
0.70026
0.33205
-0.59737
0.10240
-0.12994
-0.38512
0.20463
-0.20671
0.11434
-0.11659
0.17794
0.18823
0.12807
0.00298
-0.06658
0.00762
0.08493
0.19721
0.74581
-0.10585
0.31396
0.43717
0.19916
-0.29476
-0.33454
0.00988
-0.09959
-0.21919
0.02753
-0.28763
0.06130
0.16238
-0.29304
-0.29301
0.08425
0.44672
0.19464
0.18921
-0.58741
-0.32179
-0.75314
-0.32092
0.01184
-0.13861
-0.62347
0.51972
0.20505
0.71969
0.24409
-0.32659
0.28690
0.19593
0.54294
0.28769
0.50773
0.29944
0.10711
-0.80212
0.11353
0.50484
0.53054
0.07896
-0.19747
-0.39315
0.85671
-0.35218
0.03300
0.34721
0.54804
-0.38194
0.18606
-0.37777
-0.32164
0.12954
-0.11672
-0.66225
0.19370
0.37709
-0.27872
0.69471
0.04986
-0.35032
0.15415
0.04509
-0.02328
-0.08766
-0.58995
0.10020
0.54314
-0.06710
-0.74551
-0.48022
0.18655
-0.28127
0.49537
0.72221
0.22600
0.15506
0.31405
-0.85108
-0.19122
0.55444
0.68468
0.54466
-0.85130
-0.17091
-0.41909
-0.20420
-0.95128
0.38391
-0.32641
-0.32155
0.00568
-0.28002
-0.34486
-0.62366
-1.14697
0.04924
-0.10930
-0.21335
-0.51071
-1.04116
-0.20672
-0.71524
0.08458
-0.54922
-0.87687
-0.00310
-0.18330
0.27314
0.10491
-0.02637
0.07002
0.07658
-0.56583
-0.11686
0.04624
0.74979
0.11969
0.16695
0.42759
0.02006
-0.07477
0.44606
0.47662
0.22797
0.31617
0.37973
0.22665
0.38180
0.06896
0.35947
0.35484
-0.04805
0.09020
-1.26155
-0.11837
-0.19260
0.08888
0.32773
0.06913
0.13772
0.38701
0.40619
0.20479
0.25893
-0.38505
-0.33199
-0.10040
0.36713
0.19832
0.12409
-0.13355
0.35543
-0.40099
0.36127
0.12323
-0.09057
-0.17448
-0.47186
0.32215
-0.12943
0.70206
0.33997
0.40323
0.00508
0.20597
0.22540
-0.01027
-0.10870
0.24809
0.34805
0.30865
-0.02866
-0.42379
0.02969
0.52201
0.17363
0.35319
-0.13269
-0.36038
0.26072
-0.64428
-0.20990
0.00869
-0.73537
-0.31755
-0.37083
0.13329
0.08223
-0.30001
-0.73124
-0.45342
-0.78942
-0.74591
0.66064
-0.44102
-0.66647
-1.15338
-0.25098
-0.87366
-0.97093
0.32712
-0.10652
-0.35350
0.01564
-1.51942
-0.63982
0.37052
-0.75483
0.31111
0.59093
-0.20608
0.11671
0.18740
0.16244
-0.44339
-0.69861
0.09274
0.18743
-0.08575
-0.02640
-0.31969
0.29240
0.07296
-0.36038
-0.89594
-1.04204
-0.88832
-0.05913
-1.56439
0.20034
0.28969
-0.27110
0.54664
0.27757
-0.06740
0.02271
-0.06743
-1.01641
-1.65680
-0.15190
-0.32289
0.57565
-0.68027
-0.50105
-0.15348
-0.70912
-0.97249
-0.55650
-0.40086
-0.26937
0.04579
-0.45131
-0.82639
-0.82248
0.13824
-1.38582
-0.54548
-0.14398
-0.03964
-0.15664
-0.73861
0.55001
-0.35235
-0.59649
-0.42257
-0.45820
-0.12134
0.06608
-0.70153
-0.15624
0.31135
-0.19830
0.14667
0.74579
0.23066
0.58432
0.21133
0.40490
0.32144
-0.95078
-0.50693
-0.60432
-0.72209
0.02679
-0.59448
-0.14301
0.19238
-0.11973
0.22886
0.11382
0.14813
-0.47306
-0.18165
0.00016
0.11901
-0.43218
0.08785
0.69154
-0.04591
-0.22037
-0.03325
-0.14497
0.11134
0.60601
-0.08753
-0.56125
0.25484
0.58365
-0.57794
0.22215
-0.55582
-0.00562
-0.16371
-0.31121
-0.64759
0.54763
-0.38245
0.22199
-0.93144
0.36010
0.23099
-0.58420
0.11881
-0.11277
0.55360
0.54442
-0.09394
-0.94350
0.21144
0.51828
-0.82517
0.08683
0.68908
-0.18379
-0.24602
0.51589
-0.15051
-0.07250
0.00256
0.03762
0.43009
-0.37507
0.20399
-0.03543
-0.34868
0.30288
0.35624
0.24534
0.17013
0.26193
-0.74691
0.15825
0.58240
0.28576
-0.06783
-0.12480
-0.08005
-0.70742
-0.55088
0.07047
-0.47902
0.72241
0.01124
0.95756
0.55414
0.70176
-0.63205
0.23447
-0.53788
-0.66046
0.11369
0.06666
-0.09451
-0.98596
-0.08044
-0.07219
-0.68838
0.55682
-0.66000
-0.12102
0.01123
0.45227
0.90595
0.18100
0.22278
0.72132
0.19813
0.95942
-0.33392
-0.05527
0.55805
0.14040
0.08870
-0.05624
-0.48391
-0.14738
-0.47121
0.12177
-0.38055
-0.37838
0.20814
-1.03212
0.34413
0.21738
0.12474
-0.11240
0.27814
0.04726
-0.14872
0.08249
0.38709
-0.50110
0.01558
-0.21770
0.48368
-0.92305
-0.63284
-0.68674
-0.00221
-0.59366
-0.64477
-0.18099
-0.55366
-0.43449
-0.78230
-0.51753
-0.87770
-0.98872
0.40670
0.40009
-0.24496
0.27637
0.50274
-0.62299
0.21466
-0.29113
-0.17669
-0.43915
-0.12818
-0.19460
0.69552
-0.40927
0.02538
-0.85046
0.66610
-0.14973
-0.64868
-0.10317
0.09929
0.10716
-0.16568
-0.39285
0.00843
0.43718
0.10727
-0.10339
-0.47512
0.00352
0.37775
-0.55779
0.30295
-0.15593
0.47151
-0.11533
-0.10369
0.41339
0.25549
-1.11882
0.16333
0.08121
-0.97209
-0.51579
-0.28186
-0.65209
-0.05160
0.03552
0.13703
-1.22605
-0.36324
-1.39906
-1.26478
0.36695
-0.13549
-0.66757
-0.15454
-0.10621
0.32102
0.06731
0.43509
0.13206
-1.30431
-0.46626
-0.46586
-0.39121
-0.90574
-1.03319
0.07325
-0.08476
0.00177
0.03125
0.04917
0.65072
0.23611
-0.13755
0.37951
-0.24860
-0.63014
-0.95649
-0.97705
-0.03155
0.14259
0.15089
-0.06532
0.52427
-0.78997
0.15555
0.02925
0.03897
0.20508
-0.13710
-0.47657
-0.02388
0.07359
-0.50843
-0.38070
0.20124
0.08131
-0.79755
0.36236
-1.04292
0.12717
0.37722
-0.35990
0.06489
-0.03196
0.59813
-0.30820
0.86085
0.22954
-0.27307
-0.73814
-0.00886
0.29918
-0.38078
-0.16456
0.29372
-0.20255
-0.16937
-0.05363
-0.36615
0.40631
-0.35573
0.60640
-0.18175
0.09245
-0.00008
0.37729
0.17814
0.41651
-0.20969
0.11758
0.63204
0.52166
0.01413
-0.22588
-0.14051
-0.67349
0.02074
-0.69006
-0.33465
-0.13100
-0.50197
-0.29907
-0.38739
0.11099
0.53646
0.68550
0.60954
-0.53628
0.05722
-0.84283
-0.85836
0.48926
0.04812
0.43552
-0.05745
-0.41008
-0.02656
0.47405
-0.21633
-0.07951
-0.09074
-0.48527
-0.85962
-0.39640
0.64970
0.05699
0.60913
0.17536
0.23845
-0.06666
0.73407
0.44418
-1.28414
-0.32275
0.06948
0.22877
-0.56123
0.39348
-0.50505
-0.56763
0.21882
-0.36482
-0.08589
-0.33038
-0.06798
-0.17143
0.03588
-0.16345
0.42219
-0.11777
0.38070
0.48237
0.36829
-0.25854
-0.58034
0.41578
-0.15429
-0.36365
-0.61614
0.05613
-0.87260
0.17702
0.10763
-0.27920
0.09194
0.21877
0.02224
0.46014
0.53827
0.10021
-0.80581
0.46365
-0.20879
0.19332
-0.32873
-1.01505
-0.68057
-0.83311
0.57063
0.74416
0.08909
-0.52352
0.28672
0.45164
0.00154
0.32118
0.28615
-0.12954
0.05476
0.77697
-0.57569
0.55023
-0.30741
0.50419
0.47010
-0.18930
0.37817
0.68743
-0.05590
-0.11381
0.29817
0.12035
-0.16567
0.08011
0.35322
-0.57118
-0.76733
0.04303
-0.84608
0.22014
0.31121
0.01821
0.39727
0.01094
-1.43351
0.21915
-0.15033
0.07171
-1.26882
0.18530
-0.49747
0.04290
0.16152
-0.17100
-0.28678
-0.26580
-1.30224
-0.39213
-0.02199
0.15100
-0.26374
0.07211
0.14973
-0.42163
0.14721
0.25101
-0.63913
-1.44281
-0.50038
-0.01597
-0.83299
-0.68850
0.30502
-0.68795
0.33444
0.66409
-0.11004
0.16361
-0.31710
-0.61996
-0.05399
0.59399
-0.01026
-0.82102
-0.84285
-0.02122
-0.08192
-0.18871
0.26972
0.02450
0.48920
0.26813
-0.38214
-0.33666
-0.30089
0.11109
-0.22849
-0.77876
-1.49012
0.43476
-0.02226
0.00230
0.64246
0.06867
-0.01826
0.23039
-0.37627
-1.04867
0.41364
-0.58841
-0.09452
0.28468
-0.51936
-0.25763
0.31757
-0.53125
-0.10270
-0.31923
-0.08810
0.60144
0.13639
-0.02412
0.37388
-0.41015
0.30433
0.28389
-0.42239
0.08573
-0.30544
0.00992
-0.65279
0.04577
0.39524
-1.32167
0.57734
-0.80967
-0.56967
-0.42367
0.49814
-1.28515
-0.50597
-0.72538
0.01736
0.48658
0.56076
-0.10616
-0.86419
-1.00654
-0.23190
0.46495
0.31023
0.38727
-1.36568
0.21279
-0.15592
-1.13036
-1.20491
0.10781
0.24588
0.27813
-0.68722
0.49927
0.49521
0.41712
0.38272
-0.47611
-0.01660
-0.02888
-0.48234
0.47446
-1.13948
-0.36402
0.30670
-1.01913
0.01318
0.29028
-0.07721
-0.07501
0.02908
0.61191
-0.04295
-0.01305
0.42198
-1.31110
0.41403
0.29870
0.16731
0.11064
-0.07379
-0.09522
-1.30609
0.64702
-0.52311
0.32688
0.43400
-0.11450
-0.93602
-1.46459
-0.12666
-1.13793
0.13682
-1.04332
0.46669
-0.05565
0.03575
-0.58330
0.12433
0.62639
-0.62531
-0.96126
0.12144
0.04994
-0.13400
-0.00070
-0.16615
0.34308
-0.02399
-1.15282
-0.19469
0.46691
-0.36332
0.32738
0.39380
0.41289
-0.39224
-0.16702
-0.02747
0.41969
0.40384
-0.46902
0.42390
-0.36389
0.80025
-0.08734
-0.01126
0.08118
0.03531
0.23402
0.03288
0.21426
-0.40418
0.43705
0.09238
-0.40070
0.57642
0.43355
-0.40265
0.52224
-1.60405
0.70307
0.53604
0.14087
0.23966
0.30628
0.51358
0.62086
-0.01982
0.20425
-0.27393
-0.68161
0.36244
0.24844
-0.06585
-0.08753
0.40218
-0.93762
0.26033
0.63825
0.00082
0.30019
-0.34273
-0.69931
-0.09050
0.30918
0.24328
-0.75291
0.28906
0.29376
0.25126
-0.07332
-0.05177
0.07133
-0.39204
0.31528
0.56694
-1.75011
0.21463
-0.04807
-0.39943
0.24566
-0.03136
-0.04117
-0.41529
0.58940
0.35276
0.61002
-0.04075
0.30027
0.19815
-0.07952
-0.03655
0.09029
-0.11718
0.21652
-0.24581
0.53889
-0.13061
-0.89660
0.72395
0.35182
-0.61014
-0.11327
-0.05164
-1.15581
0.12517
-0.08898
0.80263
0.16509
-0.33943
-0.41986
0.21003
-0.28779
-0.57637
0.66118
-0.70335
-0.96747
-0.29554
0.45842
-0.54282
0.83213
0.14082
0.42438
0.38174
0.38226
-0.32003
0.43592
0.06510
0.37901
-0.09097
-0.31303
0.41546
-0.21652
0.21975
0.40207
0.46213
-0.72559
0.10547
0.05378
0.65798
-0.89798
0.62094
0.72257
0.59625
-0.04443
0.41922
0.24846
0.04256
-0.24265
-0.12663
0.31160
-0.06277
0.25549
-1.04133
0.04026
-0.39260
0.67732
0.40164
-0.07718
0.29018
0.29113
0.37197
-0.17704
-0.17943
0.44585
-0.24478
0.33444
0.44520
0.14845
-0.12107
-0.62820
-0.16151
-0.22981
0.47927
0.07419
-0.24060
0.17077
0.04891
0.61196
-0.06489
-0.32106
0.20744
0.26838
0.31970
-0.15789
0.45196
0.58806
0.22846
-0.11203
0.11954
0.08385
-0.16702
0.14001
-1.36821
-0.89095
0.58654
0.38320
0.37755
0.38233
0.16914
0.16880
-0.14081
-0.12894
0.39911
0.25693
0.35557
0.32942
0.30706
0.25910
-0.31805
0.56920
0.47221
0.06951
-0.75478
-0.09198
0.16846
0.43088
-0.12153
-0.10187
0.15961
0.44062
-0.30134
-0.31562
-0.09403
0.62176
0.05998
-1.09225
-0.04260
0.16190
-0.35096
-0.23186
0.10057
0.12763
-1.66474
0.29774
-0.79823
-0.13103
0.11033
0.79952
0.05387
0.09152
0.28467
0.19841
-0.00941
0.25298
0.35557
0.12729
0.24914
0.17966
-0.91817
0.27467
-0.01219
0.20844
-0.98430
0.25752
-0.07387
0.76892
-0.67517
0.01421
0.14293
-0.25512
-0.54196
-0.22055
-0.19394
-0.93628
0.21179
0.11023
0.52731
0.14706
-0.22060
-0.21769
0.70640
0.16395
0.13218
0.53523
-0.24456
-0.28226
0.09810
0.10505
0.15566
0.81361
-0.93046
0.13728
-0.34532
0.18815
-0.52296
-0.22279
-0.54311
-0.23054
0.50222
0.20172
-0.13912
-0.21720
-0.13437
-0.58886
-0.92615
-0.19204
-0.95763
0.09412
-0.59117
-0.54379
-0.07259
-0.19249
0.54344
0.87496
0.16066
-0.55090
0.83406
-0.27173
0.13395
0.14434
-0.19881
-0.20986
-0.31816
-0.59492
-0.53553
-0.15603
-0.05198
-0.24169
-1.27033
0.09899
-0.41260
0.53488
0.16361
-0.44137
0.33383
-0.28668
-1.40273
0.40921
0.47703
-0.76224
0.65407
-0.72533
-0.40701
0.48048
-0.36622
0.52052
-0.56483
-0.08477
0.33698
-0.61984
-1.10967
0.12304
0.12098
0.20261
0.34413
0.40707
0.51134
-0.33632
0.40122
0.07676
-0.05074
0.21420
-0.20106
0.30233
-0.09700
0.13785
-0.02110
0.14790
0.21627
-0.13580
-0.15273
-0.07454
-0.13859
-0.18081
0.38920
-0.10981
0.13987
0.46831
-0.16410
-0.07757
0.30534
-0.15018
-0.07146
-0.39561
0.15562
-0.03157
-0.07290
-0.47487
-0.09489
0.18299
-0.40942
-1.50499
0.36975
-0.34151
-0.37079
-0.61994
-0.64569
-1.10671
0.62682
-0.02676
0.29322
0.39439
-0.03497
0.46079
0.17007
0.20257
0.40370
0.17216
0.28004
-1.19547
0.13672
0.65542
0.71194
-0.03627
-0.86083
0.68910
-0.31361
0.50469
-0.19012
0.67851
0.45128
0.46226
0.47821
-0.28376
0.42694
-0.09102
0.78713
0.51066
0.34489
0.02056
0.51102
0.36882
0.43648
0.36377
-0.72583
0.42199
0.20240
-0.91395
0.44841
-0.22070
0.11688
-0.23855
0.13970
0.07579
-0.59423
-0.21788
0.11956
-0.28681
0.40602
0.49489
-0.15004
0.11488
-0.51876
0.16200
0.17336
-0.23716
-0.16805
-0.23398
0.12752
-0.24294
-0.16695
0.17772
-0.18958
-0.52790
-0.24205
-0.80587
0.16664
0.09959
-0.19790
0.47179
-0.63814
0.08555
-0.32356
-0.27752
0.32112
-0.03373
0.59505
0.37228
-0.07687
0.11570
-0.83943
-0.93190
-0.45288
-0.31453
-0.62014
0.22566
-0.03151
-0.39152
-0.11793
0.29346
-0.40240
-0.87296
-0.63035
0.59752
-0.51374
-0.58411
-0.77609
0.76766
-0.65416
-0.17347
-0.16133
-0.14359
0.53892
-0.75275
0.03936
0.01119
-0.08287
-0.46319
0.47252
0.30213
0.37243
-0.03979
0.05625
0.25190
0.27793
0.06590
-0.26319
0.27823
0.38843
0.19283
0.40570
-0.05815
-0.48331
0.49846
-0.05222
-0.01486
-0.09893
-0.12631
-0.32815
0.75610
0.15092
-0.33707
0.10634
0.04827
-0.77536
0.43694
-0.32990
-0.01059
-0.89389
-0.67279
-0.73493
0.09581
0.44715
-0.45693
0.32470
0.65877
0.38346
0.02305
0.59224
-0.00417
0.09172
-0.45880
-0.80466
0.47659
-0.01904
0.34447
0.40057
0.55386
0.11299
-0.00961
0.06326
0.66477
-0.66490
-0.41383
0.02059
0.55478
-0.42316
-0.36588
0.06866
0.15519
0.28089
0.85244
0.10447
-1.08917
-0.19248
0.21195
-0.82194
0.28051
-0.02970
0.29507
-0.05668
-0.46576
-0.31812
